"(Intercept)" "X1" "X2" "X3" "X4"
1.55658949096697 -5.50466105102735 -1.92078063618033 2.28074545820827 0.462678653766241
1.0924833660115 -4.76298414440471 -0.986068561405994 1.5589632970311 0.681428835593192
0.78456212547475 -4.14391553027592 -0.394708424775525 0.923082531549137 0.95446490154724
0.887364527209347 -3.45883778145279 0.114713137461443 0.456276603867894 1.12177497320139
0.817630175145221 -2.46021238079478 0.252677880024257 0 0.477783471955
0.816890479680814 -2.06371449206571 0 0 0.0771536762933347
0.589284990975532 -2.29243536953473 0.60879949248001 0.274023334510855 0.419906189263816
0.293784555460797 -2.31301800068409 0.51931367990064 0.342041813516968 0.355109806598238
-0.0695496025799923 -2.2726276008217 0.382920434231004 0.269360604155341 0.0792917416050419
-0.352604176581961 -2.24485732213379 0.404437020965723 0.343598197066994 -0.237019433723277
-0.548257085992553 -2.07672492144824 0.433922906114882 0.468605527392363 -0.87682423593466
-0.822676912367252 -1.93186443132982 0.871325761978953 0.740210125525235 -1.14669000513481
-1.19146907280021 -1.84881611803766 1.39416600517901 0.72943258191346 -1.33209633047865
-1.79139796943272 -1.88678421845512 1.78290873668382 0.481019068877412 -1.27087108312357
1.35834610552326 -4.72094384270895 -1.69495730469878 1.78688215206956 -0.0865798717835336
0.659394843846295 -3.90301241014965 -0.696694533829673 1.0255594020223 -0.0931079417063102
0.350780332308163 -3.24758864211659 -0.21527280344578 0.477897813323481 0.150024380347451
0.349686601475152 -2.63544300079533 0.0509099163117756 0.0557315265349125 0.517682388962512
0.730114752458653 -1.83018112066618 0.0135993773218311 0 0.109563543929851
0.768343345420316 -1.39992042244076 0 0 -0.268085016876603
0.520617116944503 -1.21434463143845 0.497140544628636 0.0123475044485123 -0.247589863161571
0.047110055200179 -1.42560025211942 0.39590816994823 0.358841016085037 0.0164821216939538
-0.125689487440372 -1.43731420826321 0.344008032244975 0.400182473083466 -0.232479193279281
-0.420834223229984 -1.32858454194974 0.227960414082668 0.381840101891949 -0.762698958005151
-0.381664633611249 -1.28507531369746 0.419661350016176 0.715406232112748 -1.08936325654707
-0.726824549605622 -1.05936210123436 0.938342709539132 0.55697912049725 -1.15117981947151
-1.0111875850595 -1.16760526181599 1.32947047490461 0.462850389713722 -1.3765866690963
-1.6172561413252 -1.3758337537141 1.58822425088858 0.297875817160282 -1.1995986653725
1.36913045873019 -4.04584398184666 -1.5275327161025 1.36155916643374 -0.535327655882385
0.356762930366487 -3.37606940422184 -0.661905244886903 0.581518015150075 -0.603979765610489
-0.132563012652345 -2.52281824143729 -0.0255050245378176 0.0734633337052195 -0.672319334156014
-0.135263856924698 -1.87273566241 0.0403857464688983 -0.294205074258113 -0.166726795323206
0.42538173494344 -1.160670575099 -0.0812628102045823 0 -0.142920637215735
0.61222935640249 -0.918890230908132 0 0 -0.473714617627547
0.534505866205729 -0.637980860417234 0.235650434861095 0.276492963647197 -0.709263253089521
0.22204294049798 -0.575760347719851 0.197821911229521 0.328276931024676 -0.555577724150361
-0.109462365272857 -0.609432085122406 0.170166219033195 0.482996870439761 -0.655407409259131
-0.189352789094011 -0.605809103337337 0.170851550425928 0.670710453593839 -1.0253060621091
-0.226498985650581 -0.603900125322629 0.469710140647416 0.654319213477509 -1.07461215324823
-0.45404415716266 -0.380919659110259 0.819478162969205 0.308676264736813 -1.15086020442724
-0.817487504651668 -0.599483206920007 1.14073763693986 0.299430240138316 -1.22409176017633
-1.35796778496413 -0.93543687546415 1.1165813586614 0.132739324390653 -0.854435693229508
1.34471112311298 -2.80799558254155 -0.611627583942365 0.192989747008422 0
0.835521384465297 -2.44946833512712 -0.394421333825582 0.110686201208587 -0.42180829051669
0.316953272281774 -1.79070292979936 -0.074347527852644 0 -0.600058238606735
0.173078886050035 -1.13832034286941 0.0497519889243319 0 -0.683837373016618
0.245798839198984 -0.792437387432732 -0.10965857458946 0.201889239831073 -0.676132670685755
0.454477312893255 -0.567383759732353 -0.103353113414218 0.409260566869411 -0.70616517378131
0.636456321925305 -0.340438590397932 -0.10613452645106 0.410196367041546 -0.919359113599855
0.574998184581307 -0.146380417244435 0 0.227960184649985 -0.670508968931431
0.371786108533174 0.0855478889270184 -0.141831837765677 0.40834084031678 -0.960763716270076
0.0374105028029511 0.023134980309951 0.192130538708598 0.640975286565036 -0.995572522727303
-0.359129797597514 0.0695001130218552 0.616037521158498 0.684469217250128 -0.974277550182469
-0.578879008293739 0.2139236571934 0.825293105983038 0.472534822438737 -0.985882469612256
-0.743356905353582 -0.0701518416655923 0.799248231893946 0.220278007267344 -0.837144676647152
-0.894420973261217 -0.486181411773759 0.637976330132749 -0.00355501781291288 -0.646164000025978
1.86791678081103 -2.14383988932341 -0.571475629933362 -0.176555924620532 0.254174009739706
1.47783908163014 -1.72789236704831 -0.276285613649338 0 0
1.29482053354983 -1.23235439932089 0 0 0
0.618997748639884 -0.83486043034393 -0.199913575101029 0 -0.433700776883449
0.218629411491195 -0.387916234357909 -0.173298428227515 0.373879872441139 -0.933034493903591
0.707497781097192 -0.480612602442832 0 0 0
0.507260113189688 -0.300628312884338 0 0 0
0.308456694042017 -0.0343628220080993 0 0 -0.738140515533622
0.871365337124255 0.293568408181883 -0.558847631593999 0.302627159095402 -0.871065296260148
0.12548705612301 0.793515226616849 0 0.120525340894112 -0.797379619154783
-0.408530612523793 0.915769027208637 0.367825055836987 0.401137348380549 -0.777110362205477
-0.372202357495869 0.72982136334267 0.569188784975563 0.403523573155641 -0.831285829477319
-0.417080207674228 0.451536737575678 0.480784071193401 0.165762396463189 -0.681869715320147
-0.530242459999949 0.0397595115340431 0.342616233517898 -0.0698950791619263 -0.532254428328115
2.56751511716222 -1.52049646666672 0 0 0.961001675196194
1.51148741493845 -1.66803660393991 -0.00390238710227394 0 0.339176351359643
0.960567786457821 -1.30006165862133 -0.203269744170076 0 -0.18717665383529
0.463988077956244 -1.04863336945498 -0.280600471044479 0 -0.562262231826865
0.0903989055124743 -0.81753325644837 -0.239267607530549 0 -0.698771920033519
-0.167412961778814 -0.347528852458406 -0.0922769676010359 0.232293202600317 -0.882155728050881
-0.0195256765173788 -0.126621717224683 0 0 -0.74191169859749
0.107139928120284 0.123812391352256 0 0 -0.638362628716797
-0.0769852835762636 0.373202415658526 -0.242908978035324 0.311861259721377 -0.961102689754876
0.104995282516686 0.773631650144478 -0.334127320722005 0.0257418768017736 -0.580408518763398
-0.152599448812371 1.05990904342393 -0.0537072001882567 0.0838493014629957 -0.595788936447276
-0.0886464061077569 1.11793995324138 0.0514331138334572 0.201008215625097 -0.5659602708852
0.188982566225178 0.988892182249839 0.0955267797632345 0.266899320432615 -0.651472476288596
-0.374789665117034 0.116575325135641 0.33825965084566 0.061363455915744 -0.624999435635362
2.30265637387909 -1.66814539592133 0.0708841510697549 -0.298665450323781 1.01197247867952
1.717863271171 -1.48824932210776 -0.170397988325468 -0.0717986978974346 0.619278600367089
1.07573797567183 -1.30773204456352 -0.281681390026306 0 0.145320687981578
0.776593798767749 -1.17749288861499 0 0 -0.073205836484561
0.251741011344967 -1.00132813796052 0 0 -0.623686649607774
0.224366213839074 -0.567018700034453 -0.176765132514938 0.290743069175607 -0.705924253516772
-0.0404828666030196 -0.280474350718903 0 0 -0.538862150693417
0.0731009251440439 0.0527859375225107 0 0 -0.708737089696386
0.144717368824923 0.30863462100969 0 0 -0.648363378239256
0.116843419028814 0.635384902038239 0 0 -0.516078250511904
-0.23166368605476 0.754840520473873 0 0 0
-0.232692217336825 0.826529481105239 0 0 0
0.0284921742624124 1.06707707808605 -0.268297835961757 0 -0.232166655349171
0.00885164946258152 0.957042670888622 -0.300059001038817 0 -0.106843770294472
1.7194222648544 -1.28419576471971 -0.175480990545804 0 0.718861208920463
1.45959645357517 -1.24547013703257 -0.169977193905865 0 0.528491704375759
0.677936199592484 -1.20107744401151 0 0.201989107026428 -0.0429662033578797
0.411035838228507 -1.48892210386308 0 0 -0.435728145176942
0.310208061086785 -1.37936136151891 0 0 -0.692761452411642
0.133277683984637 -1.02138922899019 0 0 -0.670512473825091
0.168476364064618 -0.569240322017353 0 0 -0.570931497187507
0.172136453710337 -0.199661162770986 0 0 -0.535720539132756
0.117229831960199 0.0827055178305539 0 0 -0.728479992328014
0.152127128001751 0.456238613539737 0 0 -0.527426444570546
-0.205584449580385 0.603872050483142 0 0 0
-0.177793548777906 0.748454799035891 0 0 0
-0.221677286981243 0.669591253176182 0 0 0
-0.07892673648675 0.888266371862654 -0.416050670879287 0 0.0435455473878294
1.10466298692665 -1.05436210425416 0.0122758507757897 0 0.595714131970916
0.449259752826967 -1.1079162179358 0 0.209149958131058 0.0407043728487708
0.307865493480581 -1.45426880240497 0 0 -0.352721636662732
0.413630513001604 -1.7237276440999 0 0.155395873326386 -0.555748170184379
0.766936144073941 -1.65910120604716 -0.284122103539413 0.459745282084482 -0.936505902190907
0.30385869197305 -1.58119110079587 0 0 -0.784059691769544
0.389679588936443 -1.1045086325536 0 0 -0.539683197792775
0.33245769439492 -0.558223477491466 0 0.0370413751121851 -0.572178148490015
0.156369510098618 -0.218743057018032 0 0 -0.5428227690025
0.259002672934589 0.225298284735165 0 0 -0.345330592616129
0.112158171719492 0.432877388846678 0 0 0
-0.0281835841042346 0.561353267787939 0 0 0
-0.239257105576914 0.465550071677155 0 0 0
-0.0420554237626416 0.715537122409256 -0.485914919310205 0 0.0216099296591211
0.293854505652863 -1.08099829955336 0 0 0
0.0577462903589445 -1.20585882101749 0 0 -0.244841940541777
0.205037452757229 -1.64441576193929 0.250724110576221 0.0799438280743492 -0.184373704625891
0.511068413906408 -2.07380193287503 0.0912059520135098 0.237871800855447 -0.67323261229347
0.511889044890877 -2.33725458623502 0 0.116490434420026 -0.835121736350031
0.532369238633423 -2.11867166738722 0 0 -0.738956765158027
0.55546800392363 -1.59367009706157 0 -0.137882894182261 -0.639125606176129
0.409550034056426 -1.05925812540286 -0.188142349058886 -0.169386027536716 -0.732135919768422
0.260200814061747 -0.660023015493675 0 0 -0.460553845860293
0.433891190036045 -0.128606317820957 0 0 -0.190092404327905
0.535823601524996 0.158798474600441 0 0 0
0.384871580633759 0.216747746146035 0 0 0
0.116421425421891 0.26925181236777 0 0 0
-0.190840913108689 0.282458431766104 0 0 0
0.0877814693807531 -0.972317374776951 0 0 0
-0.102006331246537 -1.28772588698494 0.262226216386568 0 -0.139927341318694
0.0868878356544463 -1.67276249411512 0.591307254128872 0.123816824556972 -0.213317746953965
0.336686471391629 -2.40453376568095 0.233879037516936 0.0617157065088436 -0.359160267521967
0.652716184804127 -2.69904699742706 0 0.0795565923398603 -0.722787954184365
0.869533403347492 -2.40712069590994 0 0 -0.871091090517688
0.764896644871435 -2.01347609886356 0 -0.215245108570703 -0.716023425010752
0.737607594792638 -1.59771857201793 0 0 -0.388966889383117
0.564373930570738 -1.21712188135352 0 0 -0.435806724749722
0.70780489407435 -0.710938956407931 0 0 -0.41666734552166
0.752731206565382 -0.358081665338353 -0.216527652651616 0 -0.330412777608394
0.817289704308424 -0.181074285308965 0 0 0
0.489001680201124 -0.0790835732836351 0 0 0
0.293087605851354 -0.27420808709402 -0.844889103023605 0.737489618585062 -0.124850063124164
-0.248852703805478 -0.893635819334884 0.219769504061703 0 -0.0769227134032428
-0.148642105105911 -0.973334674346059 0.534759457544055 0.353654013807612 0.0242676172353746
0.389314493899998 -1.52801395943708 0.306653406195816 0.317217071978139 -0.0810179659590088
0.516990125810148 -2.31216009190489 0.154485658927546 0.236063787158031 -0.319921628629764
0.875414046601831 -2.76615771893225 -0.200307673000356 0.313487050303912 -0.233364639312364
1.183963258489 -2.54635308307162 -0.101605281185748 0.111524362028805 -0.177619585805215
1.0782835159533 -2.41271628648432 0 0 -0.772186389085852
0.99373509718701 -2.08861735397166 0 0 -0.575030528698595
0.86612971134147 -1.73788549930331 0 0 -0.521585905604422
0.956029134548423 -1.35506591293356 0 0 -0.582156853028448
1.00728975166188 -1.02866192732345 0 0 -0.57218097722576
0.791532113677439 -1.00414277424395 -0.438870248108062 0.180680227230822 -0.586390396576194
0.788778500174575 -1.04582125525535 -0.594523216113223 0.684439881288815 -0.49054603914004
0.65750569051153 -0.908668004755425 -0.781794811581337 0.914330820994983 -0.318079402723939
-0.0718507600550683 -1.00233111086053 0.212002469867962 0 0.0460745827758087
0.570134901397585 -0.738072865283826 0.0228726236330461 0.545339519980912 0.179169329185992
0.800948934032069 -1.46736698110614 -0.0647306989020093 0.439761228271482 -0.0634426510930071
0.873491848657698 -2.16105662114757 -0.184548477454302 0.465333749537543 -0.299428049242439
0.984208698779126 -2.69081123799241 -0.325502180649532 0.336871387845487 -0.188644628866187
1.03045984761622 -2.40354473923581 0.0318301492666291 -0.187314753146786 0.0309123937913116
1.08188286358712 -2.52774979357949 0 0 -0.426505440866973
1.11890036538856 -2.57598203230537 0 0 -0.676542991205325
1.04101809394117 -2.21688193232816 0 0 -0.546614486298177
1.10324597496792 -1.99017621904555 0 0 -0.687632970112898
1.14516788755605 -1.76850030698695 0 0 -0.759784737800959
1.01898922366755 -1.83556689712852 -0.435665227883201 0.18473870270004 -0.820145832162416
0.933048046035985 -1.5745375345689 -0.499646062110743 0.555906670840549 -0.642407342783153
0.725337165532817 -1.30065579174432 -0.737648387681962 0.728866884659822 -0.408056402258544
0.156011895707859 -0.815164326090777 0.384015547603578 0.050314804201499 0.400061649959381
0.971147810234306 -0.810537971954852 -0.19857704688614 0.488148132958609 0.165253665099099
1.19496793533921 -1.39089889903163 -0.383106040630445 0.565865067192126 -0.111637267061106
1.14600170639718 -2.11029598372799 -0.480653409954496 0.510715823048015 -0.246012798794401
0.933054582722634 -2.17632616105851 0 0 -0.43511553758999
1.21112691577328 -2.06748607113791 0 0 -0.420410417538901
1.30184326537072 -2.49494789819326 0 -0.321192849815925 -0.0197549198717951
1.17011312782678 -2.79439948633193 0 0 -0.513607238395447
1.12859453231482 -2.63569319366993 0 0 -0.436900261650002
1.26009292894702 -2.6779374651633 -0.212871550990569 0 -0.688449524209217
1.29848174352685 -2.6242532706151 -0.252917836383605 0 -0.887072404744351
1.26939433624488 -2.44399058873819 -0.246437419947957 0 -0.840512624198674
0.882785253008825 -2.10819537524935 -0.681090629664741 0.228398783558261 -0.737985036420305
0.656568495612411 -1.69089917490173 -0.862751990495277 0.388922767667749 -0.493156394855895
