"(Intercept)" "X1" "X2" "X3" "X4"
-0.453297423102437 -3.38937719621983 2.63761487449356 0.392715965497126 -0.746188481615868
0.0534176138916345 -3.24716312132503 1.93705345286212 0.556476803488623 -0.474063514666382
0.41346573725033 -2.98912965039634 1.43490518499472 0.621685977290703 -0.278917485905335
0.600550231179849 -2.68466437950663 1.09611432009678 0.576060734873681 -0.232006474782386
0.156752173275117 -2.35920578721984 0.828864080363121 0 -0.456037725973413
0.995109985474 -1.977520306898 0.349227388165068 0.3326356192216 0.329242308249541
0.790985382926554 -1.50247355360417 0.2272870833748 0.165675847306282 0.818612025213464
0.349417643596259 -1.29079037210825 0.383113519917319 0.108849029441847 1.05471067702879
-0.111693754297887 -1.11750872120196 0.672167626735006 0.198984243791226 1.1638679530883
-0.564854763584042 -1.17919717578106 1.04889690093988 0.384049342067424 1.43168600096769
-0.700818524015372 -1.19207234670455 1.42489687109781 0.661874530322929 0.952496667562091
-0.817701682617626 -1.22863270483582 1.95324194917916 0.949744148436703 0.443167597603296
-0.80890209881687 -1.31572248366139 2.54558105949868 1.22499590931146 -0.279444001536569
-0.797481725911786 -1.17360241697748 2.84773075210823 1.34719013039859 -0.819635562965993
-0.287961566492866 -2.93259216449474 2.30840219004258 0.308350539916404 -0.765792692458826
0.00483246165184038 -2.7656086126764 1.71134036641186 0.402748234678187 -0.641892805536273
0.301353673728895 -2.52297522284772 1.19746784831883 0.46974824665036 -0.470017975476257
0.368900225358352 -2.1954027008255 0.956784219036104 0.360232211691872 -0.553744007647976
0.604512931771977 -1.88620811822889 0.560294131009961 0.347116559757788 -0.469048845715867
0.646015408018618 -1.3242183509667 0.0342726982350917 0 -0.143905451963483
0.693772328118503 -1.05559369068896 0.00406687798356528 0.320946398945663 0.252994484054555
0.413354504951446 -0.805764967511308 0.132707769150455 0.343006791171134 0.205019004510588
-0.103588084821648 -0.716950927159693 0.51097161350203 0.547362910665872 0.618298156341121
-0.2626648076462 -0.788686625388058 0.803574884121873 0.720337563638599 0.415104600104911
-0.356659801212681 -0.86253435665732 1.24806127780375 0.945211728261793 0.00671533715908833
-0.473275801894462 -0.781960624661081 1.70334303354797 1.02141320515011 -0.311749184639404
-0.535930520853768 -0.85527408903257 2.20561064296794 1.15639096378271 -0.791533499916367
-0.710319021542516 -0.833420885132071 2.4060702745433 1.252700475924 -0.900445422086202
-0.368809878470179 -2.76038675668185 1.84769034910457 0.157541138443454 -0.880217501527852
-0.00793184531331933 -2.39262545749058 1.30880741736656 0.271030216401919 -0.815822372659829
0.0698755783116949 -2.03166069314269 1.05189846737401 0.230722902766514 -0.749090359410893
0.101720221722327 -1.72757338334154 0.814153730189745 0 -0.802072701315869
0.334833600865337 -1.38066909734761 0.388091200511627 0 -0.81762183700275
0.778692796004111 -1.01761945669638 -0.0590491305250107 0.340675244574574 -0.360992105726415
0.66542180601414 -0.633480574356569 -0.207266263464499 0.478211046743616 -0.400951633828777
0.405302497085516 -0.345797704491299 -0.0617833951054709 0.673663832236719 -0.275806581784592
0.280451575077853 -0.310610270654653 0.249391534000227 1.02308292666874 -0.343912761952687
0.123471265472366 -0.38220091661428 0.541342007628495 1.09294505292771 -0.70239932929295
0.00710139438545131 -0.354300173043864 0.965677520304127 1.01902803192349 -0.87042571734506
-0.186024637973552 -0.334785584358228 1.39287173491255 0.992139480238943 -1.06737802432904
-0.32069810996221 -0.476873776825005 1.84054737189001 1.05645128962596 -1.35386139977009
-0.76195177226453 -0.605084398004985 1.85124839673478 1.093254885182 -0.833061381376931
-0.362515279292249 -2.4109274315396 1.62065925125078 -0.0805528283848693 -0.852142298394534
-0.198570070386378 -2.05889605817293 1.23660771454113 -0.0407920032634693 -0.88296724577669
-0.0476326354854487 -1.65276482284508 0.848067144331536 -0.0141453399993803 -0.871091171761131
0.071379037230394 -1.24307446241406 0.453470454690661 -0.0108628953822473 -0.932817094408379
0.419142541713792 -0.871090342669555 0.0290512566525083 0 -0.737766851062296
0.74988841099717 -0.720175711853512 -0.315740267273393 0.38429250471728 -0.698592283348719
0.701363624384261 -0.233991536731269 -0.43094356020939 0.652425856763884 -0.893829984218375
0.672689856854939 0.072305363070922 -0.329498135553551 0.603113270952568 -1.04032955941401
0.463289425388897 0.22821292826791 -0.167802900848426 0.667569804901083 -1.10827529984283
0.402804658732523 0.231281849859618 0.218555010035232 0.738187966866219 -1.26318047277833
0.102370295113091 0.128504792695861 0.704408481379807 0.780810113711633 -1.37389252518644
-0.275104934251549 0.030863228041457 1.1758552080691 0.798388429582973 -1.5027980576845
-0.632216129291126 -0.19902344584046 1.10745348301942 0.739672575340832 -0.994949274004807
-0.772674476075713 -0.681209266507737 1.01868252794187 0.758843143261684 -0.637476390562838
-0.262265377284911 -2.22063745078159 1.26525168374373 0 -0.543623411423226
0.0742524160320092 -1.70817855583984 0.765561810897152 0 -0.474136197787235
-0.214571377327946 -1.4124231520134 0.530950376732628 -0.292703753891527 -1.06519511666903
0.43402227186339 -0.892786415173574 0.212345494690444 0.0107957016854019 -0.634126267256847
0.500918842413975 -0.563609940537141 -0.0632651814935015 0.1419307262469 -0.580370359286836
0.463345755743571 -0.296350876750308 -0.425394973886435 0.296151258964269 -0.877497170543644
0.478912641719892 0 0 0 -0.630361672582027
0.63202895716818 0.346664529788008 -0.484263060707656 0.296100490726773 -1.26840718717511
0.442589417414116 0.703003616146329 -0.304962591436357 0.24439155974056 -1.1093072888163
-0.0861866900421108 0.745037441280759 0.36671856002855 0.706981555221502 -1.21897637218996
-0.137801780776688 0.647831951029002 0.672816728012012 0.641742494249739 -1.51374406313086
-0.239057720102038 0.414123214484754 0.902766429429801 0.500767674423636 -1.6580510825844
-0.595731996379743 0.069989548032496 0.704440653602979 0.409938816020871 -1.07279554192392
-1.17447126709252 -0.76436227179119 0.512779458688239 0 -0.784330270736724
0.334957039181095 -2.10176030803446 1.00071170717324 0.786981059832217 0.365507558282937
0.686168256545131 -1.38552058422585 0.523647983232818 0 0
-1.08580294576566 -2.08860846768384 -0.32490842478955 -0.292774072172959 -0.885484212396542
0.245493364655931 -1.01086095401897 -0.0393017522730462 0 -0.350856548299076
0.0841901722560021 -0.483514187535728 0 0 -0.463963028160457
0.15404197321383 -0.123869627429726 0 0.207834521467909 -0.916485529256975
0.221812985026406 0.174397880367215 -0.346340517080156 0 -1.23730451344597
0.306847597953435 0.674628918237273 -0.292096067309029 0.265497674422339 -1.22315233573572
0.333468700580364 0.843851449038434 -0.20392989600369 0.34178259842907 -1.08532870627473
0.466406895478022 1.02213376096187 -0.203344103511639 0.188036766979068 -1.10943941178382
0.208225742565268 0.960859664227499 0.37385414560855 0.618874743069168 -1.58074036131497
-0.222622774391742 0.68796589718267 0.271195894510259 0.545709726058687 -1.16210409882091
-0.953240588668032 0.0697778293598888 0.412727158665664 0 -0.647915711234969
-1.2074721983981 -0.650400469063235 0.323112540194602 0 -0.491207045797092
0.843602732710158 -1.15059435481288 0.729214380929583 0 0.140223452519145
0.766782965463262 -1.23189037282944 0.998212898715365 1.32129625608075 1.1441500095685
0.164823750834334 -0.983072064765949 0.7264416683499 0.701419754488046 0.403853303413185
-0.134887285275014 -0.803828264552392 0 0 -0.623903145630588
-0.235423259213017 -0.603776363110946 0 0 -0.713209853510238
0.175706369375274 -0.284166491079382 -0.419450467936278 0.396845580588437 -1.2783320765014
0.201858160643694 0.20307430862285 -0.160404917736967 0 -0.994705120204564
0.297087620430414 0.622824894744753 0 0 -0.826018228576025
0.268690349793951 0.922634064854872 0 0.161668467444419 -1.32592989538495
0.280127925364776 1.13108418973315 -0.322296517742686 -0.00886381010283074 -0.603123494702016
-0.250244322974823 1.10980083944598 0 0 -0.489835056354862
-0.347111571378249 1.10886691400608 0 0 -0.375927457852439
-0.677634323982755 0.595393048278788 0 0 -0.277074133920939
-0.902694762561764 -0.112105757853741 0 0 -0.258460364919453
0.0436379376678586 -1.35617484967588 0 0 0
-0.222555002323013 -1.24503396020202 0 0 -0.380061355337233
-0.135973025830415 -1.24208361857953 0 0.323592821952293 -0.360723572185384
0.113227320647249 -1.16275167140383 0 0 -0.730039745795624
0.0631561634017083 -1.12214698065831 0 0 -0.847568768261866
0.672856469756465 -0.785745161109094 -0.250890662179976 0.377795347568411 -1.36093287377244
0.593892905893021 -0.279264506759887 0.0988704498290299 0 -0.948445842328855
0.15346381573867 0.149010008744027 0 0 -0.750808014403076
0.238597689871413 0.545829044832629 0 -0.0561892294374257 -0.838440670257644
0.492586616445389 1.1327856988413 0.299154640647687 -0.0574849221148046 -0.125620557360352
-0.530407774108841 0.850212104622705 0 0 0
-0.304138521093859 1.05266839405487 0 0 -0.176897407677277
-0.520748278841533 0.651847219064617 0 0 0
-0.343147486141755 0.541452085205435 0 0 -0.00329962000483128
-0.291957593551646 -1.18030562092544 0 0 -0.253271092157385
-0.170199625672639 -1.35990328794817 0 0 -0.354347948963315
0.240632293594956 -1.36057908003712 0 0 -0.561830509797027
0.422815591528698 -1.43504708462045 0 0 -0.702832168289338
0.98886832289597 -1.55159798750415 0.076931624080456 -0.0500688918418614 -1.05267471185488
1.18826699132912 -1.56013503119179 0.401384815526755 0.184717373824984 -1.12954079907963
1.80791619562773 -0.957689353637542 0.669111804160826 0.344870302846646 -1.0063499529661
0.290239447045481 -0.575619851184731 0 0 -1.0040928530517
0.252644129664089 0.0311117842090537 0 0 -0.431793311879309
0.232239387422978 1.0099924566999 0 0 0
1.21643615698651 1.50109510069516 0.280022704083883 -0.0192521221267542 0.106632372455714
-0.1563938324544 0.909582536039888 0 0 0
-0.146985192561051 0.494161003611763 -0.783232393101253 0.529933224048498 -0.219929944587541
-0.334242852645827 -0.190577841117607 -0.966690238338717 1.15695252707064 0.297146719167748
-0.22356942585712 -1.39731466879335 0 0 0
0.454994190365347 -0.874012245537921 0.252111266269903 -0.423615139319972 0.124427309063136
0.41984309291092 -1.37381721938239 0.180064267604172 -0.359555445410301 -0.464432750940988
0.553567035616835 -2.05462868099801 0.0849560572296942 -0.103244125847746 -1.13709210875976
1.28118021948165 -2.21356435295138 0.322253576453467 0.317050050446833 -1.28799478524817
1.32154727873663 -2.06979856645867 0.49939106646471 0.168916622203347 -1.16773354766175
1.07189762082851 -1.49330515994709 0.399987710325241 0 -1.11789512382875
0.382105628255674 -1.11981914080817 0 0 -1.01157289928595
0.659695164521914 -0.62599454281304 0.172457081752304 0 -0.501139696828664
1.17062706715785 0.00154948902970549 0.126880638800174 0.0381039352264245 -0.611098340696453
1.23436758090321 0.760341949371945 0 0.184256059279722 0.0458195041059636
1.14279887285856 0.848952215039785 0 0 0
1.12843923066592 0.458051677621282 0 0 0
0.978061026409557 -0.168287633532839 -0.787163276048339 1.02270788230469 0.309787377327822
-0.159738642513176 -0.956088357627423 0 0 0
0.324071913716198 -0.770628208099326 0.0690505953954579 -0.565683617462357 -0.16986458568602
0.193845210844708 -1.50600879210747 0.536898096013637 -0.0755272950587192 -0.189701577743486
0.405207592979669 -2.21945373590274 0.38853471556994 -0.0089093305032981 -0.781916702743285
0.527287805593161 -2.80234541902968 0.445495265337913 0.0975390482371605 -1.04435432842415
1.11483384035328 -2.44943567832535 0.512565072291135 0.127829925723257 -0.89302104773519
1.04607488547489 -1.8253850359646 0.413241035474967 0 -1.18849468816642
0.348068671899442 -1.52597252806786 0.115086083417597 -0.162910795403757 -1.15127716046946
0.33720420835813 -1.15085869012539 -0.0504980745237953 0 -0.651590594059613
0.424423456401081 -0.513866933832694 -0.256710041113639 -0.0560323584520452 -0.392791151172289
1.33050988683402 -0.255278939512048 0 0.23279044523488 0.103394222452102
1.78401139466262 0.12464998785818 0 0.361872732457028 0.540630246099159
1.89415114983098 0.164065013976236 -0.0559724531354707 0.556068665226369 0.663599390244656
1.97488767181313 -0.453139744166433 -0.24569383978643 1.50066068623796 0.740144709199417
0.290390550499088 -0.00440586219487927 -0.345097971868386 -0.620355199841599 -0.0211146020824383
0.378873010304187 -0.570784318221687 0.0457734523629681 -0.100165057703747 0.106410485348256
0.609065048774494 -1.40957763313565 0.164145827059507 0.0908431269286418 -0.358849198676566
0.479309738499505 -2.1757703191641 0.147242851359914 0.403741567765336 -0.517872277846482
0.0142980445081149 -2.95402837456452 0.378091597467084 0.306980837784123 -0.204125553129542
0.970384221084711 -2.51336201505585 0.29177923222717 0.550121857936489 -0.333932724316728
1.0999390749141 -2.14709689710154 0.449146033091078 0 -0.904573001768036
0.381598717479354 -1.97938198665023 -0.0277636203258491 -0.0833565691492139 -0.84738937803818
0.272519137725037 -1.80686428238546 -0.270349561338419 -0.0720591162087157 -0.495970427393608
0.669146781444831 -1.36321754137828 -0.205146764738606 -0.0935410365059924 -0.277897179794482
1.39696536430217 -1.14989486485163 0 0.252387873774039 0.0514111489168842
1.93973344778667 -0.853776628287513 -0.115887942937511 0.570075555545775 0.643237551680215
2.52358807780764 -0.573269448486543 -0.00522114089407568 0.947520112277106 1.20572180465131
2.90054283080822 -0.735657081068364 0.302507779108841 1.29175447360031 1.19863797979748
0.283123622057496 -0.0455644664238421 -0.353159207426822 -0.201848343433151 0.386887996491593
0.566119170879897 -0.541874551578979 -0.247655691115349 0.332526143093095 0.359720348174717
0.623151514446743 -1.35709497325874 -0.210341698446276 0.589869669755752 0.0929137741924796
-0.179227931627713 -2.49111666530022 0.0705019808892088 0.37127719206791 0.296201749175405
0.0542732520856617 -2.51137325996158 0.0601103087434093 0.525679607458916 0.253324087831156
0.500535072649993 -2.52621490985672 0.0605906593987376 0.672316120415303 0.446882461446897
1.08486987526955 -2.30970384479366 0.0147334526080202 0.448631055824986 0.0389232779844003
0.693292855305352 -2.34113403489587 -0.0882683455426087 0.0345990699954429 -0.346457750585256
0.583642709270682 -2.40401772269503 -0.597370942417343 0.242992157344154 0.452714878903428
0.954545227122029 -2.15485602029238 -0.577234557816782 0.0830368636384483 0.505190542368054
1.72981224077686 -1.99073312454957 0 0.258544833202166 0.197546177081583
2.20805474502624 -1.87839283339924 0 0.668844731422635 0.474792318491735
2.73292455670041 -1.74314948942667 0 0.953305758219522 0.827183832018335
3.46886970113595 -1.57258492965664 0.212820224507936 1.53865399036624 1.44910781871545
0.137687438066073 -0.227660322318093 -0.208239547388828 0.539130830060244 0.898523625170775
0.0249871669836084 -0.975058018624087 -0.134125860080332 0.741437042194804 0.622452566714103
-0.288382766986336 -1.86606301415848 -0.0659224547717374 0.533685086918463 0.658126787329564
-0.511192542789316 -2.28109120532701 -0.101743565769743 0.499816286448812 0.830970623731377
-0.394953785793555 -2.43562371584132 -0.148320419626965 0.548250186337404 0.858565809389682
0.0590759717018533 -2.46191781204187 -0.329018262020861 0.598374615269039 0.965349350221702
0.699211252096979 -2.41729267868327 -0.301669522441169 0.466717646782253 0.762392313778936
1.23994739157031 -2.79494986563349 0.0497627249392668 0 0.358751802493477
1.5829817329737 -2.91286047672085 -0.139122784148083 0 0.523704358519774
1.10283798714313 -2.80342573519598 -0.992350962339419 0.381730636255595 1.62588510498689
2.18052490444441 -2.62175767131986 0 0 0.62352010699615
2.51827463761771 -2.57827513647678 0 0.548807132875087 0.716995671776317
2.93275681113453 -2.59864636239491 0 1.02167075907571 0.805817052134476
3.29235638898757 -2.52015296672264 0 1.20220230756186 0.819602800065785
