"(Intercept)" "X1" "X2" "X3" "X4"
0.876491455382699 -4.59861675620746 -0.915250821122424 1.23719730384718 0.334642239905974
0.942262902685871 -4.30536042524291 -0.675562626411968 1.1208391130813 0.614767911686434
1.01478319175843 -3.8603347248312 -0.233144148203753 0.8265716893173 0.876339496116665
1.20501456231409 -2.85196207813804 0.216973591125029 0.302742376965625 0.770635713417173
0.976944821387942 -2.31234810680317 0.156944668386842 0 0.563014964081423
0.879430241057639 -1.89878567453273 0 0 0.0804907981700332
0.508587075306862 -2.29573263845724 0.539085788180535 0.316011181092817 0.500223221417145
0.181428382845111 -2.363290771924 0.595685778384626 0.337509894827684 0.320825259794369
-0.0578133811967593 -2.24238392456772 0.404010985775753 0.273197073431689 0.0522174938419249
-0.333460125253137 -2.17224919337278 0.328791789006252 0.376381019521467 -0.376132601919241
-0.520168134548427 -2.1419700414815 0.378487160926165 0.507129620490678 -0.728755022630249
-0.603522390764667 -2.1119493447574 0.57646546435436 0.641350040269974 -1.14402925019729
-1.68945864421304 -2.45396031566375 0.384561974564292 0 0
-2.03711478834157 -2.5700368205745 0.373779879170667 0 0
0.807911899646675 -4.14336728186423 -1.01561975589295 0.992212737397375 0.04990326002133
0.861105410791376 -3.85552900293767 -0.809293895837442 0.957203936979665 0.214570151963615
0.646100153180906 -3.27015901141349 -0.349806107810415 0.556294034612117 0.354379996314064
0.694361554644821 -2.41605058780515 0.0246230140305822 0.151232891783441 0.518766864945542
0.759203393070628 -1.78848702699042 0.0252782512645918 0 0.118832803674777
0.849597324621544 -1.34034345439475 0 0 -0.187755720655171
0.438653266089704 -1.47578842388419 0.482939476498925 0.234271184343132 -0.0592952572245141
0.121843842315331 -1.51371688819873 0.468055657770263 0.409611084868137 -0.0326106345424062
-0.083717636261467 -1.44617590785827 0.35558349653005 0.397351642947026 -0.223146930516689
-0.286076484760079 -1.40899396203955 0.302138853133204 0.450204482929214 -0.599064094146473
-0.380699141233161 -1.37776458830407 0.394840573500785 0.587402776217402 -1.01523477502273
-0.566101595411121 -1.37392092204029 0.751651794589453 0.690018077874062 -1.2036899293778
-1.10071719522732 -1.37894252173274 1.00278781261655 0.461210710554631 -0.951972722764611
-1.49323042187847 -1.4923940312024 1.11908276287325 0.281311316914428 -0.767077422736437
0.824157656312926 -3.21149514116612 -0.501896926486176 0.286381748671226 0
0.687632836187142 -2.99690646878347 -0.460615257998617 0.42521668728142 -0.165438539546664
0.189732747275109 -2.42355791281725 -0.0888344921401427 0.103062837972647 -0.302026507498226
0.669794959133183 -1.65071983075813 -0.0694389628372998 0 0.0257467045342898
0.716293196836226 -1.15252919934262 0 0 -0.0727896213020198
0.930245011206295 -0.930394597026254 0 0.30383497980079 -0.370130710693885
0.448779309520222 -0.688126222965251 0.262079740609938 0.195670323161778 -0.666145390461903
0.0993570661134004 -0.753921104669038 0.252078888272201 0.389632299987103 -0.437213680334145
-0.0354279648355884 -0.72043961618718 0.242939633509209 0.476056252489587 -0.561097733065516
-0.197384862178408 -0.652790305541202 0.226414726993202 0.568662872867173 -0.906539784427789
-0.267594763411399 -0.731617292149909 0.469205016367932 0.693958222417186 -1.06786715888664
-0.485230896913642 -0.724952927185036 0.822734307855363 0.588156013368299 -1.131520081014
-1.01269894941952 -0.760297786438379 0.932705214131882 0.284769514743533 -0.7638759460555
-1.2859452766044 -0.912970564354665 0.967776914926296 0.0947060081933193 -0.591116240501908
1.21095579756054 -2.6143571658204 -0.391167585590435 0 0
1.12582357751816 -2.08995594602825 -0.208614393842219 0 0
1.01210799427948 -1.51327423912608 -0.0553694017863367 0 0
0.363696150421892 -1.18558507792662 -0.0102170846112583 0 -0.437701945569461
0.734402642072156 -0.869211937238644 0 0 0
0.649435245034158 -0.662964918128042 -0.146282336378884 0.379129796324201 -0.525176131006525
0.638694485240642 -0.370687317178601 -0.0816542654264322 0.283748471676143 -0.776941151769761
0.573221980083912 -0.199501362886836 0 0.124286866416603 -0.406702237216957
0.195991901409676 -0.0592265033858219 0.153163895812139 0 -0.556854498138112
-0.0187247494550027 -0.0599869857054019 0.233371746326707 0.639390671855105 -0.894946724537929
-0.316939491935954 -0.0806151751777937 0.588841350428992 0.643549216139104 -0.891044529098182
-0.609018095585095 -0.019581396265168 0.780479554623646 0.462285826547707 -0.821828477637399
-0.844557405159662 -0.125070812579878 0.74189649796964 0.20345069365892 -0.620409692413773
-0.942780817850853 -0.503759005156574 0.706702167265383 0.0516239879921351 -0.628184053543256
2.06893068256997 -2.00587119890348 -0.506653314437449 -0.175113395584244 0.297149126203846
1.68251371837454 -1.58269679872761 -0.252128148186559 -0.0778202882407222 0.0253313308864674
1.14034880318967 -1.24403976732976 -0.250904343749413 0 -0.174607906426266
0.639420717175991 -0.786458390116696 -0.0903865015378959 0 -0.479122353677854
0.609283536420241 -0.695814899328708 -0.0802185491244226 0 0
0.691914517405706 -0.582235399195503 0 0 0
0.558591782546153 -0.34246536519906 0 0 0
0.360414727573773 -0.06157760284148 0 0 -0.706861770396973
0.588284838389004 0.284919005007098 -0.427731094916173 0.251090721988947 -0.842004707560242
0.164453502531161 0.489105385819422 -0.0666439559943575 0.272867196185529 -0.655127500816658
-0.503686433581286 0.755870819990293 0.53359430854366 0.537455377936896 -0.796758110920381
-0.655130716947364 0.621123193136714 0.606638962720236 0.394907262084326 -0.633705384724869
-0.629363249810315 0.231429498122456 0.537338785325665 0.23913856396 -0.621313700905701
-0.78590227216876 -0.289738788821665 0.559209850087379 -0.0109459077310073 -0.662913821137761
2.44071280817071 -1.52513124871676 0 0 1.01518967978388
1.77988197371695 -1.4386935575068 0 0 0.472924403609947
1.08334801830666 -1.35597893944479 -0.229787547600531 0 -0.109689469157942
0.603747657408997 -1.10059617979939 -0.275605508037431 0 -0.420173661382065
0.361973006114849 -0.732829229877286 -0.296110819935879 0.243899934614593 -0.713166119200292
0.135433055032334 -0.542632109303173 0 0 -0.476971543962582
0.0915298071913184 -0.245347073037801 0 0 -0.633865152684199
0.16947752923783 0.0602654094588209 0 0 -0.653251223872716
0.210762922127931 0.335293337242788 0 0 -0.717219110111388
-0.0156275642516338 0.705697663963213 -0.248210096233847 0.108781112062774 -0.691653951875826
-0.153385126977575 0.928288302824069 -0.0740127913482775 0.145616080074549 -0.648732095770024
-0.0871946160272551 1.0527789884424 0.0217030728038473 0.160206391515134 -0.567116818615833
-0.346558714327446 0.506451068392087 0.373166353995178 0.215021632224404 -0.605988328714433
-0.540263782859871 0.0129782809351489 0.429827404822519 -0.0730791124551258 -0.580201296767049
2.22434191208936 -1.35509795487134 -0.173769969256562 0 0.692068901323991
1.90216592030874 -1.51266198032693 -0.206915382975668 -0.201329786893186 0.635069016630189
1.07321957702818 -1.40045150381063 0 0 0.215847029912745
0.750411014250869 -1.30720550521912 0 0 -0.14877999550922
0.305435857023546 -1.03116169355156 0 0 -0.62946510509258
0.0672685159530819 -0.705568759882171 0 0 -0.368786871770482
0.01585464306486 -0.307081244907279 0 0 -0.684664633935296
0.0967195498603786 0.0275462531260444 0 0 -0.796410487585376
0.218315408054071 0.223247809481995 0 0 -0.695742120104038
0.109221749904517 0.568776750223083 0 0 -0.407305767804713
-0.0200370992133457 1.01654059826879 -0.392954857319237 -0.171084792833299 -0.529247342938186
0.0258663214492885 1.05075288747803 -0.334602156172379 0 -0.325368249835654
0.036367059667606 1.02708193866154 -0.318930188326983 0 -0.242992263618977
-0.150480334551768 0.334016506525695 0.230893413537928 0.010215035401776 -0.487883471917415
1.60469449128439 -1.38244520899903 0 0 0.766381898988523
1.49961316393735 -1.37516509524428 0 0 0.651045910819799
1.06205105925868 -1.40075237792675 0 0 0.150700412320559
0.535150499460279 -1.45322302988403 0 0 -0.40501027726061
0.352228475991221 -1.36380093537921 0 0 -0.682499313578071
0.216756498314785 -1.0558514620505 0 0 -0.563375551420716
0.191111350201674 -0.5581707712972 0 0 -0.573628746443392
0.19692623815264 -0.198119015908725 0 0 -0.650471423868567
0.152783861246639 0.035710255936423 0 0 -0.713561001291748
0.223008847139171 0.344719830217652 0 0 -0.534210096585664
0.102377797773741 0.615173353500968 0 0 -0.284220020903842
-0.212713020555926 0.637939148644329 0 0 0
-0.256618759741431 0.591508227867077 0 0 0
-0.31059220420118 0.496986944431861 0 0 0
1.20101918755652 -1.19578472180642 -0.135879272891182 0 0.486370354809307
0.631124371256189 -1.2419509367935 0 0 0.0874545221645661
0.300506289164109 -1.50430699454481 0 0 -0.28520167580434
0.428107505327335 -1.78250061151758 0 0.130785022130526 -0.554866893447342
0.30484189513806 -1.75526924857773 0 0 -0.761606066280129
0.35811727487966 -1.51847501949062 0 0 -0.748263163863622
0.372313583141847 -1.03724445834326 0 -0.0722866401010178 -0.612559808511686
0.378783893004201 -0.580292849258635 0 0 -0.529471607047331
0.263864468393949 -0.241072311170459 0 0 -0.522730031304613
0.328731551024889 0.124083658692557 0 0 -0.414154731275806
0.131438801104496 0.29656912502287 0 0 0
0.0204111999648412 0.419113467183302 0 0 0
-0.0922256603678576 0.46707511527195 0 0 0
-0.227787483711067 0.438907737320308 0 0 0
0.037747633546317 -0.846954093930251 0.477690699083805 0.157586468231572 0.453458901569554
0.0961236178072808 -1.23958189232882 0 0 -0.234503590103487
0.262213541851577 -1.6783077119345 0.219903065971701 0.0647140312623345 -0.178402243513773
0.548652135830784 -2.02403963872938 -0.00685437045377705 0.222378560181662 -0.610660854539901
0.596138192242495 -2.22310335019823 0 0.1148935174681 -0.801894475357378
0.578336300797204 -2.04649196525187 0 0 -0.707857779684978
0.503465625223375 -1.54510784159901 0 -0.1918348730459 -0.601469944979109
0.520771678267122 -1.07738060521241 0 0 -0.392545783106265
0.428381670108916 -0.613653082206522 0 0 -0.416321135260692
0.453598093575473 -0.218160104117796 0 0 -0.254452138095026
0.4795307592031 -0.0098990930852411 0 0 0
0.371299897374996 0.120169500361523 0 0 0
0.115248578789134 0.180466394686452 0 0 0
-0.128205260621111 0.206354852605381 0 0 0
0.0504875836564243 -0.96915102688237 0 0 -0.15266811887298
0.042966729097633 -1.35976296304729 0 0 -0.220816157423828
0.195858582781474 -1.85719190293857 0.38629087430164 -0.0105975413447175 -0.189974115342909
0.390685936140066 -2.35606846843465 0.176827920949487 0.0871727760564476 -0.340715057259346
0.735921951154823 -2.52964774418088 0 0.0166700375103994 -0.69278710190928
0.968842677595878 -2.32792386263562 0 -0.114029171026425 -0.82272905057185
0.914648024027415 -2.0236710608777 0 0 -0.685316686880019
0.754004593930968 -1.54459858489144 0 0 -0.426994209131942
0.664910715208804 -1.15290813607021 0 0 -0.421428834369413
0.699290030761672 -0.742319872098469 0 0 -0.367322020741361
0.713284753887869 -0.387201726512564 -0.211979650877637 0 -0.292651953809766
0.729373350178401 -0.20626001292417 0 0 0
0.494543870763623 -0.0946577780519654 0 0 0
0.139539508250394 0.00530376882634637 0 0 0
0.0108695081563531 -1.02393489619509 0 0 -0.161058442839669
0.0893340885227799 -1.50308293781107 0 0 -0.17414200904148
0.419507072787425 -1.74264641839105 0.266639406833577 0.135137968022619 -0.0428601038093783
0.538837091734594 -2.33449584121856 0.0875548342136064 0.229042363399655 -0.293928166160948
1.07940519818015 -2.79849226158675 -0.174878728471101 0.0318385241623504 -0.554005371192945
1.27282942720699 -2.4991681842894 -0.210640317883671 0.0118617352347538 -0.195524332488272
1.08147210131781 -2.39110612555559 0 0 -0.771371289877091
0.98164887589263 -2.05541350387342 0 0 -0.590961954662431
0.884710807393037 -1.66592260631675 0 0 -0.539518731663046
0.958121013694228 -1.35803836164908 0 0 -0.459338268013159
0.948590668317631 -1.08664092313232 -0.232790731547428 0 -0.489930553901131
0.87352110977731 -0.800839567580365 -0.321409144410302 0 -0.356112423870477
0.824933309491255 -0.353878436977138 0 0 0
0.531704530162986 -0.18117366021315 0 0 0
0.0795141653560008 -1.20190934626966 0 0 -0.150167770442226
0.281256935813986 -1.48203203856551 0.363393969231317 -0.0728446754615973 0.168175771130719
0.723085551379973 -1.65401670542698 0.00980439507387264 0.293496041831189 -0.0538482643919059
0.950693642427025 -2.26511740646227 -0.244709187409724 0.333703500434112 -0.272870839723879
0.995719787305071 -2.25211590738658 0 0 -0.559934448178708
1.22145119781697 -2.33690943938251 -0.0115395073506547 -0.275828248198762 -0.0714149956526452
1.04673171537293 -2.49795787230538 0 0 -0.358578651150745
1.09564074548634 -2.52207982779189 0 0 -0.617363255903041
1.02333488325717 -2.18038782513115 0 0 -0.501552491072485
1.17812069376494 -2.04982235140927 -0.234785633137136 0 -0.668483297547463
1.14754239051826 -1.78341873296113 -0.25210615231591 0 -0.64640285525091
1.01735448208682 -1.45346606620519 -0.402451660116682 0 -0.500343410405706
0.99330817974751 -1.06046859710185 -0.305051420381605 0 -0.274326780596922
0.863439632800355 -0.377154213336204 0 0 0
0.116485580440153 -1.3735098574187 0.559984756403587 -0.461753236558603 0.426827469048767
0.479706673104382 -1.55286596465669 0.249779513926937 -0.084747652581369 0.171773615475818
1.03562374826173 -1.70026448356981 -0.267732361263393 0.31104462140122 -0.0928711789993672
0.905340241117036 -2.17368367094241 0 0 -0.378454693559088
1.22328718921297 -2.40254538425105 0 -0.48742781441163 -0.199380053794737
1.38847806101813 -2.26231639297079 0 -0.430313030861648 -0.110594159987671
1.38602744052328 -2.4732157462503 0 -0.41832055004554 -0.0538192838486073
1.23241337251883 -2.76700833116334 0 -0.2526559694431 -0.330326771413532
1.14519573284833 -2.60433207125153 0 0 -0.34536234836409
1.32861510629677 -2.64957984401651 -0.305889463910701 0 -0.678438456008244
1.29478341339815 -2.43937357554353 -0.355867051363214 0 -0.757388786561782
1.20981485001232 -2.05344876432601 -0.390965572275693 0 -0.59921079276328
1.11104644857258 -1.61033626855607 -0.375392930867676 0 -0.38215972063782
1.06826086941147 -1.15178581293344 -0.323093386929574 0 -0.177553131332416
