"(Intercept)" "X1" "X2" "X3" "X4"
1.70679672371869 -2.73893945022028 0 0 0.768053375579082
1.66567309866808 -2.52174189625892 0 0 0.799124908338182
1.60817855089248 -2.34870869882258 0 0 0.828893327171097
1.41190962465284 -2.25658522396289 0 0 0.779003701920715
1.04554351345184 -2.13480267238416 0 0 0.603906814750651
0.390499346327048 -2.33654800870743 0.492469048870673 -0.0322767820032296 0.681392473392591
0.0754212627551576 -2.37619098128268 0.630678783199641 0.0700371136377022 0.734140422915833
-0.176413092721704 -2.37398335216109 0.73611742149825 0.080398436193236 0.598191631319322
-0.341896194727534 -2.26607902189591 0.766137465674662 0.0301322018425665 0.587728009198176
-0.509341858322874 -2.14494371687922 0.82446629424297 -0.101521914742529 0.495501210123067
-0.616847642338557 -2.2925939674416 0.951856282979347 -0.0207508819161175 0.30122346915584
-1.08365600371834 -2.26712247589379 0.531166539091601 0 0
-1.51571278745778 -2.24934355504697 0.855495206957143 0 0
-2.05179786846859 -2.16831224539618 1.19377854329057 0 0
1.63010595735576 -2.60005700570759 0 -0.0468557618120418 0.832739881800169
1.62079770912902 -2.31417650267669 0 0.00327469820668319 0.784373646339532
1.47136972651229 -1.89762590946553 0 0 0.558986173386922
1.35001383901441 -1.73359088296145 0 0 0.546549840762443
1.11199446547157 -1.54867287549205 0 0 0.388098724496714
0.734247302168286 -1.48626093991796 0.120966071223541 0 0.317201266723031
0.221707918269326 -1.56874368186047 0.337222761643582 0.139060265706301 0.315626581912753
-0.0270324825479107 -1.58090049287235 0.431758633398301 0.217757501624293 0.249239920006421
-0.213769048356291 -1.38115722683015 0.378525063901446 0.0975165847235957 0.368084303544752
-0.367090870568846 -1.45418520841707 0.529729953453212 0.110192751490333 0.246325980707224
-0.499803878903589 -1.59627969889712 0.657030198915375 0.161012300083459 0.0998159507757213
-1.00500221960496 -1.62055900493598 0.477759868449794 0 0
-1.45492191420062 -1.65353472835872 0.762076905517385 0 0
-1.98160660199277 -1.70184357401554 1.04692907308075 0 0
1.55322898635541 -2.35363499700267 0 -0.0726955241590419 0.611448593579693
1.52008176376288 -2.01898328167089 0 -0.061792440712705 0.571162374502153
1.35728152765942 -1.68537675634758 0 -0.0973052837239689 0.516593412899578
1.29705659427208 -1.3036444196629 0 0 0.389614267138066
1.12273150502383 -1.04641623488289 0 0 0.231337795470469
0.894133844123264 -0.916111180130818 0.00227199093055646 0 0.0516532730503957
0.643347356151309 -0.723217846765808 0.0507360712327748 0 0
0.31521994173143 -0.670339908877168 0.048607700727602 0 0
0.0564213782798888 -0.679265849922331 0.0368230262795101 0.182483292487447 0.165146749451578
-0.409318614356814 -0.692300199203048 0.241840854958906 0 0
-0.717976112937061 -0.779433741138993 0.347734343847474 0 0
-1.0330051819478 -0.937186153781395 0.521355468589597 0 0
-1.48090815035382 -1.09740462573116 0.700520381090992 0 0
-1.98894921414274 -1.24896567882871 0.855562322401721 0 0
1.46339999737562 -2.1801196541452 0 -0.195200430096265 0.504052007451573
1.35134004689191 -1.78380023405059 0 -0.203332515061723 0.401374543544527
1.21707872447726 -1.42642553313939 0 -0.219444525527101 0.318062269660852
1.16957653760201 -1.07203856103364 -0.114809343818143 -0.161127275319776 0.225787602079387
1.12670360663862 -0.826900497534581 -0.191105345242536 -0.0162650954706723 0.11413731787898
0.979898034820457 -0.50232470059505 -0.162520013965415 0 0
0.82416462864229 -0.289234019377828 -0.184328135563549 0 0
0.543407533744723 -0.16797772200555 -0.186740443320326 0 0
0.199344367551864 -0.164156553217617 -0.0478831992162628 0 0
-0.289741362618209 -0.176864442942401 0.0569564358317813 0 0
-0.691065417849032 -0.265928247910853 0.243841943243104 0 0
-1.06704286081816 -0.434804018355309 0.402206727459447 0 0
-1.50468868646271 -0.640094542626888 0.539323553663057 0 0
-2.07574847183549 -0.907446303957496 0.672602213720164 0 0
1.38436802065139 -2.10589590253338 0 -0.391338683837697 0.419072080204015
1.25155675221865 -1.72240360989224 0 -0.398045685123058 0.288171544510615
1.14364378498065 -1.32195602609818 0 -0.414074178728259 0.198470157530471
1.0226695284198 -0.926462487353575 -0.187377657299326 -0.375933180136768 0.0493685144263371
0.946422896840164 -0.639045299084108 -0.314596723993759 -0.241511809282996 0.0409235561757782
0.862739344093618 -0.376932610568973 -0.437357671797679 -0.0505497198826972 -0.117291944433752
0.88192044118764 -0.0332033935599832 -0.313958462176009 0 0
0.67609218921427 0.138279396722027 -0.35616269428451 0 -0.201496873717995
0.352277843684971 0.17393243474669 0 0 0
-0.131517509486666 0.208739509976231 -0.0293343321547937 0 0
-0.607641076070026 0.093090143002371 0.13289528929755 0 0
-1.08593141231507 -0.0949134754922713 0.28252800974962 0 0
-1.59008986243392 -0.338333884348829 0.387276791195943 0 0
-2.18516690286828 -0.445845330436896 0.384013460572072 0 0
1.40300969072261 -2.06283016927842 0 -0.512982194016069 0.428391411480289
1.23999208172947 -1.75845786308758 0 -0.541602439730838 0.236753120110969
1.05900073310395 -1.43141294349561 0 -0.562093179953804 0.0942200243833233
0.872767442351353 -1.09907757878761 0 -0.531287735586401 0
0.681436695149674 -0.663369867297964 -0.379607276691186 -0.44027548615199 -0.254316276500657
0.546794762804971 -0.358421345828532 -0.479512393712951 -0.334863223498926 -0.260604729003859
0.424422224692275 -0.00527334869524463 -0.580358551576113 -0.17711129614284 -0.389517371316606
0.719045075696676 0.23856872877883 -0.391818571604741 0 -0.47624068708416
0.374703614898036 0.293050499986128 0 0 0
0.0442637504082714 0.363615458563376 0 0 0
-0.36693473670123 0 0 0 0
-0.868962545215345 0 0 0 0
-1.39804495619457 0 0 0 0
-1.94227490257731 0 0 0 0
1.4289894234155 -2.04250949949306 0 -0.64428132054625 0.46877680168483
1.25976062937205 -1.79922307899449 0 -0.652701202088394 0.225171499377899
1.05998213953366 -1.53661769115981 0 -0.64243586394103 0.00338166064437382
0.842180345110112 -1.20463383711398 0 -0.622460329309999 -0.14317220609542
0.636987729779258 -0.811632237826161 0 -0.519447694470266 -0.228946293914318
0.349845611521881 -0.467035610912083 0 -0.286698628156263 -0.446990071486223
0.203913305891718 -0.122514859857906 0 -0.177583698667654 -0.558140528106813
0.366368209162006 0.262149955883511 0 0 -0.415107512702326
0.251824235711 0.561590814795431 -0.430751564929725 0.184740767648593 -0.653466124744579
0.259321688303241 0.768669324241611 -0.584197840353568 0.276094592648965 -0.645189935117911
-0.202986136601413 0.497689592609064 0 0 0
-0.591618361940376 0 0 0 0
-1.07465935207605 0 0 0 0
-1.56106825233587 0 0 0 0
1.40477467585599 -2.0681308137267 0 -0.868371037265458 0.446576925489329
1.2349484544479 -1.83964265178955 0 -0.795314764007701 0.199432972630333
1.05073047135731 -1.60778197722885 0 -0.685663342508218 -0.0462970615196769
0.826228814802097 -1.30694862008013 0 -0.599278876271006 -0.238223861689433
0.689710737992277 -1.01585222765248 -0.126141681028012 -0.340080398170384 -0.445001189895575
0.419516024626398 -0.715123403403075 -0.137871064125814 -0.231837399269071 -0.620028260954244
0.16388784571618 -0.465698968795063 -0.231588661745853 -0.16666179436551 -0.67673177986855
0.0856969633810257 -0.0149913731677351 -0.263571614732227 -0.159694871424381 -0.59332744129671
0.377033127911451 0.306120757286148 -0.278821607418363 0 -0.558219118424191
0.353006715459245 0.517842934032664 0 0 -0.329421395922593
0.0710503234157156 0.724309504098285 -0.650830703458698 0.0838053979178864 -0.541150504310582
-0.264737703893993 0.456064818177319 0 0 -0.191096339059793
-0.736105034657802 0 0 0 0
-1.18570912780149 0 0 0 0
1.24133885740163 -2.05073009872445 0 -0.881424312319173 0.346972251000558
1.07884504425149 -1.8467889478885 0 -0.779015001129621 0.115489464854187
0.908154441099972 -1.61647442772129 0 -0.66012774626161 -0.134013951230542
0.781401527618654 -1.46218743849499 0.0408195341431018 -0.472553876285559 -0.353067260065999
0.619811828155396 -1.21924640044782 0.0555789508905767 -0.31798457667971 -0.564838738320098
0.420648060793248 -1.06447807154309 -0.0434803451114612 -0.297291838759059 -0.698339004715775
0.185768854173387 -0.854264193059894 -0.208636103830767 -0.186319849037145 -0.764624091983638
0.241562652228719 -0.396747880779934 -0.311428238622357 -0.00474488609394254 -0.694327431731663
0.310074127766166 -0.00602577056358273 -0.417607284671651 0.144722968714856 -0.693815746804984
0.258523267838732 0.330883803010656 -0.48668614800912 -0.0739539609250291 -0.588459890737618
0.0181637295263288 0.604182527359984 -0.581475861012574 -0.294792273184258 -0.454907151277908
-0.0383609287624534 0.634263880453508 -0.684017676270427 -0.139912113769999 -0.40874775463847
-0.234888150412329 0.295049303063592 0 0 -0.265313537789928
-0.845678597923047 0 0 0 0
1.05032208762429 -2.05426061779464 0 -0.796676082828249 0.214778388491355
0.877450220631953 -1.82458724609705 0 -0.638726162271166 -0.0339971024118767
0.726592564611953 -1.75061438912396 0.163423023927393 -0.616094448763588 -0.193860514720687
0.634814126552855 -1.55153712257917 0.242792466218379 -0.414086827141739 -0.405913641136663
0.613152780483214 -1.46325128947532 0.18926661101847 -0.409258054571958 -0.582164246550598
0.525502600839681 -1.29555999319144 0.0544898740521295 -0.413194527679572 -0.749060818034581
0.331825027350429 -1.13213725558818 -0.0826101876571991 -0.296080122614319 -0.847574256039192
0.259561980726279 -0.822770631583766 -0.205067520175907 -0.0682275246487329 -0.874739331544422
0.223615411105829 -0.400801491473792 -0.360169306229206 -0.0298450061698722 -0.786087220774299
0.232421167061194 -0.0413526545954662 -0.393551188654296 -0.189332028459679 -0.651899037688143
0.137862331870752 0.185734885850367 -0.471773430639008 -0.350951937326514 -0.501379687935237
-0.0393931268111677 0.397415199622183 -0.559429197863403 -0.478339196093554 -0.351470819018779
-0.0652556653288146 0.430127783283479 -0.684466397061142 -0.302188961306822 -0.246261347056916
-0.255509728315875 0.372008451109785 -0.760399450068844 -0.17957789463302 -0.090264999832673
0.851204593030796 -2.04799314353653 0 -0.598932086110373 0.0231854431353985
0.637003174348453 -2.02727490526984 0.200754683690689 -0.765046535702945 -0.0744097503797035
0.541433845516035 -1.82401985820494 0.317309957887369 -0.535419185050572 -0.271699029115592
0.550612645714707 -1.78191966650058 0.314109169803377 -0.542190820920147 -0.464013333083664
0.563919507630408 -1.71211627280502 0.272267975652823 -0.560392897616843 -0.613949219889103
0.539108873935591 -1.58339474591029 0.185978324715759 -0.546768459612492 -0.787800815634863
0.42644224353639 -1.37892085318586 0.091272565176804 -0.507288966939396 -0.923353369469163
0.261766732963215 -1.06667546979875 -0.0648420252974687 -0.373347180249831 -0.931563278484335
0.171676927006964 -0.796114940141226 -0.253680506381751 -0.281544682674151 -0.909970220447288
0.150616178668945 -0.455262364521188 -0.353536477488668 -0.338977812431392 -0.754624542873682
0.10431866320111 -0.219715406939853 -0.471726179949374 -0.410631418786536 -0.570972260489978
0.291961244890021 -0.203869775263024 -0.314342923459635 0 -0.354840691729288
0.160976209897113 -0.103917133352477 -0.338871958068557 0 -0.282250139609447
-0.132894437782839 0.192188658049941 -0.772772606555101 -0.372472055035633 -0.0697404909419374
0.574358590295728 -2.3601951569596 0.209421906761212 -0.890999632665636 0.0122543470977992
0.445752638238387 -2.19423176452566 0.284981479450311 -0.746568042305993 -0.194868259431289
0.42209236014823 -2.0504939788764 0.372488730451222 -0.621595585521818 -0.352811166689694
0.500859664040125 -2.01511373144596 0.359369644203344 -0.635177112685779 -0.506893257973758
0.529874384290166 -1.95294398516156 0.363405380733111 -0.675484667913255 -0.641257563652737
0.490228885624667 -1.84003193873497 0.333125550482504 -0.71042246900933 -0.813206552695217
0.477408275719181 -1.60851546016339 0.229564025910576 -0.655746652940516 -0.898263290062555
0.348279263333333 -1.23267886107281 0.0279140891355549 -0.671161659665025 -0.937887283789049
0.191419780977331 -1.10453232057059 -0.118183509264129 -0.587727550406456 -0.967304712870819
0.0802371237567393 -0.896397227811531 -0.314313886846221 -0.475694610256625 -0.853068223267238
0.0167765622496854 -0.63098518486895 -0.495715156290311 -0.458958625880924 -0.632232291656615
0.302320675625 -0.602769986908707 -0.403449390314067 0 -0.382703083825702
0.196442211613752 -0.463304162188203 -0.417506248937297 0 -0.304883517570579
-0.177795177056444 -0.113440842216495 -0.787974644564044 -0.483315999965079 -0.0892382232327255
0.3471820776677 -2.5577561660742 0.298811862762721 -0.911995814123531 -0.129149475999833
0.263209389504151 -2.38286750897523 0.370890055461605 -0.777477091588603 -0.273343804473296
0.316940001494433 -2.29939423046176 0.393217627685852 -0.735297527482676 -0.430927637052806
0.38911858818637 -2.27841932712869 0.414908802853409 -0.738975346802594 -0.551898363963023
0.424139505034901 -2.20419774579418 0.444936676445131 -0.783864911539739 -0.674417441260389
0.431679108422089 -2.05883023002492 0.427300378500627 -0.824463592431317 -0.796607739465678
0.468474489555596 -1.77155365885352 0.222887108361649 -0.671155210222758 -0.725162437763575
0.408173037428537 -1.42034455292814 0.0525497839228595 -0.824417522092826 -0.890312544014321
0.284268586575347 -1.34778410225688 -0.0342637637086364 -0.823339114862137 -0.993894420420587
0.184715410578067 -1.29701964411332 -0.214645094402015 -0.577989993972652 -0.914916806000638
0.351439474665524 -1.15138690093951 -0.374941318526794 0 -0.499062465442635
0.243416149209569 -0.981231212851754 -0.481889602446523 0 -0.404086739683809
0.178128197999807 -0.82916998937939 -0.511128479399728 0 -0.31413568722609
0.118263501019702 -0.669058075887993 -0.450180465192568 0 -0.261743942867294
0.156426075781039 -2.79214836215887 0.429229804735963 -0.952179680286159 -0.190979621297694
0.109906596967247 -2.65775981408977 0.475002665415049 -0.870195763699272 -0.340629357909602
0.195305305087115 -2.61250928640221 0.470661086691538 -0.849003497235848 -0.476266370837616
0.262816525463555 -2.56196244315435 0.476595700208728 -0.830203776103552 -0.581611875988382
0.299072834151126 -2.45883982898249 0.490834226016269 -0.86905355544957 -0.695483522207095
0.339514217009106 -2.27983402809892 0.445119601468622 -0.878236659051881 -0.775655422730669
0.430313197348497 -1.93106780096169 0.0777516319885016 -0.614284580587379 -0.575344104896012
0.40471610975243 -1.72244813833435 -0.095233052458529 -0.577993805525042 -0.614594293010397
0.309825356201753 -1.5662400406397 -0.0472907666860014 -0.917630703904936 -0.941076820136381
0.246213366013581 -1.59026596280287 -0.180163031160995 -0.704799126461825 -0.921918081409359
0.139310245685279 -1.51599826485958 -0.412138617372168 -0.419783760871022 -0.750506679230637
-0.0568062046406469 -1.29409536100652 -0.654149943780755 -0.363741992985065 -0.53965435922533
0.136218490186713 -1.18341792625755 -0.572075423810657 0 -0.322424997154108
0.107188872546769 -1.00227584959429 -0.519961214516976 0 -0.263752074137355
