"(Intercept)" "X1" "X2" "X3" "X4"
1.52808825476383 -1.97755651592297 0 0 0.50760430068136
1.44111014153066 -2.02250214012982 -0.19164681639552 0 0.807053728256244
1.20549143345789 -1.91371323199305 -0.19025191925251 0 0.653814779682917
0.873971102723013 -1.87331567312604 -0.187462833865159 0 0.462813547666347
0.525660679496324 -1.97931755138583 -0.177204420254423 -0.190737558197227 0.624218205875212
0.323954116496511 -1.86344839339514 -0.128667487406723 -0.0254217061428504 0.516615507971709
0.0673424274001045 -1.79003140736198 -0.0779966781666873 0.139471807483698 0.385886882790923
-0.352337206342202 -1.61034264473745 0 0 0.175229077720552
-0.66331668542206 -1.48463296770459 0 0 0
-0.793468079500925 -1.29874193614389 0 0 0
-0.965309997384287 -1.1574407242495 0 0 0
-1.12032390994847 -1.00411886604676 0 0 0
-1.32027752818334 -1.06964699762071 0 0 0
-1.53048188017336 -1.04025766476623 0 0 0
1.52907932919795 -1.85977698891512 0 0 0.448544281745573
1.40347178422695 -1.68735843543442 0 0 0.373541469738893
1.28298182368598 -1.65241091686921 -0.206350766431805 0 0.526116314086494
1.0754668197054 -1.51853551475719 -0.212105875154872 0 0.430704968783134
0.812341274191459 -1.36246221513868 -0.159320131809164 -0.156205506882319 0.492723223997875
0.637063402114623 -1.26277890826526 -0.138747824125608 0.00678559155683942 0.378878599088128
0.415079905572712 -1.16780381519392 -0.0667117514462488 0.163919262382138 0.286808095551464
0.000531463222537855 -1.00664791251499 0 0 0.150306785706473
-0.331969545884379 -0.89981566117281 0 0 0
-0.510079072939582 -0.782330296676728 0 0 0
-0.705102114206175 -0.748776260237463 0 0 0
-0.887078591410924 -0.773718318286833 0 0 0
-1.12609680939132 -0.876014991533415 0 0 0
-1.40314171175244 -0.881985127999314 0 0 0
1.55986902167929 -1.62796044553816 0 0 0.227028710883467
1.45267771815082 -1.47410402851451 0 0 0.227561418403091
1.34438084092501 -1.30003472661019 0 0 0.247743603920488
1.26826662827209 -1.17045643091182 -0.227770719292821 0 0.347240371813637
1.0681642088309 -0.945098039434766 -0.197484759890823 0 0.199208235185239
0.901831407306681 -0.706470889288286 -0.14714475284672 0 0.130663670380763
0.723850721997302 -0.58145832136035 -0.102986831840997 0.188335357486049 0.159094390438481
0.26195600425619 -0.431412258024978 0 0 0
-0.0179901982202588 -0.339577740976587 0 0 0
-0.269909019091215 -0.31200552446395 0 0 0
-0.478796005507483 -0.384127687768173 0 0 0
-0.708596692392998 -0.539480950959189 0 0 0
-0.993398055714021 -0.669400509721519 0 0 0
-1.29609076972491 -0.815452350457506 0 0 0
1.14550783295346 -1.74777563523189 -0.328484274613352 -0.775048156283074 0.592511579302311
1.17615808081787 -1.54131150145681 -0.331089277033862 -0.560362386391938 0.445872549423878
1.39776200145657 -1.12666836067951 0 0 0.162150263954083
1.33411591548975 -0.915405130395643 0 0 0.201468166024536
1.30238230674434 -0.659551423972921 -0.237676709635801 0 0.152323720264028
1.17772471688139 -0.371005120436262 -0.183068775007457 0 0.0259675096438951
0.994694637190737 -0.0972984911957005 -0.093722635575291 0 -0.054507157883206
0.580815056911689 0.0325765942625408 0 0 0
0.246766290651516 0.111747589719772 0 0 0
-0.0620335767433766 0.0884426857139572 0 0 0
-0.307501015833771 -0.07552428859807 0 0 0
-0.595879968765921 -0.254735021213429 0 0 0
-0.890670577936058 -0.503515290353977 0 0 0
-1.35423538859843 0 0 0 0
1.13892180001484 -1.64732422803298 0 -0.561334804072787 0.328316899679228
1.11185698074154 -1.43415818383996 -0.376890443166184 -0.629879478962055 0.270556765490867
1.2682592596443 -1.19106673586449 -0.378980269524813 -0.326708005246737 0.159921864177142
1.33106661638017 -0.854240641657059 0 0 0.124922226131964
1.27701468518323 -0.589837105916678 0 0 0.033079821239993
1.22689787892391 -0.278794291154148 -0.218905682362273 0 -0.136446438361242
1.09046802868074 0.0354817074600076 -0.122226552903892 0 -0.278156012555607
0.863666987676271 0.286528235067566 -0.00851815259411413 0 -0.312865638500888
0.400309565174753 0.303148259900416 0 0 0
0.0891562680750637 0.283439234618006 0 0 0
-0.203484761366111 0.17243753327114 0 0 0
-0.505471891748109 -0.0598302725800171 0 0 0
-0.8538083074956 0 0 0 0
-1.1877266335213 0 0 0 0
1.14498496077148 -1.59739731463327 0 -0.554714150242546 0.303363792477376
1.25631483944885 -1.40151232018217 0 -0.37619547898423 0.214638422224405
1.30610536805902 -1.15099851594772 -0.416973559298692 -0.308607102464689 -0.0205532234229828
1.24545551635925 -0.900257563430602 0 0 -0.00240245939341776
1.15770940398419 -0.64479679152194 0 0 -0.142403646312354
1.05904662963854 -0.347824054070831 0 0 -0.283215577749378
0.977798189927253 0.0320301807139394 -0.179931932015747 0 -0.536697563924318
0.788439146466179 0.297618361395998 -0.0682853235332134 0 -0.483557460549311
0.563105091253978 0.451286824136504 0 0 -0.407607311617256
0.212513824611477 0 0 0 0
-0.0878499470876722 0 0 0 0
-0.390389744747162 0 0 0 0
-0.690105864473775 0 0 0 0
-0.973493875935939 0 0 0 0
1.00717048838371 -1.55325759775691 0 -0.537646986798163 0.339034012928955
1.16838709517748 -1.45321141999665 0 -0.36123256743994 0.240764289935575
1.19404264846598 -1.22416765650462 0 0 0
1.10078488365777 -1.03795171172437 0 0 -0.099166626855817
0.954158932487499 -0.737740031309655 0 0 -0.338107146284031
0.796783527837965 -0.359963422658282 0 0 -0.622180625089994
0.6310687100392 -0.0916838574952068 0 0 -0.596515487851533
0.5140848101275 0.13775199187409 0 0 0
0.457101653898742 0.328449578346335 0 0 0
0.326857536833942 0.557619809641205 0 0 -0.643788827675757
0.0167980566886658 0.359090512040863 0 0 -0.363297612038408
-0.264886077825594 0 0 0 0
-0.213936746762608 0.0980165139466372 -0.0815237301971523 0.395569647847384 -0.251595736075185
-0.348318194822674 -0.256374675926281 -0.19493403633362 0.555018339758825 -0.073996063470375
0.801341175738009 -1.52207892248197 0 -0.452170747639018 0.465701919269916
0.926211459638174 -1.46766637498246 0 -0.319271794240084 0.314549393239398
1.04131500112455 -1.37079567458345 0 -0.129240242217221 0.0820939705066805
0.952505807823777 -1.16337327477474 0 0 -0.138265829694443
0.725514968637852 -0.852957167941054 0 0 -0.504547070172926
0.557819214167021 -0.493454945833521 0 0 -0.755111302644261
0.309843513480681 -0.224100991309223 0 0 -0.657791701122218
0.233306050853793 0.024003169044819 0 0 -0.657851236632547
0.291695786843005 0.318143167614777 0 0 -0.769407312171202
0.254101131772604 0.641631223974143 0 0 -0.781167970313479
0.164881805929842 0.757502706754237 0 0 -0.482308506800405
-0.00986116527613369 0.608722605654382 0 0 -0.211277500306578
-0.09603797876829 0.368489778629538 -0.257081833546553 0.124399317682343 -0.165812997877922
-0.196559811872544 -0.0753880478439083 -0.336653593630026 0.214890644966267 -0.0203454742312555
0.639539301465494 -1.54757505910803 0 -0.210454660083487 0.655956568382258
0.745487179145041 -1.50693579101644 0 -0.107226970223237 0.399817478049942
0.816993166414496 -1.43673054522145 0 0.0118181499022229 0.157168153789171
0.735050835601173 -1.29409614636515 0 0 -0.165987965486511
0.694868130768661 -1.11983472906932 0 0 -0.450638499744902
0.574365524092976 -0.851301124838159 0 0 -0.533343400082918
0.365561387378819 -0.590125093798918 0 0 -0.523856444757739
0.228302038801106 -0.306162592268274 0 0 -0.515751259459613
0.367927440470819 0.020279870531541 0 0 -0.834183916870391
0.369569720473087 0.356596218731211 0 0 -0.614952683473851
0.348843465001686 0.546531556178182 0 0 -0.315253129277493
0.16975885726873 0.562741808120269 -0.344955269233281 0.0225247749771358 -0.224642843145721
0.2090505614597 0.221130778082423 -0.518979169783836 0.158843563078061 -0.159373521583009
0.137883272752116 0.0596033262774938 0 0 0
0.597279741439192 -1.6798364776305 0 -0.031717033046968 0.715300243481609
0.632075525070291 -1.62197658519033 0 0.0382622731152187 0.47689082762928
0.664542472884295 -1.55485879196453 0 0 0.146075955634819
0.622941195215961 -1.50453007179505 0 0 -0.109168328751379
0.677400345993056 -1.40975254009805 0 0 -0.315920574066846
0.663467455768534 -1.18998448390056 0 0 -0.47808448015683
0.535580663255106 -0.942529141519528 0 0 -0.531973575176441
0.390558250878614 -0.714914081947895 0 0 -0.589981203706202
0.496997259912684 -0.389559920942031 0 0 -0.61712093491365
0.588413605073837 -0.0352888207441002 0 0 -0.412897229632693
0.480016269067996 0.22042965200102 -0.219338222698205 -0.142493944782573 -0.226405265805523
0.49834468881366 0.209795873167674 -0.333867988315247 0.0149103357723863 -0.0466557407647219
0.588739680747294 -0.00201797163600802 0 0 0
0.546780276965722 -0.147199076131423 0 0 0
0.510649425855855 -1.8069252170185 0 0.109677541505407 0.77318717501799
0.708436762674399 -1.70735028698814 0 0 0.318086624412451
0.637289861707749 -1.67656086122287 0 0 0.238245530976652
0.715737237171373 -1.6406304013843 0 0 -0.0886441193863565
0.748486202153667 -1.67142060300414 0.125941114898111 0 -0.153707025064036
0.800551730267519 -1.53404254486923 0.0962548790880831 0 -0.314678542154781
0.625635861157015 -1.31780040992269 0 0 -0.552388824855639
0.502341296321434 -1.2020914871793 0 0 -0.588283422844757
0.631467945611524 -0.869577985105477 0 0 -0.549231667606992
0.541960838159537 -0.5479179889286 -0.101487222191251 -0.288231532715114 -0.359089354149
0.668092222513472 -0.304134131034347 -0.206968859034406 -0.120616459993212 -0.169362107394123
0.731867577495659 -0.318365551663124 -0.330685196927874 0.0968368264887831 -0.0306890765432293
0.805270316814187 -0.459615351814227 -0.48153528440336 0.289690213583385 0.0634600688269201
0.960534231426517 -0.484128554177686 0 0 0
0.515961918195594 -1.91051578141061 0 0.147367913777919 0.75034086407793
0.593058063467674 -1.80630848100422 0 0.0926274927912091 0.504152680996955
0.622858433022961 -1.75995720566724 0 0.132242812698123 0.321830136217256
0.419930575855025 -1.77682845168198 -0.149748377962352 0.420753253426382 0.184284239604709
0.492231171045893 -1.77476114574884 -0.199959803173974 0.392621475579146 0.00646223658512942
0.53852642235393 -1.71247201346997 -0.195964259223796 0.353202240140748 -0.1770453613995
0.79726574505204 -1.50461541455629 0 0 -0.371105767791
0.713449007328154 -1.44010016383857 0 0 -0.379955468813954
0.802786364775663 -1.28938820757284 0 0 -0.314620356738174
0.778390849410087 -1.08793329859545 -0.149343202060371 -0.197107096752436 -0.27263408785931
0.8610060270706 -0.966374167387003 -0.222196245014153 0.0317596418944492 -0.279721858957543
0.956796719146204 -0.997197954011997 -0.342165547854404 0.339568918533784 -0.230044148673621
1.08294801038868 -1.05503389959741 -0.480650941789114 0.534654049187038 -0.0815244778745894
1.13430861719282 -1.05097093080757 -0.63409497492184 0.534432087750842 0.144294063812556
0.534786191004032 -2.03248335559902 0 0.12308604486594 0.793016450111335
0.653134251966321 -1.87762005208659 0 0.115983528196437 0.495417898599458
0.316862402705319 -1.86833613475514 -0.243480677360039 0.648206254585181 0.518930715237401
0.288223785257453 -1.9073706423668 -0.337672818320666 0.661546110910498 0.3428875096451
0.283449138725425 -1.88649149095042 -0.390453823788133 0.678959623926591 0.182459564766564
0.324758391020209 -1.78590683044328 -0.438044730361887 0.66948346194928 0.0381577409040902
0.477454691578269 -1.61951235970659 -0.543816773897219 0.624908423500756 0.0333044407146751
0.660750730036139 -1.58928015674916 -0.406156244989835 0.248625238640007 -0.0281824603193486
0.78403918435375 -1.63475109495665 -0.295836000913931 -0.0214943399840443 -0.178673708296749
1.36169260806661 -1.40814280489237 0 0 0
1.13259713207392 -1.58468660118621 -0.305341585896249 0.254294633063456 -0.285425652037082
1.19235829950623 -1.65207626068779 -0.386910474733013 0.576643778357514 -0.390041665822396
1.30609169802817 -1.68946928865626 -0.514773315631669 0.829380734474653 -0.300804878257015
1.51168677550277 -1.53225295062794 -0.667492219131287 0.813752759368437 0.0985874974520917
0.504412525196461 -2.22784017095163 0 0.116896032929419 0.689858068372916
0.0869266089079858 -2.14008159683935 -0.376262205577906 0.840617874784631 0.814702276681494
0.150296076203871 -2.07085559155632 -0.411156851569662 0.906177726269828 0.661079016794887
0.0918329732907843 -2.05766402510621 -0.499919068831954 0.954158239372175 0.522351791967456
0.0797086876457337 -1.97800183751602 -0.599421933739684 1.00670822762002 0.380439234469218
0.133360589804105 -1.81589021354943 -0.794584757571104 1.08200850431791 0.338966885752255
0.2567311859859 -1.62303114721309 -0.942679755625026 1.05211393063449 0.404415430366069
0.622620933471261 -1.62685690500699 -0.771632838666432 0.687849181414276 0.310020234593044
1.47134426972025 -1.55713795375323 0 0 0
1.63905311830156 -1.70217294447047 0 0 0
1.24116096725237 -1.94587157180236 -0.547111122728809 0.316513091757848 -0.147069059960775
1.46376439729418 -2.14356022908354 -0.567206687206295 0.697009764755995 -0.320880850793534
1.53241621536086 -2.15982215703032 -0.684904273673657 0.85291606349556 -0.29180630422277
1.73487602270479 -2.01023234025699 -0.793463490874763 0.919471122102408 0.0163761550464249
