"(Intercept)" "X1" "X2" "X3" "X4"
2.27904510596895 -2.03378272471116 0 0 0.984364335082469
2.09939605486971 -1.80030215469292 0 0 0.710170047967952
1.89269377331683 -1.59154158044722 0 0 0.445320048110534
1.64664235652455 -1.42510422316007 0 0 0.189751628199363
1.01934131496239 -1.28637252084437 0.400047106432593 -0.187800633723579 0.0646349239336234
0.520539160979481 -1.36445316738245 0.567109219117041 -0.0883266174586079 0.280751501886391
0.154382880876106 -1.45438322380424 0.741590686659349 0.0755262021027548 0.516451355154574
-0.0789169105992183 -1.43103420592861 0.9369342435069 0.225276489709915 0.541573386316527
-0.539748910091901 -1.31614232402393 1.4087954752683 0.258757534779179 0.441620758497671
-1.0309976798324 -1.30992067161548 1.73166305109779 0.227696850347589 0.440637601643947
-1.4067398912921 -1.35369597952868 1.93443237485166 0.279734217694644 0.410917596422648
-1.69779071138029 -1.45624933361273 2.05666916347596 0.370548356194715 0.441035987557695
-2.36176887095423 -1.33036169214565 1.61656839149283 0 0
-2.69732779749637 -1.51896413127781 1.60844492751724 0 0
2.19782595478658 -1.88751789357101 0 0 0.89858717026771
1.98090154931956 -1.6868812305652 0 0 0.678183840093664
1.77752265635338 -1.45367840770677 0 0 0.415586278900651
1.57936900438139 -1.2074555686407 0 0 0.148953886315439
1.37732324914692 -0.940448956439979 0 0 -0.0957784164927259
0.776586000692417 -0.802391590413876 0.248559334464803 -0.0618996117077011 -0.176131531954022
0.38085083135177 -0.836809529242053 0.472968090641475 0.129204471701512 0.0508370173373994
0.155258630367721 -0.863646995578683 0.719911028262973 0.319376125591429 0.158539738616226
-0.342519968899928 -0.801679723308456 1.10363269071328 0.411669663987703 0.127465970166866
-0.817385360501909 -0.82089239368396 1.37179549189782 0.430749515095229 0.149339067472448
-1.20171860736439 -0.878141541104185 1.58362385550812 0.473058828446325 0.223795676388055
-1.38336650612908 -1.03962985074867 1.62229958585783 0.539216160558822 0.279983773815247
-2.04816495909187 -1.10334147055441 1.36824620013069 0 0
-2.39215714789102 -1.38297772928588 1.3189477518732 0 0
2.15780689835921 -1.69772702707182 0 0 0.764910769432626
1.91307007725456 -1.52796200946744 0 0 0.600291633777474
1.67076408091001 -1.31944918692484 0 0 0.374706549770609
1.47062923061591 -1.05853747375785 0 0 0.0945591274632176
1.28727602465684 -0.757659515211223 0 0 -0.191570738856908
1.20534128122951 -0.453277511634252 0 0.103655617876559 -0.390264115575405
0.615388513739189 -0.303642487571722 0.143464591265834 0.172773570381634 -0.450024351159027
0.372735236388826 -0.287480103331521 0.44204949413853 0.412176090378836 -0.331891623143189
-0.131717474841112 -0.301505025787846 0.776150902355469 0.603119502703203 -0.260050310993762
-0.605577925648584 -0.325538590174886 1.05035962086068 0.636435136168022 -0.135332042444477
-0.927509572237235 -0.40123607004079 1.19332972363746 0.613387718589503 -0.00148927200836134
-1.49691921280424 -0.507440968315155 1.1467984326255 0 0
-1.77602792437853 -0.852455905989332 1.0674725403714 0 0
-2.19649444424688 -1.30492662331618 0.956756378160163 0 0
2.21844043418327 -1.41458231572025 0.417821386593972 0.204851796547626 1.02316716210284
1.85518209580558 -1.35350582082915 0 0 0.524577907469359
1.55267928810815 -1.20662062680465 0 0 0.322005174961181
1.32808949002296 -0.944893977375945 0 0 0.0557439200717015
1.30538571302454 -0.631075528613692 0 0.204311543322399 -0.225102165313404
1.18410217076583 -0.291899131893016 0 0.19465694776058 -0.559916726083087
0.974327417784433 0.016424817407441 0 0.189615398864931 -0.800621924729559
0.556327941251249 0.226438261320866 0.0638180270935376 0.460776110140639 -0.86115366006141
0.172306505944761 0.196274803037065 0.403512591415692 0.806175720887857 -0.694465146592706
-0.222939567274354 0.128529761567702 0.647164811364457 0.833265009565633 -0.49828720758349
-0.621387849609831 0.0388063812667695 0.766759415066473 0.725529376572999 -0.27277061626197
-1.2827737392124 -0.173031537921945 0.895502270698367 0 0
-1.61519776766101 -0.658783175215447 0.772624383983632 0 0
-2.0237469658439 -1.19204291616547 0.645488622126762 0 0
2.12649127243333 -1.27849554952407 0.352860987823002 0.15998127989529 0.985110185413694
1.85395010409229 -1.15963610706036 0.192790899944788 0.248323262465363 0.676073263286362
1.52291127342685 -1.02889274352493 0.0365160827923957 0.328547324563768 0.318840840171084
1.2262429069625 -0.826677575051761 -0.116205628669079 0.35994486163957 -0.0873301808465611
1.09819076134404 -0.61024913774365 0 0.232193071496141 -0.306505212064298
0.787785755288927 -0.191196368782414 -0.16259515122365 0.34814757081025 -0.746171825114374
0.872621314892324 0.110981721269307 0 0.205323386899281 -0.962895048685642
0.795194729102168 0.429777490028653 0 0.371691367635449 -1.11920361779772
0.569059786914987 0.666014268947957 -0.126546797441569 0.861160156234965 -1.17536385340432
0.213982461936619 0.542001886661166 0.191934779673346 0.934093576932139 -0.876511950506429
-0.263873463392679 0.305321140089436 0.37718295491815 0.767437603345992 -0.572314639038654
-0.694645768725604 -0.0430999127312587 0.44874082254362 0.641309317491365 -0.276858639788375
-1.48176182944958 -0.553139297143896 0.493305310122269 0 0
-1.97520408436268 -1.16699796183291 0.386518861300756 0 0
1.88517271887869 -1.27924474393082 0.297553628636091 0.123776358788734 0.95461632840059
1.65625609229843 -1.13275995346621 0.109117279935324 0.215267113640008 0.640170523272461
1.35808775229043 -1.01266368779709 -0.0696921492803365 0.317459896111944 0.299257545390691
1.0171092721922 -0.853475103210006 -0.21766487329006 0.417963169879811 -0.13150297475386
0.859497848672315 -0.655515117918764 0 0.30492047967421 -0.403433571008844
0.679201776162613 -0.326187171767866 0 0.268369082306247 -0.796627218029793
0.651759292111835 0.044441613105421 0 0.251637652885804 -1.11182542799935
0.809246975040048 0.357980000129178 0 0.41267474255229 -1.29416191076391
0.672952421469014 0.626149345500375 -0.464258325321544 0.839818790679804 -1.29808288100129
0.704996476836884 0.717045683903702 -0.192640783424902 0.754739109017047 -1.26676771986111
0.272854981727592 0.397273729416309 0.0948504547710334 0.68747613784686 -0.949269312740402
-0.778972602850687 -0.0385332926751298 0.40410908344248 0 -0.275213041751959
-1.11118985761953 -0.71592850245947 0.233014794201324 0.33859913887539 -0.0194091196077058
-1.56743236775573 -1.34493688997196 0.0683171446537396 0.284266392908151 0.253666824109254
1.59773218218014 -1.3545520508737 0.369221971806294 0.1663429247394 0.934728202125797
1.36411170163289 -1.23827675468708 0.103630861081566 0.228945011819529 0.628158590835078
1.12263086079511 -1.07270971017953 -0.166869178749019 0.284336272131124 0.249988302879891
0.853638126058612 -0.900839468621764 -0.297089446142569 0.417654972018915 -0.212698240899936
0.483087099379038 -0.707677963104562 0 0.4102010062263 -0.643903859069928
0.233840356881185 -0.460537205898139 0 0 -0.880172713838987
0.283311852239907 -0.215617636607636 0 0 -1.07536401004992
0.347219577071501 0.0725699466383914 0 0 -1.05178490139869
0.549658071355631 0.353796276633092 -0.286454480933662 0.4397456710788 -1.03728771650775
0.874743799366999 0.548595169348279 -0.0944277066726264 0.476384424320183 -1.16692930522325
0.70928024507717 0.584423949545119 -0.18190875653405 0.519296609730162 -1.03714704899584
-0.044956144760252 0.0722413605670709 -0.0805161852308804 0.410610445447758 -0.62538887436538
-0.908539071766622 -0.681473478741865 -0.060197188121664 0.217432536919674 -0.156017853715505
-1.41674090298213 -1.33975242608497 -0.213310332515018 0.114888768341112 0.151455617121027
1.25485889074473 -1.43710422270693 0.383340357599945 0.187756652560568 0.825967505852641
1.00511155971916 -1.3638727865548 0.144212280374189 0.270536573291276 0.566612895273323
0.766898303512184 -1.2799364209802 -0.0592742476997418 0.356308244469731 0.248769953288857
0.491531481191126 -1.10127868706166 0 0.351590644753934 -0.201078290964185
0.542214127480632 -0.909357089910816 0 0.380348496175607 -0.677290630348955
0.392361768035239 -0.765931006560808 0 0.233512302151738 -0.89999490512603
0.241058875100096 -0.555758255479944 0 0 -0.96940354899765
0.277474102741345 -0.240606817999795 0 0 -0.929200050207008
0.361231744115264 0.108739961414202 -0.012781828274739 0 -0.86800009861217
0.530736449721409 0.311158776853074 -0.0183612184287465 0 -0.829772361041141
0.604497987993272 0.372641567626781 -0.266292540419817 0.329977610168778 -0.870939967000404
0.396366678420777 0.315903067110302 -0.452539246016232 0.33859413360857 -0.706257081837451
-0.175990907618921 -0.127634036070512 -0.530535319514661 0.257520192975236 -0.407193109207427
-0.982250154240979 -1.0840411586574 -0.62357244488441 0.130570433059573 -0.108159100745764
0.892103045582029 -1.45399384427163 0.371356070655938 0.245290884041242 0.686133766191073
0.608376580444583 -1.39226429039303 0.166739054896173 0.30401724741111 0.443219518463056
0.387588963338597 -1.45115654761948 0 0 0
0.390541982126148 -1.35564300790626 0.0754607362539934 0.299169501828679 -0.136508154073617
0.532336495233988 -1.21273385664645 0 0.332240238612386 -0.455796594908758
0.500138187304293 -1.11631421597223 0 0.214645179821464 -0.661996392808792
0.404320975867739 -0.9327730920107 0 0 -0.780653460386853
0.440730299339381 -0.614663139422162 0 0 -0.824227717179964
0.389101222797355 -0.219155436878001 0 0 -0.715199856452729
0.687069346484416 -0.0230457111290888 -0.0509143888752199 0 -0.803530189447813
0.533385353854073 0.0848929351800169 -0.212756987319589 0 -0.641917010288305
0.496305116849882 0.0590786810652816 -0.517154204299021 0.246176227891025 -0.645603442989264
0.296601480053518 0.0243255027198172 -0.765449971913559 0.300603548482599 -0.47790046041264
-0.166999530015936 -0.418939375338305 -0.972851153218948 0.314570250146627 -0.266641398345225
0.665778206840367 -1.51646954491299 0 0 0
0.401705190069545 -1.46560468877554 0.120115212709282 0 0.262312821798213
0.379422287716999 -1.60485175556858 0 0 0
0.209512681823061 -1.59353411687108 0.195359269130228 0.231577952446369 0.0291040792930974
0.571852155248391 -1.54888727607017 0.224117446868984 0.249956689394143 -0.24091176057933
0.699329680179255 -1.35595243325154 0 0.296592678530692 -0.491895328994693
0.784568737656074 -1.27522968861371 0 0.30522074871131 -0.640786950514219
0.772633177019734 -0.98769814166871 0 0.219785599870018 -0.711868815638917
0.62747947618837 -0.642827048869761 0.0349189443938144 0 -0.631459901777162
0.612776143962255 -0.384285137220938 -0.0900125562725517 0 -0.596083008872559
0.555850092866523 -0.212957113524284 -0.267283242865885 0 -0.529949338677266
0.41634467069452 -0.120981891538375 -0.478539299801938 0 -0.467624183120743
0.372320511671571 -0.198824919053156 -0.774404408776726 0.123299346072386 -0.442478958477699
0.233247304206135 -0.210955992710347 -1.03462425786324 0.21050979125746 -0.305147746937267
0.59396130161131 -1.57109276139883 0 0 0
0.151379874375081 -1.46103805104269 0.343119822615796 0.315136477329186 0.407833088702666
0.152216748585004 -1.61333723704985 0.296774836570642 0.283725796211287 0.299344617668546
0.48059332066038 -1.74778094244122 0.221048764858705 0 0.0646191440222651
0.63570639632184 -1.74202703962285 0 0 -0.105287264255775
0.952020893963465 -1.70722484527363 0.295257297689869 0.225102004363984 -0.316090433006033
0.956169208078815 -1.54714077583251 0 0.34033980804333 -0.475023844368205
0.989570075704484 -1.32742508675433 0 0.316654017883006 -0.5318794949811
0.91843512666914 -1.09294467876582 -0.0546225873777231 0.0961490735814911 -0.65779203810563
0.6487667854018 -0.773309295047252 -0.120585776369568 0 -0.470775714895757
0.575235204135953 -0.572517651580771 -0.338263293084393 -0.236858637385597 -0.57247779509333
0.472329792663168 -0.417296962869278 -0.520042677716201 0 -0.437382453802298
0.348804602665106 -0.415418132876449 -0.781647688319351 -0.0951018979105919 -0.399698702097489
0.253483989217456 -0.414564237440814 -1.00645741807254 -0.00269045362509962 -0.275213836658804
0.138802575869643 -1.49201087024667 0.528267065345788 0.319516550981404 0.675051916526096
0.179884966796261 -1.58876562399328 0.449573223303803 0.331170085107267 0.545029615806603
0.295177724514372 -1.67761038874075 0.363301026521601 0.32276226404882 0.39974475327941
0.465047672718097 -1.78307608326886 0.318432740980887 0.306022021223659 0.247242583183117
0.901492502768065 -1.83140695239881 0.17278972390638 0 0.00335418896253021
0.968798224540777 -1.89319433300164 0.35088272210894 0.174953081143712 -0.110656795733189
0.985992323411378 -1.74127200061249 0 0.279921699511992 -0.230169913867329
0.973788494482065 -1.61110306539892 0 0.293054939662822 -0.346026960416721
0.760752888122381 -1.33283298069316 0 0 -0.320197626040077
0.693314799758859 -1.14836666990802 -0.179615212502409 0 -0.375628425231521
0.660035705461622 -0.929583576936965 -0.319794364051941 0 -0.381528680502279
0.471688004672203 -0.808303898077981 -0.580790486184477 -0.32678845380785 -0.4530145968528
0.419798223067492 -0.615479718414213 -0.687622884991564 0 -0.358978228691283
0.19745961978075 -0.628922803458461 -0.984390016450169 -0.263228111815925 -0.259267733906513
0.151921752631602 -1.64197577100078 0.635943599093065 0.340490943787569 0.862288227071931
0.271599481854684 -1.70364424996934 0.53413332714298 0.349605052944706 0.69403548303276
0.447067843887906 -1.77045771819845 0.39674547190537 0.348812277077136 0.517540906702587
0.907660459573586 -1.94496278590416 0.275830489006451 0 0.295666955639009
0.822911365775013 -2.01127585795084 0.413167896250556 0.159551188371958 0.215446836587714
1.2314989297396 -1.8624613306137 0 0 -0.0276673340685294
1.05032937638175 -1.86835671532683 0 0.203867804518279 -0.0753706289278074
0.996596220989824 -1.75919283164861 0 0 -0.254182205596872
0.92458964378574 -1.59748150982569 0 0 -0.327108520768382
0.944674873877013 -1.35454167846533 0 0 0
0.934747618679035 -1.16814302485359 0 0 0
0.651326946465387 -1.09133408930223 -0.545775443546823 0 -0.354656457216535
0.526325441026683 -0.909917802464368 -0.689694563474082 0 -0.32612094503663
0.189146682061643 -0.894306085060635 -1.0028340861503 -0.436982922715792 -0.246052606473608
0.183328956973255 -1.83474218943247 0.704258907596342 0.28705393546781 0.997360497348838
0.326449534942091 -1.93735648865379 0.599564975757786 0.256501863755669 0.815798923462708
0.886627660361764 -2.04870714056012 0.305664803155511 0 0.597224684393684
1.06747511516794 -2.08328257113572 0.280372112918866 0 0.419644486550313
1.26505564599835 -2.06900927657338 0.19456707354423 0 0.239548183511796
1.42530378959881 -1.98131098187624 0 0 0.0805409112325732
1.33363270273986 -1.93474274540947 0 0 -0.0516815779836621
1.18536492702318 -1.89547814507614 0 0 -0.17953666405143
1.09509294980677 -1.78414875378027 0 0 -0.2769729798502
1.16033628087204 -1.56884541554388 0 0 0
1.13636463383038 -1.41042988781179 0 0 0
1.04166757550936 -1.21012406084633 0 0 0
0.530285394155862 -1.34926294742564 -0.850592583472946 -0.28670168780977 -0.324168363417797
0.325499214114806 -1.20276064454868 -1.03475165629785 -0.399751731608651 -0.245115311956255
