"(Intercept)" "X1" "X2" "X3" "X4"
1.84206487594271 -3.27694864641988 0 0.732332060112187 0.716447840602671
1.49604912957185 -2.89459093355476 0 0.510182803276916 0.839967552540839
0.660776843124829 -2.48806872085839 0.293876358630062 0.269892738483035 0.815567680887965
0.529008191251558 -2.24442314920605 0.448795352812357 0.00801205985204351 0.973631685866552
0.69670238381691 -2.4386322363415 0.493747695710672 0 0.495297017881142
0.461238832049929 -2.39037658143334 0.714704080603664 0.053317035582627 0
0.219158461019544 -2.0577451410503 0.588874593747318 -0.320952092658498 0.0895752559445074
-0.239919479456916 -2.34629281128927 0.700472035690919 -0.0451370551950642 0.817677124449178
-0.464664202962761 -2.24257849636541 0.898290052090568 0.00898580387841663 0.967454932245719
-0.697437484199647 -2.23632850889358 1.12514845177009 0.065535418722101 0.912202657880581
-0.734264196682446 -1.9641187470539 0.636867436706198 0 0
-1.0758354553662 -2.11786308522184 0.75401400120525 0 0
-1.43119598333315 -2.44854800986093 1.12418211970107 0 0
-1.81391664808317 -2.79575137008108 1.29886489036205 0 0
2.1608870558706 -3.29702913059453 -0.703577251484438 1.13211184135654 0.381369065967439
1.44502330770012 -2.44894687092696 0 0.368638747817307 0.495835842673374
0.421593699374816 -2.0867703551325 0.00524017395857789 -0.000748869387166297 0.410578887706067
0.552620642759347 -1.69370357138991 0.0731043879081717 -0.20560548801083 0.808605705924898
0.834762277114826 -1.65037113392312 0.205699666792612 0 0.573542911645974
0.629436586513748 -1.49650459273698 0.432738564727567 0 0
0.328886005913528 -1.33509289018775 0.305311509176165 0.0383277248943112 -0.0583690288265723
-0.0231493137621713 -1.32571960085922 0.294927726517375 0.154202928312763 0.185446863494099
-0.305019239666937 -1.41100374941328 0.444579433387246 0.303020163197475 0.440955258096015
-0.491505154606142 -1.13405117742883 0.346581372904158 0 0
-0.559351888162668 -1.58747578553482 0.856121767093263 0.370381729015839 0.309510109815284
-1.03773696848292 -1.40235797969445 0.615463970522837 0 0
-1.36290450217409 -1.74545035575025 0.832927211123332 0 0
-1.76733379435494 -2.1683018755524 0.920211539334311 0 0
2.27849508716034 -2.8186216880994 -0.540658563396935 0.848078204324529 0.230190392448711
1.29685248179116 -2.24500535998484 0 0.192723153042972 0.208667976058306
0.177612904907954 -1.98629618501448 -0.241285509093109 -0.219256541158154 0.0966280242978128
0.250391960663757 -1.24487642935098 -0.276993064841385 -0.496531600347875 0.472531132447488
0.816464736001227 -1.05289003666508 -0.08827876982239 0 0.268523649283268
0.561650034315831 -0.75608113730059 0.139530644192714 0 -0.205192607363251
0.451872434363098 -0.781417008914486 -0.0545155387381985 0.401173062661827 -0.304380285371121
0.207735034944872 -0.550882335823365 0.0509582641659652 0.471076408823567 -0.385145823636014
-0.511377091458734 -0.625406283907404 0.363478149225125 0.986199299136045 0.0303147454271828
-0.305097572613282 -0.572221473546283 0.175747898051426 0.532651169657371 -0.0494056351219347
-0.579264822235596 -0.514939087501067 0.354344961566261 0 -0.104061122720887
-0.958757250526449 -0.664032609555295 0.466968439599887 0 0
-1.36402160719495 -1.0009857911424 0.504646697367328 0 0
-1.74150548782374 -1.57500512175422 0.414355289157743 0 0
2.04425982006769 -2.12382034512831 -0.336410707312467 0.214923227558299 0.373697731977769
1.20123999248368 -1.89773161883777 -0.0264918555149406 -0.00435839419194635 -0.024705987014501
0.599522576491473 -1.51152183444074 0 -0.300557065503187 -0.0316601506755909
-0.03822524804261 -1.04703152563862 -0.320680964085934 -0.65417320717613 -0.0573485750908452
0.71806628470862 -0.560305534211922 0 0 -0.158255395558354
0.496342292541665 -0.3531786290363 -0.107061732231467 0.199008059174055 -0.345469703179743
0.598582696541166 -0.124329763115249 -0.32940821455137 0.525174150181572 -0.393617995437763
0.311655591548654 0.0725838391972065 -0.180749294111092 0.85174930302319 -0.683056813535739
-0.109602476459683 0.394099098103155 -0.0692895735724201 1.03412106866714 -0.348321705802669
-0.15641210223683 0.393395259313445 0 0 0
-0.644209927389349 0.255558781813311 0.241067139466474 0 0
-0.941730545353056 0.135126446785667 0.288257567680404 0 0
-1.28181448214577 -0.318855216721382 0.264772344494227 0 0
-1.57946477817399 -0.92449928663754 0.154825203035634 0 0
2.0597072883686 -1.70399449181752 -0.16995848943921 -0.524736622557519 0.0106852735737332
1.41692473861207 -1.39114983456966 0 -0.426171704976436 -0.128518360205793
0.589868236633334 -1.23954048905555 0 -0.557771513294112 -0.277291633860751
0.783487569154432 -0.838121757387769 0 -0.26061096769677 0
0.126537293163524 -0.50187979223531 -0.280123087099908 -0.159743213724199 -0.632952751779441
0.457635098151631 -0.206463552621208 -0.422713185850036 0.0310903465770568 -0.31868293435003
0.880180861679341 0.149078442135927 -0.484252438334451 0 0.0602330276561057
0.706417341648565 0.405030004878487 -0.342786099388784 0 0
0.383659227451211 0.600649931380495 0 0 0
-0.0838950065285183 0.854549802979109 0 0 0
-0.4672604035072 0.917801831253811 0 0 0
-0.857571164724135 0.703805268903982 0.168074776021602 0 0
-1.04517309510025 0.325206806508015 0.0655555239212136 0 0
-1.44366670057694 -0.46239785842902 -0.0136469081666411 0 0
1.35841752440242 -1.97179197470182 0 -0.457106195926071 0.348362497360131
0.872463645282038 -1.57854321466993 0 -0.643593921945044 -0.15282881197504
0.678100947544978 -1.09764696560619 0 -0.760937152592457 -0.322597733498591
0.240449911427324 -0.706553272221745 -0.280858331446199 -0.645091546529572 -0.669114982636351
0.771732542185734 -0.491053541748206 0 -0.25436843487439 0
-0.0508595706588284 -0.157261025147118 -0.283752809782262 -0.00503616901771352 -0.667973470944135
0.446283065569459 0.306487950943889 0 0 0
0.489580895999993 0.600538285639023 0 0 0
0.350553812631923 0.958132983741783 0 0 0
0.0495611388753557 1.00465950944291 0 0 0
-0.32245574157669 0.518814171449066 0 0 0
0.0419572667151431 1.36845054706108 -0.429158271522917 1.1273006234043 -0.424251438460159
-0.86448659653566 0.475250495789399 -0.126241226503806 0.361331614593874 0
-1.64638249580557 -0.488239332528682 0.0223445678071285 0 0
1.54654060251277 -1.90768342381565 0 -0.569220198945892 0.672508462037446
1.13175348177336 -1.63919173331235 0 -0.719534949431404 0.217301349755586
0.87278279812347 -1.26617582892055 0 -0.709904259380879 -0.12449968526989
0.633471173644343 -0.919155800820465 -0.387067856142367 -0.52850073142986 -0.456267892787005
0.407730329306708 -0.625561175580188 -0.37187354178792 -0.175385349280235 -0.641332032950027
0.2042457303976 -0.504125070597557 -0.365680801864141 0.0471481839500491 -0.712221618848823
0.329890485770143 -0.025982552555616 0 0 -0.514709982889291
0.399506522631093 0.390600990907878 0 0 -0.444153110371336
0.292590282816402 0.864131024158039 0 0 0
0.128416633369329 1.07145745413192 0 0 0
-0.0843755876972244 1.00195657077893 0 0 0
-0.476894928400034 0.713718464588141 0 0 0
-0.763819774078911 0.786259397487168 0 0 0
-1.01710022375384 -0.312194283313685 -0.497225843207785 0.133542373350307 -0.0594261768770306
1.47604792648706 -1.6570840504064 0 -0.511383676155796 0.7341068916392
1.19072547552451 -1.59067668058305 0 -0.58896317149215 0.309217803261153
0.846642147049968 -1.47191840420554 0 -0.533865923838996 -0.11053312982869
0.647487772068132 -1.27817720277297 0 -0.277695511888389 -0.446387068538722
0.5946480883088 -0.940309265494997 0 -0.18353262190736 -0.68341918208515
0.407603441588363 -0.946108872775112 -0.0853500462972072 -0.0210743158691353 -0.742888001039767
0.37765710126376 -0.596961450253452 -0.132090349373498 0 -0.733202134018759
0.591497627075813 -0.333483637936519 -0.289311771384705 0.571184513806561 -0.75148061534456
0.402328531677205 0.510805970975458 -0.551667745422298 0.668148434318668 -0.646424212347566
0.34434862250144 1.12551620802412 -0.633594508880988 0.515466116208242 -0.576928983115968
0.0114315539373452 1.30547784909381 -0.803945475526714 -0.0456359950206097 -0.450336825277968
-0.257854747066138 1.47810701116801 -0.702975492412395 -0.377698228426436 -0.246294643922356
0.085675942380761 1.4079691428284 -0.865166086626698 0.117942772136023 -0.279889837313675
-0.091617357336237 0.96645140244782 -0.671745956395604 -0.00718245256837795 -0.0780935296054652
1.29151323689627 -1.53683170954954 0 -0.462569519960637 0.669962514954397
0.9211262583304 -1.46464734319702 0 -0.387023128529225 0.0978726169737053
0.587426223508563 -1.49043663491037 0.353311022357122 -0.113165033715571 -0.155831886598208
0.594545006650721 -1.63304934471725 0.255830856813544 -0.124345723712764 -0.540474210315085
0.700786241122055 -1.37558573218998 0.0892481892661798 -0.111458406777896 -0.709157006654563
0.353956207636731 -1.26247361563712 -0.0701121905701171 -0.100355417232739 -0.897357321439536
0.374109728269165 -1.20818118056267 0.0477274807222735 0 -0.79970121619451
0.474429904339623 -0.868793589271786 -0.288217110574354 0.346896221039963 -0.895155326626472
-0.00255709458716906 0.0553631466040576 -0.720116590943925 0.171666732434753 -0.713394678565122
-0.0824105507559461 0.663153702416512 -0.908765101506755 0.115423616860793 -0.633868701868049
0.0160419476451237 0.886882498697194 -0.724052388457751 -0.26396591560896 -0.687038734675283
-0.3023573250439 1.21101222966561 -0.611708895540417 -0.632180830299551 -0.48592156831267
-0.517086452579829 1.28179035681926 -0.527134939109097 -0.654034629418111 -0.143193788143015
-0.735973401643454 0.672516906921952 -0.286143719111981 0 0.0443217536195725
0.57937423821298 -1.18440217662144 0.22031496453822 0 0.535027835479124
0.541575250250064 -1.21210242280421 0.320963196864934 0.0334674855938405 0.216618522888559
0.327219435208409 -1.63601775389288 0.392921214031339 0 -0.312181445954466
0.443673732047725 -1.83183908483424 0.362569021753834 -0.332308107248141 -0.572304172476939
0.499484718383095 -1.65168592484349 0.118999144882739 -0.407991184391819 -0.770541489841049
0.322285015323924 -1.72887868101643 0.0504881415775793 -0.149320251656005 -0.930625986453875
0.538571292171552 -1.85235433974757 0.268083656904931 0.176572017382522 -1.07887935445675
0.514827281093641 -1.32925492194304 -0.0976365995856625 -0.0730555569609034 -1.1716246110906
0.465910382635738 -0.403271516755715 -0.129376902729011 0 -0.688870995008975
0.623332446837708 0.0285282374506466 0 0 -0.477272231552104
0.596760641906454 0.273997655331425 0 0 -0.43933896099781
0.31309079456414 0.300401482471646 0 0 -0.423145870915376
-0.0796328402617097 0.330030328272519 0 0 -0.300061627083971
-0.334451018026877 0.294163347317137 0 0 -0.170021438946024
0.583816864065615 -0.909873843965255 0.192020738947162 0.22925754336303 0.518091188261245
0.46302746669055 -1.32753986607883 0.261700316725442 0.00756153385857999 0.0908712462118929
0.296516963286982 -1.84161080158522 0.439686888744374 0 -0.277013173697467
0.518845179277447 -2.06489482284658 0.4073197857891 -0.330416840656113 -0.532398779095734
0.404772914157334 -1.97254520540352 0.178992625308057 -0.586725206702546 -0.900520825259411
1.27280101029526 -2.01798661828637 0.611405025177666 0.102386597805913 -0.857567696384083
0.785570515693698 -1.99053942880295 0.484554171619351 0 -0.929759288803765
0.553731952971663 -1.63429948968411 0.115174206124235 -0.142097348650237 -1.14965198037454
0.742220471934029 -0.859696080972937 0 0 -0.668726752409621
0.717280894818145 -0.477809479518084 0 0 -0.513188944169616
0.707208704342649 -0.331253523979287 0 0 -0.513087885734496
0.55120058187014 -0.135966843267987 0 0 -0.415284442618485
-0.17770247213118 0.212074331115479 -0.756886400780692 -0.138196587756018 -0.180809216614516
-0.328653667585381 0.164837085269447 -0.842972588009747 0.13783766488947 0.0723401793548936
0.165764119334758 -1.27664997985938 0.319056306850263 0 0.148995925810614
0.21118455374879 -1.5486230161909 0.366621441415869 0 -0.0715421523968276
0.197772990998004 -1.94168852673714 0.44791013652776 0 -0.328824076029068
0.143487594444331 -2.37837066834037 0.439325599517114 0 -0.583266616077122
0.760597107420457 -2.24465707479472 0.384353614609319 -0.109439769953393 -0.840849160292088
1.27632094308105 -2.14375739297519 0.637821493710193 0.288843624344039 -0.519026633302514
0.854692792644445 -2.09961468976833 0.512361983021981 -0.0566404268253845 -0.848202376036688
0.647663830541069 -1.96552710699798 0.313211248745879 0 -0.974126222459917
-0.124673653255146 -1.43384012823691 -0.129382187565617 -0.708404147203631 -1.31311224433281
-0.204039047955615 -1.1597312816154 -0.44330570476912 -0.779586639360793 -1.22475152649505
0.340125451626156 -0.898400831208472 -0.469393097797612 0 -0.632307668554308
0.606527145318585 -0.771800601436648 0 0 -0.532737860883908
0.167501235834285 -0.630354289509013 -0.448999866696561 0 -0.342076276026039
0.40608069777335 -0.587694838434214 0 0 -0.249652871185117
0.037308609464073 -1.32464217002195 0.319930962012969 0 0.0559351824368918
0.0654010772613555 -1.61357908291189 0.376360306957872 0 -0.164533629351356
0.0708313194233266 -1.93488609743533 0.422371428606287 0 -0.427091473716544
0.0571342193523576 -2.15452241681681 0.411723259842598 0 -0.600848108513692
0.480631000972171 -1.84242248536069 0.168549596751073 -0.245514856606436 -0.411131654211726
0.655925507197893 -1.92448617710034 0.366410391596867 -0.0992158531135217 -0.272304015593024
0.901589871172342 -1.96044208353743 0.490759843013897 -0.195478789036343 -0.553704140038567
0.475819083279983 -2.18393143518707 0.279074320973787 0 -0.856373727230432
0.202272126305367 -1.96995009443093 0.176059313125277 -0.632009619737576 -1.35048304616852
0.318312630674285 -1.80510422799594 -0.13454410171033 -0.607370168327941 -1.1640547525148
0.4225996287553 -1.85066156160954 -0.123729776008721 -0.338030052595498 -1.22255433822694
0.4151898072268 -1.32011169396563 -0.396539770089457 0 -0.529080478623004
0.283539128847244 -1.2236764145298 -0.440937606234825 0 -0.42997724827423
0.114977979344689 -1.12893405936279 -0.510437792637936 0 -0.324802196595855
-0.146072701160321 -1.46257709312841 0.349893393624855 0 -0.0939839154550706
-0.0797235699447687 -1.69375397617738 0.399615555616624 0 -0.302616175315328
-0.0911460905896872 -1.86516723043626 0.393413904083224 0 -0.503922746293181
0.0640352829298616 -1.78636826891771 0.230117660739697 -0.365161375655751 -0.617303798062064
0.12161704595684 -1.46487370383227 0.00160449358352378 -0.409783943275483 -0.211785378062936
0.211045410620726 -1.69357759082921 0.102615541324596 -0.437231418951521 -0.169647544154299
0.35114830869071 -1.84984278980663 0.198427848585226 -0.378062971842107 -0.235939662769333
0.491642637273491 -2.03901342151824 0.425160095210674 -0.700006434762735 -0.873755075779955
0.46259001778958 -2.30056851838487 0.249207177591548 -0.533230291346013 -1.23615299907537
0.573244861915721 -2.24125810702561 0.000330167516965923 -0.424829769229908 -1.07978819509267
0.757249046328614 -2.40527446489665 0.0979930028596623 -0.265036600243494 -1.24812362523593
0.529945219143373 -1.74418693651816 -0.421882839424525 0 -0.469312277645283
0.411300876307846 -1.70511797067308 -0.408973168609913 0 -0.452224084763167
0.253395798140533 -1.57270555948821 -0.513223278998894 0 -0.344856871582613
