"(Intercept)" "X1" "X2" "X3" "X4"
1.1290739161544 -2.6865369247964 1.58885132356681 0.944043182672902 -0.121906404829646
0.98301379494839 -2.61051424913903 1.30803094595493 0.837519554128739 -0.169565709058306
0.921258080048983 -2.46491946221111 1.1264952958557 0.703513449161975 -0.111251382158473
0.876856425757695 -2.26796656686451 0.999712019643551 0.456012793054761 0.159610867642306
1.04936023711839 -2.06380405824455 0.563589940299522 0.492188673037972 0.500300834246502
-0.179529275678005 -2.21792188926734 0 0 0.525640063098735
-0.156021190132979 -1.87428402015466 0 0 0.172395231233372
0.0645258278547861 -1.7318358917721 -0.185744775441685 0.509221332837874 0.366674773154886
-0.650057873146828 -1.57318328134459 0.00798542963875693 0.145695038882943 0
-1.20394651274005 -1.51409875257372 0.558592322187201 0 -0.0229478665268789
-2.06269796281292 -1.85805135263255 1.73852268448954 0.260606248089054 0.788944883843571
-1.97406383516975 -1.51468823209885 1.98494128790059 0 0.367472963483472
-2.16857112479726 -1.55887198271203 2.55506755566985 0 0.359451346218111
-2.19473180084453 -1.57995967287215 2.808633968557 0 0.221903081171014
1.29718275742418 -2.30693765890245 1.26659227819182 0.945402956629885 -0.106482548335656
1.02865671367553 -2.19547361482227 1.0688757470672 0.768596093995493 -0.237844156233144
1.06998874876347 -1.94365927269253 0.87526893079167 0.688232603389959 -0.263953744685347
0.95127096150189 -1.7459125876727 0.783117170786217 0.489324920444234 -0.170993395350417
1.08330379670761 -1.4110193078289 0.550569284513954 0.437328604023072 0.037495393010969
0.93524171032763 -1.20887072121304 0.321537268596212 0.414410199450796 0.27156804259027
0.506833097673103 -1.10828093245749 0 0.410954886972388 0.282614098706746
-0.143324108491022 -0.960969275173867 -0.415801919566232 0.274333332917822 -0.317708159750474
-0.711381134667076 -0.906392044502292 -0.122352588130704 0.121266574135513 -0.247530141945475
-0.87622800374834 -1.23772760874236 0.493609117660342 0.492851448011571 0.539687953194223
-1.36842207746777 -1.11669313893683 1.19793073799024 0.120936294635251 0.26364166317837
-1.45616178535751 -0.822655674290022 1.58102064769713 0 0.0967434861218153
-1.83703142184643 -0.980921978238425 2.4225271049933 -0.23020890992151 0.0674915734398879
-1.94476418275191 -0.832027468820912 1.920532744145 0 0
1.31651202156368 -2.07222517338621 1.0880317502701 0.89692969437931 -0.130453172873523
0.982120475388445 -1.8594172499233 0.844830142721645 0.693750213997219 -0.304218637115797
1.03926902539274 -1.58541103445633 0.611108191507225 0.617368855875048 -0.382766375867736
1.33338054204543 -1.19029026775049 0.358026753996817 0.677101113846692 -0.373653209635474
1.18547669202568 -0.908172428393896 0.331330546505709 0.534948646616182 -0.325856325057853
1.09154045457956 -0.680881268284936 0.0980099845016112 0.520249440854653 -0.21514780285562
0.644721621866618 -0.46709587542651 -0.268636769714268 0.449647424144932 -0.442547370438999
0.203834418708445 -0.27358644233602 -0.349068815028921 0.489561162350305 -0.532801642754668
-0.481097095644461 -0.0291181856164806 -0.0656823340883849 0.305717727412725 -0.495099113961943
-0.268992704162057 -0.526283954171823 0.004918333899032 0.353620591130839 -0.0367424331207153
-0.612620524838572 -0.037583141513818 0.502399695295999 0 -0.307458173597308
-1.10525408953915 -0.152550377919944 1.21855330776138 -0.273936846996018 -0.594153998753754
-1.25697230008667 -0.319551824216881 1.67864161565029 -0.434423757146124 -0.542815815062038
-1.30328972074813 -0.625932120428396 2.09043118331911 -0.616953225894555 -0.446945306377847
1.39657332290708 -1.91788105526515 1.00890088942522 0.771029544144042 -0.0361879180323862
1.01015754338648 -1.60192248141718 0.637518459735615 0.589054404543685 -0.332991578454183
0.885650401252347 -1.23566204776503 0.38383613272492 0.473260411412234 -0.480371436194123
1.3461891136839 -0.84672817217475 0.0430191165589542 0.676200534686024 -0.519185977567238
1.30959236688695 -0.59326111896787 -0.11164290704842 0.653698633477428 -0.624813678516535
1.13516065909507 -0.38115678325126 -0.332138831922862 0.60117460763583 -0.67482614325259
0.991990993978764 -0.16068522127717 -0.717516168660865 0.755791454415498 -0.774609640346181
0.445597822821609 0.239370964434662 -0.285564997200215 0.700137816245398 -0.720852447924441
-0.0657826665351004 0.611028734504809 -0.0961758152555632 0.497143143438343 -0.642781930357113
0.0557902166304374 0.608020870019467 -0.19079622594571 0.316231602812543 -0.860266170677242
-0.217299137113379 0.579323638442847 0.0762736189969229 -0.00284954218237595 -0.841979303622698
-0.680428306825863 0.644619271403821 0.524829335330107 -0.220264323891578 -0.911698646240321
-0.686022600197001 0.300018696660717 0.770187311509436 -0.299767429708318 -0.619768427520604
-0.883612292631304 -0.498213211759293 0.870365646867227 -0.165896804882814 -0.235769089200331
1.59992476893036 -1.696213562343 0.883248637418168 0.594030851936255 0.245530258356687
1.21042628404827 -1.33839110987201 0.496020838484385 0.506988885669279 -0.138556956811297
1.03369347583177 -0.980422934373124 0.187494184852433 0.507408019687803 -0.419387922442577
1.04969229039126 -0.662944791204147 -0.0750513807809919 0.565245456561868 -0.62399629327818
1.1233231861078 -0.509910137339534 -0.510107792665908 0.71808801940313 -0.757194427120405
0.99928408221493 -0.306203152363879 -0.59505438552226 0.531723845362263 -0.921910268455978
1.0202584256496 0 -0.759926521934535 0.690116041680138 -0.758085096468485
0.769096190639737 0.139678757848273 -0.644210365842706 0.632927236841786 -0.730494053550244
0.687278393033747 0.244374881309545 -0.521482962916997 0.561481046052152 -0.703684666517856
0.106482289879888 1.11090167571595 -0.192846726073188 0.395241513818802 -0.953937136449591
0.0770177881157665 1.42827387123803 -0.137901433556812 0.430647592698627 -0.922072381060373
-0.00451844335194029 1.52762800636342 -0.178180260076985 0.478421344417253 -0.722423554160743
-0.778525868834707 0.542715602915 0.0371712271346859 0 0
-1.14468777905719 -0.89301627286694 0.032559691591286 0 0
1.70620278576402 -1.43680944703365 0.738156559537122 0.396625669364463 0.565734715903254
1.39162963921005 -1.15033902367028 0.361109593531695 0.456631514627805 0.16774805484294
1.13032247429706 -0.910009803365889 0.0820528143586107 0.575790536159142 -0.230510196067408
0.960331855177319 -0.706025944106886 -0.0657440443325606 0.707483885312675 -0.629206729530411
0.47126001157244 -0.479487976417021 -0.225705135399002 0.466194356767601 -0.901567277039319
0.438523581115665 -0.167663305782519 0 0 -0.966272089235553
0.902254735805842 1.2674078663556e-05 -0.406828130448325 0.447638373079209 -0.995281475154566
0.540080830207973 0.252162559952206 -0.280441001577393 0.351901438715589 -0.877188445960772
0.532235834035604 0.392396165872687 -0.234872528685587 0.390290514518754 -0.690312271754682
0.311782365822413 0.916161325227998 0 0 -0.64349804803854
0.129726524718782 1.22911331140347 0 0 -0.588912836443398
0.170903885086574 1.6446278603012 -0.324169600613545 0.507648864809216 -0.609614216329488
-0.0430165146762174 0.863722694148814 -0.313237533284498 0.328948282430307 -0.35228421853165
-0.917549809889897 -0.540638657464349 -0.156809620496939 0 0
1.70507257865362 -1.26170978868189 0.673430420969443 0.339085763728464 0.848573677188032
1.42205912460076 -0.972850884346289 0.400321817831798 0.381390036409 0.498845589459467
1.12972329283634 -0.810864739457487 0.21848169228064 0.47796360371854 0.0166424090922724
0.812931904901978 -0.762945726226372 0.0549144208251006 0.468101036561383 -0.549246861875952
0.651082508553156 -0.695204999397819 0 0 -0.886401822458265
0.354416523867718 -0.423520495475368 0 0 -1.10367631505982
0.447774636932528 0.0287325719446256 0.0766156863054821 0 -1.20198387634807
0.624401936040118 0.355325587972873 0.261183166257572 0 -1.10023339223635
0.565837854378131 0.624916346104362 0 0 -0.779542011394285
0.334891649255077 0.90046633306847 0 0 -0.564991085097498
0.290692008596463 1.19334086756486 -0.291911090389563 0.326413527613647 -0.648512198119178
0.0689476985783644 0.994613504002724 -0.0673716378596134 0 -0.3259162351347
0.0908871749270077 0.779621757413755 -0.407368588617161 0.419612497290061 -0.303768358718127
-0.347320956188151 0.180271327715152 0 0 0
0.72938274858918 -1.26958052497158 0 0 0.324876708165829
0.629624953522824 -0.975047657328188 0 0 0.186455588107
0.715868388851927 -1.03390286885965 0 0 -0.0739579758536475
0.795653829038255 -1.06237007219781 0 0.216033389682207 -0.621005821764114
0.713599120593508 -1.04387936081552 0 0 -1.02345369438219
0.514919297610999 -0.837044144151421 0 0 -1.00457726111246
0.576382426699121 -0.485664750822042 0 0 -0.946907533340493
0.635372538551151 -0.0100825686798554 0 0 -0.945644922475846
0.544730440288761 0.431955268310214 0 0 -0.776946816278373
0.29007437408587 0.805089746098489 0 0 -0.464351165743024
0.539889395471452 0.945322565611274 0.0297167094038473 -0.139186550957927 -0.60781116618937
0.691510542800145 0.978266327171395 -0.371643994035159 0.340594750300533 -0.589897404766687
0.580940718617626 0.709758708173777 -0.659549162120845 0.831276609000878 -0.438635910813657
0.271313936849813 -0.0350287295810129 -0.923535848696586 1.06631904522773 -0.330098318988245
0.562093710735647 -0.738559271153691 0 0 0.567007719832173
0.393562901614556 -0.951367062098093 0.239463268982844 0.241781379733088 0.352448049756471
0.241517814749163 -1.27711736010681 0 0 -0.273722869263364
0.344287405717828 -1.52403346681092 0 0 -0.652061248138481
0.550297927411852 -1.46980095458827 0 0 -0.90739168538216
0.687318081696508 -1.26429506173845 0 0 -0.980455098374892
0.697261164141505 -0.924536201521011 0 0 -0.911134820776027
0.594618086973525 -0.432937770970217 0 0 -0.582838460049335
-0.119128795219657 0.014787306947349 -0.0118844821782238 -0.539129693323284 -0.655866606058845
0.195982389012765 0.490973807276506 -0.187302576978136 -0.280673283281863 -0.567267691643044
0.561222430728175 0.675704026943544 0 0 -0.285447288754639
0.515619040286784 0.763940294502823 0 -0.0713950017992146 -0.144618469559706
0.774934067830059 0.576650609586639 -0.547200110754795 0.724713137800651 -0.176484829986612
0.099939202194522 0.189487644891415 0 0 0
-0.121613622015035 -0.693135609182724 0.314961204160143 0 0.488030092883578
-0.223993500029347 -0.970222417239835 0.43757892272796 0 0.207156734380533
-0.103160820297243 -1.39642600885916 0.505798893793882 0 -0.190999236146748
0.14514803407038 -1.84634635355649 0.287343094274388 0 -0.418454681494689
0.546135147202112 -1.85324042672192 0 0 -0.704488998005147
0.752543982206734 -1.66912388664429 0 0 -0.88943845216948
0.625131868112835 -1.30956462395769 0 0 -0.611522711275393
0.67997697797107 -0.906068100279661 0 0 -0.682777230850263
0.561577545805927 -0.457034602789473 0 0 -0.629679408077377
0.750510854907568 -0.0414302245495855 0 0 -0.428370878869016
0.863360240641494 0.298445987788229 0 -0.0259704226049227 -0.1997066913807
0.874584376581703 0.357791846891653 0 0 0.00383615958641165
0.82456564240001 0.294576625548286 0 0 0.179519274984699
0.762458810052103 -0.018519808062768 0 0 0.103251111167872
-0.495312227963773 -0.616745738854418 0.670548946350182 0.0598847480943567 0.80446220901481
-0.396645426498925 -0.947504824624977 0.70704764822805 0.109584330630647 0.384991500532502
-0.0737285965838779 -1.49640458507894 0.578089638180809 0.125688204725917 0.0284571527116764
-0.195806889436348 -2.09909587158054 0.542424117246956 0.0784175798609759 -0.168986540929814
0.593465722162062 -1.97002538369647 0 0 -0.470054130751019
0.955556671856649 -1.95933833370377 0.399027316141518 -0.0962763086010917 -0.718883356703493
1.45322026870935 -1.72095555238115 0.575254030751884 -0.0579963386325123 -1.02286999723043
1.19012353998387 -1.3737119436075 0.334849376404774 -0.250985962637087 -0.973773607223313
0.693218086386875 -0.804599946818614 0 0 -0.605800252073352
0.727969594386169 -0.510763565690474 0 -0.225310591517359 -0.52358650314239
0.944310094693051 -0.304292713450023 0 -0.122439165225263 -0.265951373405526
1.214653087108 -0.227457119993953 0 0 0.0680315554665348
1.33303151011714 -0.130047962754192 0 0 0.368504545884268
1.30193357139698 -0.216684463969609 0 0 0.484892150845883
-0.510138152984194 -0.561589051193736 0.780370715969191 0.32415361883499 1.1479411643325
-0.259307369477606 -0.953695054817501 0.668191054434963 0.463678934713132 0.725495712198708
-0.104276046182489 -1.55050126988463 0.554741307349849 0.52727411645035 0.438818213750385
-0.191234899153595 -2.17169958587248 0.475916546076724 0.507237800252139 0.120565534719597
0.278094352833282 -2.20539089390643 0.440940012687354 0.434637075125931 -0.264070505649864
0.785438915231445 -1.95582456025455 0.387628981511891 0.527085398654566 -0.31517232131708
0.99261188116996 -1.84883165702021 0.316952406950938 0.321069610402012 -0.448464180047914
0.886988461543522 -1.52468898382263 0.0818440738633636 0.0275004255768155 -0.59834835444257
1.08119772489263 -1.23555696112895 0.0775596384140198 -0.0160094595155635 -0.421488312986761
0.890016058691392 -1.06676615626866 0 -0.159177243749859 -0.417111309014894
1.24976107187777 -0.954784497707662 0 0 0
1.49710732749467 -0.879011370539797 0 0 0.0732693924083978
1.67848598790071 -0.768086437492978 0 0 0.336373317828398
1.75042556659678 -0.702445978283601 0 0 0.566149344326977
-0.295088315209318 -0.496172200376288 0.69937199067717 0.740540500078385 1.48820026880558
-0.190142082530587 -0.972971682873576 0.590176923208708 0.825043812937328 1.12410714801184
-0.120786991300002 -1.53658122831658 0.481640753338842 0.823777916121664 0.808503906398566
-0.387607990738229 -2.03770701758451 0.557866123454043 0.727146257320549 0.51499163094736
-0.0183812793821314 -1.95253335175187 0.373004046321875 0.759243781474132 0.173393149004444
0.20468564098339 -1.96156489316911 0.152618047057045 0.802186976564606 0.259647236480537
0.423934620509126 -1.88939826476742 0.0324314786442247 0.743013367987375 0.146940287160355
0.825637340278959 -1.6271585690841 -0.0907520567085784 0.577780858117781 0.0728513750809758
0.954428465472897 -1.53083273679391 -0.0788541230269044 0.368151815779635 -0.12354542366594
1.28526633756591 -1.49696339431626 0 0.0855731782096704 -0.174554301295495
2.4985766451419 -1.52104322221243 0.673811675430254 0.316734257771565 0.293983464741367
1.77813172749028 -1.44859136326827 0 0 0
2.00254424453827 -1.34741313864486 0 0 0.288740042685449
2.12677979404222 -1.24901511439959 0 0 0.518763227034256
-0.042826470798631 -0.592749786907559 0.551919336699888 1.19227139124866 1.72378375829481
-0.0785276192255213 -1.01774835548731 0.502151645009949 1.13659118824431 1.40747404638753
0.0191129233929823 -1.36266401565222 0.44925884821179 1.00182828226624 1.03766983837653
-0.340109669042865 -1.62849655082017 0.488330754628854 0.99151511012585 0.574210083584376
-0.356357842689374 -1.81290681594256 0.295333010461112 0.964464335929937 0.574176453649546
-0.25832316750097 -1.94472424975589 0.0273543616449668 0.92416432040142 0.743332895413735
-0.0800164833036306 -1.86242771891199 -0.331957825871478 1.16978806853913 0.738352185527472
0.54618953760786 -1.67858638522763 -0.370451994142413 1.13290578525319 0.568344220048744
0.907304688291331 -1.73652649985257 -0.323812804587124 0.852031857665087 0.266489000053769
1.57972070516826 -1.82140847536991 -0.0723990501911684 0.635946214620319 0.251528036417083
1.82097972183418 -1.77338943624173 0 0 0
2.09915050170994 -1.93010967399862 0 0 0
2.3131164225861 -1.88862747032245 0 0 0.224373721798228
2.4471981072074 -1.78509974521609 0 0 0.437693982714376
