"(Intercept)" "X1" "X2" "X3" "X4"
1.32613854027644 -2.34731036426304 0 0 1.00694121151247
1.12905046981936 -2.1837582319826 0 0 0.798280705706139
0.918376048006634 -1.94586246564143 0 0 0.559755213802829
0.74193110531749 -1.67513168883497 0 0 0.342744947119109
0.669893102584037 -1.31895681786034 0 0 0.178684709071935
0.429476827782375 -1.23919563643297 0.0715395085082367 -0.224219881021938 0.505421788445823
0.254542514462498 -1.12464226154049 0.264645796050865 -0.118244802359123 0.628444547457008
-0.0361558908214141 -1.07378997402307 0.484255340271162 0.0348652575006908 0.482646877582939
-0.38002521997026 -0.96237097742531 0.639025160015201 0.117816260995176 0.31710444256214
-0.613204025764087 -0.826425656905178 0.755284309944967 0.105135338886896 0.116167517678372
-0.733935854588886 -0.749797167610763 0.758677416575805 0.210667175045871 0
-1.02507237563168 -0.764449232593724 0.913589400723577 0.104134913535753 0
-1.19312564019888 -0.584251238515806 0.785761520415925 0.197962698267787 0
-1.36430578814761 -0.500647274312367 1.00590109139194 -0.186854323735847 -0.354675014357205
1.29695680011381 -2.24361520925402 0 0 0.890744230620714
1.16437979718749 -1.99216105170416 0 0 0.712306248912743
1.01536763073791 -1.71261437243443 0 0 0.510736230800669
0.890248741468784 -1.39346129460111 0 0 0.300397358114887
0.764459773415705 -1.04059718387062 0 0 0.135031617563611
0.485264112732299 -0.87518104881091 -0.013527582774069 -0.128033182721773 0.121187063161382
0.330841814899516 -0.616404422244424 0.161079223145525 -0.0732729532426911 0.0523900037141052
0.0637063532573574 -0.580807509331122 0.334169836264899 0.157880630389499 0.0680294268577172
-0.198621819138958 -0.529306505772352 0.437735757614688 0.269868310294003 -0.0100850829580289
-0.340165588833655 -0.394635667779758 0.455890905182971 0.277033301856513 0
-0.666460643448777 -0.445475461040932 0.61295599910376 0.21092155788325 0
-0.844972711241138 -0.416683507001155 0.646929941254188 0.23428843705988 0
-1.15031151664924 -0.26812778400488 0.566378782800726 0.173076183044739 0
-1.17255809762332 -0.391788071123122 0.796536001667139 0.00563136036056475 -0.208958356852393
1.32578792970027 -2.13478644872537 0 0 0.801323351377105
1.18379759374399 -1.81214784368814 0 0 0.599627518172993
1.08202326393929 -1.48915438367139 0 0 0.438125215566863
0.990884788777048 -1.12859276033591 0 0 0.220214169561259
0.97183239282387 -0.850949193294933 0 0.113745733243676 0.0603616799617154
0.579922563173951 -0.585814845002933 -0.0977487865236713 0.00447725122427746 -0.172304836590308
0.405498105274112 -0.246943921043968 0.0769923068600504 0.0680674819925944 -0.42217102190412
0.272603415472889 -0.0891763335627886 0.12287711593363 0.272450257062945 -0.416974722287518
0.00328924494389274 -0.0652237190794201 0.198424551019591 0.393356577549676 -0.438275934410451
-0.299964098051821 -0.0815362803466716 0.314020179297686 0.336723916764342 0
-0.560016564481943 -0.0716645242268904 0.402431793938896 0.286420809032397 0
-0.766151648445457 -0.0553939813748675 0.431095399227302 0.235926996825571 0
-0.942524435095117 -0.114549234940358 0.508329134099816 0.129022548041676 -0.208670821360206
-1.44835050356855 0 0 0 0
1.07731919060002 -2.30044218952755 -0.586581543080199 -0.573888316746146 0.871573693631348
1.18079778685267 -1.76214077700098 0 0 0.558644119027953
1.0679396203425 -1.33929651635503 0 0 0.342143617035369
0.979708016182234 -0.939310742185117 0 0 0.122382288959044
0.943486670474908 -0.633311946466027 0 0.0690639237407499 -0.0921707706054571
0.697578926889969 -0.345402027216581 -0.158001975933274 0.169123134072424 -0.404111516175851
0.509570959010966 0.0392423240298626 -0.0830077929334844 0.211166246578454 -0.671801830096647
0.428051953104486 0.267511428386303 -0.110042496435398 0.373409513159558 -0.761983809968955
0.214522968708226 0.325827030527298 -0.0179612776190174 0.527754625152455 -0.673440854235806
-0.156426874640461 0.396038562531117 0.0735234848889962 0.434930160346349 -0.432811856823458
-0.482024318175963 0.347026526698707 0.216798012320679 0.238074468258494 0
-0.644421043831248 0.257521968199117 0.203538921401489 0.28176975388042 -0.166076765942868
-1.00531128425901 0 0 0 0
-1.34874507811849 0 0 0 0
1.35247275713631 -2.47992134374102 0 -0.573685919738456 0.589004668209888
1.12731886667465 -1.94934834508544 0 -0.403834125436379 0.407162581873889
1.00228718568389 -1.3702998439875 0 0 0.274160063812158
0.861734699319338 -0.922639747614252 0 0 0.0034497849321401
0.721196364791383 -0.585563520773848 0 -0.0557168423718819 -0.351089979755342
0.620594729093525 -0.19411795049799 -0.16508196357287 0.166052644662476 -0.653385639719628
0.810391364896615 0 0 0 0
0.506480036057934 0.521667704473608 -0.276634165741044 0.358245974252062 -0.876294989072924
0.377495044935386 0.621731127297481 -0.236743507871311 0.622957874996199 -0.746124750853497
-0.00986437533961126 0.758155046436467 -0.100720622109623 0.52040202596858 -0.509033137589474
-0.349388284232317 0.677040308147377 -0.0850805315578123 0.448017781747846 -0.218976326528225
-0.536961872564461 0 0 0 0
-0.901234324873947 0 0 0 0
-1.24283364899349 0 0 0 0
1.68662287040715 -2.48801579237346 -0.602757845088526 -1.19604020349103 0.80099057285198
1.40233004247062 -2.12565268655804 0 -0.77459375665438 0.343647979293556
1.10053584852694 -1.5730498521901 0 -0.573541508818738 0.0539671737400319
0.618551097047419 -1.10552935180168 0 -0.370616074341272 -0.35521578003102
0.494207703978242 -0.687896855340506 0 -0.120633112878444 -0.655252401423385
0.315804741939504 -0.24213253271691 0 0 -0.687678186790547
0.455559518383964 0.0695528604581602 0 0 -0.658462975341967
0.516551140208798 0.35576694366847 0 0 -0.3716722337456
0.558542037989713 0.627382369238138 -0.311722721352929 0.506428508049568 -0.826300544846517
0.26705406629948 0.753170217666032 -0.433397007477399 0.629838624199586 -0.673773042560229
-0.182452386045368 0 0 0 0
-0.500224458308757 0 0 0 0
-0.821976590204963 0 0 0 0
-1.11937077885858 0 0 0 0
2.10077047331708 -1.77115911383371 0 -0.771713506322565 1.4462059831984
1.7437091620792 -1.82718192237011 0 -0.759596204473799 0.663369039817894
1.34889677612774 -1.78824914933537 0 -0.731870662534747 0.0643980273715314
0.737026339817985 -1.37992524034925 0 -0.53477597132018 -0.507990167109458
0.211468020322415 -0.846907965236426 0 -0.217443100472748 -1.03367819459502
0.0824547464081866 -0.418516899184605 0.183075439313626 -0.00603207872692101 -1.17919894290282
0.213887235035226 -0.0354230030149009 0 0 -0.960516345318803
0.320726865208944 0.234324183844121 0 0 -0.904860904984
0.352629806527578 0.487090107601909 0 0 -0.871836963002837
0.248906315332112 0.616097661882351 -0.217091976586489 0 -0.712653917315209
-0.132859961034232 0.5021360608048 0 0 -0.336316353606798
-0.456444546631409 0 0 0 0
-0.702024843037475 0 0 0 0
-0.92919190330487 0 0 0 0
2.20972122983174 -1.68332963778308 0 -0.931914620689287 1.8666314220452
1.86825315142886 -1.62809752704037 0 -0.727627970467915 1.13608125003773
1.31834700642368 -1.6713294170158 0 -0.630371359414467 0.139241989809398
0.71822263917923 -1.70981831887359 0.0921301256280693 -0.565715958262298 -0.710880212791662
0.376787625406015 -1.30623937286983 0.238779413582291 -0.212113278630582 -1.04160927825593
0.403515050145561 -0.910847161905187 0.271673580285596 0.0211243828650831 -0.990847601203443
0.390701115917293 -0.593112527924131 0.168051969548077 0.0981285563800802 -0.962192556884888
0.371333302229596 -0.192044345925452 -0.0518949622010307 0 -1.12105017266875
0.29687593219981 0.228958479595636 0 0 -0.934652672637618
0.292861294166322 0.411325978834777 0 0 -0.665162028718478
0.211135259185829 0.618998462271002 -0.301059667125232 0 -0.494175409173412
-0.0815206065505868 0.358575784915036 0 0 -0.308612577067256
-0.342425382157562 0.232728089491704 0 0 -0.23035460420528
-0.668409468890287 0.132104247118899 -0.17057461627202 0 -0.0353613271059844
1.92807484144167 -1.68625994913342 0 -0.929384752358555 1.72723088535139
1.45779018444986 -1.60559138567688 0 -0.64424602696258 0.978288936690803
0.496536465096873 -1.37854310263738 0 0 0.00929745526689716
0.24535990463292 -1.43196807242047 0 0.141387991046812 -0.574559908231311
0.62301795901351 -1.68389286529634 0.251853362171825 -0.0140984418705257 -0.94155231345599
0.601261223839994 -1.41276714327464 0.314779618971377 -0.0117347820338988 -0.847937042323718
0.502787900096961 -1.01373587026209 0.216089670466205 0 -0.851981413325917
0.474809241158259 -0.605547206321702 0.0558834987805994 0 -0.813271274745204
0.526130461085502 -0.280187046314551 -0.129284539300149 0 -0.805034885502642
0.57166196832434 0.057642333578834 -0.284634638605401 0 -0.65032806554975
0.531792084880601 0.344391625393496 -0.354418305159795 0 -0.475427752960158
0.42117579919 0.482145384379302 -0.452579052347637 0 -0.304658556362811
-0.104642436385686 0.102857817562057 0 0 0
-0.30170380844228 0.148143244676518 -0.414562931145573 0 0.0440936758226655
1.7690775404314 -1.72532384640302 -0.527110177292095 -1.20729630480892 1.61331193555843
0.500464783675423 -1.38761507671192 0 0 0.395784796431538
0.141171236207771 -1.42076829589368 0 0 -0.0421972302493942
0.0584155849870625 -1.7289132248738 0 0 -0.305899705212173
0.349709138957249 -1.96031811859461 0 0.308862924413314 -0.535742266532658
0.652427654218746 -2.00043576384975 0.397963596577188 0 -0.757792902347121
0.694625970493058 -1.59384207577235 0.34073737867125 0 -0.808246522909697
0.476259163108213 -1.12944757486624 0.167223682486033 -0.0852475364027348 -0.850389304018057
0.441433318365645 -0.650595620021392 -0.109960970293345 0.0361167183780658 -0.644163984532842
0.671162475640437 -0.351886663921351 -0.261843629667721 0 -0.569242211580107
0.753535031266324 -0.0493934958088251 -0.377958111585079 0 -0.448794132157424
0.745351951846415 0.189755940517676 -0.474854014671956 0 -0.318262389974111
0.612398275943421 0.3101507460622 -0.55555136715788 0 -0.17898285480479
0.107129483825712 0.0294050403080054 0 0 0
0.50875313767797 -1.38622683287183 0 0 0.652082148384087
0.236471609061948 -1.28979670743305 0 0 0.295452643214082
0.131155325392922 -1.56638119636717 0 0 0.021884536759979
0.130771818357746 -1.90593206368428 0 0.302036277723575 -0.166487760148268
0.374306222772276 -2.06220471350351 0 0 -0.278877056014644
0.872993059618367 -2.20395368668485 0.36045397674612 0 -0.473919942742072
1.01395803596487 -2.06028638706268 0.46023386491279 0 -0.772741240867896
0.808967232114471 -1.66462352740327 0.269681653208403 0 -0.796105003726014
0.692766082270097 -1.27294718400608 0.0489613507666793 0 -0.653029772711318
0.747595866394477 -0.832182343712809 -0.126798967813771 0 -0.566403605202167
0.880218133219108 -0.47718395460218 -0.318639018969453 0 -0.459764015433743
0.881833433716068 -0.25171746438606 -0.391736035831749 0 -0.344964341795131
0.87731253734065 -0.0173310087900304 -0.45363426389428 0 -0.268638735156141
0.776829725853556 0.138938582258365 -0.557559095397581 0 -0.201354013667182
0.306421286215912 -1.25537564406143 0 0 0.544846556154066
0.202995798394431 -1.38243498798778 0 0 0.287604433715222
0.129317394581374 -1.63688659181805 0 0.255389680731005 0.149899185214909
0.240265685138448 -1.98907100848615 0 0.264665398407601 -0.0311694677438752
0.60444339411315 -2.17050658488289 0.30653143918865 0 -0.15121703470792
0.959376503393607 -2.11399221140193 0.272495474190842 0 -0.240456521673227
1.16114117313784 -2.11234600495075 0.320907064628065 0 -0.417003755609624
0.981351718372553 -2.02309298900153 0.227702021160024 0 -0.619085795155103
0.799320276673956 -1.66732073517789 0.024138228122552 0 -0.656330415379628
0.867025148715489 -1.37172703567271 -0.119274026792474 0 -0.575939063403901
0.972192130461839 -1.00773007981093 -0.278890451052645 0 -0.492355157663644
1.04569857702923 -0.673728517837122 -0.399668976310621 0 -0.373293475939469
1.06135331269166 -0.398442352414781 -0.438842792531177 0 -0.288522438053958
1.05472851053153 -0.141581291255718 -0.548212452870786 0 -0.243654513150076
0.276498845557298 -1.27835457028515 0 0 0.63606821871267
0.177013296163618 -1.42865429333388 0 0.173905175651327 0.423120329710208
0.352952947690026 -1.72574578519163 0 0 0.213720965707152
0.374292615053102 -2.04502886988904 0.275227030142737 0 0.165369927520148
0.591115390870931 -1.98381119580218 0.250280022017219 0 0.101532827248469
0.782791414249196 -1.91648592970126 -0.0559935422561683 0.309359524797845 0.242004726236336
0.950368177654441 -1.93580596747491 -0.0845912096636961 0.350104609329544 0.243757648397174
1.00862459496862 -2.10069700950511 0.127939828448059 0 -0.201738451981446
0.815750822045864 -1.96355739736811 -0.00629546261506778 0 -0.465732313801579
0.908489223376439 -1.78009877579014 -0.149944919286874 0 -0.481492155263311
0.981009014134362 -1.47917310438291 -0.267854199639349 0 -0.448441944974536
1.10386763330532 -1.18325619278309 -0.42474710351977 0 -0.381774832376481
1.19284343445045 -0.804822972394342 -0.495095409941896 0 -0.301967931296039
1.23531087963778 -0.489519755779248 -0.573962165512539 0 -0.254266867428292
0.25715687273245 -1.43908677037782 0 0 0.697256847642077
0.28923139995446 -1.48417840489335 0 0 0.283195261447064
0.155021891871079 -1.94958742399708 0.0685914696494338 0 0.499793695444954
0.356720842305962 -1.94704888995366 0.123719829508103 0 0.427376098373924
0.490404862243499 -1.89080510604939 0.13951136657018 0 0.495329386825999
0.729777562941441 -1.84347299069832 0.149001267481738 0 0.458228824291543
0.931529227281117 -1.80969920775725 0.0633798278042684 0 0.470880028445119
0.724560563294407 -1.84359593443566 -0.294611906373599 0.382361548094669 0.463119746038419
0.793772339401417 -2.12033462290094 -0.0817373675206054 0 -0.0782495507965941
0.872590989211511 -2.08086309888609 -0.155396967144499 0 -0.300420756131589
0.968947797983949 -1.83435316540868 -0.25988822618965 0 -0.394316880354591
1.11222521781361 -1.60140286035456 -0.389784105903738 0 -0.362986497320107
1.22657922838543 -1.22963070996154 -0.500701008726471 0 -0.299772592663882
1.32640535275568 -0.87652201099414 -0.570943605113071 0 -0.252428534869918
