"(Intercept)" "X1" "X2" "X3" "X4"
0.591481953205148 -3.09814090123863 0 0 0
0.405247557164498 -3.32310288773264 0 0 0
0.43019064205188 -3.00463515041628 0 0 0
0.554236624940251 -2.56336015170422 0 0 0
0.69265948386637 -2.51460409731755 0.296682765693344 0.00132995750650903 0.346570334620606
0.713524552118653 -2.16902993299677 0.277544665695281 -0.00409502037530172 0.304262763704934
0.423682238956442 -1.97129028182738 0.482985907041741 -0.0438943249897321 0.395338271221549
-0.111200733765832 -1.82893932750299 0.711094632286411 -0.148592695281488 0.559068909688347
-0.389064758657341 -1.73413961954417 0.869652959052551 -0.026192765343114 0.57004013804347
-0.765707053971593 -1.67072270032476 1.12828600181905 0.260868120261852 0.612283486229592
-0.87310696034267 -1.6493795514181 1.44289841118011 0.298056267714505 0.490235202371945
-0.977136881716453 -1.64787412331612 1.82173249381514 0.332960796752322 0.353651065525691
-1.05607750897188 -1.66903072557016 2.18321953224378 0.342354681607097 0.203087396105059
-1.12521559761834 -1.68859608993604 2.49768472291131 0.346103665254732 0.000560376332516237
0.716330245822912 -2.60956431350133 0 0 0
0.479239902035519 -2.83686009016044 0 0 0
0.473524460796511 -2.50184078099169 0 0 0
0.562342420287269 -2.07759902476218 0 0 0
0.540937893097118 -1.95557580510986 0.163903499801142 0.110623924781697 0.151775827822293
0.628388870761723 -1.46968634939613 0.118004258769986 0.152946607826679 0.0536942766673063
0.477704103165019 -1.10798519912784 0.153055254750092 0.100586057297643 -0.0474294652616267
-0.00792976943947845 -1.08597540705346 0.389381870320928 0.131994497250439 0.158718929733849
-0.205778386897681 -1.04651705310405 0.468256329383027 0.236335023485542 0.194912018803956
-0.410711204730605 -1.03435150859536 0.610256140153782 0.343702269237236 0.244420790896777
-0.536226830889936 -1.02343760696776 0.980824997517984 0.397978248825543 0.170887776600225
-0.631614944552239 -1.05347030190051 1.37750998867039 0.424787684150339 0.0457370335652045
-0.708800287544675 -1.10471128643581 1.75816716769961 0.434126262220475 -0.0931616845791857
-0.812058586276699 -1.13659487816044 2.04452038474956 0.428128114256635 -0.271655982605688
0.982692479568029 -2.00695652760167 0 0 0
0.722694715334271 -2.12645348780641 0 0 0
0.577818828987409 -1.97997703145439 0 0 0
0.627169231021379 -1.52080760007501 0 0 0
0.500267081764834 -1.41814144868443 -0.014445583052847 0.221799927989283 -0.0252729326938455
0.605136774763979 -0.904258775065141 -0.0778731789933489 0.319103700700431 -0.0983645824287058
0.541259255691784 -0.482321808629464 -0.12561015709438 0.304327473901339 -0.178384667968047
0.227155355388311 -0.332149568428485 -0.0425243374036543 0.370278634934859 -0.283188148900196
0.0191514569047707 -0.357453177810774 -0.011638154350057 0.466477252412001 -0.174994499865118
-0.0838030083542804 -0.377084546297474 0.165726229431725 0.464207487406283 -0.108361356846589
-0.202881891015269 -0.409081003775775 0.535976800914368 0.504392875843203 -0.166835638035402
-0.308628052819225 -0.449731249823355 0.927905426382083 0.519323872849595 -0.260864044989135
-0.426401808548677 -0.507566544415803 1.2512041376695 0.509533364326013 -0.368661425945481
-1.58469283490224 -0.331829544436868 1.02769280200385 0 0
1.2431770611922 -1.28769284069553 0 0 0
0.813107473738208 -1.75843825419326 0.33323225898268 0 0
0.673120924817538 -1.47637542621967 0.148133635397602 0 0
0.473233757265758 -1.25707694806419 0.0246593982070884 0.138081709644319 0
0.527912790219318 -0.839944569305574 -0.195370371355064 0.324089863203182 0
0.690153030899278 -0.445929842408066 -0.29897445141028 0.445545047909514 -0.237582757686594
0.738560419504077 -0.0792581037299022 -0.431677162934854 0.471484805513415 -0.244626884465531
0.499581686912534 0.252518619954226 -0.489773362123498 0.47821112261117 -0.401173794285762
0.17415484442563 0.408582229023881 -0.456921739882731 0.569148850193254 -0.483951456546272
0.170719769313398 0.273949370144405 -0.212735690280829 0.524080932813172 -0.389364176793855
0.0202193913029335 0.239814469898588 0.129935796266514 0.544933356739587 -0.434692041270023
-0.158591042803661 0.193989970628082 0.432259449341545 0.568264842165143 -0.475715085954027
-1.13502294763724 0.192085529214114 0.528838153747259 0 0
-1.38049196374673 -0.220014643549191 0.737519161707759 0 0
1.40693680380387 -1.70542981676491 0.450751081106838 -0.807585542959532 0.619660903450364
1.14965380178444 -1.48862472885178 0.396749166041493 -0.605841187719496 0.22295626223595
0.906614771414701 -1.20583314575753 0.278057787485614 -0.426864656516123 -0.109208430757089
0.684707466017932 -0.929503780548678 0.108808115576556 -0.230929612541528 -0.348665932851378
0.713407777058248 -0.715717167314862 -0.123736511785735 0.0131548320385957 -0.46334668827227
0.859856600942117 -0.40665155325894 -0.2673119342192 0.223076739943711 -0.579926347372945
0.770712955112417 0.0778291138043411 -0.387396236843492 0 -0.583813035987547
0.506039001604415 0.556994208699949 -0.65979381397157 0.384620123867595 -0.331563714386879
0.297279567879987 0.861574119360174 -0.630986060350791 0.39614901306606 -0.411837697157014
0.112928703593331 0.922001017847608 -0.295628248166529 0 -0.457018562006317
-0.490249563086508 0.856576387555768 0.0251208420777371 0 0
-0.749574341453309 0.714670295667249 0.224767355557463 0 0
-0.992370985322751 0.388629218311923 0.343277387593657 0 0
-1.26048086554593 0.0110025325289389 0.380083359528907 0 0
1.61072971633005 -1.54435829532532 0.145585544231863 -1.08241861553426 0.744097493556266
1.40783548513164 -1.31533279531996 0.123898607810593 -0.819435000923962 0.199671497115843
1.23362393400456 -1.05653966037679 0.106782758237326 -0.515773694863468 -0.305241348003338
1.02754109311618 -0.875281343010057 0.0757695873213659 -0.2656184390741 -0.729382194478003
0.910723481923276 -0.704719812580756 0 -0.12175961772813 -0.918604449279179
0.479154678782293 -0.385441537216575 0 0 -0.572192769244199
0.810167930664747 0.00143804341218939 0 0 -0.834005924700992
0.734337047527399 0.348855746416994 0 0 -0.799504077649283
0.580367019651809 0.711895199231898 -0.342348007940569 0.163292438744096 -0.887215722019786
0.210238372051941 1.23739887837598 -0.374487666001066 0.260447205328243 -0.543458608133689
0.28432149174036 1.15497856608692 -0.297266712108509 0.298518878261285 -0.614425914806536
-0.403851589564342 0.949872214697848 0 0 0
-0.629882615953029 0.79276182675938 0 0 0
-0.80967781031382 -0.293596425157061 0.0190887712092597 0.146009084186626 0
1.07875532331074 -1.2452376467619 0 -0.62192749872614 0.660213113032273
1.13757815550127 -1.1553709326672 0 -0.439838275032334 0.240871132386625
1.15015714790936 -1.07362796452759 0 -0.235105682215315 -0.231403702418662
1.18901433923143 -0.994380869740125 0 -0.119352555338193 -0.804784218839814
1.05156798363074 -0.807605784070485 0 -0.0983579589750116 -1.00615184573015
0.713275366902184 -0.474954677220948 -0.22588171035225 -0.15462361029378 -0.892523262824513
0.665529873408946 -0.121284338023638 -0.303710554261795 -0.187639010738022 -0.977400409782901
0.735284955621394 0.335446784083208 -0.142359614673446 0 -1.12067775378225
0.72988450334392 0.624206783247006 0 0 -1.08700968477671
0.642738084542819 1.0866052342416 -0.296446926579696 -0.246218477065287 -0.652255747130934
-0.108224210997926 0.704690007435555 0 0 0
-0.183494420398341 0.614242634162908 0 0 0
-0.441520965279328 0.713732891983625 0 0 0
-0.831170064033927 0.0231252152119855 0 0 0
1.16444437415546 -1.27203068059071 0 -0.853905228343708 0.795591749694547
1.06631807691183 -1.26104722102127 0 -0.67900513019585 0.214305995871899
1.06379609691016 -1.22192255376724 0 -0.325564956876618 -0.287925261926801
0.910132913878645 -1.21435748679313 0 0 -0.794611037495906
1.05897452546046 -1.0838185372626 0 0 -1.11965833746992
0.795641588995723 -0.948294982600672 0 0 -0.969219259328891
0.341895877990862 -0.563999115270965 -0.278168769091384 0 -1.05707464840113
0.691269897979786 0.0302289342927701 -0.216742819508829 0 -1.15955536020941
0.960915823142044 0.431777539542819 -0.18605113643122 0 -1.159458745509
1.20654489673882 0.919373594170027 0.17158565126263 -0.0837846568043448 -0.641168712417646
0.502680921755672 1.20267750246346 -0.108922674877371 0 -0.521314576791498
0.302191566847749 1.1137772072646 -0.0508167259020002 0 -0.470266526606543
-0.365092649015812 0.70902119600132 0 0 0
-0.701557011092606 0.60122944420275 0 0 0
0.951365047369761 -1.22912772353907 0 -0.423739296023926 0.848730793565129
0.61751285913921 -1.21519904219558 0 0 0.254992341356421
0.72535051523464 -1.27548363407431 0 0 -0.236295942947837
0.889391581945176 -1.37848325772234 0 0 -0.841488193828219
1.14842847763931 -1.41504189693052 0 0 -1.11541563731591
0.882366034110021 -1.2886414997312 0 -0.324121205388479 -1.03203531869896
0.5247121877069 -0.959042539179115 -0.0949812008825063 -0.292371204031601 -0.923370509627004
0.457755912524578 -0.575847716344388 0 0 -0.843230591935711
0.632634883094631 0.0875776625252768 -0.166363275119173 0 -1.11989155769603
0.723723657316189 0.519570430010843 -0.080778196700392 0 -0.776143461302646
0.325049801980223 0.966648027402294 -0.129110059298091 0 -0.510912430488186
0.236156661165695 0.927514455673673 -0.0246223195720893 -0.0101285854382275 -0.424462490889562
0.115572211270304 0.70848408900171 0 -0.0798003629520634 -0.495645472520552
-0.0688046335491693 0.221809364490738 -0.517869090320104 0.751846482726523 -0.0567362650046804
0.777218699468615 -1.21693393594512 0 -0.308910358523189 0.861079912680048
0.455228086375764 -1.27650259902685 0 0 0.331754854629511
0.431643646257261 -1.55237905411162 0.214853312023377 0 -0.0734727391465195
0.865867517280721 -1.70315000262298 0.153802904543638 0 -0.470484797252119
1.12196494650998 -1.78324948944952 0 -0.385613724065811 -0.852438733987296
1.12439288296029 -1.76527054118663 0 -0.508692486943888 -0.960363745850904
0.970209601771958 -1.50929078273879 0.0340590789158704 -0.33832318713447 -1.06131533956215
0.536520333578609 -1.0608873171893 0 0 -0.763746121195607
0.514315805806737 -0.354819834260627 0 0 -0.775387529779724
0.572801442298009 0.186386803592137 0 0 -0.550981785757406
0.504773743473577 0.502837015242714 0 0 -0.530608748068625
0.21147015704519 0.632283323851786 0 -0.234105959675085 -0.528050193529195
0.0359328099648192 0.582528487107197 0 -0.157044409266204 -0.488268784330328
-0.100975230745886 0.45476189575853 0 -0.103794158025048 -0.451068600868713
0.288970612471161 -1.20005376298598 0 0 0.579672691421199
0.56544945805756 -1.4753606950987 -0.160067264248178 -0.176238371028856 0.507616497484396
0.444873277529692 -1.7866524559169 0 0 0.0643161156284139
1.0451223952943 -2.14125728794873 0.0259813783211277 -0.506172812604954 0.0216717240098375
1.55378067253632 -2.18017071725958 0.0392760729237517 -0.579456584948612 -0.314593594427234
1.67414484182443 -2.12079232946501 0.11536634518562 -0.560753382605852 -0.770589627011295
1.1105566818481 -1.8683358772743 0 0 -1.0665570317778
0.934443205274291 -1.32315756793795 0 0 -1.03424219817761
0.724148135470936 -0.737906824057631 0 0 -0.818462170767178
0.596301007163368 -0.24359236949918 0 0 -0.748081619199927
0.454049414284095 0.171407009038798 0 -0.22570867703921 -0.719845295466313
0.403267891180051 0.248746482226746 0 0 -0.479146699166875
0.157711509683671 0.253832189645643 0 0 -0.421867672537209
-0.0959542334730501 0.218773962542231 0 0 -0.380847406151513
0.633588526328736 -1.4318130287023 -0.478019970700404 -0.0810180902302748 0.957789345036276
0.581591212030684 -1.81108869508424 -0.308147553353369 -0.18825263081336 0.735288061470812
0.437923529811809 -2.01813460955603 0 0 0.321703542430894
0.943750179140547 -2.36052370549318 0 -0.403608611590197 0.178152356134435
1.40060702719979 -2.5119226002053 -0.126953385893692 -0.544248541259203 -0.0311464529100076
1.61288593705153 -2.35915278999425 0.0113893916394417 -0.433484041632891 -0.388429135597974
1.34666857173253 -1.90862039939603 0.0963138001867206 -0.0692085138163271 -0.491992343831501
0.962941688889394 -1.56009243252902 0.0926268756477179 0.0224446691430936 -0.648418583557342
0.634103909719008 -1.18986493323992 0 0 -0.681069725491762
0.481760352795655 -0.829030249633036 0 0 -0.522837331313578
0.485880032071196 -0.599746616160809 -0.119714250589834 -0.158732220382503 -0.745747034994099
0.327853669445699 -0.158935280586613 0 0 -0.527969239425177
0.284704510162757 -0.10045503547438 0 0 -0.448678533970196
0.0708944660791656 -0.0549033887321342 0 0 -0.376013563560905
0.0929376733459104 -1.64509496512918 0 0 0.867560691144639
0.238424450125996 -1.96371697212446 0 0 0.766771629932038
0.597515565863802 -2.42181583506856 0 -0.301989841174111 0.72687101499572
0.580862519416155 -2.44237529812555 0 0 0.34961382588438
1.17718231506738 -2.71366897741679 -0.363031141984057 -0.389071029127185 0.281407500367507
1.11424765460146 -2.49811970764335 -0.289083369963014 -0.0712785732011698 0.0701362280744066
0.844944557819916 -1.96602076243747 -0.270432182076072 0.432334594128695 0.125103833542402
0.628591648351338 -1.7546795980636 -0.0724783135760623 0.361860739111296 -0.207359514281415
0.402081304902122 -1.46363860074905 -0.0207278882462096 0.198443447784431 -0.549471462265992
0.254747260796091 -1.14494883698407 -0.071879548176948 0.133405043741413 -0.575240206097263
0.254481083498136 -0.863609829779247 0 0 -0.32189604409231
0.0749892564399296 -0.530113067305865 0 0 -0.534531407554681
0.100730083167195 -0.372670157933422 0 0 -0.489951430543429
0.0998343422670997 -0.313733844724591 0 0 -0.389973621153686
0.426159053504105 -2.37593747476338 -0.591123769728718 -0.202547834849063 1.58618494670355
0.227187226595445 -2.15074661448914 0 0 0.888297572721081
0.328997726074882 -2.4027340246587 0 0 0.728671099271571
0.857712050655267 -2.92322710186048 -0.595905123828337 -0.324635936668176 0.786143465540532
0.845517886514805 -3.00352911244617 -0.584589992647859 -0.22602317042657 0.624594153615112
0.543908787281352 -2.62755176214576 -0.64933027394339 0.368578215645231 0.616623671868314
0.280163741247243 -2.15132678695172 -0.632703603862855 0.806230329557414 0.60298909561287
0.0220520843302254 -1.85855242561508 -0.458025349244974 0.880390732050155 0.262572648572998
-0.00291475730565165 -1.76703389929084 -0.27535330753732 0.518646322823616 -0.308209064908188
-0.105215532218983 -1.494291550463 -0.317074620793648 0.386263263335444 -0.42780713069342
-0.160266342292757 -1.25859078957202 -0.377237213949976 0.309558694124594 -0.455926411858491
-0.16493213952563 -1.11779410743729 -0.514060676645979 0.286398491373306 -0.449751995174629
-0.112149807155779 -0.623859079253876 0 0 -0.410803147371296
-0.179939071293949 -0.384804157386866 0 0 -0.389134041918372
