"(Intercept)" "X1" "X2" "X3" "X4"
1.97703654186393 -2.23761283630566 0 0 0
1.82717193785348 -2.15058500129979 0 0 0
1.58795362612413 -2.09032092056509 0 0 0
0.867914331374121 -1.90928216701695 -0.629041471399399 -0.677336771213975 0.261972484488566
0.373617616671066 -2.07345919349097 -0.551119145694169 -0.673157574756852 0.349921590539726
-0.0956288666478785 -2.2670237049298 -0.135544750538053 -0.428796373246657 1.0369259031411
-0.472523657202185 -2.32710272218436 0.315862500484231 -0.156252046070713 1.51188172705435
-0.745762667010168 -2.31722801903506 0.76126761837426 0.131213408450729 1.83013913904348
-1.05655062875076 -2.24238872315111 1.09986397697334 0.277182708018242 1.70505897074238
-1.35523299277136 -2.07676191244635 1.36785507943157 0.232130260665741 1.26203976809114
-1.58224581926236 -1.72222314924713 1.13578817503011 0 0
-1.95640105779038 -1.64990267697236 1.94206027748678 0.0448270381941612 0.630267084564859
-2.34568145155652 -1.49077232838581 2.27004220336569 0.231894439829233 0.720715698429751
-2.53160493222266 -1.47780699311043 2.42368325115203 0.587014998550735 0.663711034037456
1.85435665446584 -2.06040851277869 0 0 0
1.63553289604315 -2.00066416247305 0 0 0
1.46731637992406 -1.84873110626985 0 0 0
1.35634978810752 -1.59105114881585 0 0 0
0.836531972528423 -1.30372525940864 -0.550739693958754 -0.457734760620217 0.13303490689512
0.412043555682007 -1.37492379577712 -0.380428759806227 -0.308738947472876 0.352918171483822
-0.0263953889189882 -1.5111478414949 0.0422913721714684 0.0212566635978321 0.771130047342278
-0.375075936209701 -1.51188517308025 0.493903418909145 0.275559362802757 1.06098735587886
-0.713765616631307 -1.43631919684874 0.806502503155812 0.360673765257089 0.961936295141206
-0.971333697532009 -1.09076390603031 0.724960726493073 0 0
-1.28550971703383 -1.02098772568423 1.00069766360058 0 0
-1.65823086302864 -0.997492984606472 1.59659571004942 0.290101968140579 0.484055737795101
-2.06604748666908 -0.948275128133778 1.91224179701925 0.545398840630739 0.537976738715647
-2.3993240109465 -1.03086553596656 2.15352286672475 0.883133698611055 0.634929030869291
1.68639373875576 -2.01973249868125 0 0 0.281714747532235
1.59413000058894 -1.7149591486197 0 0 0
1.31778482546882 -1.62616730589648 0 0 0
1.20729325941468 -1.35976230757393 0 0 0
0.910916987436972 -1.01215117663958 -0.522944380964003 -0.236462796066081 -0.020909824195865
0.873670985358731 -0.636599259905057 -0.456627084479105 -0.16865277242804 0.0367044130799821
0.794673304317269 -0.561046789171139 0 0 0
0.158286076902515 -0.732131053811013 0.135878652948497 0.319498837481482 0.353816609158015
-0.272971050722241 -0.516804914095904 0.360995139506255 0 0
-0.667749963168962 -0.408347328742171 0.568765212662916 0 0
-1.004324265789 -0.309404660106405 0.798906258956478 0 0
-1.38681104309703 -0.427293701667156 1.24354916057869 0.557726355343657 0.309216986130298
-1.81905802606129 -0.519953077945748 1.54599674165963 0.798781586655703 0.374546333290376
-2.30074876107206 -0.697962383208548 1.84102772693637 1.1753135968908 0.577398779381324
1.72882054979223 -1.73184354461855 0 0 0.669531135801522
1.46562762575786 -1.62097772150735 0 0 0.267026088605013
1.27796968625936 -1.3326004184162 0 0 0
1.1078383458398 -1.11076635941987 0 0 0
0.926410712869204 -0.747953227326634 -0.447848016661945 -0.0990160351732138 0
0.955776863845694 -0.345507542839037 -0.473134625980597 -0.0972351418291365 0
0.898227070867922 0.0472556240177206 -0.483832668844282 -0.200941564593306 0
0.709624454861329 0.0175790753509245 0 0 0
0.151524601937268 0.08213902486473 0.148487397496988 0 0
-0.211985621723559 0.0497532600810651 0.321653594358223 0.393157841878818 0
-0.663941697353246 0.0743678975381655 0.592607373823472 0.581041206965322 0.0996078743323712
-1.13918601111539 0.0148824311736478 0.903398037888118 0.738085593657765 0.143048659450586
-1.68603819797809 -0.201809976420793 1.22231834532991 1.04920037846275 0.299255728869596
-2.26115338930845 -0.423947145301793 1.53225505658844 1.40744829916665 0.553360500926922
1.9179652003481 -1.4227782024015 0 0 1.06646547423867
1.54867666141652 -1.36102925226053 0 0 0.622039508136161
1.1669777876848 -1.23358704483996 0 0 0.27590610601585
0.962945136453712 -0.955032364767707 0 0 0
0.978835077340069 -0.630463508650216 0 0 0
1.00169222728137 -0.296577157183282 -0.348168209718499 0 0
0.920589843935497 0.216326983618829 -0.538203717086119 -0.156834132723336 -0.160091738687828
0.942175081763347 0.469618484029624 -0.568843937847453 -0.0673998045481222 -0.239675804410725
0.567088047118525 0.448579150915852 0 0 0
0.0571318406146084 0.401362094528168 0.173001584442061 0.389433729500739 0
-0.399002782547141 0.445567253685143 0.338405761120212 0.779661981053965 -0.0673704472705429
-1.01350697764197 0.29165323682445 0.687110479322208 0.862619515287585 0.070952860688755
-1.60772415454791 0.069703380465016 1.00394051484119 1.1064096068421 0.217286980869022
-2.15509158069759 -0.153927128891784 1.30074411643816 1.3994132053732 0.392994003673176
1.82080906906511 -1.22198184260725 0 0 1.09007515059451
1.54749773541844 -1.16261415650299 0 0 0.66265375252533
1.20840955564296 -1.06166665745242 0 0 0.298103520669812
0.872205296283298 -0.794892924666636 -0.202263364533362 0 -0.0523028971547743
0.753383006063105 -0.496667423757135 -0.215708676905746 0 -0.191626732138003
0.817110581332741 -0.260940498217053 -0.317126587563571 0 -0.348563355442181
0.804085839246384 0.125438937058694 -0.540900674921448 -0.113034246474975 -0.496769001483057
0.909084923528573 0.511890641043822 -0.655084504517674 -0.150826255516537 -0.548744861172009
0.762612976321786 0.704859237456742 -0.534941731120508 0 -0.607380058555633
0.370556863228734 0.796285809135555 0 0 -0.420156225890348
-0.297861872736914 0.708585086503628 0.159296241551427 0.62709115104376 -0.321057889973396
-0.921266441365776 0.533625892760285 0.460522645064793 0.772005606185529 -0.16661127099542
-1.4676195271237 0.309438062458426 0.735909728788413 0.974348341243707 -0.00971733451034316
-1.9565695302461 0.0513373539974724 1.0066123642704 1.21377179272427 0.147745475758524
1.61774228016357 -1.11651834428331 0 0 1.08016063768144
1.37150682846603 -1.13471828470386 0 0 0.598236702493758
1.11378234652788 -1.0869291866286 0 0 0.166301736882496
0.858776540179288 -0.92572751751097 0 0 -0.219862285831005
0.574001776370263 -0.608734826160298 0 0 -0.579999688304798
0.518850881060328 -0.32215989240063 0 0 -0.734334985377024
0.596210714576678 0.0340514655222759 -0.338103448936028 0 -0.972415891355342
0.740618202912536 0.37199935766901 -0.348751324503528 0 -1.06208607151103
0.572184059064629 0.673671963641738 -0.339071463991502 0 -0.853908032215077
0.529315702793558 0.958894254938133 -0.4439601631773 0 -0.783777202946395
0.0685297863805931 1.06711557883654 0 0 -0.45826787821341
-0.762396376478886 0.777207625792715 0.107798944879847 0.361043312600263 -0.359458951452027
-1.27123075715763 0.468147234291108 0.313553475627264 0.614435808089007 -0.141185999750255
-1.69460971036529 0.169441232812938 0.491701729654731 0.921451737948291 0.0147457765037814
1.37019539006575 -1.02568409973588 0 0 0.952228070514166
1.17917852395061 -1.10822190980023 0 0 0.516646344562157
1.03008396475867 -1.14089949309694 0 0.124367204012061 0.101587011551644
0.746791378096772 -1.0514238716886 0 0.212014167605174 -0.522764593442537
0.578118972052825 -0.932425927910481 0 0 -0.838323934159464
0.459021318319814 -0.628377897487415 -0.164332898215374 0 -0.90683129448353
0.393563563044422 -0.232770885163186 -0.316164738004489 0 -0.899492534702375
0.321954483059595 0.190645911418455 -0.384462574912935 0 -0.961845206584576
0.268761260103855 0.475994702267794 -0.408915521427545 -0.323533520852509 -0.804686524984034
0.344811827834632 0.746722582321461 -0.4533640724751 -0.403637124440853 -0.729176584433591
0.316790171266282 1.0713241899807 -0.580002052227943 -0.286121616077728 -0.694633281336998
-0.18092397664073 1.2031186149382 0 0 -0.419094620072405
-0.95164345371587 0.827512388574277 0.0531277518042427 0.190276832223963 -0.225392293287025
-1.48455668672556 0.505448341782338 0.231922128156179 0.509909896069727 -0.0798090601743329
1.18315242498837 -0.92704355131841 0 0 0.824565850848016
1.19026233100855 -1.16394294388413 0 -0.0491912517034996 0.621808940979353
0.852123007831454 -1.14852110553456 0 0.0886709110075885 -0.0329339066146822
0.830228583220176 -1.20956925337162 0 0.297010380182816 -0.547483638437371
0.969736737870648 -1.24060405215063 0 0.207256517867508 -0.881531217174214
0.633289189073714 -1.14704425935976 0 0 -0.660876738192643
0.36144152745197 -0.734809659341612 -0.189707791132751 -0.231273540248958 -0.846174614178752
0.249467765991107 -0.293208293151173 -0.282041336135904 -0.259781456866631 -0.769393058841941
0.325890884103898 0.0762497753719999 -0.376059394123645 -0.268716201373953 -0.838859921554658
0.427052531788956 0.39541572372582 -0.450387238973104 -0.334225437055423 -0.767110623066881
0.328620912285645 0.82081307344214 -0.484808167809099 -0.54756677647428 -0.561583643348313
0.192685881009875 1.19167850337159 -0.485487919013013 -0.56552380426842 -0.403535479974309
-0.404484574810016 1.25313293079878 0 0 -0.379646241766905
-1.07773583642854 0.891461290284125 0 0.163832595439913 -0.229754228902466
1.1149547830655 -1.12681473083719 0 0 0.87141897129453
0.962765885671662 -1.14204945491663 0 -0.125481888164063 0.449756098221313
0.822249510553879 -1.27159356616621 0 0.0137935261945437 -0.0629576097444276
0.872911573209478 -1.46938283428445 0 0.0154677090757583 -0.441184792347038
1.02988929176799 -1.58364452567449 0 0.00910041433556093 -0.629989269755052
0.902023148274187 -1.45369401955559 0 -0.251423620125136 -0.744882400092993
0.646855185743455 -1.25316852308663 -0.150023221855774 -0.225534563294407 -0.843253465414362
0.599938890472202 -0.812271462290307 -0.17004820996111 -0.161237316514776 -0.725250753210039
0.559395545125425 -0.412588095271852 -0.254906266123186 -0.21569516893649 -0.735896425426099
0.391831183389661 0.0171128177096098 -0.301727367523053 -0.466311008005809 -0.7490583178217
0.339995028562823 0.440818332488543 -0.352609032079907 -0.607230604569912 -0.591009017241041
0.160980510680201 0.845340136311957 -0.358071870031709 -0.784265093928078 -0.382997914014888
-0.0783443915009627 1.16052125232889 -0.318202418982497 -0.788766099543867 -0.180262406191947
-0.700998206862412 1.20855981167618 0 0 -0.344700313936084
0.992396506691753 -1.16301687599761 0 0 0.724479850589871
0.969121009272512 -1.32360699763892 0 -0.245071579071069 0.465149098843396
0.90646878689436 -1.50452693905588 0 -0.203877224490026 0.0503432267785611
0.955564428826812 -1.69904938969001 0 -0.209917650706797 -0.288909420873695
1.09088415835155 -1.87574207875555 0 -0.201919437479708 -0.456491243619855
1.11679579434423 -1.83589562913014 0 -0.265020502317877 -0.53728058044983
0.894803817894288 -1.66159026669421 0 -0.340617158660967 -0.644862880588852
0.758178545405004 -1.34249406943781 0 -0.241244558926946 -0.571094795870888
0.707266842187982 -0.829979888086014 0 -0.239761100628242 -0.586136764266861
0.547204163892763 -0.466665488447463 -0.180776865353485 -0.462156320009656 -0.661247549485383
0.355561877359841 -0.0307846561462516 -0.197564503434581 -0.702250108168584 -0.564353495090818
0.200917141604022 0.397626579439202 -0.197108082983351 -0.870890516542894 -0.402515861457586
-0.0615118532202262 0.805972423423378 -0.250829666345687 -1.01160804549053 -0.196999268348045
-0.349036569627382 1.05484716457129 -0.133937360493825 -0.9644206604525 0.0489123893242195
0.809452530933182 -1.22283476907895 0 0 0.503560459661222
1.03672540708621 -1.49384041647172 0 -0.358333333003562 0.508942968841131
1.02655367973355 -1.70893956938235 0 -0.35582740033099 0.14120104529855
1.09103126419922 -1.94028032544831 0 -0.366187701582728 -0.100941604094251
1.1828270188754 -2.10246577250182 0 -0.361509010850096 -0.254446062447244
1.2057080467574 -2.11556701872192 0 -0.345139173861222 -0.336983852044361
1.08337830838966 -2.03691743886484 0 -0.345131270493833 -0.350070419781816
0.973621776796254 -1.78620388173586 0 -0.319668704741593 -0.395995393269702
0.825952208398354 -1.34914480807974 0 0 -0.480574386342773
0.674738421695666 -0.922302088230371 0 -0.312814555455041 -0.516483062897479
0.427352164636289 -0.560132924676335 -0.118401832284223 -0.721531748826859 -0.5307496757008
0.241391502543086 -0.125357020082689 -0.122256062239693 -0.893601856700707 -0.382660526203011
0.0214326971737746 0.301320455322938 -0.138251673571048 -1.03476939576393 -0.209415862003537
-0.298848117448581 0.685957088463281 -0.211040278771843 -1.11886847577675 -0.0373909129466636
0.706618229051157 -1.34737292494003 0 0 0.370054159360553
1.04397993852448 -1.75574623415591 0 -0.502531712742184 0.526041232218471
1.11075587566858 -1.97304670309721 0 -0.505471317225385 0.271340376720748
1.18417927485519 -2.21487595898228 0 -0.517014475791233 0.0960253243342247
1.15498891416276 -2.35347327910598 0 -0.41712721125326 -0.0669866509638833
1.10165691656878 -2.16865929673262 0 0 -0.270687744922835
1.18139573218062 -2.37123708678082 0 -0.317512853128268 -0.0600851170785472
1.05586630747508 -2.1552597045859 0 -0.296000434743203 -0.170287492940954
1.05480075020754 -1.84544366030669 0 0 0
0.765614505723538 -1.4676951237636 0 -0.26408960231086 -0.463289361759261
0.650840475505994 -0.99966227930644 0 -0.290281781668729 -0.429065702573692
0.411973348946128 -0.685504847204046 -0.0598003516400992 -0.824981245417258 -0.321232465639699
0.165904611977796 -0.228431729792015 -0.0702090487362057 -0.987796490056582 -0.174236314612905
-0.176521208311642 0.20909127695232 -0.198875606416427 -1.07546974099571 -0.0508520901218296
0.647737283859854 -1.49074924638965 0 0 0.284533219627839
1.08269826979106 -2.06374479537795 0 -0.682591598670275 0.614740959748912
1.0854620789121 -2.33733051357547 0 -0.610380569931507 0.392305642085406
0.837812628915024 -2.11170529838031 0 0 -0.152360064755166
0.900426997389581 -2.34199143586064 0 0 -0.15176126964451
0.994012184202126 -2.46182666018804 0 0 -0.122057434201247
1.17094424859797 -2.68762512955512 0 -0.271164610673647 0.189478084479094
1.1546185839083 -2.46130527051777 0 -0.230151308833973 0.0560841329660287
1.19889584184431 -1.99030762315518 0 0 0
1.10225236927988 -1.94455530671227 0 0 0
1.0542567723739 -1.57159293951889 0 0 0
0.846436357766586 -1.28087367402502 0.0466809921702513 -0.570933672717848 -0.142490436795713
0.577694133561096 -0.797571837815311 0.0186659792876104 -0.692888675697474 -0.0530989212083359
0.234943606975965 -0.338053484097857 -0.102533037774968 -0.786500947064427 0.0302533475558813
