"(Intercept)" "X1" "X2" "X3" "X4"
1.85511973032308 -3.38063342165579 0.732876376656661 0.196856070542115 1.66473408279217
1.48466848654808 -3.27781661874714 0.58474498478868 0.13861837211861 1.23604516630598
1.5338723273853 -2.87389278405152 0.408878846071965 0.245236738763314 0.910000927111782
1.51831355128525 -2.41738323654182 0.302595341716947 0.309749191037128 0.559329532926604
0.91341438842214 -2.22381835005594 0.258133014173186 0.0298246146744129 0.276143509400539
0.308823497246478 -1.99902673907227 0.308407733314879 -0.253764433744926 0.143955027773172
-0.454096528599344 -1.95586387844894 0.537985344605976 -0.500670386646114 0.261382088789131
-1.04505140767622 -1.95859371241624 0.920857318766267 -0.583503350921627 0.451429811274004
-1.25185806955253 -2.01141630493075 1.1466876930148 -0.483142710411666 0.572714616185128
-1.39765509421927 -2.01891885261049 1.3973349076842 -0.2769497341579 0.69333307098737
-1.53741196508256 -2.02705197805728 1.64362477775278 -0.0633144830691823 0.820751878806521
-1.73084631940977 -1.9660891452762 1.86774398839856 0.124122422914965 0.936268274054456
-1.97786451380371 -1.28840994073398 1.16463313172573 0 0
-2.40873037401913 -1.22486403754359 1.38037050760167 0 0
1.82427864243426 -3.11709003270975 0.687181107972693 0.204825591988061 1.48441478848989
1.54470598767803 -2.93626611884233 0.50160853242877 0.214331014216066 1.10703256236654
1.49094280923416 -2.59087769836489 0.287577550637365 0.284848067830237 0.749544367426782
1.46626225786442 -2.13340221302359 0.134636222903941 0.375851932571776 0.368554781295762
1.1840989093055 -1.74831203070663 0.0433722826408113 0.323029004627205 0.0235910321941634
0.740307300108403 -1.46300969053971 0.0201802149398479 0.158094345796669 -0.16380586805848
0.115142679664468 -1.23907788644221 0.180593740384868 -0.0543194990228533 -0.220148655249841
-0.600123930408292 -1.22533806776907 0.496127877806129 -0.145345627657556 -0.064978438914914
-0.857463444629695 -1.28879091074242 0.721475936658697 -0.0857976915025845 0.0411245805072833
-1.03725330056537 -1.32411940050014 1.01059704127948 0.0284628748940728 0.237016832966996
-1.20187290212073 -1.33858696230582 1.2660601277945 0.227498583660903 0.357402519656323
-1.27896306629172 -1.03418781293372 0.86259095273227 0 0
-1.87662991291393 -0.784424779209755 1.03935687946097 0 0
-2.1531419203649 -0.998667054206217 1.28965728714366 0 0
1.7799615506357 -2.85933936732434 0.634403327883991 0.191154341359152 1.31890104351197
1.62201039181107 -2.57587037724476 0.412102482002854 0.269917855339878 0.968308364558688
1.53236555084659 -2.24952511971516 0.18588951667599 0.346691905120358 0.62810506253449
1.52834038403448 -1.82002158908957 -0.0397733161625041 0.470014948647987 0.24029967310466
1.231568402026 -1.3925198360765 -0.18106493564444 0.489628609776007 -0.206120881539732
1.03656122257694 -1.0448502514191 -0.260268368839799 0.515200795274427 -0.47292378589865
0.575451109197187 -0.692714341048996 -0.135980895153148 0.389921434334082 -0.594365374079197
0.00221624144660545 -0.54262872812218 0.0218316512387745 0.309585026995658 -0.571449207252676
-0.426873593215759 -0.554285023359563 0.301068864173791 0.252426198696736 -0.446632827869238
-0.691995268964191 -0.633447824822872 0.632148931684775 0.294788809460735 -0.238304417837554
-0.852981921178276 -0.6825415255313 0.884498816957141 0.449955432179185 -0.0845339370095173
-1.13434322207719 -0.497732337760293 0.714217491759364 0 0
-1.75763196084765 -0.329589566628833 0.853331072223185 0 0
-1.90690496197129 -0.769619892907916 1.11253637755365 0 0
1.77806351987363 -2.5892417723366 0.598663451658763 0.15498273051334 1.20313450187835
1.69591235096335 -2.22964710002916 0.335474014620384 0.248822502370558 0.864984173206721
1.62160733732351 -1.87229649499771 0.0751963786289476 0.395454031198763 0.547259979344106
1.6237839158218 -1.47410626657563 -0.158193790687452 0.546688187317258 0.148314002221005
1.40264779283081 -1.07961864896693 -0.351425977730686 0.648409105359634 -0.311468410799528
1.17928553178069 -0.663058657539368 -0.477474618225962 0.733615293212319 -0.671391521430565
1.07819872931755 -0.273939385445401 -0.52271118138295 0.74911891637804 -0.931168631247568
0.773393955731955 0.0427749325194573 -0.459924257694253 0.599231527705755 -0.959488445671346
0.328447914557348 0.123086700156853 -0.303834708345802 0.554222970291329 -0.973178281316484
-0.253528710489554 0.00540806268117623 0.181410896925931 0.546471316609433 -0.696941219814141
-0.554714929764403 -0.0101983942263358 0.447631425982895 0.555187641804572 -0.44308848720473
-0.869798241113844 -0.0436727549886105 0.683615359304217 0.613870736368217 -0.173270668088352
-1.1762089249971 -0.262572907557088 1.03249287881934 0.68754013326206 0.216013337556859
-1.49127100874882 -0.57624480934963 1.37156896429792 0.792963150165888 0.882841410462189
1.80393490862434 -2.3207838904619 0.558150796001271 0.109296247822133 1.14941061216059
1.69899226633962 -1.9428584007748 0.284282530653757 0.200391846220982 0.776705690667683
1.64041772251456 -1.53386818888192 0.0166957473067038 0.343797691346999 0.421321014009443
1.59743588784185 -1.17440130841273 -0.255798276947534 0.557884908751556 0.0255185052018069
1.5142423731127 -0.845827983337307 -0.454962554243511 0.701526087651904 -0.374780076004206
1.28119550716401 -0.410094565501533 -0.576580592044718 0.737722196874063 -0.790640183098204
1.19884823198959 0.0397987838709623 -0.759249438737476 0.738758041863994 -1.05419212047058
1.14937911092782 0.317443825363346 -0.832925607842737 0.67665998303174 -1.196767238742
0.852915082672727 0.503881945213591 -0.69759474432808 0.655462674242297 -1.29627073458855
0.190535497024877 0.632490100806898 -0.287342192272412 0.659860766906236 -1.115376759642
-0.302497057566072 0.620303977693851 0.0527752055061858 0.69745456190574 -0.791988610178563
-0.638304841507709 0.3967547819254 0.476169923627055 0.718569104985114 -0.333391234825226
-0.988154000335736 -0.0044708809656998 0.855187755419462 0.729238019349392 0.370298200751803
-1.51193068429345 -0.369085614059486 1.19099971585863 0.682620936890963 1.12265600965491
1.80962748734537 -2.16027971905913 0.517041934915407 0.022558383320285 1.0784296105495
1.68018774483426 -1.77716163378825 0.245863826995881 0.100501541107319 0.670611949259439
1.55726007335352 -1.38754613271641 -0.00902202402436609 0.216842258569708 0.240027271845359
1.46912119935984 -1.05379196760711 -0.231905460064499 0.336533950530008 -0.208451249052189
1.34990032547839 -0.733433299970017 -0.355816573422146 0.464376745650587 -0.59499689133649
0.933022045194531 -0.33891118907412 -0.405079774089576 0.419253963315999 -0.956009465717974
0.948635656533833 0.160497463845385 -0.692031653560145 0.472441514004107 -1.2929587042694
0.890920151096417 0.497446251906817 -0.74065999114787 0.452182198138323 -1.36952592917471
0.862487473384995 0.683740180977943 -0.650253765126108 0.455768117825513 -1.3422237532768
0.803273340607379 0.931896895082307 -0.764658581621358 0.575956385806925 -1.40807969494796
0.252012635323673 0.807391897427884 -0.256403716553863 0.61484632958168 -0.898234212359699
-0.152020824684925 0.325868713160102 0 0 -0.344106915860115
-0.550193638073805 0 0 0 -0.104224276101448
-1.35566119107269 -0.22280656387689 0.965126792596966 0.340816146340518 1.0666207729042
1.85610430185706 -1.93756583660134 0.447886397596769 -0.0625849011402768 1.1440974746536
1.7921352951022 -1.64439313096016 0.300052162593586 0.0815623479704263 0.758553733587122
1.60639239124326 -1.30686901023777 0.0724778635812447 0.141757838724024 0.260826435490001
1.38795497499133 -0.906213418080635 -0.193042412690154 0.185037897154871 -0.394904078168041
1.13420722259495 -0.574378844297227 -0.292016894536842 0.317115401220895 -0.894538213200989
0.651241104346186 -0.333468377276598 -0.254025975291712 0.259029398988464 -1.10614260327028
0.641564398052748 -0.016224238756933 -0.381385173256205 0 -1.40920937099901
0.776322314242671 0.36343731094669 0 0 -1.40395919770065
0.710415444567842 0.692350470357914 0 0.00169710946825767 -1.14864060828222
0.562036421505483 0.711493460892111 -0.311447101713783 0 -0.999282157424307
0.311944893540878 0.73582290965441 0 0 -0.63840725254628
0.0115756799670224 0.513882007531372 0 0 -0.267408828365844
-0.341348584766828 0 0 0 0
-0.734852531554536 0 0 0 0
1.17085208605881 -1.22145429955958 0 0 0.779515470471344
1.11258559336788 -1.21765929345043 0 0 0.284985066870433
1.2345140615426 -1.28532601440956 0.00710021379326269 -0.0103020409774615 -0.119661881212675
0.928201964262099 -1.06732123809326 -0.0550928096216275 0.090415300822289 -0.702452208784464
1.05920352569115 -0.801752805022142 -0.090474822164446 0.238671688756017 -1.09671325516988
1.04657857199647 -0.698538717236555 -0.228841734495495 0.292570116013237 -1.26465969906654
0.508061169659695 -0.551094544258356 -0.358086700818195 0 -1.26378301955972
0.649305418330108 -0.0941917051215197 -0.303179963171122 0 -1.22540587624966
0.648126813949153 0.147564584330815 -0.22157316780817 -0.131814447284128 -0.985128477195924
0.693593726539234 0.491118731276846 -0.291260386603645 -0.213639908031608 -0.805375935433355
0.622185810479459 0.665639553599143 -0.367807699308701 0 -0.646621097473793
0.396316020134027 0.653862584025248 0 0 -0.314896858194933
0.0316476451974241 0.398253923712338 0 0 -0.0613741112051771
-0.377238437803399 0 0 0 0
0.708696374253219 -1.01541450013914 0 0 0.596541723165064
0.734102360190031 -1.01598856373627 0 0 0.0990696295389575
0.801389011645524 -1.10955509776815 0 -0.165493356506144 -0.243205842327565
1.03141565136552 -1.03685959246787 0 -0.067411284810643 -0.777538269974206
1.11144563982826 -1.12746386894658 -0.0139996460637681 0.150316662549168 -1.12025267441703
1.13997892532619 -1.06182752452887 -0.17787721517579 0.172925421823992 -1.25164527901225
0.490079624510106 -1.08319351328462 0 0 -0.749937144792249
0.47388843940538 -0.69979941856986 -0.269585328003458 -0.0382011316646796 -1.09376324260526
0.579334855580603 -0.259558888196038 -0.308618954968156 -0.160518431549651 -0.926842274665155
0.636790570940761 0.133174514758391 0 -0.309950099340922 -0.636213185906553
0.767337114022399 0.311037658373727 0 0 -0.393841078560063
0.729078578414617 0.491889576490399 0 0 -0.193828342743293
0.608574911039106 0.451044488180812 0 0 -0.030360198004581
0.231227162595963 0.176146279777312 0 0 0.0513712319506719
0.236820957050745 -0.91297243742189 0 0 0.321289241674452
0.576613845791285 -0.954020238640918 0.168057905103332 -0.0988451327583827 0.168485359296677
0.706001610618295 -1.11283985458384 0.24069046225688 -0.222918804096461 -0.300071263834813
0.906354359984496 -1.25371580758821 0.206897471728765 -0.235313477437469 -0.682346688152907
1.01941624892049 -1.38822546572136 0 -0.247033216229864 -0.926983461526156
1.12005238415747 -1.41651785514963 0 -0.232403978623906 -0.935129470723983
0.711590943850371 -1.52489409486785 0 0 -0.526221974985362
0.493204664181695 -1.18410540891331 0 0 -0.717860290254763
0.517464632470259 -0.662753706419031 -0.261503916388569 -0.147771581525257 -0.801131844060429
0.727959774466906 -0.24368177735305 0 -0.266253961497676 -0.531737676163113
0.829165708257775 0.107874948811324 0 -0.326274693729014 -0.319703224150347
0.979500501165784 0.274155024695742 0 0 -0.0267747709299168
0.93444162053756 0.393839150134304 0 0 0.188225793283618
0.764705976456016 0.325716168391368 0 0 0.335256764427631
0.392533817197833 -0.76573412917512 -0.0257711331342537 -0.124285774546368 0.431036272741256
0.554796237257731 -0.880849197664431 0.000570981916363278 -0.205627854635264 -0.037415197056292
0.730757388633576 -1.10016774809042 0.153383205778393 -0.189730628833125 -0.396993970890849
1.02619892685514 -1.33161644560177 0.174362036320047 -0.278195196774107 -0.725084101094571
0.980550859768997 -1.69445689445413 0.131668420168555 0 -0.740693863894762
1.11643207194427 -1.62226949097977 0 0 -0.727426539723786
1.19183580228411 -1.47603627248021 0 -0.282054572383626 -0.93064626809378
0.714942105086697 -1.61072132575512 0 0 -0.614174719309886
0.808501595051572 -1.16813587661681 0 0 -0.495249120276433
0.833067167207185 -0.671613450054802 0 -0.189091644307429 -0.407906719741012
0.909599554026323 -0.261922074197069 0 -0.304991131184713 -0.233678821128779
1.09420356004709 -0.0307070979206058 0 0 0.10124695877609
1.12542883952902 0.218136548933433 0 0 0.373457706853614
1.01077790315178 0.296818874713706 0 0 0.503442254595937
0.438741702006094 -0.658107606595867 -0.196565463390232 -0.133501394487598 0.277852144446199
0.605566060956677 -0.818692262480755 -0.123540972114735 -0.0374414175738621 -0.101668212839376
0.85804300138632 -1.05059453980206 -0.00916289194795214 -0.0201925891127895 -0.445626391605021
1.02017962320591 -1.47183953702676 -0.00595555410413963 -0.170485522089564 -0.6171807030344
1.14777544549946 -1.79706262314766 0.019713299819615 -0.220148683183023 -0.583102869508175
1.44360930982521 -1.7260041990963 0.0816383929014978 -0.161951165396402 -0.59722583965695
1.37093397346174 -1.57884971908953 0 -0.233405019117254 -0.78851077439563
1.23345515792488 -1.451972095721 0 0 -0.6688758222657
1.03628049309019 -1.51381309418876 0 0 -0.496961675062672
1.06517327498955 -1.20946588063769 0 0 -0.325886828756442
1.09078596714368 -0.745426502113234 0 -0.221002451939242 -0.154053859013248
1.1621025946648 -0.384112664777558 0 -0.238292408808527 0.0887825597684347
1.23289412389422 -0.120605147270555 0 0 0.408169634682185
1.21261996262653 0.120137503371665 0 0 0.666898374676691
0.47824270373602 -0.622131173890597 -0.290951603479458 0.0558445065171684 0.213044602566759
0.734118320696443 -0.756746502269494 -0.263727303057501 0.180430149262927 -0.123237490495796
0.952909789464646 -1.06642740681274 -0.312590938663751 0.160924883075144 -0.34675996496132
1.05200698416596 -1.44494045895459 -0.353699791267958 0.05980249523964 -0.433368418205413
1.09776439999041 -1.64605180079154 -0.368779721803757 0.0794602969600061 -0.354033228989055
1.10848142190584 -1.63966685785672 -0.24832261696914 0.163520148680116 -0.207611352347901
0.946340210131967 -1.66563118269097 -0.133196459020294 0.240765152369623 -0.208247937913055
1.0930766545964 -1.51608576448412 0 -0.0826899130597984 -0.354949920415302
1.25790583002559 -1.40955897606144 0 -0.232791725611846 -0.48942277258864
1.18252568830169 -1.4658939653155 0 0 -0.311330069565127
1.27429390628187 -1.27237235677933 0 0 -0.165324416895133
1.34064980331265 -0.830782983523372 0 -0.160239299808182 0.0749267528519367
1.31607230141951 -0.526859869950082 0 0 0.167706100645437
1.30476728215124 -0.231158678460305 0 0 0.478063955614517
0.736177678580995 -0.531919670560572 -0.534217032783942 0.106546740789054 0.236462095986113
0.914776183711672 -0.732829584741538 -0.557051852166018 0.247196433048723 -0.0289635725103584
1.04732661840175 -0.9971599871002 -0.64939295801131 0.262878160848576 -0.194885180518267
1.05865681691576 -1.29457607506104 -0.723012437073274 0.24013528893547 -0.2040055082728
0.832279607435055 -1.52745831622418 -0.640120890272042 0.274269729369184 0.073622167096732
0.663355937236395 -1.6508890957768 -0.465611579567153 0.444143795231055 0.249217311353718
0.447868851436018 -1.73397442022106 -0.316107156100432 0.577555320186186 0.22625369332967
0.799839256705668 -1.61416451204418 0 0.190164565094367 0.0424595817308629
0.983261341122871 -1.55753125847175 0 0.110074559213575 -0.0208307693933487
1.17603173543842 -1.47884235034031 0 -0.180201014777353 -0.216196113872205
1.23832703515277 -1.4651826422111 0 0 -0.100178062493555
1.39275896042891 -1.25284505754125 0 0 0.0370407374959444
1.50004530963308 -0.887632079935263 0 0 0.150234815331115
1.46354224149842 -0.549781366361622 0 0 0.467777085439563
