"(Intercept)" "X1" "X2" "X3" "X4"
1.02135532691029 -2.82227411184148 0 0 0
0.798209381629337 -3.13742497079328 0 0 0.619743246588168
0.813812515846716 -2.93760887317713 0 0 0.778617134733315
0.7587563104055 -2.68220888245001 0 0 0.757358565938339
0.738526775169742 -2.43471211749782 0 0 0.4495566846853
0.729352627477427 -2.07514885727764 0.329502902690987 0.0218000241750782 0.208471192002948
0.653284803627165 -1.7114235807427 0.313217394595617 -0.0885391795012446 0.289132182401964
0.104837698048177 -1.7831578524317 0.610667542776536 0.0731189218055501 0.608851394047741
-0.480749360748956 -1.64761893337677 0.689608526562427 0 0.235368260137524
-0.889958214806239 -1.61311862460072 0.892349417672052 0 0.124668734419376
-1.21782645333472 -1.64388575126613 1.2703326846348 0 0.0184196757392986
-1.38972675668893 -1.64532330076818 1.60148857145744 0 -0.168994116842638
-1.82853502757032 -1.66226559089161 1.64567710089731 0 0
-2.02226095352696 -1.96176539838129 1.9988655289283 0 0
0.926998820582737 -2.83393162325392 0 0 0
0.965434459195649 -2.50007366733615 0 0 0.232486012551659
0.879951226864353 -2.27972443123783 0 0 0.367983938483637
0.757936146072225 -2.1141358463264 0 0 0.419290417597483
0.67386880162904 -1.77071374882949 0 0 0.296855473340749
0.673838453095834 -1.47860712702636 0.169785724064823 0.197109839180455 -0.0731123492790384
0.494015275945032 -1.04298429076676 0.111729290793604 0.129394831250864 -0.123871551496631
0.225417339664099 -0.784025207646865 0.240183723086407 0.0597950267211374 -0.117320476046588
-0.245895457178332 -1.03479301199128 0.500720984503076 0.329676207339814 0.280887434432661
-0.669705862284886 -0.934065328771615 0.552779834748057 0 -0.136400914065242
-0.87782517620677 -0.949743749941292 0.919685769323009 0 -0.235070342563393
-1.09581219096379 -1.0042513851934 1.25839202816061 0 -0.29249835716268
-1.57911854479853 -1.20583024667829 1.3396466686001 0 0
-1.77185144845368 -1.50146682858545 1.65719060487145 0 0
0.940048203331297 -2.68975487821894 0 0 0
0.965665201051423 -2.20840894362238 0 0 0
0.365424628060455 -2.21897758499386 -0.03193778112506 0.138666223309746 -0.15282322400893
0.75758061707819 -1.52350339133131 0 0 0.0490398893120448
0.592864070757744 -1.15538348843425 0 0 -0.119681314886155
0.493215523161593 -0.710739448449007 0 0 -0.296597459852923
0.3901623143849 -0.458399662202783 -0.0455879331780511 0.362879741261459 -0.465221705895543
0.384287160491474 -0.0801882751666678 0 0.262527637102694 -0.662502027894268
-0.101201956346867 -0.135153219228343 0.0644433987639902 0.324023541827687 -0.52687794305333
-0.324294112102925 -0.18364326609905 0.227570642843196 0 -0.433665688010288
-0.551303927710212 -0.285530074050966 0.586592637821253 0 -0.402066886625501
-1.09355731471527 -0.448823628230543 0.794437247873819 0 0
-1.35296380689317 -0.735960747054582 0.993421922945017 0 0
-1.54602099006164 -1.06578882852106 1.120269416467 0 0
1.26816205564954 -2.34854226714925 0 0 0.296849148609625
1.00068926418869 -1.99925468249713 0 0 0
0.869983542662161 -1.58796317875868 0 0 0
0.413655217256922 -1.14834610137088 0.0158482158100423 0 -0.433828746131817
0.660520969348811 -0.784149387899242 -0.224081006652863 0.234348933544459 -0.53584879621617
0.567161610074937 -0.399111934934893 -0.288478931696765 0.410118792307006 -0.653211234914684
0.553921535908245 -0.0588971878890109 -0.231793173009664 0.693135906442746 -0.772440100015952
0.380890419650645 0.206535155955228 -0.229841224837865 0.597195244552878 -0.863433966123581
0.121187116349851 0.466490903313446 -0.216407296576386 0.438958519197099 -0.955124929343577
0.155123977688387 0.564686848259948 0 0 -0.494598445122194
-0.360926382208385 0.380396471520733 0.308887643171453 0 -0.512766641367716
-0.972508032983631 0.0845647267045289 0.548834738177561 0 0
-1.23924578349563 -0.263772324594172 0.579955714277144 0 0
-1.42193771288852 -0.767820161419237 0.510603391914905 0 0
1.53233040734697 -1.98506762097124 0 0 0.642573045869745
1.19398839603945 -1.7067143497588 0 0 0.233135025740993
1.02618232645645 -1.32784306830121 0 0 0
0.706550560475129 -0.859999912048644 -0.191996591247967 0.105555474178759 -0.530685477977168
0.44512611881869 -0.453579009444833 -0.344972255211235 0.314884260919462 -0.809285165841411
0.418367292418198 -0.0195753618167538 -0.440248587326193 0.497390866107275 -0.872272352779666
0.64329245469213 0.216382911003438 -0.424885270918806 0.68440840780421 -0.986027211664522
0.753970067621733 0.410255560367896 0 0.446173624070562 -0.77947292396638
0.498849728142954 0.78554430580848 -0.337048645955714 0.372852768238959 -0.945438980093449
0.0704550433626698 0.968221791977236 0 0 -0.618924736296118
-0.129325799342978 0.979915302028457 0.0980452606082822 0 -0.566492946138831
-0.772481973268698 0.609184974775005 0.27830739027566 0 0
-1.03880780666621 0.174091107978357 0.260131133265765 0 0
-1.31167164242542 -0.587068714564024 0.230337028601092 0 0
1.74242190508039 -1.56270914306202 0 0 0.686339421811165
1.38824137705922 -1.33723156206122 0 0 0.301654136208288
1.0188395545099 -1.2045396562254 -0.153738635896639 0 -0.00636821330500653
0.794633242887115 -0.790362117555344 -0.344108784767974 0.171775242672984 -0.480336096087956
0.272409176567594 -0.41563258553993 -0.329429591157858 0.298580305923283 -0.951238296451236
0.0921918346768518 -0.055195678307698 0 0.211567696195532 -1.02751811808234
0.159278172450022 0.290063561441707 0 0 -0.872458759684131
0.452982357443274 0.619474996056417 -0.270579107085438 0.4869787562057 -1.08792535350015
0.429090894712879 0.937422860043913 -0.21334365374851 0.353788084461384 -0.890488555228847
0.0576137204812281 1.06046653777898 0 0 -0.699741516399827
-0.0729154261942147 1.21545823618322 0 0 -0.604876518082757
-0.263094224651913 1.09983537617689 -0.0605251665012076 0 -0.389594293161157
-0.685682422822726 0.563451840336873 0 0 0
-1.25878853761847 -0.567840510181607 0.076931376447424 0 0
1.59278495206321 -1.33875499897038 0 0 0.635744814330924
1.21688768366434 -1.23210161068652 0 0 0.406803675156037
0.896573684934697 -1.14265685730706 0 0 0.0953547211904875
0.575482416001775 -0.970620416578197 0 0 -0.372684387455419
0.337272117665173 -0.766986003652189 0 0.0965220297764588 -0.850986108700194
0.010981546860683 -0.386542069196121 0 0 -0.862875376069181
0.155772335380197 0.12133534055785 0 0 -0.760656675037696
0.249251641999051 0.529156657564421 0 0 -1.07964240480455
0.277770243592049 0.83312831387034 0 0 -0.736103933918805
0.0926941957560799 1.04184693095429 0 0 -0.616124028352907
-0.0181257185341244 1.14400224169616 0 0 -0.475444964929555
-0.134084646984736 1.00172760128948 0 0 -0.274133142412192
-0.419308316325712 0.746100122133908 0 0 0
-0.757599424028783 0.0645594799442041 0 0 0
1.36851745005368 -1.3191283684201 0 0 0.879427608597454
1.08226809324381 -1.30961456054249 0 0 0.47026517119881
0.682020825913854 -1.28559598164105 0 0 -0.0873649444478211
0.383039487918858 -1.29604129711171 0 0 -0.55056842626163
0.266059929682766 -1.19074413097082 0 0 -0.832320496195928
0.506684749418046 -0.855255317752411 -0.00489978157799493 0.110417092640791 -0.98050310719652
0.424223242931233 -0.3743907457042 0.114734699404891 0 -0.941675973612144
0.24585805963032 0.0729348303099052 0 0 -1.01133368654321
0.236563502678797 0.534731652791528 0 0 -0.906739481186158
0.119903530380373 0.894051530353462 0 0 -0.635557418914371
0.0195537897340957 0.940739446843326 0 0 -0.399326651016525
-0.262264125837133 0.641156352239666 0 0 0
-0.331604460265332 0.608419503470185 0 0 0
-0.456687524485546 0.332455240266471 0 0 0
0.881337498264325 -1.18363320036863 0 0 0.676593945778014
0.476236705218591 -1.20927595928985 0 0 0.132637005186848
0.31496986786789 -1.41335824828655 0 0 -0.280692039242765
0.233898996765235 -1.66745463623927 0 0 -0.643388138153027
0.253929100977217 -1.65930761566013 0 0 -0.82202986584717
0.494838945070386 -1.43971897034444 0.115334558001647 0 -0.771795883221341
0.398072501809949 -0.9705756082901 0 0 -0.828600018059105
0.267288448268058 -0.523118546695816 0 0 -0.791238978863396
0.187391346373801 0.0428022113294795 0 0 -0.488761142320886
0.147769967628525 0.564996049487636 0 0 0
0.00405765447161492 0.671103738723499 0 0 0
-0.122036608683544 0.613629175315232 0 0 0
-0.164420153750394 0.414311955069501 0 0 0
-0.212545853079203 0.290812291336393 0 0 0
0.154482728549767 -0.970827286721987 0 0 0.19090283750952
0.216105544331225 -1.09520728057576 0 0 0.048732287050057
0.245263452836829 -1.43788994696301 0 0 -0.189860783063671
0.223870086085152 -1.80175185511372 0 0 -0.478645885675304
0.388986505630286 -2.00553190077211 0 0 -0.780261912346482
0.535084595281842 -1.87912494909235 0 0 -0.752608873987799
0.560070092305728 -1.49936300759085 0 0 -0.89197558128186
0.423040630841319 -1.06800166524921 0 0 -0.679228054846624
0.349124642786299 -0.524046637802799 0 0 -0.393694593391037
0.479286630190468 0.0491184850520973 0 0 0
0.698598405433363 0.476856359652113 0 0 -0.241293313904402
0.339443964704512 0.384173038205197 0 0 0
0.202038299480122 0.190756581046429 -0.752067374208729 0 -0.105090807186307
0.256634356739093 -0.284530738298874 -0.895242754196731 0 0.0223584496398291
0.158951358288934 -0.829337103765477 0 0 0.313969644127828
0.262066364797616 -1.121963111143 0 0 0.121931937339112
0.310381432672099 -1.54349838680542 0 0 -0.0862029952075908
0.116275589029617 -2.05392376691267 0.406067286094647 0.12046758196483 -0.271876616538903
0.548706922165046 -2.1045370536397 0 0 -0.548957526912265
0.842455297036393 -2.15576260510195 0.24167829331451 0 -0.802507896748855
0.913523976942016 -1.89583468899564 0.249470317751738 0 -0.823098595977171
0.714287010284477 -1.57386513009652 0.188041259280312 0 -0.584510090245033
0.578214778779668 -0.999032091455988 0 0 -0.507900272939575
0.72441698012538 -0.519300268356934 0 0 0
0.786356046630378 -0.273047300279929 0 0 0
0.655078070786791 -0.15864180359043 0 0 0
0.506262256845904 -0.239263526242239 -0.589841944355353 0 -0.0873135073198262
0.547840893718811 -0.523178494932537 -0.835544463097671 0 -0.0138062391697109
0.267682291630346 -0.835491025206412 0 0 0.37842299067859
0.116036272823739 -1.04379440633126 0.360758523805203 0.340102523394158 0.200867548393341
0.217037304738962 -1.5512633121125 0.342169087412535 0.379004471812593 -0.0674819613393922
0.203207521516627 -2.0512888030793 0.336886203939749 0.304036218642879 -0.201967106657333
0.671478949217534 -2.15466473232716 0.230498583847083 0 -0.380842092804371
0.913539884867049 -2.17956821128207 0.126604184160082 0.193063024797361 -0.283134516348854
0.985680039387529 -2.14505854389359 0.168417340016954 0.0910992157144672 -0.445551050583126
0.771542718004442 -1.89184276480372 0.0830523091024963 -0.101500260063254 -0.628542649674335
0.807756473341429 -1.49381762100348 0 0 -0.350218763506645
0.972477559903031 -1.04441504624422 0 0 0
1.06518828790061 -0.831313593840414 0 0 0
1.05191831485011 -0.703021201436327 0 0 0
0.683365388405215 -0.833511235931296 -0.822948512100639 0 -0.0299309039298003
0.662559861755971 -0.992487789149717 -1.12942053467021 0 0.0405261876294799
-0.0780423649429444 -1.01215292144411 0 0 0
0.129333281718093 -1.36974038662763 0 0 0
0.333170420468121 -1.67508383138228 0 0 0
0.516386829731585 -1.91329620103544 0 0 0
0.54278734023593 -1.97494278751662 0.0567235978997994 0.429928277025548 -0.0893966023153756
0.685641164289538 -2.07070993469735 -0.133709425880052 0.46809351968701 0.120481765433873
0.801196945423586 -2.09208230665362 -0.148453330851802 0.441244409459847 0.0665293964199398
0.755680574389979 -2.05469734706476 -0.148314967299516 0.179496093000969 -0.248446010598569
1.15707060570719 -1.78154157311383 0 0 0
1.23029246325798 -1.46569802975762 0 0 0
1.33972300971846 -1.25861755754128 0 0 0
1.32203224573584 -1.08413670696211 0 0 0
0.89849394295099 -1.40207174321307 -0.867307660704495 0 -0.0844491105249433
0.803873920299551 -1.43139850718246 -1.17283548581128 0 0.0212362570328706
0.00967061577432538 -1.11476891629939 0 0 0
0.19371717068529 -1.38228848349244 0 0 0
0.413109606053243 -1.57111787478833 0 0 0
0.600297466442855 -1.7162301393926 0 0 0
0.448073143005595 -1.61536248907997 -0.0939175491913499 0.587892166792036 0.075003580014581
0.537085684093135 -1.72656657244384 -0.326874051646038 0.630343182069027 0.386926054671834
0.445439847352767 -2.0251503412896 -0.5035526746197 0.725783750578415 0.519418581635676
0.58663646273358 -2.01788681498895 -0.56001584704835 0.659336571019157 0.259794604750047
1.33341555313254 -2.01133614124701 0 0 0
1.43773367269619 -1.66420990445451 0 0 0
1.50447591074657 -1.45090646914214 0 0 0
1.56502826994516 -1.37538179597331 0 0 0
1.53005295758118 -1.26464030441379 0 0 0
1.01779840314866 -1.85760842177814 -1.09257231330707 0 -0.0585724934927051
