"(Intercept)" "X1" "X2" "X3" "X4"
1.87666886830475 -3.33584210282119 0 0.691675944196991 0.88760330245975
1.69183220501567 -2.94415529858148 0 0.537857965254427 0.962829494700618
1.48235281217923 -2.62247338094 0 0.119786431144425 1.01344261057876
1.3416751959744 -2.27800865303149 0 0 0.829041295955903
0.813625070427198 -2.38048330540364 0.483546402709547 0 0.621397092737333
0.591161951995971 -2.19633519718289 0.376438560346005 0 0.459661515545007
0.0739488121327664 -2.235599665733 0.664032495162385 -0.0768513664580177 0.402968928866138
-0.118120178946733 -2.3079653175236 0.711102786582637 -0.00789621107194645 0.681388026414899
-0.380525470420813 -2.12495605099973 0.6838013936726 -0.214676205384905 0.700585022301874
-0.588764142873493 -2.20503249468834 0.926179119005567 -0.151213564590316 0.721510581981109
-0.665405599052872 -2.35267506394873 1.12369607176255 -0.0112465122070676 0.488575165940306
-1.09263010745018 -2.22065081917561 0.791419874089785 0 0
-1.40535753405564 -2.4321375554115 0.972452631936108 0 0
-1.68482381023406 -2.6512919747744 1.26231279867431 0 0
1.71054613477535 -2.97169474045072 0 0.460067856955028 0.642268091123408
1.4536744692781 -2.58947569971067 0 0.29887589424639 0.653787664939494
1.24535548593918 -2.18182435985375 0 0.133172859567877 0.735222857581329
1.25644931757716 -1.76367600146884 0 0 0.680515241306749
0.959647110820275 -1.67296175711291 0.133445755483522 0 0.407502792390102
0.762469573327312 -1.43142561860086 0.160626559987643 0 0.179053403399765
0.177589735265929 -1.40382821221081 0.381301056718002 -0.0103119994212135 -0.0157373855113651
-0.0665614271925715 -1.45944385325869 0.348999488638043 0.230515502276495 0.361719917952677
-0.292613450372052 -1.32078044530276 0.376372928589913 0.093160408211595 0.378205265396967
-0.412921602907517 -1.42278337654933 0.550403635292202 0.0996660380815037 0.304162093465612
-0.724312714429311 -1.3519020369414 0.44221306814603 0 0
-1.01935704488189 -1.54193767931372 0.699125246548636 0 0
-1.31388134063412 -1.75711154303652 0.897732506043757 0 0
-1.56847971084422 -1.99408061869821 1.06466147867229 0 0
1.64893780483768 -2.59741304675423 0 0.230401722066916 0.444645548880583
1.39874362637177 -2.18616270781467 0 0.102272869355232 0.408756175221829
1.05023070253938 -1.79605574973254 0 -0.0550782337505985 0.411063858719449
0.845767895307388 -1.40308256627687 -0.170995601955606 -0.176157022540852 0.418661061422967
0.990998552388809 -0.996876556251855 0 0 0.249972143256913
0.829355379878198 -0.808392877332779 0 0 0.0292727363869877
0.36020804721048 -0.776892331057228 0.0980523996569603 0.23728560542831 -0.28033695121002
0.109864475518371 -0.71017494959294 0.0712456815261744 0.543585662155577 -0.142234224179014
-0.135554716937881 -0.506552471863284 0.0945101727056958 0.425005126219399 -0.0838689258461391
-0.278346187403062 -0.684979908368443 0.260068160912086 0.38317338598509 -0.118135557341667
-0.681139136250553 -0.674757840753815 0.350336992887492 0 0
-0.946612447883045 -0.851141965035112 0.501313615128594 0 0
-1.19893963948622 -1.06869815558902 0.643499575901753 0 0
-1.41839511735825 -1.32609566786155 0.746780278977217 0 0
1.45632426172604 -2.35024216475433 0 0.0118455618426584 0.212608972861491
1.20494619808545 -1.9170035064658 0 -0.139898251001681 0.17451436157349
0.911162316856381 -1.44996391613522 0 -0.293063780037988 0.13625096464518
0.848923949372203 -1.01552808728543 0 -0.232560515107829 0.0900235794797288
0.957848244588191 -0.645658571600389 0 0 0.0934640538446179
0.887623008834385 -0.524377684261674 -0.307481209748377 0.230999052786789 -0.161415379637259
0.89196596022602 -0.175107318337607 -0.223731663471401 0 0
0.641907447847724 -0.0446949986245343 -0.487486289480526 0.330798641912495 -0.143442377483523
0.226270810034573 0.0882263596455973 0 0 0
-0.196823782939757 0.159074299619358 0 0 0
-0.633031808079021 0.0171765231167187 0.260377873964917 0 0
-0.9235628144548 -0.177736767090182 0.336787207339485 0 0
-1.13995399077961 -0.42744109248225 0.342148778365806 0 0
-1.6795949670415 -0.9336794199324 0.393133187355407 0 0
1.09802332278166 -2.21754461769125 0 -0.223484176686808 0.206680697807218
1.00047237321528 -1.72487877583297 0 -0.386542873339382 0.0561456765137622
0.923446286654127 -1.21237925369375 0 -0.45188659627604 0.0116675106930167
1.00979738639117 -0.856976375215618 0 0 0
1.03583198787284 -0.606158358341631 0 0 0
0.987460582770263 -0.263002862579972 -0.316434969519365 0 0
0.852483825032244 0.0214120261591031 -0.440803530793243 0 -0.131476187722905
0.710908934089616 0.320446990351572 -0.484971057791318 0 -0.259491016535499
0.423221392360255 0.414356860832614 -0.179935628614106 0 0
-0.00318140241904243 0.486985874925199 0 0 0
-0.564394209631651 0.473893715364034 0.120552420544453 0 0
-0.997203161647678 0.31689942729944 0.298046776962011 0 0
-1.13240323556758 -0.140188860264425 0.225626532199111 0.255495419677632 0
-1.51938930602642 -0.715107597003412 0.196833440444453 0.0945175786018258 0
1.21707545860198 -2.21549773777313 0 -0.413472075832867 0.327197832102774
1.10240966342472 -1.65514209175916 0 -0.534960882892051 0.15857505470844
0.956057322801761 -1.22865630271865 0 -0.603661028674795 -0.014541252349383
0.895468207231139 -0.949183004035775 0 -0.547305277521598 0
0.771198886706792 -0.644921282238284 0 -0.409601304674354 0
0.223562611613777 -0.273791194212788 -0.403680305648591 -0.237408286598316 -0.413327239350219
0.661372769023626 0.0866798699955273 -0.429621902219121 0 -0.318824968079813
0.586944680819498 0.444762538441414 0 0 0
0.384480703354566 0.668819030255874 0 0 0
0.0308431488621755 0.66821996587232 0 0 0
-0.305936422759258 0.644903911666766 0 0 0
-0.737881125502796 0.489525249242326 0 0 0
-1.33012471905733 0.159277864921399 0.190751970050872 0 0
-1.81940437639029 -0.305589405567398 0.241307781010882 0 0
1.58456236655367 -2.09440475173978 0 -0.707960569462915 0.640199398312067
1.33033581655545 -1.71561419813642 0 -0.700508144122584 0.280290432696382
1.07430084038855 -1.41662902066652 0 -0.635456679730193 -0.00471747406748253
0.81198948875389 -1.1183926687844 0 -0.602744832861702 -0.193933251999884
0.593563129888843 -0.699761391292712 0 -0.424696877085512 -0.307977765943497
0.234829798989064 -0.425332209743121 -0.27060605074235 -0.153284877831648 -0.617713803297802
0.313914100364535 -0.0728632020031477 0 0 -0.468346690639431
0.3806769143502 0.313526313914776 0 0 -0.316476603071041
0.364042479057838 0.757111255742278 -0.318548748696561 0 -0.555860991878487
0.277672060231647 0.936236303562476 -0.340590780600936 0 -0.424271640377892
0.271214980668941 1.07191457609259 -0.818623883919296 0.51078436582443 -0.609745932233793
-0.528909214909999 0.520526485488221 0 0 0
-0.933376062702364 0 0 0 0
-1.47190924933357 0 0 0 0
1.53466754951642 -1.92420456261375 0 -0.726135588077408 0.650364994970998
1.2037902377181 -1.6843736443782 0 -0.62420791439481 0.263750250765698
0.987383630901984 -1.54847861001012 0 -0.61527762911222 -0.0369900725100436
0.803121421691251 -1.24172394860742 0 -0.445352648377311 -0.342002728999532
0.650549189058033 -0.990503191152477 -0.101224050895183 -0.193058080029585 -0.571853273175242
0.412438103717482 -0.797334603640525 -0.153032288276224 -0.125026243118365 -0.701961401847432
0.169041624572081 -0.509055152475464 -0.264816127074755 -0.113460129354305 -0.746815762400466
0.211574841303604 -0.0976024970882289 -0.375292364173996 0.141127079576459 -0.688289088632838
0.304765077672022 0.430044227522928 -0.483911339813455 0.323495068761499 -0.594802984992716
0.388548448706054 0.683216673130535 0 0 -0.374628339292332
0.220918653687535 0.892276077431928 -0.275071733866164 0 -0.380851810690529
-0.0595079625833437 1.06310634429393 -0.781204954965155 0.0985430136252398 -0.431135248070016
-0.1674168365922 0.96000631545457 -0.655717311271316 0.136543381633723 -0.319617451450482
-1.03783866339859 0 0 0 0
1.364321072208 -1.83158157177043 0 -0.756390503043476 0.557633948790626
1.03872483782164 -1.64996041913239 0 -0.597386967461534 0.154914518699871
0.810247077689234 -1.60789998731202 0.10086595224094 -0.513591734138695 -0.149827349959423
0.714421251990805 -1.42619898994531 0.179090714414956 -0.226267840435789 -0.419780046841541
0.682364719005467 -1.30256366932203 0.0799801116903711 -0.165190211469349 -0.636474968057999
0.400162720004051 -1.1711306787542 -0.0494805476442357 -0.199554265464502 -0.780468705979477
0.213106746471336 -0.949513402256806 -0.173264612719892 -0.162866699881431 -0.857454032624187
0.277451076563541 -0.692732423212224 -0.372117717055542 0.264993301663913 -0.83232951198987
0.212411969425102 0.0325934197581024 -0.535295219134437 0.210860651502122 -0.668747945501833
0.161376887604313 0.475725475525405 -0.597628279375166 0.0306932403171663 -0.604267191590507
0.341977173329097 0.492003220209083 0 0 -0.331223425453208
-0.177544510886813 0.909719329764459 -0.649215358460885 -0.4552524370087 -0.380930684695981
-0.157043198095146 0.928521954636241 -0.738701669255726 -0.251512094079448 -0.266749897811843
-0.70091982152027 0.314983299270388 0 0 -0.315326610967118
1.04292377788888 -1.72007878681854 0.0785542702228233 -0.750793918947078 0.476854755046512
0.754364063133978 -1.61542883596328 0.143167714993006 -0.552830741868917 0.0824660365861617
0.548245405094498 -1.58954513553402 0.324769218934749 -0.272589541096027 -0.186325817743728
0.595031366551431 -1.62180040598337 0.288257687365988 -0.375133674841174 -0.478915907938365
0.597705081632401 -1.5114458224337 0.179598883382128 -0.408161591255482 -0.667878374656515
0.419511388444421 -1.53481247831532 0.0392161156266243 -0.271308849069542 -0.838513497080702
0.331116368700251 -1.47214495691905 0.0235931765203611 -0.141044939079672 -1.00013370889717
0.347719732164291 -1.05455469946096 -0.172450900678227 0.0718953415242191 -0.987499172428518
0.169507649633705 -0.347141171642206 -0.399270940460046 -0.0300676208070487 -0.827446675647591
0.56427689553889 -0.0531538397604426 0 0 -0.407255885340499
0.526691514004994 0.0829590423939045 0 0 -0.302594855862773
0.359534861334131 0.157161778306061 0 0 -0.313853275227765
-0.316845143286334 0.636759963302886 -0.708862183661539 -0.522843101387422 -0.232744271749192
-0.295330242458778 0.638596434553697 -0.781100189330826 -0.306362073092536 -0.047684052655104
0.700410923787831 -1.64489806918468 0.105046462138713 -0.597414413085915 0.259488566827897
0.483342467324865 -1.57957977775879 0.284481584005424 -0.292918952295338 0.0142406301525697
0.470245151413481 -1.78518771589022 0.304063188675006 -0.420824522808273 -0.329651337587065
0.591205135966811 -1.81216463613773 0.345521072748172 -0.49804990711775 -0.507561322903369
0.711073572054112 -1.76606466550845 0.29879547176268 -0.488723046816421 -0.658842414836801
0.574196465386992 -1.73355068048072 0.238697318024305 -0.42453238869021 -0.876938893793253
0.447760764660632 -1.66416403411109 0.203746846290636 -0.329505670745163 -0.996174399089744
0.294231404244101 -1.38158385818535 0.0415428510050397 -0.248453418774397 -1.04701260350558
0.62719962769002 -0.803744063456934 0 0 -0.612199952183982
0.0438462287082338 -0.432664328365272 -0.42705136473033 -0.387655418352101 -0.806319828048039
0.400551819387707 -0.283101380883111 -0.293743932377779 0 -0.468759870698945
0.288685820078694 -0.220723867878139 -0.360784365017863 0 -0.37448044362614
0.108708724100446 -0.163075545581291 -0.446023453311418 0 -0.300048071945879
-0.0541763582661046 -0.0763536712442967 -0.466847794513252 0 -0.233745888212682
0.462382884274875 -1.75212658259135 0.185087220092774 -0.51412336395312 0.136272248803196
0.397612987472978 -1.82688275785066 0.268478276860865 -0.439963161273152 -0.142568957568746
0.452335625790628 -1.96559969049676 0.318448858098764 -0.500737743415481 -0.386309512006481
0.54634108913296 -2.01922142589071 0.394296809719404 -0.583209613766302 -0.543373228674235
0.615186540088943 -2.02946318704219 0.440690413668356 -0.606150941123492 -0.710501996931507
0.989907097536908 -2.01057951397567 0.556224238740637 -0.201829736248615 -0.68840539563294
0.649767787151097 -1.74326777841889 0.357213534830551 -0.434996823466169 -0.851203664215035
0.69736178130331 -1.76824811217045 0.214428487720254 0 -0.740794531740286
0.0691704154001554 -1.26126667612164 -0.126863379179124 -0.52684764444554 -1.09474477056585
-0.014276609493431 -0.971118362133001 -0.312098900126546 -0.560361039750809 -1.02071950635664
0.386815094927951 -0.809205961587306 -0.376206792499665 0 -0.532217500882214
0.265486428653515 -0.690314145328924 -0.484213452370258 0 -0.423706229715554
0.108580240046762 -0.607961677720495 -0.593257857241976 0 -0.317799765437443
-0.0630138734611785 -0.511351625694326 -0.681910778217724 0 -0.228808608036099
0.18354948035236 -2.02421886983806 0.30973848167096 -0.526418465219173 -0.00158236669062119
0.277586437828225 -2.0883776452135 0.249714666651786 -0.548528088005824 -0.293102015478913
0.325238239882418 -2.16710045769673 0.327322416663311 -0.60109728932868 -0.469133570139719
0.35768005932437 -2.22418466060156 0.439123860929083 -0.744894782009454 -0.632735458941935
0.416492453466074 -2.17260813478605 0.495528975737236 -0.725363456888996 -0.6880312021537
0.625830376343352 -1.98741430405754 0.373889119316115 -0.307508599907521 -0.466982998811059
0.54394561478978 -1.86055064544443 0.307592484356003 -0.414852305338622 -0.633672904596619
0.340078081476091 -1.76556266735224 0.265025560576009 -0.733156562840366 -1.06060318374602
0.40545488634986 -1.70772696316106 -0.17832891429644 0 -0.767827109716414
0.359719777284302 -1.48306660270114 -0.36201854667996 0 -0.679919983905171
0.320677986328952 -1.32200303215111 -0.438302613914955 0 -0.590203739585894
0.191085197169273 -1.16922817310966 -0.571807678395596 0 -0.474000765638004
0.0612973159539359 -1.02898402788525 -0.712756129379336 0 -0.325413826054801
-0.097931259673622 -0.900985999543335 -0.827634899752194 0 -0.210853508466843
0.0147845302592327 -2.3802864088829 0.303420733529026 -0.65178744966775 -0.211180649585269
0.129066993812853 -2.37488365096581 0.238510639665759 -0.638800271425182 -0.430311163402898
0.149707892934072 -2.39703703489593 0.316254423045842 -0.714613335616361 -0.569250589448466
0.0911271896706598 -2.43354001393834 0.487029131211894 -0.906689077238202 -0.70497717164812
0.113354017028166 -2.25958677772722 0.476045444340776 -0.944613669691459 -0.667191304085868
0.168365454947614 -1.96990455821758 0.236232859799317 -0.612108743911429 -0.335022176131833
0.278240931385656 -1.92276029703698 0.154833464689664 -0.486917460118741 -0.476402779177126
0.392380481114193 -1.87132728040533 0.124045435670572 -0.636651071943648 -0.855797254143775
0.504109763436137 -2.02691599172113 0.180870024915344 -0.731857680592661 -1.11740133724356
0.312703273699001 -2.17955053701249 0.0856749815760501 -0.59130687141369 -1.35076908722133
0.320730981284261 -1.76109256014274 -0.4320931285329 0 -0.583959208825408
0.151408339013661 -1.62258222972496 -0.591752906832333 0 -0.495026265807675
-0.000202560479764075 -1.39995399692835 -0.794675566890762 0 -0.302874968406983
-0.14837313751401 -1.24490860880405 -0.935099469072241 0 -0.163123782874418
