"(Intercept)" "X1" "X2" "X3" "X4"
1.25903056970578 -2.44036040982685 0 0 0.984477337898253
1.00197511252817 -2.27778987397159 0 0 0.754686740066083
0.848318680070201 -2.0018488565613 0 0 0.547575037644682
0.648898654105195 -1.75485406384583 0 0 0.33469544330971
0.569475309954178 -1.40572865677918 0 0 0.177407834137453
0.553914484785971 -1.05606671175036 0 0 0.0219882149635888
0.272752196099747 -1.20150900004884 0.254063896004806 -0.0830343344139936 0.672273086959826
-0.0297284925265492 -1.05694145011598 0.477655052708638 -0.003638728569802 0.518865020923709
-0.356505756305968 -0.965497596153318 0.634349883045063 0.0924155389689767 0.34174232563036
-0.573166708521372 -0.838594601116235 0.745173260893002 0.0939102635294088 0.0881776043516079
-0.701061935309518 -0.79613073524765 0.779675166493928 0.202981743051995 0
-0.955706405832472 -0.798993512935967 0.912101684548804 0.158341243351373 0
-1.18282930730202 -0.674482644010894 0.864537331103476 0.201701687630646 0
-1.35377318842237 -0.6110459143221 1.01790255300922 -0.160243253443618 -0.419867569866233
1.2473608947938 -2.28765092485085 0 0 0.839074395249253
1.09173981444732 -2.05637876661006 0 0 0.693460269302377
0.962396917347898 -1.75028031462354 0 0 0.495111714833582
0.847392360489586 -1.43227786815791 0 0 0.303146020548848
0.543355135422067 -1.26008863114902 -0.152574318154903 -0.186688770575444 0.295729436131982
0.485107651376462 -0.899411231245164 -0.00864889981209249 -0.112953915308492 0.12879414153702
0.321048153705018 -0.632238940222952 0.168461605912214 -0.0606856737419643 0.0284923564404334
0.0621759074044422 -0.596991960662371 0.327406588522157 0.1673176563144 0.0827936745116133
-0.18775965018641 -0.519557692634446 0.429990045502858 0.255556231037097 -0.0104774819280379
-0.348691149367419 -0.45157001891846 0.491941586646515 0.271528931452438 0
-0.662867052948008 -0.450441635481542 0.62785631517959 0.210925607306476 0
-0.851442412888117 -0.455162628477606 0.70110977319318 0.229115089477039 0
-1.08591749755923 -0.396238584016304 0.685894676099536 0.214704737663417 0
-1.23889267726631 -0.419493390812619 0.825161846981155 -0.0235415324493171 -0.293479416311366
1.28466516828649 -2.16504169568109 0 0 0.723009894135428
1.16698055994725 -1.83672982715601 0 0 0.591069494765549
1.06977403485429 -1.49383003489058 0 0 0.432733666824247
0.983748067559145 -1.13123681526425 0 0 0.220747675434011
0.974343410527665 -0.867064085868431 0 0.124562922973118 0.0693397330100989
0.863357003446873 -0.527676793837348 0 0.176533700684558 -0.164930041507197
0.403820034306051 -0.238100194329655 0.0610191443462499 0.0723050565645993 -0.433597979301953
0.271882782604045 -0.100296217259237 0.118927474456317 0.304359521273063 -0.440319106997859
0.00796854940930352 -0.0472217122450634 0.194864760666623 0.388711102755075 -0.44935913013164
-0.303260322716193 -0.0864409382139524 0.313425145721279 0.337051997326681 0
-0.579907648705302 -0.085720946627678 0.421569758146829 0.286277792879051 0
-0.746120309233395 -0.106616261404565 0.472811158904687 0.266346743201658 0
-1.02783624134281 -0.0768537929159114 0.452127182749724 0.184503515539903 0
-1.51037677326869 0 0 0 0
1.00619283987239 -2.37640159537608 -0.605819581849352 -0.54453060330223 0.844910452555589
0.75183923682686 -1.98766228699223 -0.489110613835681 -0.363371800989857 0.553576276971895
1.07931302244197 -1.3276445821237 0 0 0.349954402891576
0.972985207247654 -0.914500735118441 0 0 0.109284043482917
0.946753175167204 -0.623739211829085 0 0.0736131635440091 -0.0946235561730635
0.697069103467251 -0.356856798489511 -0.149060028371059 0.174176976918577 -0.415536474433979
0.518785293694365 0.0340586736160581 -0.100925519581306 0.238896038939691 -0.687179194333584
0.445603102025258 0.262291657292832 -0.115726912880828 0.402446881986065 -0.795543247569759
0.21613931220472 0.354036726318769 -0.028491521626886 0.512078674842056 -0.696971628014949
-0.215052521558647 0.327987495692108 0.157479304524762 0.326502378904721 0
-0.48295798032024 0.334840637957912 0.219439674206418 0.271212761681661 0
-0.684582490555829 0.261170508131395 0.246362248522671 0.203451234108858 0
-0.767533944898777 -0.00420808563458118 0.278357599994069 0.327676570396671 -0.0687582362676896
-1.39812391455215 0 0 0 0
1.31377552542411 -2.59946611647456 0 -0.614646365297735 0.517105189835416
1.06827099213604 -2.02749056888151 0 -0.437919124982025 0.356148996956056
0.997780943615477 -1.35516687088176 0 0 0.267408712080085
0.865227641970527 -0.892496782947096 0 0 0.000300821549479609
0.722297423717806 -0.566802561117847 0 -0.0507356524087509 -0.340950139446063
0.619187582659145 -0.183842757999555 -0.18082321890482 0.201565380973429 -0.670300280231235
0.795008237529305 0 0 0 0
0.505077741661189 0.540138914950305 -0.300515877601777 0.37033785673634 -0.910455254239263
0.373915196617271 0.630437138473002 -0.237471868865846 0.619620473398415 -0.737835887773737
-0.00437718762155414 0.78466314735001 -0.107030979870656 0.518208152537866 -0.503786805908528
-0.34569040899338 0.740514315463194 -0.0757196531973168 0.436377148980473 -0.234856331572853
-0.454648191544269 0.350436276932429 -0.0804081275714434 0.560037689478007 -0.0980403270018747
-0.91616418245156 0 0 0 0
-1.27466122456955 0 0 0 0
1.67906242406994 -2.56319816342618 -0.579391081343712 -1.19228072747467 0.779844917846355
1.36503929228206 -2.14590680524569 0 -0.758874778294871 0.335314986099166
1.07588898168544 -1.57515458486176 0 -0.555121261296789 0.0688660529935386
0.619071509113192 -1.07557077993146 0 -0.362116554129459 -0.333664195963937
0.414431264797731 -0.645096088726836 0 -0.123814547122745 -0.697155363824811
0.349962056904357 -0.227221928130531 0 0 -0.537381993735105
0.44220155961069 0.0971912924049881 0 0 -0.662574953858332
0.540020074100913 0.310264339350109 0 0 0
0.482140064864501 0.633917001861974 0 0.274424360461973 -0.653813196634085
0.275063806974725 0.813316749192583 -0.466822957153339 0.624031517677529 -0.687030664562412
-0.168601076757627 0 0 0 0
-0.489941036984402 0 0 0 0
-0.824624715282487 0 0 0 0
-1.13941633065225 0 0 0 0
2.08445694887753 -1.80876729282986 0 -0.778884200971965 1.34038733483956
1.73745944973129 -1.85597799882209 0 -0.761740162891285 0.631518862490982
1.38742750902901 -1.77446995523728 0 -0.735545032723381 0.092626569596596
0.736291520921872 -1.35390823174905 0 -0.535076385664974 -0.486472541744674
0.203714196413081 -0.821443837298113 0 -0.161321263163755 -1.07449652483697
0.115660066300714 -0.360094883018279 0 0.0163417950669589 -0.943352494431402
0.163619265998862 0.0277879741241013 0 0 -1.04560056485383
0.298676219853089 0.272047087856176 0 0 -0.896457915934384
0.335772349171708 0.515682524843893 0 0 -0.853061844592648
0.163985180641885 0.545835477848848 0 0 -0.49263076220857
-0.13250359112261 0.650014355587002 -0.177368003315106 0 -0.429005297272846
-0.451767631718449 0 0 0 0
-0.704484249646766 0 0 0 0
-0.924795761367209 0 0 0 0
2.26698851340223 -1.64407815801891 0 -0.886397328337441 1.92064018673885
1.90603656257701 -1.61910928334519 0 -0.725347915360352 1.15162031812811
1.32541818922014 -1.68912081145014 0 -0.64358861995807 0.104322239333074
0.712362543938166 -1.72009095600381 0.140724659521783 -0.568643939565824 -0.722240482251566
0.40767524037486 -1.2979492975822 0.234165804940402 -0.189610738019173 -1.07884830904675
0.417692145344853 -0.888269244993857 0.277739375728275 0.0224444941057848 -0.989746760076442
0.356669368467582 -0.615615534167532 0.174888963924597 0.0890803215555004 -0.923347199490317
0.361026152681697 -0.175126363943348 -0.0746964898564805 0 -1.11863041027941
0.296202144444418 0.246048025483297 0 0 -0.94741064615938
0.286995546586992 0.422697516646457 0 0 -0.660962469052736
0.200167937500134 0.640416593899747 -0.305797858998295 0 -0.494910691166213
-0.0702677178715834 0.528037445308489 -0.273953348759179 0 -0.278035098427221
-0.347646848087936 0.234422769444043 0 0 -0.225362430033646
-0.588361631933995 0.139747932889478 0 0 -0.179505914965205
1.95560505923456 -1.65550782674248 0 -0.886376524726538 1.74322221312878
1.43417948696006 -1.57610585736036 0 -0.59407350215945 0.965758155215585
0.421289855980339 -1.35772534328233 0 0 -0.0399988005220514
0.492316352067945 -1.55514149287272 0.173392960413741 -0.0999824825612182 -0.577090444480942
0.594545374257553 -1.7570848527773 0.322152086291377 -0.0862513083190179 -0.996873357078464
0.617732782464447 -1.4166693146781 0.318743267126777 -0.00448774528548338 -0.858324968474167
0.512503085010744 -1.0157732049583 0.223593359464208 0 -0.857749875837993
0.337583897102772 -0.554508535801396 -0.000930745827814203 0.0571932944202422 -0.669362788655114
0.514699093973641 -0.263983592753094 -0.140417216772675 0 -0.804085607978297
0.577045886507948 0.0664038047009661 -0.285518500307885 0 -0.642940021589037
0.552181919501996 0.367061408528155 -0.390970196293689 0 -0.47974951208604
0.122773411676328 0.214999497785053 0 0 0
-0.0811350509404221 0.130475771689222 0 0 0
-0.343536683515726 0.0193808405864435 0 0 0
1.77315453495949 -1.67847621591747 -0.554161861976146 -1.20624094347095 1.61395802675442
0.433043593801056 -1.3526602770083 0 0 0.350254488064295
0.122029536182655 -1.41513877779001 0 0 -0.0564471262593595
0.061429816798431 -1.74380231915644 0 0 -0.286324343117584
0.384819418732504 -1.98651967389713 0 0.32870263950605 -0.564785708618079
0.671122098759381 -2.00563897510977 0.41337678459619 0 -0.783112891296757
0.711510538329684 -1.61747742266203 0.366386609623649 0 -0.83153692614236
0.424942195718091 -1.1529180674748 0.197479381512042 -0.12673206508144 -0.856685189923546
0.406326878659184 -0.647494818937187 -0.117262328731525 0.0249235290454892 -0.6524113931339
0.669618056672309 -0.331691367952953 -0.251887549613576 0 -0.552987039474791
0.76185168979908 -0.0377189909691146 -0.375658349210941 0 -0.451373326790428
0.746081170799955 0.183282326974999 -0.471703088942688 0 -0.317244841666687
0.63235715939293 0.306887660576856 -0.560420837474816 0 -0.175002958723097
0.142908421358439 0.0346515262661474 0 0 0
0.464031589378046 -1.35247894240645 0 0 0.634249789415244
0.203452823991383 -1.28447571454496 0 0 0.269124302837062
0.12514989564588 -1.56215409636501 0 0 0.0133436058526961
0.100358830062222 -1.89203376097245 0 0.325611987478541 -0.168435237405108
0.34442119052562 -2.11731195212124 0 0 -0.293138299843446
0.879196172473632 -2.23410049272491 0.389119318923689 0 -0.518857838330247
1.0268726002525 -2.06394131849517 0.481138696263529 0 -0.796367970147968
0.844779687317528 -1.69263206210631 0.292417228899612 0 -0.829763797310502
0.677875415545858 -1.28035581348394 0.0605991919115345 0 -0.671380288933557
0.764808728191303 -0.822365783290852 -0.119774462122709 0 -0.582546286629773
0.894865566841223 -0.457727604122635 -0.298849827927485 0 -0.459895953619005
0.891703545910348 -0.251392318599689 -0.394916130130164 0 -0.343315427167526
0.871556990373909 -0.0385928024692038 -0.44609384306179 0 -0.258864261175297
0.794992563267131 0.121918223611383 -0.55963369760198 0 -0.179198089515959
0.291767956765472 -1.15390967887899 0 0 0.579847821797169
0.171490457167739 -1.36563031308757 0 0 0.24976047215565
0.158967138749066 -1.87113911292146 0.0853134708580614 0.0696530814086432 0.25100558860458
0.20178864279657 -1.99782219675559 0 0.325305540968993 -0.0550207970997186
0.588701218681552 -2.15294406722268 0.330112894388073 0 -0.210509810653526
0.961153849356812 -2.0487440178214 0.302450483781876 0 -0.3048218849763
1.14383306033721 -2.1097451014381 0.339550770047588 0 -0.468321680694387
1.02114315342065 -2.01301446665943 0.25641306578683 0 -0.622086684791797
0.767191535156008 -1.65574824077738 0.0286892379240605 0 -0.664462589058297
0.865146565469333 -1.37114771362386 -0.124098773228478 0 -0.605536945886788
0.976092353334629 -1.00854724830468 -0.268301510037171 0 -0.501974520253167
1.23181517745368 -0.681122957239458 -0.487841510747529 0.274912432787546 -0.350719065989389
1.37032738863647 -0.405565554130304 -0.655827399376134 0.464125089818911 -0.146904817928192
1.51238575439808 -0.161518902284331 -0.823659202561226 0.630202027511752 0.0251344360055361
0.298215414377992 -1.23785844124277 0 0 0.623214610118995
0.180371439066252 -1.38762239658435 0 0.187969262066136 0.396740568507006
0.147132070842311 -1.77504506623909 0 0.318691371324879 0.254914011512815
0.413513338659326 -1.96802041695926 0.251099942841563 0 0.112681174941906
0.561555056038848 -1.99467797481708 0.264590160547451 0 0.100086845612382
0.76783363696693 -1.89121062796478 -0.0563854484874581 0.343466457173416 0.236331712549098
0.926126807902553 -1.87837299820187 -0.0855330201686712 0.348166986813559 0.240186353644369
0.666206946494662 -1.9861826606263 -0.0534581117686435 0.0966079036817927 -0.182577158650337
0.829119695411697 -1.90870416021496 0.0117083595475804 0 -0.481428845631525
0.904317525601479 -1.77949461044 -0.150546830889549 0 -0.489597622956639
0.984100959789715 -1.48946328411151 -0.266959991748707 0 -0.459154802799268
1.1157947924918 -1.19555984788518 -0.410547698384228 0 -0.394290005596972
1.21686630594147 -0.831126218575013 -0.465373014351981 0 -0.296327689028941
1.25832471490384 -0.524804951038272 -0.517434846299885 0 -0.248198893486818
0.356061488172021 -1.40303911490662 0 0 0.796340284614002
0.347080229209673 -1.54547437740069 0 0 0.45367838021804
0.18533051366166 -1.92260147171577 0.197065277124769 0 0.48785428839602
0.357357453367466 -1.85084275097532 0.239864394615469 0 0.37855225056875
0.469431650645552 -1.89062845891514 0.175270020569274 0 0.481171823117455
0.70642217892002 -1.84471630025832 0.182149239761785 0 0.416716384963795
0.897629676230707 -1.80594773309503 0.101469427610992 0 0.415232114290572
0.672998836141272 -1.71191739958599 -0.352955748919168 0.466448427380749 0.450527576176019
0.826005383987739 -2.03093252763463 -0.0275560961404621 0 -0.244406760630422
0.850963987814845 -2.04172036452618 -0.166283485178249 0 -0.317212659375091
0.966762483018926 -1.8425844543381 -0.271658506843226 0 -0.39001428756165
1.11624965647016 -1.5971647744386 -0.384729905917225 0 -0.366426598869843
1.23579973012089 -1.27976373390915 -0.508080152226922 0 -0.313766775052125
1.35023415652386 -0.909005843503064 -0.560132034359977 0 -0.257166319361741
