"(Intercept)" "X1" "X2" "X3" "X4"
0.980801983704164 -3.93702355349333 0.380524772705526 0.679408367374871 0.397604705786367
0.986344309355086 -3.41161943395192 0.444068776106551 0.593667627788138 0.316629397119894
0.973787016114746 -2.90156739701827 0.539966702831383 0.459818236501126 0.264828957811379
0.879217743874661 -2.52062049099836 0.61331519034685 0.239780150785477 0.358441517270619
0.832196296500699 -1.99007876046894 0.697391176935919 0.154878979476171 0.301083667338969
0.379678653729266 -1.60148946721224 0.750865824526741 -0.147786008071556 0.264578431511554
-0.206059313041211 -1.51005440548915 0.958913541381819 -0.25044658007028 0.32887082153293
-0.525241218783419 -1.50314581233625 1.08267118419078 -0.204394390365429 0.318560431748578
-0.885115436323276 -1.45481213153556 1.20566272008469 -0.305224860147637 0.365289382438193
-1.41057764722865 -1.41725791816263 1.53413944844984 -0.432903676523096 0.440839578339731
-1.70446320859201 -1.39072670882457 1.73819411822026 -0.415556601151525 0.292195107109131
-1.8364405687662 -1.43821087892538 1.87940302657083 -0.349363860511961 0.139132508234462
-1.67149819484936 -1.26504813356468 1.39076224529609 0 -0.27458022721173
-2.00291401450419 -1.55841521558956 1.46624566370595 0 0
0.594778885579003 -3.76973195005468 0.16210142223753 0.228773187539579 0
0.806822360321724 -3.23595461880253 0.159974943442754 0.55784583959006 0.177795934942635
0.86391641533851 -2.63589644607378 0.251363365869774 0.450880408928896 0.079664459410068
0.802303943559125 -2.15989339119726 0.283453654378234 0.271689763846472 0.0563925987963684
0.787541985063925 -1.60037740734084 0.343478276286687 0.253741253496242 -0.0319555811809822
0.536027846427421 -0.995573543391476 0.392444165034683 0.104280749841335 -0.0985196493781341
0.0628419286568452 -0.761933631037484 0.564475404608515 -0.179158906503119 -0.184186515554018
-0.23696270294252 -0.874220760168686 0.622728448901556 0.0331297792901386 0.00411609071285057
-0.681680398384237 -0.811728764669527 0.833783289310887 -0.105822144180441 0.0654991882462604
-1.02899810967615 -0.809578254281334 1.06776203504045 -0.194609618151475 0.0518598081080028
-1.25148648950315 -0.834832215395267 1.26589096787926 -0.181453754413474 -0.0701192977408956
-1.37428267144731 -0.910926682484099 1.41930759040961 -0.108889322542844 -0.17445697020754
-1.41009889227102 -0.916939170497718 1.17305640698326 0 -0.326177600663301
-1.78120065410006 -1.26175435831065 1.26989038010961 0 0
0.611478360319424 -3.57535741869841 -0.0485993732881334 0.248585939214604 0
0.615660615600043 -3.07794408680744 -0.0590841884474058 0.498859216606122 0.0332865329873156
0.747157281289077 -2.40085795401902 0.0181026981834774 0.42327749611386 -0.0889095260935202
0.883064561172918 -1.73867802658377 0.0262297547801184 0.363516597219421 -0.193869951253607
0.865211801296736 -1.20755895460483 -0.0602823160157969 0.394613198588446 -0.244411951141765
0.631823793030942 -0.641662120520783 0.00356757472869828 0.385262077324034 -0.417492164442051
0.34534844996493 -0.331359510915386 0.1588131633934 0.227642996465653 -0.526609856369748
0.0974772737880809 -0.268720469889785 0.183774687031179 0.303714521455587 -0.482104590699485
-0.347877856651697 -0.203913144576858 0.408150587532584 0.190320336282703 -0.357875729383081
-0.64851698320589 -0.220618700177974 0.624462865991138 0.0880289425986021 -0.379631086905101
-0.830387031763593 -0.293589127292489 0.811976693671252 0.0795823220482299 -0.456549362868451
-0.95368049890557 -0.302154686634366 0.800354095983438 0 -0.467526484493572
-1.12375185038298 -0.498710733960907 0.949551904733622 0 -0.424555569294885
-1.23585268266783 -0.774483649631475 1.03509542687059 0 -0.366088795614588
0.729889609222698 -3.39476270849095 -0.303410043778159 0.500489920219442 0.150981095877253
0.664139042474891 -2.81388897155091 -0.20253305236287 0.422786658940457 0.00519291386872338
0.826572715536743 -2.08894955177199 -0.138234881413946 0.380198602041756 -0.128231086320091
0.5766226362074 -1.46083519832696 -0.107994908003043 0 -0.402485989681359
0.928624998348378 -0.831989457067178 -0.294762261739335 0.521340207555668 -0.547078195244227
0.806097695483864 -0.35045101154584 -0.368960010516968 0.694131764600488 -0.695579401370015
0.546497879480816 0.0357476386317171 -0.224089227041847 0.586532105562093 -0.873479692351161
0.40144023864119 0.193904130460041 -0.124339202361457 0.47333699919425 -0.871104861113356
0.122402632954869 0.308396321531363 0.0364623592543918 0.480979180478629 -0.842569061880325
-0.227327955465743 0.269918811196712 0.246726775553533 0.403254163984132 -0.809064212285466
-0.620764517478889 0.340736670264071 0.462580232435319 0 -0.678494299790796
-0.801969716803578 0.189300327280054 0.622021900104889 0 -0.60982812446604
-0.89985187756384 -0.0715592803091254 0.677060349925991 0 -0.409624975864726
-0.963852338335863 -0.487937027264998 0.691945220745473 0 -0.108824371114354
1.20211307278324 -2.94828062961603 -0.36923966638933 0.280441704859108 0.293260609513146
1.09484175029217 -2.38135800653304 -0.257906747352328 0.30335737169493 0.102527354223069
1.08130919547762 -1.73488842159496 -0.203172794280065 0.359060026094815 -0.109824675847559
1.03554667773961 -1.12834545492722 -0.243358879532848 0.428457302667929 -0.356458205380096
0.877111222277749 -0.612363706230418 -0.357604131695476 0.482400581459632 -0.560901916344645
0.77379270353151 -0.134806000465719 -0.492917040163154 0.658439573138894 -0.795884994034588
0.616055120550199 0.294530137465479 -0.394672911284629 0.613535105411862 -1.0481039553238
0.497546792344899 0.497422748921997 -0.289518649821625 0.424750925582504 -1.1027161674413
0.285396879844699 0.637225192686535 -0.224426434069022 0.555512196883662 -1.19495940996764
-0.285131581519621 0.922182086771423 0.0588347391756858 0 -1.07324099293188
-0.541265100570333 0.86394392966971 0.295146896438809 0 -0.901783341139411
-0.608314606266262 0.636852017637372 0.392383704339473 0 -0.675667374268483
-0.649690774090611 0.244189122772482 0.450972269173231 0 -0.371873522599057
-0.736971713275795 -0.299197918997137 0.443914057417636 0 -0.0985593345434621
1.9448033909751 -2.53905080979797 -0.391700239960814 -0.122289677184799 0.677005407718795
1.83091087292862 -1.98993672177595 -0.25372543502192 -0.0156990614015627 0.337279909742424
1.57783299486563 -1.50029593403258 -0.190109592601526 0.171470752160311 -0.0451197641070425
1.18325950728431 -1.07477902149471 -0.199972012893849 0.272795903937329 -0.440263305571101
0.742514351928921 -0.624164768557514 -0.186889375307153 0.27956129044126 -0.757285048117452
0.291371793506271 -0.191944937202315 0 0 -0.978069859546679
0.192532960713969 0.348486986300976 0 0 -1.22182528635055
0.43131500501733 0.64112971598056 -0.362628452161401 0.446196880039369 -1.49088427055571
0.391399129225722 0.791101884972816 -0.337420875629296 0.511977604764389 -1.52532235902862
-0.0786061832316538 1.08765201061913 -0.242489560851976 0.407874042160506 -1.5078395182291
-0.212324749520715 1.0959678185416 0 0 -1.03141900212649
-0.19058219298547 0.882882506701826 0 0 -0.753212784020094
-0.412315533969529 0.255652824395504 0.216686604608723 0.168123759051633 -0.348277976064057
-0.542830466259201 -0.33184465569753 0.321192956669144 -0.11651133443937 0.040915750512643
1.9349178920181 -2.18322802063577 0 0.0548704518938664 1.08018560231841
2.2294072615556 -1.9694281963768 -0.303470157774351 -0.288035633734889 0.579498528912807
1.81935313445809 -1.53110059001381 -0.265202013344951 -0.065077249153875 -0.0220814285927892
1.34850982158965 -1.16686951601559 -0.237239593715954 0.120499824570689 -0.542726969027728
0.696979358176139 -0.723007509327805 -0.221671852280791 0.16062181857866 -0.929334687578743
0.0722370388698641 -0.290594612846532 0 0 -1.17687589752986
0.0109364057107956 0.196634300501022 0 0 -1.26379409743174
0.0333554665882883 0.492556850631317 0 0 -1.20050441475095
0.187128319445954 0.653637780466828 0 0 -1.19475222584504
-0.0282690596798517 0.89520337754814 -0.275805235113658 0 -1.30812410875039
-0.149411562765393 1.00820482492301 -0.324577167302995 0.368983166817417 -1.21500504842623
-0.0770480873237195 0.867596262582878 0 0 -0.775565367631401
0.0241350907301474 0.534872437306353 0 0.278546252896328 -0.503277771282793
-0.0493488199666594 -0.1677938744459 0 0.318357582204918 -0.29418736068904
2.13714447545344 -2.17498044297978 0 -0.371232695678573 1.23370893493162
2.03410122803539 -2.02152988995395 0 -0.214001464866233 0.781750742416284
1.73260550452426 -1.78350994034453 0 -0.068282286833419 0.221063089796835
1.24797397819578 -1.43666873614932 0 0.0813237155801795 -0.40056353392902
0.645067673067471 -1.13215895361429 0 0.0741598667394437 -0.84664203411568
0.329533145022725 -0.847500589384109 0 0 -0.990557565981596
0.227674636477229 -0.381909186705931 0 0 -1.12995379950902
0.155850933784095 0.052079701618481 0 0 -1.29757337898827
0.108950651438187 0.352449457684287 0 0 -1.18301476370419
0.212300210000312 0.52183860224599 0 0 -1.06319727346628
0.119788167006482 0.675457673490416 0 0 -0.869709155988233
0.00205032268918254 0.750992555602497 -0.28490670512096 0 -0.753187798058874
0.0819611902920937 0.42021953255701 0 0 -0.563219797915959
0.127966800086141 -0.241371281724254 0 0.276931419102491 -0.324562432554368
1.86575464522998 -1.98656246324023 0 -0.366783215499125 1.06399563092481
1.64698092045112 -1.88990480863155 0 -0.169652416955476 0.602261358458646
1.26345933008053 -1.74618823931145 0 -0.00730647597515915 0.0902322917141755
0.980902289207775 -1.63758932949687 0 0.0928784277347887 -0.342460494940093
0.880391150721389 -1.49738990941635 0 0.00273889766277235 -0.737014868016911
0.627652250370606 -1.23783650901605 0 -0.147487518283273 -0.87135752831542
0.395462933655801 -0.906805992757189 0 -0.123491215450686 -0.918365373217117
0.336429282478634 -0.533401315134783 0 0 -0.992233483856564
0.272135574395421 -0.145505193748401 0 0 -1.00731310516473
0.321556104444624 0.239010912013587 0 0 -0.904839139479754
0.329382178843836 0.402398277887741 0 0 -0.70374659158256
0.371684328923105 0.329118428752478 0 0.226511644041382 -0.643384728815389
0.26624081247784 0.162516916854678 0 0 -0.615036077975756
0.202778958548841 -0.229423715834499 0 0 -0.48550759771979
1.54543027211344 -1.87878354657571 0 -0.260932069558766 0.859959078729762
0.94069623004023 -1.78024539282662 0 0 0.185574411023829
0.718292686803262 -1.77336072687735 0 0.103261089869941 -0.117288301132917
0.637646447243229 -1.86748297063328 0 0 -0.417497467997758
0.732514660591574 -1.85601503289542 0 0 -0.532657056556207
0.814301300676333 -1.69107161397086 0 -0.24422661188705 -0.753829333478652
0.734223634275359 -1.37660651976883 0 -0.142198640040317 -0.875034510367333
0.494062945591978 -1.06585970516199 0 0 -0.713964697040938
0.457809963260942 -0.624027723083156 0 0 -0.759533353287755
0.603769154287694 -0.19841873281469 0 0 -0.649605818025902
0.594453306375895 -0.0190771034292428 0 0 -0.497990462141777
0.633786957191912 -0.214251005056831 -0.538089583066657 0.459162383407698 -0.491952860403206
0.570032845594777 -0.421311724927598 -0.717025808677036 0.730549228408724 -0.425479538764177
0.535348958875953 -0.64713505307913 -0.766477636158898 0.87973500280239 -0.265706897244593
1.14151964460193 -1.77485056802718 0 0 0.515442569929614
0.596191058921188 -1.81673412305292 0 0 -0.00736683485345051
0.557427666467434 -1.93553245844551 0 0 -0.114588478480355
0.661872186822947 -2.05480167813376 0 0 -0.281810015111972
0.900188316788884 -2.01400423165474 0 0 -0.404974963827118
0.971268400654969 -2.02396290601019 0 0 -0.541293419254015
0.934371012285749 -1.84013624720105 0 -0.207323584936899 -0.798674923760221
0.805282380710725 -1.45074708059278 0 -0.0833818711743355 -0.858627941196661
0.720565635175414 -1.04134904060172 0 0 -0.750831981568192
0.779011907340898 -0.685521216371564 0 0 -0.551684754088172
0.8757665284668 -0.624603279119204 -0.360209313135452 0.256251933391737 -0.451413452177812
0.926417672350546 -0.954774976976918 -0.619539401780657 0.554658742644291 -0.367896323904615
0.921695458481039 -1.20586588020082 -0.825374066918141 0.833585043352895 -0.348186934661603
0.771005592875628 -1.29882256022803 -0.938173402466823 1.00840914796106 -0.243320473068415
0.947748124307034 -1.74815289121785 0 0 0.402958854647217
0.59850258713191 -1.85897433855812 0 0 0.0214857543315714
0.698633647858671 -1.99940933535624 0 0 -0.0313949382098619
0.821477204393825 -2.10705763280387 0 0 -0.166617315994094
0.998455649016341 -2.17800899055486 0 0 -0.260779405305793
1.1324095315641 -2.15519731045924 0 0 -0.422849198613807
1.02670061995015 -2.12545602562421 0 0 -0.589540476592882
0.929474283585766 -1.80536604291084 0 0 -0.724077244526331
0.800842520654178 -1.41448788001669 0 0 -0.630617146814507
0.9202623197508 -1.13371377977211 0 0 -0.378270808522728
0.933528275618341 -1.25037304488603 -0.394726587130523 0.243286045976125 -0.502889870280423
1.13509290380413 -1.62519005190044 -0.589853197975027 0.635093746929912 -0.482908257444753
1.27086786512715 -1.997462761275 -0.850094857794972 0.978371291086103 -0.437286229591171
1.2009723185481 -2.12677835120432 -1.08160029660401 1.16514062918739 -0.28407636116245
0.806485450176358 -1.80839686216557 0 0 0.314974110353723
0.779890746178618 -1.91221798381883 0 0 0.161252743091074
0.829961335208569 -2.06638108795868 0 0 0.0286327167086553
0.971429287927922 -2.06477679049918 0 0 0
1.08552400260294 -2.23211763088415 0 0 -0.187662626397667
1.17755376269371 -2.21334344904659 0.107225020166523 0 -0.293481759907915
1.19077968614586 -2.17156367721421 -0.0790234888781006 0 -0.208232000613732
1.01746411424913 -2.04711153342586 0 0 -0.458761289810343
0.904221293138023 -1.72684799663781 0 0 -0.526335157099857
1.21003829582951 -1.34064578520195 0 0 0
0.970343176771229 -1.76300932370842 -0.504035521833325 0.258661039873271 -0.452136059702264
1.08233031556662 -2.00003756877254 -0.654492142474846 0.550239357661976 -0.486835546224345
1.29367906783558 -2.29052289135368 -0.832932628960871 0.939017739290298 -0.419068667425152
1.30071681112439 -2.45416594289955 -1.12631395682224 1.09310350234094 -0.198064576995447
0.545890626686939 -1.73995536706117 0 0 0
0.730124548565141 -1.84782423804726 0 0 0
0.899798198228981 -1.9726027137163 0 0 0
1.07280372930378 -2.05650312607202 0 0 0
1.14611865787177 -2.26488633464513 0 0 -0.133986039810043
1.12201754532162 -2.20658828521843 0.119056426267975 0 -0.108346540292287
0.843479807880931 -1.93741443829459 -0.505284907550544 0.61371132580702 0.353004610726476
1.06146579404995 -2.04482583069735 0 0 -0.257810810957472
1.06692560578836 -1.90664536953606 0 0 -0.358209940093939
0.907263141777271 -1.88622885263218 -0.333216581137973 0 -0.413080927363687
1.37276006622302 -1.26719501576053 0 0 0
1.0441327368766 -2.29002592950353 -0.779333525865462 0.46816250188062 -0.359395468158473
1.20759141947454 -2.4670268142798 -0.932071347716919 0.723817689842273 -0.265964193510705
1.16696756351853 -2.54994290682382 -1.19572171067437 0.844519022885039 -0.0525746013125629
