"(Intercept)" "X1" "X2" "X3" "X4"
2.53209201388843 -1.52277990287285 1.20640536659119 1.00527310538893 0.162223241810545
2.26043199921158 -1.4811153648743 1.06046352657719 0.868055720754348 -0.0308420891053608
1.91374418947207 -1.53162386492747 0.853810998806052 0.74058300160841 -0.1310233473186
1.39007353300366 -1.71817122676981 0.642171574260037 0.580916046567663 -0.0993880367375838
1.11323844722903 -1.73773685520676 0.524776050795044 0.477708530802741 0.0469830431019213
0.156092670243286 -1.76705525585772 0 0 -0.120784592926961
0.0986862655580462 -1.48794629175201 0 0 -0.108734995238368
0.0601932211268645 -1.77246078454859 0.36722951555221 0.559038719733652 0.989569142811064
-0.201734896336089 -1.61914636253872 0.391750944434992 0.573507116616146 0.837443220220456
-0.738672513720705 -1.45658809562967 0.630353273051987 0.212158786026511 0.579896238740725
-0.970741471212411 -1.39718641143625 0.853940002439385 -0.0805052939213735 0.0734184933422701
-1.25990110834189 -1.08231408700381 0.700031864978658 0 0
-1.58913454146101 -1.03638021477408 0.943384318503202 0 0
-2.05063872424786 -0.620037322444048 0.608511510536798 0 0
2.52424561290868 -1.31438517396345 1.08737664022278 0.956566523478619 0.239857080454465
2.23764854069773 -1.28978065864655 0.911539941031879 0.861782369264212 -0.00549772977510562
1.99671864335501 -1.23940419528903 0.705268967827172 0.764135877683765 -0.173944626672774
1.722707713232 -1.21135156167873 0.50401453490637 0.663936588542882 -0.241420676666944
1.31448631737578 -1.13386315899608 0.355247755801366 0.464671563076501 -0.244643770194831
0.953341748762356 -1.07544856413955 0.309245685686141 0.338596675446462 -0.123223397350287
0.614086438511653 -1.10731016476456 0.198004599885352 0.443120358559049 0.238722581666174
0.321428288947293 -0.994246527774429 0.0722864795614985 0.513776696383988 0.162161972412108
-0.167710839725955 -0.921522483193986 0.124564420428486 0.435026787710546 0.234227955014044
-0.548990326568305 -0.827268831961335 0.419591285172457 0.195162541141169 0.130939641832703
-0.791979907232904 -0.764949496273668 0.693416841490012 0.139463707904304 0.0346016530351502
-1.1413624260857 -0.577175852722104 0.717176954925579 0 0
-1.43031635713975 -0.578720504303705 0.870799066015456 0 0
-1.88122478941047 -0.274723738288598 0.364462715782599 0 0
2.36244525864566 -1.21353658134733 0.964871486047568 0.859350387405348 0.305522891092405
2.17582430749616 -1.12530186541692 0.751551185200278 0.835930611312782 0.0398758110832479
1.97576247558832 -1.01751236173625 0.545525992478022 0.767675844341736 -0.188359119970993
1.72178212524704 -0.929470870098606 0.348070802815709 0.657474229851641 -0.347167720819821
1.58061363613931 -0.766189284274844 0.148602230568913 0.591069044584998 -0.417536164078003
1.22132540562946 -0.559377828854207 0.00337247482475938 0.394842822547638 -0.448389969550383
0.978437591531381 -0.474034107546876 -0.182909386977801 0.452041442263385 -0.3468669914011
0.666328095437869 -0.42682283474927 -0.365387811820943 0.553391484825041 -0.507891674502236
0.163489928310647 -0.345995949824238 -0.137399438195025 0.454757033041294 -0.333087499573342
-0.316608894712034 -0.157414389452056 0.21894373112088 0.274738411574989 -0.274504834143911
-0.617360021792139 0.0566968926216536 0.344027257529716 0 0
-0.952421532427715 -0.0232366375421319 0.520932539134387 0 0
-1.25072552179342 -0.0867379747605479 0.5466935540082 0 0
-1.39528887003261 -0.20330665017046 0.64065861349767 0 -0.0200869770525431
2.19000770427498 -1.18109146561132 0.866080915451114 0.739687535189383 0.387947778949697
2.0740068430168 -1.02126918539902 0.571785263812036 0.789014067936415 0.100459632597472
1.85832540692789 -0.907293223227853 0.349883847616379 0.771048027111784 -0.175795571720858
1.66021128678596 -0.782697394542128 0.161763600029989 0.691198930105366 -0.398911771562584
1.48308021857353 -0.625614413877796 -0.0318060539094536 0.566058453122017 -0.542839885143312
1.31536141097377 -0.381504497569505 -0.247427522961225 0.441146182994231 -0.659576065020833
1.09347809035818 -0.135194984620029 -0.522903066608379 0.422516467325685 -0.710317731812772
0.847806725018555 -0.061926325172814 -0.650759078032476 0.562707185904099 -0.749560589741834
0.540960681296908 0.012700972708148 -0.326517271497579 0.441173634896164 -0.655509916495156
0.029401916294599 0.292791746489092 -0.0268038097858804 0.268013505152807 -0.532442035529877
-0.439282103862128 0.563538038514279 0.256298318852273 0 0
-0.761459036171558 0.458626794582656 0.340664801088118 0 0
-0.863439609642274 0.265156328257629 0.391340853810393 0 -0.169978259551834
-1.25686953177969 0.0511918409546177 0.4560605707644 0 0.0809616329760521
1.91449984501298 -1.2646658538856 0.782215756741302 0.56302883487049 0.476535457947643
1.78232909349465 -1.07360342131274 0.505103145863025 0.625229165467345 0.138980427581672
1.64711950839166 -0.899479802625706 0.198054790054294 0.694580683020984 -0.152451199222673
1.49728075791336 -0.770450817143779 -0.0758001189832016 0.712062223817176 -0.409962777887605
1.3182721567581 -0.644741607737055 -0.157100224306662 0.511488277177302 -0.603739801076492
1.11938924747991 -0.411304004048046 -0.318944672917385 0.330365461366239 -0.773294931593969
0.979468092759792 -0.0815635959475876 -0.607336304508962 0.369913617635142 -0.856039288565555
0.877585682184587 0.128852573922251 -0.617965151262583 0.454033625491057 -0.801237396265493
0.701300596594224 0.310466956929624 -0.387463480233777 0.350266401629141 -0.753484364462699
0.297073820703127 0.559522248040003 -0.151964264796248 0.22682788801361 -0.592504735188162
-0.0525035735700639 0.794827388669567 0.117630478501911 0 -0.465949454287652
-0.414766049930089 0.71106513854017 0.234215993421624 0 -0.352515800506673
-0.746203612406746 0.453800158718545 0.317628150368987 0 -0.0977949346055551
-1.09959906820358 0.185747885460803 0.395847895882183 0 0.187213332291118
1.78360665035583 -1.35251025419181 0.724998288120798 0.359725696033175 0.649301856674783
1.58378877224589 -1.14438441646805 0.449343211394251 0.449530446849337 0.232824179892979
1.39107644156176 -0.964861942627902 0.210377084515118 0.525882991255401 -0.131899518237184
1.12585698503107 -0.809862189008418 0.0173460208786629 0.505556340965792 -0.424264350985318
1.00040445867668 -0.666593556819398 -0.0557113190137482 0.345240710076636 -0.655653559332125
0.751940877606372 -0.386252184761296 0 0 -0.740642921662366
0.659495154599436 -0.0525366864627958 -0.325858177323073 0 -0.884444785916351
0.860632998809929 0.158947752241113 -0.348171961683341 0.24774716144773 -0.858658974045998
0.608314899471705 0.546629457231976 0 0 -0.506951845102738
0.415228212415358 0.816530159492054 0 0 -0.698439305606999
0.191059097301585 0.950265975322116 0 0 -0.586724485629148
-0.145702092273364 0.799416316105806 0.0951047285814392 0 -0.372748273302197
-0.422006329391654 0.615022664045076 0.157584658877068 0 -0.163529642341485
-0.665997449410014 0.452288656589989 0.24481575472303 0 0.0298684408171749
1.66784638878962 -1.41078111288302 0.6895344714506 0.191337818544926 0.85551722855157
1.44920814133023 -1.21371760502018 0.444998905149751 0.333214837154585 0.409734001553833
1.23348369944456 -1.03103255770086 0.277343784059634 0.491021740089181 -0.0141489328179207
0.887148123408436 -0.916251938579874 0.119165004679987 0.355642907219851 -0.455017194302011
0.727657802945509 -0.80397059617327 0 0.0923573806579307 -0.799593708796023
0.502186210785541 -0.449972316869124 0 0 -0.900895110001875
0.429547156023361 -0.130498419998831 0 0 -0.63711804771357
0.582477665335535 0.203162609154955 0 0 -0.699381767669923
0.644460271116591 0.478005198320237 0 0 -0.803907047411231
0.367734380803627 0.642187830762097 0 -0.17682686732197 -0.815601588204194
0.287468363865881 0.794140492836062 0 -0.156229289902954 -0.585099042448186
0.338726720184093 0.974153989829575 -0.221651372416725 -0.0176531884168423 -0.530974577325549
0.0865553789682069 0.773761669650201 -0.145066184708095 0.108724280715945 -0.206091723425111
-0.554551888379115 0 0 0 0
1.20553056237364 -1.41107655103588 0.674131523139664 0.120935992098862 0.94860775023608
1.08847201384662 -1.30979418091233 0.449586607023297 0.244322632801722 0.483594308758636
0.90801779704378 -1.23549224304222 0.231212457075942 0.310833784593663 -0.0441126146860874
0.735653859422448 -1.13928428692996 0 0 -0.57927668482758
0.713075479194511 -1.00695508376118 0 0 -0.793248080314708
0.574857465646818 -0.787039795745774 0 0 -0.861225107545559
0.464074408246731 -0.45827413841867 0 0 -0.742638823045165
0.518679814747543 -0.0580522778808047 0 0 -0.797436080668667
0.546473314452323 0.264224042941591 0 0 -0.746283958597318
0.548771898364931 0.408935790344131 0 0 -0.633127369685954
0.408153301310888 0.577341588453669 0 -0.193148925082864 -0.555754071496974
0.309716851243716 0.662803094834474 0 -0.139972312039286 -0.313756937918872
0.258976601442435 0.636886948809065 0 -0.0921469003287799 -0.191756699141184
0.145875183120826 0.489426469415084 0 -0.0524830758859124 -0.117123106052932
0.401752289354948 -1.38710713255839 0 0 0.146568078644435
0.428672900512469 -1.30286257568081 0 0 0.0664004289451316
0.417342155644535 -1.26158949839822 0.137432097405799 0 -0.119317667560462
0.560804156295633 -1.3065028410509 0 0 -0.515521528560803
0.703251077957624 -1.29760695392399 0 0 -0.784985412399389
0.72232646471083 -1.14253868990668 0 0 -0.821621095397024
0.596654972769157 -0.836321888196059 0 0 -0.656381287731721
0.583249473510147 -0.449092663232287 0 0 -0.754327869983273
0.557041295063959 -0.0681728545353926 0 0 -0.656157761090114
0.552871496928137 0.207196227775041 0 0 -0.502318478200903
0.544467360253248 0.317097649821693 0 0 -0.353002838367367
0.482574711929185 0.391812393643211 0 -0.114595509133022 -0.231231182816599
0.415983712911616 0.392806580913523 0 -0.124579313691905 -0.0892470949214827
0.359932446601201 0.35852028710941 0 -0.0828648572114696 0.0460543306743111
0.223246508736216 -0.991560199802476 0.373673079192541 0 0.728948145336344
0.103292619995776 -1.17965110301163 0.289628808953954 0 0.376387160888403
0.137648238847748 -1.45606697358295 0.223401769501582 0 0.0164582614466807
0.410121318740885 -1.5514694312756 0 0 -0.368122984126982
0.640402757278822 -1.54456178628876 0 0 -0.606778761127853
0.819183062711106 -1.4440528800575 0 0 -0.747952799793689
0.770940889042057 -1.22105732571852 0 0 -0.689128531700674
0.668358315993214 -0.865274673244832 0 0 -0.682800748667657
0.642094653226415 -0.486948238721821 0 0 -0.588662811474174
0.722397667588975 -0.171057004760851 0 0 -0.410406965615845
0.794591672111913 0.0717203888415478 0 0 -0.202398780783446
0.806678818834405 0.147914386657149 0 0 -0.073094072868442
0.726353645427565 0.106261347432398 0 0 0.00760152563618015
0.63739952432679 0.0865847267422429 0 0 0.0937326842618415
0.0535283920954202 -1.02877118889646 0.399598420228845 0 0.795479693314304
0.0410667432601051 -1.30815369965687 0.34795245343469 0 0.492808758890371
0.141277627642416 -1.59650986784641 0.252794076195278 0 0.18639827710468
0.51028038424902 -1.65024354587637 0 0 -0.222510482775029
0.685818291078376 -1.72327366495041 0 0 -0.394070563217397
0.859941494041494 -1.62968174422902 0 0 -0.565487871599916
0.900719110452716 -1.42458316914337 0 0 -0.610377894046163
0.736101165255267 -1.24767810695968 0 0 -0.524532256848956
0.876284719351399 -0.902227955726372 0 0 -0.5419875575323
0.894364623743787 -0.614674822519263 0 0 -0.376939876341419
0.95101589107564 -0.391544835173641 0 0 -0.155227324831372
1.05491969355789 -0.253722281763621 0 0 0.0453572676956544
1.04438183195039 -0.187240159303759 0 0 0.167236454350159
0.953507685518514 -0.150775084977793 0 0 0.28455443270112
0.0443089017645064 -1.20671204101778 0.492470278003759 0 0.993752499689932
0.0813209647165454 -1.45807856684896 0.381621526268585 0 0.666443528135954
0.223225362997896 -1.69873942021401 0.304581852076667 0 0.343509907023568
0.655254327154066 -1.68939570645618 0 0 -0.0790842568788719
0.772973790975987 -1.81010372085483 0 0 -0.185150247362423
0.960762630988745 -1.68456080156181 0 0 -0.387174994484324
0.999507155650387 -1.69595399251163 0.231150261935338 0.106820680895209 -0.261288147092338
1.1547415850543 -1.48340959163169 0.216484578879219 0.075996214261734 -0.231747443437218
1.02929510958243 -1.28827035451233 0 0 -0.42899464699519
1.10240633125834 -1.05962313260635 0 0 -0.274989250584296
1.16615206964573 -0.843559249569863 0 0 -0.0795210836280688
1.237421596902 -0.691467656328888 0 0 0.0935934232854249
1.31187461260728 -0.574941323064087 0 0 0.27407139160165
1.18363187071066 -0.443435747668732 0 0 0.421377830430882
-0.00967253114442839 -1.4508295661013 0.54535816506696 0 1.02374041427732
0.120703449697373 -1.61705414723653 0.436848950251052 0 0.745986998419289
0.36357723776772 -1.74267678369147 0.289457423587141 0 0.439326859110022
0.797391603232899 -1.70366181723821 0 0 0.0925107299012501
0.937259356139365 -1.74613407980943 0 0 -0.00522651751715549
0.580057928221205 -1.85473572805303 0.202911453920294 0.326864411093298 0.0250508154703572
0.901513219527097 -1.66486990541454 0.0505340592002672 0.525674912563538 0.144561461438004
1.17110659610069 -1.55964638381908 0.0925712069522824 0.529152679156215 0.237277157405757
1.33806100292164 -1.46177033529373 0.155204663562803 0.34305762364305 0.106674066117567
1.27020637802503 -1.47033056478151 0 0 -0.175545803985543
1.37080375001299 -1.27740840675847 0 0 0.0136045977439111
1.45050641796101 -1.10051168642593 0 0 0.209905370239325
1.52046997026363 -0.948803363796211 0 0 0.416567261740295
1.41322731619796 -0.774691755071996 0 0 0.572864666207416
-0.0669058595957026 -1.68063115281916 0.645293457543644 0 1.1952225255004
0.158824188861013 -1.77139498889112 0.470145787301403 0 0.912867839865987
0.807411881054399 -1.62799229572548 0 0 0.336978177269102
0.950488975347242 -1.70709259371789 0 0 0.283940685340619
1.08365125882637 -1.66971889282476 0 0 0.159432562054532
0.353201857833098 -1.87642907160403 0.0857999387371188 0.646147304057398 0.433603321291273
0.615028479267268 -1.63345381336604 -0.179605786140263 0.936768446737779 0.612560224392337
0.974807247227017 -1.59682479479393 -0.137119106787139 0.883998154470549 0.60716162125245
1.34786585654005 -1.5760204279641 -0.00130787442806288 0.712796367051351 0.500303257508482
1.32358002891994 -1.53551025612022 0 0 -0.100027746093502
1.47830430937137 -1.60405359111431 0 0 0.0404012458288253
1.63067025995733 -1.49593715738302 0 0 0.295658624740919
1.68856700023234 -1.30447397092137 0 0 0.525739240473997
1.59844839387761 -1.08834260868002 0 0 0.703377507082761
