"(Intercept)" "X1" "X2" "X3" "X4"
2.32775907971136 -3.1476369868254 0 0 1.69888059030596
1.9840694333373 -2.94493491122514 0 0 1.35620511359157
1.79280847766553 -2.59199163181815 0 0 1.05637491007943
1.65494426026322 -2.14501803773152 0 0 0.701895521345645
1.50815442325886 -1.61431953766059 0 0 0.292166985017543
1.37548435288719 -1.12870632067042 0 0 -0.0447421551856388
1.47312601277802 -1.00419420050745 0 0.277723690758037 0.0446042225159114
1.11003307565697 -1.06553443112586 0 0.257458629332538 0.0240517309710192
0.933486327909297 -0.979319562847496 0 0.270254194514843 -0.0974180830451966
0.797591709201558 -0.998805119457975 0 0.347068982556365 -0.177712196344675
0.574725299384487 -1.03950427149624 0 0.351763104800107 -0.248445670789815
0.292200587575627 -1.04513624652387 0 0.331274187345927 -0.323709380550879
-0.458779852443059 -0.960690757281024 0 0 -0.416732378399556
-0.72930501137307 -0.685382655681944 0 0 -0.400576809978251
2.24725215104399 -2.83030502990567 0 0 1.52845271854461
1.86664762796737 -2.65449178461003 0 0 1.16856121998521
1.67867613416855 -2.28317323015237 0 0 0.856092010107245
1.53687676416207 -1.83969677972961 0 0 0.521540956401683
1.37201859172641 -1.31637576614718 0 0 0.0980135535277533
1.49441515507264 -0.977132235204368 0 0.260497509905113 -0.00239518881393054
1.34538648399399 -0.645839607587095 0 0.308773173539475 -0.246017721039712
0.968410756592474 -0.655130731816191 0 0.299574931852543 -0.351486053631771
0.814631861441501 -0.592190058191159 0 0.349606326345962 -0.446423035970425
0.687550644464838 -0.611459182324632 0 0.406121038479974 -0.468895749026571
0.513584466699175 -0.649184812364926 0 0.420729186558679 -0.467262006299706
-0.17754408185044 -0.385107784679093 0 0 -0.55132885521235
-0.46970281407045 -0.503535355154601 0 0 -0.469913711819726
-0.696672129306609 -0.182677148930235 0 0 -0.482509054261143
2.24177279704582 -2.46866443973541 0 0 1.42122983896631
1.79641434196543 -2.35368510656503 0 0 1.02313453233985
1.64039751507632 -1.943712390807 0 0 0.700388137062892
1.45486783768652 -1.48901402927192 0 0 0.348169549152795
1.42835096348447 -1.06086418449775 0 0.19324201052503 0.0475203251679694
1.18203033769627 -0.785966645991056 -0.257747444041992 0.255329884857392 -0.368452458562345
1.19165849596868 -0.36837407263404 0 0.348609816171339 -0.547709608571261
1.04308336107814 -0.197638289916851 0 0.377235602062131 -0.718797014825928
0.778890258296077 -0.199847285235593 0 0.452994287574229 -0.796859602755715
0.631191449526512 -0.199965207380601 0 0.488888060364888 -0.745684248360083
0.46144736387167 -0.232825634644906 0 0.488935121483936 -0.696675265866113
-0.189698457032183 -0.0380188748582236 0 0 -0.59695992750996
-0.414082446896823 -0.0051935901844573 0 0 -0.543320004028226
-0.638472854881716 0.129469161480771 0 0 -0.53331478994786
2.38164835991786 -2.05215413459979 0 0 1.40036039141168
1.94648761288214 -1.86082280891187 0 0 0.948696084808185
1.67154198589916 -1.54013577381184 0 0 0.582607322801213
1.38769385800305 -1.18716865211799 0 0 0.194294077204907
1.25194028590006 -0.895057175608223 -0.311312131639419 0.311830771390591 -0.268098488271737
1.14960767934678 -0.538210313239895 -0.379308603121969 0.446869642179118 -0.63879982064859
1.01707838265618 -0.171878276974552 -0.303466078647144 0.4770931485899 -0.913996814629595
1.07639086683655 0.0774552050384208 0 0.468943795739282 -1.00790011140256
0.863529763971951 0.162171489688385 0 0.558096495001955 -1.12476404552518
0.614349469487436 0.21171675923327 0 0.541518040097488 -1.03164910039541
0.406936243805192 0.244973464535645 0 0.480913893577417 -0.961283902601159
-0.143043385484535 0.383329914685101 0 0 -0.679920933109028
-0.344875894894287 0.346043633534724 0 0 -0.564609010569913
-0.570535453487399 0.270911366182928 0 0 -0.367609109900675
2.43065315454628 -1.78777055761178 0 0 1.54195592934245
2.00737005725492 -1.50863137347957 0 0 0.897428658680607
1.62763391388572 -1.20843863076879 0 0 0.464624974483694
1.26733063035976 -0.967582577025927 0 0 0.0466867009085217
1.26392742700839 -0.719645937603852 0 0.268080309548551 -0.36924529790507
1.15424114735714 -0.405627658078185 0 0.328010773148999 -0.858422406032823
1.12506541510662 0.00888747391815635 0 0.369001331036965 -1.16452026172946
0.916892713066578 0.361295219624749 -0.175459708236492 0.473789793032607 -1.23302733650377
0.862345423511418 0.482015855133015 0 0.504554705359455 -1.31171157853104
0.625420858510906 0.618638245073367 0 0.541307199433109 -1.32943871522479
0.0395754125410914 0.774245543028155 0 0 -0.853367819744157
-0.0637832699524711 0.759846983940971 0 0 -0.796600669024342
-0.222373476235893 0.698500311580503 0 0 -0.602586785978461
-0.411513769726415 0.511518503818829 0 0 -0.311272566448399
2.4177379727244 -1.61751902002124 0 0 1.70038958650463
1.95017889568034 -1.47144603310449 0 0 0.927183094280347
1.54470014890427 -1.28764167331408 0 0 0.282777557415638
1.3909142876243 -0.994220014343389 0 0.0324673122275597 -0.259782858956245
1.31540039215184 -0.698599945230815 0 0.239009947102554 -0.800010837903232
0.533685892755812 -0.465797249955423 0 0 -1.25084210999213
0.926122555296909 0.0456206889557853 0 0.251421495407824 -1.6000355421492
0.939266863071571 0.394946363196952 0 0.336502484115146 -1.66639515395142
0.911256807597113 0.699142199568018 0 0.421578926513311 -1.59905601782784
0.616281865802599 0.929831545089507 0 0.472740888014854 -1.45900024908388
0.198658560529706 1.0269131174152 0 0.275627027315483 -1.14356249099436
-0.14182454858485 0.773158268978028 0.0303703680366599 0.121609367482152 -0.740478202637202
-0.0718210487571783 0.657663346401239 0 0.0277996907154828 -0.504953973732344
-0.215206704025999 0.398452699776722 0 0.00199820146621488 -0.155839458914654
2.49706107385463 -1.78745606582413 0 -0.359335358301632 1.77653947986591
2.04848126202498 -1.62753033153253 0 -0.261010986799252 0.936756815338494
1.61469425341838 -1.39713124045062 0 -0.177844670829451 0.165920305646088
1.37467834811674 -1.0803376387345 0 -0.00890333592826161 -0.397403928478376
1.1413137833055 -0.718285810133332 0 0.198276418584247 -0.968888664600989
0.526986428279858 -0.384646524741258 0 0.182476464547004 -1.37845146051785
0.304598780101854 -0.0846010119947079 0 0 -1.56137000456838
0.452300337091955 0.308993609953137 0 0 -1.60638494068382
0.782189426364534 0.736345731152562 0 0.318535563870572 -1.73332239699619
0.582673220484808 0.955388996866977 0 0.260623408052329 -1.43308929029215
0.343371308082461 0.946239629089175 0 0.227331931383612 -1.16210550627416
0.206682249824117 0.907014065435284 0 0.0548613519870502 -0.898775560296442
-0.000346501009576901 0.717859937849921 0 0 -0.407593431640887
-0.15544388462857 0.240426599786047 0 0 -0.262025171180281
2.35357802292306 -1.75848034625043 0 -0.531987373641933 1.76258375259869
1.90550963535015 -1.59734078004018 0 -0.407583735793112 0.848691391115235
1.52171855744828 -1.41474199196951 0 -0.25681483426605 0.0742461674555105
0.943129370447731 -1.26917403414721 0 0 -0.499090554557641
0.50852231204753 -1.05034147295751 0 0 -0.853197018150895
0.254691752209194 -0.807774193421395 0 0 -0.862375446592467
0.193287502159854 -0.421856118216197 0 0 -1.23236555006
0.311674558973289 -0.00150968071235168 0 0 -1.328712663321
0.342250064439523 0.358229802380232 0 0 -1.40218792646889
0.429609358722585 0.654640314332311 0 0 -1.17417845643975
0.124800312971075 0.863688622328106 -0.296160260173081 -0.203316638586832 -0.975685829757637
0.243459525359116 0.789022118575306 -0.274561232094221 0 -0.6390375241177
0.0934605759604262 0.405607774975001 -0.322697431099321 0 -0.347661672671629
0.00586867053260784 -0.0678786736555214 -0.312569395382761 0 -0.150816560060732
2.16293403009545 -1.65641934506319 0 -0.597781859835081 1.58462268042548
1.61500789643493 -1.59555040250327 0 -0.526900734615127 0.779028188113599
1.13671050149439 -1.46670502989062 0 -0.345187398788787 0.110892186961414
0.699459940640849 -1.31816645615821 0 -0.00836241096716359 -0.486809261923956
0.588448875000869 -1.36187811891906 0 0 -0.864415792648756
0.455744730704875 -1.28019529174471 0 0 -0.805025155170772
0.231970585529586 -0.962580365278888 0 0 -0.616702583826505
0.326084152887835 -0.473329904309215 0 0 -0.956967468666965
0.373237533148643 -0.0573583450026067 0 0 -0.962983123929875
0.543149254476107 0.331638494466969 0 0 -0.748224670942082
0.295777555085044 0.587389876766159 -0.316137069505637 0 -0.450818086811355
0.199315081467818 0.434449075362103 -0.538237015691626 0 -0.416593195778981
0.21458670294102 0.078183271351912 -0.611003744521535 0 -0.374269006284154
0.257908574769328 -0.218373648392731 -0.409277265309172 0 -0.20789099130722
1.27200191768559 -1.24905109860686 0 0 1.03892592184679
0.944684113701348 -1.29621741359517 0 0 0.456273650981159
0.396349546850851 -1.33775161173924 0 0 -0.148201473761383
0.427009246446274 -1.54618293832589 0.19448283768178 0 -0.492242939861622
0.963823763979888 -1.64469392106873 0.079584517013499 -0.217426193387923 -0.614557153093097
0.760868255639299 -1.56259250466982 0 0 -0.892514227922065
0.549551498183328 -1.42954583713362 0 0 -0.949576015215534
0.578960920434908 -1.04628787779997 0.0786228407312731 0 -0.890219876695594
0.344404306369013 -0.595871553788178 0 0 -0.636144493299813
0.63674317023208 -0.091438236364278 0 0 -0.299206392664428
0.580840752324457 0.197860673710138 -0.399884824693663 0 -0.131184132447519
0.372898586886091 0.0739246145656818 -0.602926641122071 0 -0.112092880744288
0.27855267400081 -0.198922305599685 -0.97870913997252 0.132403957003319 -0.0775824403281507
0.36879920829554 -0.535334043100094 -1.11990609448811 0.40681085629942 0.0481444924463089
0.953264418927179 -1.24607505407789 0 0 0.945132551533345
0.482332587721004 -1.22815288577835 0 0 0.409442607046122
0.32721166011111 -1.41005692849138 0 0 -0.126823902034557
0.448692078787127 -1.69767703354443 0.117503778035483 0 -0.277407746639022
1.02013808878748 -1.85977625551495 -0.0489122287941008 -0.316074891494109 -0.394407412946613
1.14035655439448 -1.85025525143086 0.0220481929738604 0 -0.656532182584784
1.0231458579069 -1.8984394576734 -0.0198542593036496 0 -0.83901206075535
0.765177662412326 -1.56924936922753 -0.116994756804815 0 -0.727491819192268
0.726098586203425 -1.13501601354507 -0.198142613161101 0 -0.491273727736236
0.842259181798511 -0.600643601370708 -0.298568767608794 0 -0.341137328608971
0.756417365194241 -0.303435076032869 -0.405894533349767 0 -0.143546841813768
0.724134456870618 -0.39160758376474 -0.498755612912407 0 0
0.597423754452988 -0.551038085176533 -0.834904888335868 0 0.00412931619640319
0.338282035646831 -0.721683757818999 -1.22594874487792 0.243516282763249 0.33550594789479
0.614270367415959 -1.23610585629507 0 0 0.765032889373737
0.335349129674817 -1.30987218015546 0 0 0.432463307100421
0.314157918193602 -1.58925641647147 0.0572297786825188 0 0.205879876622696
0.567528850627707 -1.74590206205402 -0.0169494449425007 0 -0.104435153841524
1.05379723789605 -2.03025019108494 -0.216185901122042 -0.361387693729176 -0.12860134236302
1.09363780214208 -2.04335378893564 -0.0793457472481354 0 -0.280867205705119
1.21648083870872 -2.18929448027418 -0.185315043842709 0 -0.222313263794079
0.91840004507363 -2.03570263638913 -0.315033929340199 0 -0.307392453944738
0.857845820990591 -1.62811237469733 -0.429141716255574 0 -0.24529265533335
0.843757831776535 -1.21780629578747 -0.491278110331111 0 -0.217044735616755
0.828059811385344 -0.938002063643921 -0.430378673889643 0 -0.165248621424476
1.05118901481365 -0.905326860412556 -0.317669881606983 0 0
0.941314097090183 -1.0626540655692 -0.728471524343838 0 0
0.908773940291694 -1.02134682756911 -0.548646281660101 0 0
0.397036386454216 -1.24824603670828 0 0 0.626366172637065
0.27618534076939 -1.348329511413 0 0 0.142305220510456
0.314212937696575 -1.66077201471407 -0.0819150454783577 0 0.246546954489666
0.580738279552809 -1.70409466359949 0.061338433280027 0 -0.0800661634189005
0.926103103723209 -2.21037651087373 -0.341924816186476 -0.412271932712398 0.206488021239909
0.865120634254621 -2.22181467904868 -0.231371800014678 0 0.192182202170477
1.05756967602962 -2.28625277168488 -0.357541650718822 0 0.303663164899669
1.11509377555831 -1.93234992555225 0 0 -0.399532160762861
0.865509888788476 -2.1027252692384 -0.55945440595535 0 -0.0390888694101328
0.775281088748321 -1.82459364251319 -0.653765795729757 0 -0.0419216414510451
0.813130011984199 -1.54792014074401 -0.559536281452663 0 -0.0859436897736004
0.609259121092375 -1.57243791868179 -1.0931917191377 0.211396576523758 0.298678479309625
0.653621254203208 -1.53582126421688 -1.26277928022291 0.304786176623004 0.42170215488252
1.16128322197734 -1.47545354354955 -0.642409480143359 0 0
0.210575417993144 -1.27074619716401 0 0 0.38311590072583
0.427393630524025 -2.00234167505305 -0.450906650098419 -0.745696358814446 0.817257034762057
0.602020935616213 -2.12831240681853 -0.555354477898066 -0.621811295862561 0.695198852286088
0.705685240428241 -2.28136494834101 -0.506931242191104 -0.567727657363747 0.55184515201655
0.635797305956731 -1.91687111992123 0.0992127125959228 0 0.0534226765320884
0.687527980913177 -2.29978375580784 -0.311120666488956 0 0.502882157548322
0.901550232148537 -2.23183654859714 -0.3933520998853 0 0.530037215377082
1.17311938623476 -1.77156813030642 0 0 -0.386608544917392
1.01873386998224 -2.2166863931835 -0.352911745970297 0 -0.138546132292825
0.749448075730986 -2.27215121070179 -0.699016161556267 0 0.0133662950381144
0.681460154613515 -2.12118271125676 -0.815322651132385 0 0.0949987301632459
0.746943009205969 -1.9465657045584 -0.796895068327898 0 0.140374658205529
0.524610600072754 -2.03130082081712 -1.46717798441869 0.387552700676265 0.686757836639639
1.03634096636775 -1.67973172207509 -0.694864689703798 0 0.175236297443056
