"(Intercept)" "X1" "X2" "X3" "X4"
1.73181488188558 -2.30115441915407 0 0 0.789818145314697
1.56779277885512 -2.13632526859762 0 0 0.574846187223138
1.37524547006656 -2.02327585950806 0 0 0.432987658442202
1.18383626845236 -1.86614800126073 0 0 0.324334615853765
1.01673229986756 -1.594222146606 0 0 0.0889524854880066
0.490067734058121 -1.79915338187184 0.357351774930586 -0.124586122904559 0.380278572443223
0.0785162966117768 -1.8360853216036 0.529296291258507 -0.066601688398954 0.485874296676046
-0.195831793108077 -1.79198470320073 0.677482430048435 0.018476384978427 0.45037670263568
-0.427930234772186 -1.72484428851618 0.825481399061883 0.0761667413915252 0.376093717663895
-0.655665408826299 -1.6889856628247 0.942480802309866 0.083196718371834 0.267672189453418
-0.995442216660546 -1.50132623301193 0.641588083951365 0 0
-1.28006394774123 -1.50255543958759 0.78617557863408 0 0
-1.56984062601856 -1.54169811787459 0.967770607903429 0 0
-1.88198513291809 -1.53335704231285 1.11332464106156 0 0
1.65320300325745 -2.1869337153329 0 0 0.745834700655753
1.48305927885731 -1.99982596087845 0 0 0.515142214330467
1.31743975550184 -1.80946004508869 0 0 0.343125617152588
1.1824903375467 -1.571603160328 0 0 0.200763056341289
1.06348514537816 -1.2750466972732 0 0 0.028565644514432
0.684995134441703 -1.21644399406135 0.150560263453314 -0.0152584712395056 -0.000122485220467543
0.362383295878674 -1.14384382554993 0.278784094474372 0.0788521236579083 0.0496093614406594
0.0599200229159773 -1.11261782524271 0.442124407467127 0.175969283277366 0.0737066897776455
-0.18012792491401 -1.09630909283535 0.568188037992538 0.233838892977626 0.083387915452033
-0.43836583798914 -1.09332800258665 0.690226539269034 0.21879786921012 0.0162312448981351
-0.834334794745376 -0.996529642708507 0.58557354441444 0 0
-1.09106627297188 -1.08645112960795 0.741312051863272 0 0
-1.37834811994662 -1.18875060538367 0.916573257045425 0 0
-1.71393196994597 -1.27297936554656 1.05771466947233 0 0
1.61916871941107 -2.04749566347854 0 0 0.724481422220915
1.4467767175998 -1.82894283176828 0 0 0.468691107483965
1.27561978170587 -1.58306880467266 0 0 0.254826752645337
1.12879993743051 -1.32369692565108 0 0 0.0922090856194326
1.05562589047511 -0.983506636104576 0 0 -0.0798978276412958
0.836817455568315 -0.780793265544803 -0.0412894608564186 0.141959685003462 -0.284748395005081
0.626704967963143 -0.559423442873572 0.0086515256542578 0.193660457873679 -0.333911822000985
0.362538152710745 -0.481722034953975 0.144918049990743 0.322104010794501 -0.272664762695617
0.076597064280087 -0.50453923735563 0.297417992252132 0.385129898751728 -0.223729287110792
-0.237306949480334 -0.518122051193706 0.434458245417263 0.344150517020252 -0.222176717617758
-0.695488472709913 -0.478692378191315 0.515494152376624 0 0
-0.964113598842193 -0.640695839245006 0.670570119276296 0 0
-1.26046666483395 -0.831925305864522 0.828779312038132 0 0
-1.61815547940695 -1.01725157566665 0.938687457566234 0 0
1.59425347080044 -1.92583547876149 0 0 0.771692049231094
1.42006475795916 -1.69351451397197 0 0 0.46789954568043
1.24878684637855 -1.41529886748435 0 0 0.218566028484427
1.12062062677698 -1.05775226772741 0 0 0
1.09183251862594 -0.84468665382529 -0.16250814701024 0.264644925311003 -0.216575260671646
0.911220221054576 -0.521739943923757 -0.203483470669133 0.25491228402956 -0.443400133117193
0.78058360967055 -0.1845709841596 -0.179971560440404 0.247239978412143 -0.557753659204671
0.602126907488845 0.0172176501988572 -0.127880446058546 0.349233486787072 -0.545688241803135
0.337374251609897 0.00486932798695483 0.0259341550534801 0.482700165225681 -0.500124886544846
-0.138126657006687 -0.0393604078991234 0.257321476967732 0.344302975306213 0
-0.564951074544416 -0.0173528258629088 0.409532210402159 0 0
-0.87822557372791 -0.24367822637124 0.551309629027602 0 0
-1.22623644876251 -0.516238650411565 0.663968881149093 0 0
-1.61709983110597 -0.783352225809408 0.721233392690729 0 0
1.56394263209995 -1.81347554684494 0 0 0.803541460798394
1.3989339476077 -1.61038528118949 0 0 0.493691093565755
1.21176410039545 -1.34453522047988 0 0 0.198536000752398
1.05320625066273 -1.04817962723076 0 0 -0.0234080848004955
0.912060259757365 -0.734567416873872 0 0 -0.185020092109014
0.835798687080709 -0.408286508359933 0 0 -0.400920088175272
0.754838169313144 -0.0613100928583091 0 0 -0.593358390652126
0.630311644200987 0.23418326441519 0 0 -0.612488642663897
0.536938990123662 0.387651382151549 -0.17668330684224 0.443871778945267 -0.739141769114716
0.125535116125657 0.389345874755963 0.00239873868092844 0.457096066292991 -0.553279489080053
-0.41297270591987 0.281084704140131 0.304520020618155 0 0
-0.798193427641681 0.0601016724209999 0.391906743006031 0 0
-1.19322372737302 -0.186986643842795 0.422265836744866 0 0
-1.62652275156366 -0.444689677611548 0.437622678928948 0 0
1.49813502417039 -1.6841653678727 0 0 0.795934999043168
1.33147004654799 -1.53345413111409 0 0 0.448152402795502
1.15175548208494 -1.35681858153186 0 0 0.130599472288904
0.968335573505824 -1.10731697521721 0 0 -0.155302516773453
0.8024695345664 -0.79872290956122 0 0 -0.388962980379119
0.693395832708995 -0.435561980745017 0 0 -0.645584693545734
0.653417058789608 -0.0637875472012951 0 0 -0.845935276552122
0.6106359081392 0.269752920844028 0 0 -0.889824022351454
0.442052073880461 0.448729435911361 0 0 -0.394880471234243
0.27322726210256 0.602490261995168 0 0 -0.597552044444393
-0.113587371514518 0 0 0 0
-0.491158155864509 0 0 0 0
-1.005025788849 -0.0244185639798455 0.295185959113705 0 -0.159162884565791
-1.39061723770214 -0.454895270148367 0.327799443675736 0 -0.0873232765583011
1.36234083556934 -1.51140505744986 0 0 0.788043479563115
1.21376711630176 -1.46972988203499 0 0 0.418989781230126
1.05084343615626 -1.38873050268864 0 0 0.046446721224084
0.851809297831732 -1.21548372325052 0 0 -0.29214604776325
0.597764387874727 -0.901358184285589 0 0 -0.557322282637343
0.391177216205587 -0.505957071052275 0 0 -0.8148519652173
0.339878291253287 -0.137199856226478 0 0 -1.05089471373475
0.384053729754199 0.204012571642007 0 0 -1.04014145481313
0.389777717227527 0.430498419001138 0 0 -0.920112595181659
0.283988297833246 0.618886939424876 0 0 -0.780586358269796
0.0799543071736655 0.690472025955902 0 0 -0.540590429287948
-0.266271688187212 0.433688340808352 0 0 -0.261943594857617
-0.69166514462974 0 0 0 0
-1.07162203007741 0 0 0 0
1.15552463814072 -1.4315555815394 0 0 0.710500202009217
1.04446990857496 -1.40390511268056 0 0 0.35794552376315
0.907205043019613 -1.37475203891325 0 0 -0.0153251378800617
0.729082382961149 -1.29294911869799 0 0 -0.381359617359746
0.527043226194027 -1.0908410493458 0 0 -0.657880657289678
0.369111626202939 -0.78363945485873 0 0 -0.776266894108472
0.270473075302046 -0.447771180306576 0 0 -0.887692488241563
0.246453927014389 -0.0804828009304184 0 0 -0.939661222555309
0.309445438139521 0.221850530026339 0 0 -0.893885865653028
0.357513524109393 0.442141650678035 0 0 -0.730008178749451
0.24286724579227 0.559146784248714 0 0 -0.513482078764094
-0.0167438040613917 0.487299932297105 0 0 -0.324283834140988
-0.312006773045892 0.319132154337267 0 0 -0.227093035924889
-0.805160992747855 0 0 0 0
0.940467105884557 -1.41190140892792 0 0 0.605496503238413
0.853259306609992 -1.40553740696198 0 0 0.294689338013742
0.721505498155159 -1.38044992100253 0 0 -0.0668924491692126
0.608909548110966 -1.33366388678523 0 0 -0.429142072963543
0.586140591076832 -1.29908026639396 0 0 -0.647215662355701
0.4971785816316 -1.16373905713038 0 0 -0.617550020647497
0.361436060597067 -0.881171733165839 0 0 -0.564400469671091
0.348926670091197 -0.485902667127258 0 0 -0.746361039417724
0.42207291405216 -0.110611989687043 0 0 -0.763955872037867
0.467260077381922 0.152369809324182 0 0 -0.599578735327359
0.40345503373848 0.300557545753008 0 0 -0.441634052446293
0.196538582301107 0.314592689600417 0 0 -0.307029197706648
-0.0702002554237353 0.237482192316891 0 0 -0.19134078544145
-0.449398307096305 0.143822970313454 0 0 0
0.783299977419137 -1.43084539604386 0 0 0.560755561690182
0.686807223261405 -1.43251657514558 0 0 0.24708802466177
0.562800399069656 -1.43859510026441 0 0 -0.0827913740197474
0.536942057583398 -1.49003516941999 0 0 -0.371042415385769
0.646575318761088 -1.5039083699404 0 0 -0.538510248865797
0.687176085986265 -1.42540123838338 0 0 -0.583088643127944
0.549427796079731 -1.24135354541184 0 -0.16257172016311 -0.612696957454715
0.468086508236833 -0.923963872483469 0 0 -0.532917710162546
0.560710363852911 -0.523719774957745 0 0 -0.598832071741424
0.575824191119864 -0.195842624018593 0 0 -0.474447356829065
0.543656786914309 -0.000106635878238963 0 0 -0.356318484847299
0.426550069786465 0.135529007391895 -0.3045813708254 0 -0.251333082125957
0.287505010842679 0.158842198108441 -0.316844670263754 0 -0.15416211520113
0.0940889232131643 0.0974220387061041 -0.411835962837779 0 -0.0559845791662043
0.670250907276542 -1.45020235738606 0 0 0.525066871268808
0.560496115640122 -1.45069354009217 0 0 0.217680550428056
0.514580270757816 -1.52605923171868 0 0 -0.0460211178550301
0.57830804501139 -1.63860065404356 0 0 -0.24695877067292
0.716381260940944 -1.68026526005918 0 0 -0.382875651344179
0.802949731026695 -1.65722440371432 0 0 -0.462115643793282
0.746588200504186 -1.54235457077425 0 0 -0.517316776686658
0.636318682740553 -1.356617300102 0 0 -0.507200075252301
0.690148104449666 -0.988148658735977 0 0 -0.534019448410699
0.696295861761283 -0.62434942109393 0 0 -0.416737800230326
0.690378425305858 -0.367369418757745 0 0 -0.313961568012975
0.56287267875085 -0.201012266893867 -0.29477465685076 0 -0.206063691876061
0.461614458784124 -0.0992666132794823 -0.309614171738168 0 -0.119939592953281
0.317982185287455 -0.0344452582906788 -0.383182911436872 0 -0.0244209726044258
0.565558488955205 -1.49123123274985 0 0 0.48368791979728
0.541884699509382 -1.52614791531756 0 0 0.248017579106014
0.584057391494426 -1.62688893970529 0 0 0.0439833495477216
0.698776975031634 -1.73642074260931 0 0 -0.115935773325723
0.820558550046372 -1.79692251879192 0 0 -0.232675174133728
0.907501374196817 -1.81238462886008 0 0 -0.302515885216579
0.904402724420406 -1.74605420970927 0 0 -0.354794451615087
0.80977983056303 -1.5912122535423 0 0 -0.432830555101063
0.822138122136559 -1.41405163437313 0 0 -0.504896962395012
0.832863128590609 -1.10398039912936 0 0 -0.417156379764038
0.683584879358154 -0.818708236382099 -0.312952747583066 0 -0.285483688405057
0.658575038721356 -0.597692561502838 -0.355877215074513 0 -0.170892440000034
0.574297020215091 -0.417574404994639 -0.371632124557354 0 -0.0894001985097941
0.455952348194453 -0.273198332397886 -0.401537765558353 0 0.00313901811135555
0.514919119321204 -1.56687761858038 0 0 0.478753721411316
0.572505597838357 -1.63549406441165 0 0 0.301299576240954
0.681184525016944 -1.73634195953611 0 0 0.149060113291761
0.781297596243597 -1.84657092167712 0 0 0.0141532027574616
0.891338057081005 -1.90416716079459 0 0 -0.0986317485301861
0.979096007226532 -1.90087350813403 0 0 -0.163550795516406
1.01168396352504 -1.80777921535819 0 0 -0.234686214075914
0.960379826689658 -1.66773549613808 0 0 -0.318257435017489
1.04753856092013 -1.54131082696056 0 0 0
0.959652811961973 -1.50696688878756 0 0 -0.341273565003434
0.726310292465012 -1.29334169042917 -0.361768373668897 0 -0.288686419466835
0.723199122149667 -1.01169818418868 -0.416366396685289 0 -0.154172298421924
0.618844037468767 -0.777642531463367 -0.500899120097935 0 -0.0377795924474462
0.511868198935179 -0.568523239398735 -0.546300811277152 0 0.0703837284226117
0.453473726720082 -1.74477514256754 0 0 0.476055998452721
0.564467995666489 -1.81977861618478 0 0 0.349194477813432
0.700905601200164 -1.9108176641485 0 0 0.243830155347969
0.819969072303363 -1.98564303284633 0 0 0.126957187867974
0.932046789555645 -1.99467661888664 0 0 -0.00257458155841482
1.03261835945327 -1.96513410967548 0 0 -0.0773261937209242
1.07494499772793 -1.86302337381923 0 0 -0.162690519405895
1.1031051799969 -1.68509078997035 0 0 -0.247250255778865
1.11105233728476 -1.65388014250955 0 0 -0.221123266490719
1.20607244029412 -1.6143940827977 0 0 0
1.21660117488004 -1.48538543126162 0 0 0
1.18825079505971 -1.17292683294282 0 0 0
0.729599973313775 -1.14504222284775 -0.507399613693417 0 -0.0375218437240049
0.572865990184476 -0.886282623647618 -0.629462401145203 0 0.12096136898781
