"(Intercept)" "X1" "X2" "X3" "X4"
1.00379527175862 -1.90246582802079 0 0 0
0.833539382217934 -2.27078233263209 0 0 0
0.689761367341863 -2.62647477428088 0 0 0
0.720960875211713 -2.31652005104728 0 0 0
0.746405471508337 -2.31578564299229 0.295572295113767 -0.011049111064722 0.316296485559908
0.557415402312478 -2.1110873534816 0.392469323083885 -0.0561122653398804 0.412968088297621
0.343661136862723 -1.96909711754584 0.53685304548158 -0.0119193542494086 0.468344689999609
-0.0459918383213087 -1.84368554968661 0.707530736276248 -0.0645709474575998 0.454348734192073
-0.352514658383474 -1.74405281542762 0.884275703677132 -0.0406144181532898 0.520925204114037
-0.560306075181639 -1.67090598327723 1.07373626375913 0.147230227008413 0.51292327423599
-0.839184082518193 -1.56658818592078 1.33940993297783 0.299140236809504 0.432600307941706
-0.893896405177811 -1.59582378576223 1.68013472040636 0.290583040327635 0.258271646456102
-1.46577932002425 -1.07699907928128 1.36366456646219 0 0
-1.73546254673454 -1.1365889034852 1.59003380886806 0 0
1.1649927647831 -1.38641814922925 0 0 0
0.947069120257411 -1.74701406187933 0 0 0
0.724737387043586 -2.09499540505358 0 0 0
0.690570943173047 -1.91442453185844 0 0 0
0.696265224981763 -1.79699420840224 0.177823493845312 0.135138004089132 0.172044081030964
0.624394247766278 -1.40603388995 0.138903093151834 0.0943718435630891 0.0861022823170262
0.424659874649413 -1.19738261488997 0.248314968986844 0.127361105943803 0.108049441667184
0.0363087519541982 -1.1354075885227 0.399030666589821 0.172234864358295 0.135401407538503
-0.176854096932073 -1.04849322057888 0.495877359523239 0.208124496714933 0.178763689580986
-0.329525064521698 -1.0391555594659 0.626269846496135 0.350785093195293 0.192008181457183
-0.481010682919119 -1.01616076320299 0.932250113778133 0.363984583450135 0.112048012893404
-0.597320834047184 -1.02243321207449 1.28478622963546 0.38317409907568 -0.0161550362150635
-1.34072634319831 -0.613917651988773 1.07391951722507 0 0
-1.66314604051687 -0.662591700518111 1.29770004660062 0 0
1.18905659540816 -1.14349519637112 0 0 0
1.14523024865726 -1.21184484548914 0 0 0
0.917457960877404 -1.42599338826479 0 0 0
0.58890838466079 -1.76968897013091 0.199903312821744 0.0894577104916713 0.177239144710981
0.669618571798373 -1.32983412920622 0.0335522309115495 0.246117832686351 0.0482548044131413
0.668699873621286 -0.88594472863937 -0.0634184908694453 0.283806775775357 -0.0761585069993564
0.575193267023003 -0.490209412855166 -0.084297552728313 0.271670365291897 -0.175007063425896
0.215993497957268 -0.40794055500187 0.0086945047359446 0.380414698754941 -0.168706751092386
0.000584422992430378 -0.34682198462567 0.0664451543257991 0.427280599396245 -0.146012147256965
-0.0742488526774015 -0.399136970441282 0.168856347855359 0.446121140063229 -0.114955996733762
-0.202653363832751 -0.402693234942727 0.515467996326954 0.454583952178469 -0.177395857251159
-0.32648853905096 -0.429788870745497 0.865882904047761 0.456341190666362 -0.27134489969208
-0.968235589593203 -0.256109231604511 1.06468534738085 0 -0.32430314818662
-1.5502020427537 -0.370804769499246 1.09124240294913 0 0
1.09813815586426 -1.17458209373182 0 -0.0967661378197014 0
1.11468137763162 -1.17616081046058 0 -0.0294224120120335 0
0.847043932057144 -1.34116914575461 0.230078259154554 -0.106519377990244 0
0.783661963107844 -1.12774892643536 0.0901887460562076 0.0651859897862975 0
0.794888180231655 -0.915537659222706 -0.0792480486742938 0.198851008555013 -0.129661598291635
0.780556830762303 -0.466317678047504 -0.27368262110955 0.420999587635878 -0.176002418113658
0.746898741315033 -0.0743438226398671 -0.368694458462398 0.407965786734985 -0.281393948626277
0.512949092419432 0.192516354666402 -0.3859106256312 0.441661591930088 -0.282065046636287
0.185812585640948 0.331749089062177 -0.368355524270179 0.482517641112417 -0.322912254935299
0.071433044459974 0.270082241122293 -0.124138703687069 0.474807427489151 -0.355833725716009
-0.329394602992691 0.337217358335648 0.199446032530112 0 -0.311807769343903
-0.767822088498613 0.258893818314866 0.390186997628975 0 0
-1.08666119880709 0.07007176804653 0.6412499828338 0 0
-1.42214293749757 -0.059043575681453 0.718019813912367 0 0
1.34130573593596 -1.53268910311302 0.425307741295605 -0.84320320971144 0.722940000689905
1.17841090856071 -1.38895679641847 0.370688676512265 -0.634394810031408 0.309169103532728
0.946120269748265 -1.24158562933633 0.267475999901731 -0.458976096076822 -0.061866099993385
0.880697224760226 -1.04824145846919 0.0927469663962193 -0.235409046531986 -0.298326103624059
0.928189786440067 -0.806755130481181 -0.0521894840627134 -0.0134177251886576 -0.443969458322442
0.922049945915868 -0.417158312432105 -0.199503663767711 0 -0.436309575088388
0.997689039372371 0 0 0 0
0.552312933265904 0.277927730542091 0 0 0
0.28932890617744 0.798224301972494 -0.594195126367746 0.372921141010237 -0.333985231833741
0.0515616531140053 0.8049822799187 -0.233593342828648 0 -0.386643824545935
-0.400735249951035 0.69601690317863 0.0565940121746356 0 0
-0.770370702617358 0.560919660552761 0.307975082473675 0 0
-0.965198637768286 0.266345753487914 0.428564621202478 0 0
-1.19966264662701 -0.018630868178815 0.473657575599775 0 0
1.51245059479388 -1.42573313858432 0.19630225295918 -1.02186069527719 0.749403458772855
1.44430800152628 -1.25634379095962 0.158826789443675 -0.752886280377975 0.265777035274595
1.21703036321248 -1.09839134643868 0.141511434657384 -0.522777231346952 -0.257502678783192
1.08442172367517 -0.91345746039968 0.0939861266147527 -0.268673902614877 -0.621987591284899
0.981083110691486 -0.724587817862427 0 -0.175990290935409 -0.719658723750351
0.903352321716203 -0.464421915449965 0 0 -0.677869098231591
0.918877598513791 -0.135773316042384 0 0 -0.764524652840925
0.840200294713404 0.245776143486422 0 0 -0.889859691404157
0.659908551700306 0.551209716331542 0 0 -0.735502359381392
0.253119888999735 1.01740687927599 -0.348433224545176 0.224127202399135 -0.66847986084078
-0.17359036432243 0.790851528458333 0 0 0
-0.394192287438874 0.821064257542117 0 0 0
-0.770327457147984 0.509470607044245 0.197339462685031 0 0
-1.08460636294276 0.295113323528693 0.260311952702887 0 0
1.00562232027201 -1.26864526668179 0 -0.829804843782194 0.643792388322001
1.10599564728083 -1.21764215363285 0 -0.581537541876388 0.17284103604695
1.17925045812035 -1.12357560552285 0 -0.274110341086842 -0.256805975883774
1.20711037288735 -1.03290023491958 0 -0.166890865067214 -0.726641784196094
1.10326852275976 -0.82429130881426 0 -0.217879910915469 -0.92118071347059
0.685932159874573 -0.571920556633 0 0 -0.789527550971085
0.624687071726839 -0.205989546355691 -0.247726368925092 -0.236237892164266 -1.04565536198233
0.631223314521923 0.252435324245177 0 0 -0.909542654420359
0.771132518106231 0.497494286018488 0 -0.0713293856080844 -1.22801228675602
0.620335838889599 0.796561836211356 0 0 -0.897619154579272
-0.170456891688798 0.862879477472285 0 0 0
-0.230619495264346 0.701916460711921 0 0 0
-0.458790547411581 0.754194617522939 0 0 0
-0.842975031412594 0.296448400215625 0 0 0
0.98184931494384 -1.28183702173907 0 -0.913886537170841 0.765508308355843
1.05182110439303 -1.25275169029771 0 -0.719756132926235 0.191547588274613
1.13186741690286 -1.23583309970262 0 -0.412473200786699 -0.314478013827717
1.2086762308397 -1.19374925558735 0 -0.201161493379676 -0.817512215137663
1.03921467852809 -1.07947266270187 0 0 -0.98648025640731
1.00431567986724 -0.799454605464801 -0.0396776323365738 -0.246806063473874 -0.943756218901253
0.471498996550299 -0.512722894517926 -0.254551048943799 0 -1.00829628200249
0.463960031108298 -0.0854771608582822 0 0 -0.570079519293107
0.83296616952498 0.379044501605225 -0.225548985458476 -0.0876152417921837 -1.21338413258882
0.886925167777917 0.728201616080206 -0.14231547366683 -0.189614123696427 -0.972778827617505
0.592155581733634 1.03037580225504 -0.200162820480379 0 -0.698136330950825
-0.136578539919777 0.471737319629255 0 0 0
-0.404864386570006 0.621646137638805 0 0 0
-0.707481809501721 0.5870431127644 0 0 0
1.03037777777626 -1.32952347283665 0 -0.86524078731951 0.86839710013772
0.964718005641414 -1.36301910847102 0 -0.659240992073154 0.328469960699049
0.9533667733144 -1.39685345634909 0 -0.482127087646652 -0.235377629626125
0.960405662689521 -1.35480512400906 0 0 -0.729155216910543
1.10942770255569 -1.4141186954001 0 0 -0.937583789600209
0.902731341889336 -1.26099625926769 0 -0.403804010054729 -0.89958542136555
0.58589325703279 -0.930021443273787 -0.0613851543885259 -0.347647487601019 -0.835321013463486
0.471893515179059 -0.477116567715664 -0.103705991979943 -0.251568663885724 -1.01543205733925
0.77378571060563 -0.017524419061659 0 0 -1.04376323390061
0.702899119706068 0.474656557945894 -0.201202659967699 0 -0.857689750036069
0.520574155404483 0.858240608031695 -0.165600775865023 0 -0.640673795867083
0.139369073576303 0.874168318195051 -0.102441635868859 0 -0.480845659044874
0.0855579780505711 0.727689996234384 -0.176221608587917 0.315755475941979 -0.300535616565315
-0.48733821764127 0.556842827288775 0 0 -0.258418482944027
0.915774335772204 -1.41827794580189 0 -0.597588260892328 0.99115083924402
0.590643885743689 -1.38955901210538 0 0 0.420635917505389
0.654787974304939 -1.51736390031769 0 0 -0.0397624763789411
0.856417339660887 -1.66858568184728 0 0 -0.438714973724279
1.2042225597254 -1.73280335455788 0 -0.442924996677214 -0.733562817395672
1.22803700106239 -1.66427650078008 0 -0.543817626683219 -0.879899688351875
0.970977801732926 -1.42154014313343 0.0372201306266546 -0.363131614948677 -0.88250292817821
0.685608049100336 -0.935230128799726 0.0696472322028383 -0.181900489462284 -0.903604302795797
0.58407541522592 -0.367059940720473 0 0 -0.858184056118895
0.626468431763919 0.081090132635957 0 0 -0.646641080682613
0.523937544907222 0.375171201716455 0 0 -0.586991717304921
0.178804830247983 0.477741245068363 0 0 -0.397617143871857
0.0960042168356556 0.496212582632103 0 -0.217879257848242 -0.503034693183203
-0.380548626696647 0.477835058481034 0 0 -0.308969645429283
0.419915224457785 -1.41566471224649 0 0 0.817503403531838
0.444669765743679 -1.55989627101748 0 0 0.426747469776364
0.842495167979735 -1.90695250863992 -0.0746008770754216 -0.450689212498331 0.332258438672118
1.20243026981251 -2.05410401722036 -0.0320607224558547 -0.566533772167358 0.0302443815521784
1.44390754813411 -2.1478476616426 0.0340878772732014 -0.599118640002201 -0.306469152148931
1.37964383341983 -2.02128254210654 0 -0.544427414066836 -0.718122494321066
0.986337906349875 -1.81193709023506 0 0 -0.723497563623322
0.830831485090929 -1.36921482140224 0 0 -0.879275810736532
0.705921578511839 -0.76659791356232 0 0 -0.786828212451343
0.492443831271745 -0.280683829014028 0 0 -0.692151232332117
0.483745123934738 0.0600400503330397 0 0 -0.573076498000194
0.341143223405072 0.211591287562412 0 -0.2849675665186 -0.603053733268058
0.139855017309611 0.174616538798833 0 0 -0.370324861610813
-0.0638134438231085 0.181814941266073 0 0 -0.370808591505287
0.348615954587246 -1.613718251047 0 0 0.947204491184249
0.705455274917782 -2.02578677265797 -0.302921593806534 -0.385487274350608 0.881853999060877
0.906750327232554 -2.23688397015961 -0.257961178658534 -0.482204167328169 0.592149629074284
1.18002858014915 -2.40602794251881 -0.219377680757562 -0.577811750876625 0.304852333452599
1.46252995990158 -2.48816301269081 -0.1111299432727 -0.62569763811162 0.00965194872939421
1.59186383023481 -2.35180206309826 0.0378031589842915 -0.548919325377751 -0.314832793071961
1.28466916300759 -2.04980176639391 0 -0.235348473806163 -0.605400772191281
0.941759148820522 -1.70815890750364 0 -0.158988961022756 -0.698690338477919
0.670346411885655 -1.23160739574233 0 0 -0.68336904408178
0.515239840460459 -0.848765157114293 0 0 -0.482408765975743
0.341639142533547 -0.391048849032304 0 0 -0.587771758183484
0.214008366435609 -0.415805115934821 -0.537676440427105 -0.0812107477069564 -0.512729697857463
-0.0132095889890495 -0.16166601266422 -0.62723737161674 0.0814702416229423 -0.291404711452982
-0.096692490978716 0.0831817120792197 0 0 -0.409983866192064
0.644805031220591 -2.1912894672303 -0.608857943789775 -0.355621755658914 1.35326299766804
0.692239431233867 -2.36475723299369 -0.582468904274056 -0.359060171159273 1.09009255396187
0.883093293018219 -2.57348693672131 -0.513775915036485 -0.462276363970457 0.832879063177498
1.10261376726776 -2.73814280894988 -0.423238454834562 -0.550709434918445 0.569914838831208
1.20813944535856 -2.85379897881682 -0.28637753283652 -0.54104606880777 0.29656121880739
1.22577125081965 -2.6142093523439 -0.216991766610638 -0.287517658675305 0.0980185622589534
0.96633124578683 -2.1112520327569 -0.216784000395178 0.221502512308344 0.0888352791056595
0.605759717695177 -1.73620596291075 -0.119522735862682 0.346803383588445 -0.121263608767453
0.494965264452609 -1.55189712297152 -0.0346464265294513 0.143377824137392 -0.528164796983475
0.334960731168415 -1.19975445682343 -0.0937497383829421 0.0990035768610442 -0.555108256613268
0.273683524893081 -0.87897329765157 0 0 -0.34216802619425
0.108251060199682 -0.494803079256601 0 0 -0.471038244505595
-0.0147765280140727 -0.271731372775159 0 -0.192027103052268 -0.512000241035849
-0.186470815154882 -0.0665156706849107 0 -0.191195556210636 -0.458828990521114
0.543013180744851 -2.54759063347258 -0.861496835360556 -0.312368529764138 1.56339912725701
0.646732721237881 -2.73916825789193 -0.838123558459874 -0.3645987611164 1.32612992125527
0.760998437315023 -2.97033160672625 -0.740263733607 -0.436382710505392 1.09013360171309
0.818979222016933 -3.20749426403667 -0.607080912833753 -0.460426686414122 0.862407582382465
0.830511325246388 -3.16703926896834 -0.539985907044734 -0.27974607042932 0.604572992571081
0.712578748851161 -2.86011768805973 -0.549487882899833 0.137818078393421 0.546520748822354
0.340076604036026 -2.2675266880027 -0.538323871465931 0.661861145905624 0.484660349234225
0.130476774459835 -1.88016252784693 -0.478447449410168 0.822463737205326 0.301491457228085
0.0837577130822464 -1.6722655635454 -0.372791627545083 0.713604831372828 -0.0184407877451586
0.0649569819781761 -1.57783457170007 -0.282777836018661 0.352217226337246 -0.396950750446138
-0.0543643635380042 -1.3031740274765 -0.359690326875705 0.283635227252903 -0.422228056255543
0.00254939216382101 -0.892463544485916 0 0 -0.406206605130742
-0.111249346465909 -0.499541262616759 0 0 -0.353005192779524
-0.343002768903493 -0.282474342470511 0 -0.0697369697791299 -0.420677632462599
