"(Intercept)" "X1" "X2" "X3" "X4"
2.02588927407754 -3.24836234656717 0.738313089788849 0.232284661469394 1.73444334685843
1.82514710120505 -3.02757441453925 0.581578539278325 0.263429370370603 1.33191520650727
1.61996813038481 -2.77566222608163 0.423505954351854 0.262753788133494 0.926760087310003
1.47355104396384 -2.41328492450988 0.28412787759172 0.267612842723211 0.552248669920952
0.957121475462343 -2.13465480063543 0.242739219504216 0.0356307780164476 0.231667746006837
0.303045881075209 -1.97893149610873 0.294113713420592 -0.254464614123204 0.0989129034010353
-0.541215928858639 -2.00543368744755 0.56081066870209 -0.508916688537295 0.264885845433804
-1.0078034903293 -2.02348436278325 0.893606680379083 -0.528318478925466 0.406890937525756
-1.1958173815403 -2.04935716775974 1.1343858977924 -0.427597766888847 0.571103929621095
-1.36468889117125 -2.04163286545631 1.37602644256874 -0.28170729768047 0.678099642802616
-1.51313032813809 -2.04724230738445 1.60360040718326 -0.116629032942679 0.781184019854647
-1.73748277042422 -1.91779689921712 1.82956200722143 -0.00802927441029908 0.888021115814416
-1.98873844657535 -1.72113297424601 2.00337301332496 0.0960300457129851 0.940643706033138
-2.24127775668447 -1.30936209719213 1.35674182536063 0 0
1.95404056476266 -2.99529825046978 0.669497003273495 0.187822253482783 1.57117390249818
1.78885805399922 -2.74682146018405 0.472478416764952 0.26059020713424 1.18602783739621
1.60479622445886 -2.50033146730121 0.297668239120551 0.301839881316967 0.790277046878293
1.55984227510413 -2.08044437818195 0.137649332738884 0.387226597237669 0.408687385161065
1.33846466053757 -1.69221022258697 0.0190150804790367 0.37773706135559 0.0229833316333959
0.705890392920335 -1.4618713050355 0.0258798904475864 0.127579449484885 -0.196324021387652
0.115721449918189 -1.24961148221353 0.154240647375425 -0.0495745261946016 -0.23558952707488
-0.596449570834499 -1.27696772637551 0.520351921709698 -0.131711260084391 -0.054500930746278
-0.810966427746426 -1.33823460705545 0.718006268831453 -0.0620912994418506 0.0727775968518042
-0.98696076595163 -1.35435256178561 0.975652862750227 0.0302060607334114 0.220160563087051
-1.16103102008761 -1.38263036683081 1.2345290969288 0.183485371232537 0.378676512853423
-1.39844710354314 -1.28608950650901 1.42005798603076 0.244657942631268 0.564884707113667
-1.66587494312636 -1.21365067125896 1.62579957448727 0.331023331170445 0.631697551568193
-2.01375916948346 -1.05758654401343 1.24695237593627 0 0
1.91620745514106 -2.73745226699922 0.629813184531052 0.172098474020997 1.42136298833947
1.8102429936942 -2.43397868605344 0.397680056111197 0.272526826361606 1.05680015937171
1.64085115606159 -2.17829087068192 0.182049371821888 0.356871864344333 0.678484782865875
1.60141160956929 -1.77901631849926 -0.013272311477938 0.474123754320363 0.273411885428538
1.35037863336054 -1.35902471053994 -0.158205782141854 0.51274182488215 -0.164624881690493
1.09830489119549 -1.05125899556505 -0.26193293845672 0.527449216031283 -0.501217706476657
0.559533030606891 -0.700536427369187 -0.141808449536724 0.345883657686227 -0.598502237249091
0.0748562578094622 -0.530855936325957 0.00159278915305426 0.310943274166294 -0.570816818103554
-0.385189239770998 -0.626613045686376 0.298653132959824 0.275929979423875 -0.412449130586667
-0.668664965910667 -0.665165988522041 0.628166374027297 0.291680526234535 -0.190489343660961
-0.842711350423421 -0.686991542407282 0.844420476480375 0.404667749022056 -0.0350944463795197
-1.08707308133656 -0.678119441694594 1.01384133064081 0.43903795108355 0.220903616029605
-1.55892525669145 -0.533720636822588 0.910259758644127 0 0
-1.80398285773217 -0.815093680548057 1.12113834581225 0 -0.00869588162026795
1.88719043993749 -2.49296551166332 0.590287962274103 0.143999834060815 1.30291859995816
1.79486386696974 -2.15145182628222 0.331628187493858 0.245437598141312 0.931222979834451
1.72428372372412 -1.80247925443465 0.0854514745736514 0.39065509554511 0.572331391467482
1.65042823677978 -1.47556445866678 -0.152531721535496 0.553677567298425 0.159699751293206
1.41293795448646 -1.07250001495419 -0.326988446481969 0.628751104590915 -0.282495212760202
1.28151786380899 -0.66773591783401 -0.450923573902048 0.709574398176198 -0.663103808301961
1.15038438863773 -0.245879838411292 -0.514090104699594 0.674990868440565 -0.917490375639479
0.765665727652438 0.0231003999995213 -0.456727404833636 0.600527580822753 -0.923915775252482
0.304802516848283 0.0764652587414833 -0.273936649029335 0.535814630112156 -0.888294086564976
-0.206802693524194 -0.0314247830821339 0.132062996447803 0.567106895356168 -0.656447225637185
-0.516249881022243 -0.0692664886642477 0.396085468267976 0.55778061597806 -0.362382889657273
-0.82602692377896 -0.135121067075315 0.665442335495186 0.588116646967721 -0.100063060380022
-1.12186370756544 -0.408954051403902 1.02355662838435 0.63018260611523 0.34707533609563
-1.4692427303351 -0.719650576838336 1.34825228983296 0.705847108168667 1.00248243708419
1.88010862008617 -2.26029651544052 0.534149975840495 0.084767625236577 1.20325963250489
1.76456072534079 -1.8948703208281 0.288975413729197 0.199999665735538 0.829893345321543
1.69053817138837 -1.52590319687129 0.0257443976171898 0.339963553079507 0.444352249260624
1.62415567514363 -1.20387548773342 -0.230209908718034 0.534162130813138 0.0209551487936784
1.53767430768297 -0.846299855174695 -0.416115829786938 0.671158169365304 -0.358439919753885
1.34373889287539 -0.449691851076468 -0.557301229711892 0.702362635323622 -0.7679476780925
1.23046264282727 0.00540462535061368 -0.711520876183349 0.672479594536814 -1.06765152502002
1.12288936436339 0.337211866929592 -0.807017093790855 0.631381372307621 -1.15628321357267
0.834366042065533 0.459679550780917 -0.672027598883504 0.678995105482188 -1.22369566011341
0.186928010633469 0.580684380325222 -0.280823676118108 0.683268406519167 -1.05180258532305
-0.245647276133714 0.485373120291292 0.0363459500252407 0.695095638477691 -0.669613937528758
-0.603602294352115 0.221688063627505 0.472872489301827 0.678967432819671 -0.180188848299975
-0.985811377984857 -0.161802592431254 0.859907193036289 0.613191475205386 0.475977853516926
-1.47233006338999 0 0 0 0
1.87869561671398 -2.08926079680637 0.487914243473775 -0.0106151550728991 1.1416353255825
1.72923711807246 -1.75342048831435 0.25726062196846 0.0783464154347701 0.694964456544208
1.59542094984022 -1.38223642811629 0.0275950637206139 0.191988511174134 0.258334214585831
1.50996748638438 -1.05682859604615 -0.186101069050709 0.306412344296609 -0.197979603584015
1.40889645215991 -0.751056091571245 -0.325050794441093 0.418076368182373 -0.563654359500684
1.0684490127041 -0.395366247979677 -0.40724653493221 0.395253208558888 -0.943983653837566
0.990017017278532 0.120037746698083 -0.631315165387063 0.415664030977593 -1.25831071038635
0.909746688185792 0.443426760479719 -0.74721027899512 0.385929012895103 -1.33149297112865
0.913088745153449 0.624356521611141 -0.673364239941824 0.495157328446865 -1.41148173503733
0.783843251077481 0.882155254596089 -0.762919604921395 0.581310994158646 -1.36914950584384
0.179208278920477 0.678104483761392 -0.193824243890695 0.543040132876692 -0.768064934994703
-0.0831227626286479 0 0 0 -0.307870643532865
-0.557363373551245 0 0 0 -0.13353830870592
-1.11959727932302 0 0 0 0
1.87347694021981 -1.91836318628014 0.413047276827009 -0.107526049127009 1.16133347124112
1.74252722936347 -1.63539522553254 0.241015252199786 0.0107821584392035 0.670601315359016
1.58167077536096 -1.31682452136612 0.072765727209128 0.137859774816569 0.226436212098742
1.41038031620041 -0.954889037557297 -0.168116530272998 0.171135584420622 -0.407139129339633
1.20069988654746 -0.620714125851429 -0.296473424180518 0.27655508896665 -0.862215640237308
0.595046771992194 -0.364624200126686 -0.184738789026598 0 -1.06178883287253
0.680426278926604 -0.066743387288627 -0.415116191747308 0 -1.41767748554195
0.80550727083492 0.319862874449469 0 0 -1.40208551727353
0.656273160491776 0.606521702056727 0 -0.0969843555031034 -1.07807458919524
0.557771497481986 0.659578695188283 -0.40068739727557 0 -0.983970544585737
0.322559812393595 0.747470807973894 0 0 -0.677252942570836
-0.000750546086466196 0.374101615955219 0 0 -0.234676506071699
-0.38723792605208 0 0 0 0
-0.772522813008637 0 0 0 0
1.12448760368744 -1.19773460769315 0 0 0.760120279768493
1.08124934994006 -1.18738280383051 0 0 0.290367891022655
1.24492798277372 -1.29212504232731 0.0138483295717477 -0.0491587683262592 -0.136203273517652
1.06491070068719 -1.04663110722301 -0.0703250442258902 0.057462863213544 -0.694645477326599
1.06883026135518 -0.818366695770159 -0.0711785218964352 0.212254391584517 -1.06974467805397
1.03678700504194 -0.661751345226444 -0.254521087629403 0.256132590101786 -1.23988000008135
0.609839001210365 -0.485889410019915 -0.374465846627816 0 -1.29085074579427
0.596286718631967 -0.0974505798652514 0 0 -0.788095593218597
0.591102272920964 0.142762178059542 -0.241639261610837 -0.182727873582454 -0.988334597652338
0.685680543176487 0.459806559161325 -0.322245297119202 -0.220814713378816 -0.843517697594377
0.648547632081973 0.651341159425081 -0.386715332676745 0 -0.654039758892991
0.436999666154753 0.677662796807616 0 0 -0.315900871721567
0.102657686324973 0.502988971571145 0 -0.0477210409545357 -0.0713880305828158
-0.444119407414621 0 0 0 0
0.710932766028228 -1.05747399076756 0 0 0.546748644646194
0.739068927856951 -1.07137339322727 0 0 0.104002390856587
0.856973755106671 -1.11870042843465 0 -0.217579510276871 -0.235246826331933
1.02145862728296 -1.0254233799367 0 -0.0791529582738758 -0.720685098987378
1.16441450397848 -1.05691577590538 -0.0559329291136431 0.117558615813807 -1.10365903667496
1.11864573999414 -1.04256254726646 -0.172062737225393 0.136441258717202 -1.21248004393549
0.51854282475632 -1.04819241379992 0 0 -0.630180425892343
0.477913099330632 -0.681269725158405 -0.266491836462943 -0.0838257525163835 -1.0782101023979
0.58618996825546 -0.259828317462234 -0.304885693628994 -0.178739423089201 -0.94882755862994
0.638667098582134 0.118352593922622 0 -0.300227332432974 -0.639674717522849
0.789360044813323 0.301678910811131 0 0 -0.416231798024168
0.740583170484301 0.482679638747497 0 0 -0.194427608526922
0.565586435630545 0.47332379062008 0 0 0.024059030735713
0.151215311637526 0.167580113811076 0 0 0.119258079565759
0.280498641124007 -0.966628563491243 0 0 0.276594679608909
0.607941701059858 -0.963381517366957 0.144085873421957 -0.123042179221093 0.156406043286099
0.748344175374668 -1.09957709755669 0.213114900449028 -0.213203242114845 -0.27371263005776
0.840257654192876 -1.22407702784325 0 -0.261332915356518 -0.710765511025058
1.07258660843566 -1.35365180156669 0 -0.2208989706135 -0.866116930074585
1.13542870621747 -1.34668458865598 0 -0.25038229516534 -0.900303950474284
0.847657792484768 -1.40426840475654 -0.147329940916611 0.000279910992942567 -1.0420001682885
0.514495574796821 -1.1540196689531 0 0 -0.705958814522107
0.578718426168635 -0.676319612549865 -0.243871818209056 -0.171044007098856 -0.816548578720561
0.735298224341685 -0.25526519070307 0 -0.281247716450234 -0.547792877393594
0.852938479165622 0.0726650907138219 0 -0.283108137999562 -0.329916845120465
0.972646865456205 0.268923553583587 0 0 -0.0345360408446678
0.873188600561518 0.374308532472913 0 0 0.157233359957404
0.654430524597822 0.357774376243854 0 0 0.388503520501687
0.446716675656811 -0.802037259926998 -0.0250859172680336 -0.135365643077002 0.465134815514212
0.572916796199988 -0.925566568439837 0.0343969147210431 -0.207456895413269 0.0166984699498667
0.792359504403221 -1.1053590697379 0.109765347538566 -0.255706927011805 -0.368297312482384
0.961385596613465 -1.38281500683249 0.131158428821022 -0.300640490223863 -0.649593911977435
0.872368916089129 -1.59996487237657 0 0 -0.674365415820704
1.16386616296105 -1.57732658310322 0 -0.327807764207517 -0.791284346655954
1.19333955398124 -1.41196702265607 0 -0.313376078639555 -0.88666206428772
0.79072932872815 -1.50285304371078 0 0 -0.602341037700954
0.840277096058215 -1.16552399811292 0 0 -0.485826244607607
0.898545948900858 -0.689796136791153 0 -0.180747343705459 -0.401373381692177
0.920117433710884 -0.28132758583481 0 -0.315303060601029 -0.239740735137509
1.07924853413039 -0.049788109236695 0 0 0.0655413213439483
1.09781992846078 0.198403805410258 0 0 0.336885710873172
0.985034005627003 0.292566869081225 0 0 0.485355023636939
0.44725821297244 -0.747120673481629 -0.12774272788207 -0.177248339029241 0.352521511373532
0.632214939130663 -0.882767152236428 -0.110357609796882 -0.129201676056004 -0.0511233871541437
0.889091046140838 -1.09592043563235 -0.0539705862829168 -0.152369263664155 -0.368391711816282
0.971272172868488 -1.51723949003087 -0.0347045784214003 -0.232290400949842 -0.524119387573391
1.00862790012831 -1.80697351913677 0.0466838434302471 0 -0.503997265701093
1.36138924557068 -1.68655880945894 0.108729709296305 -0.249507231183637 -0.580495353421477
1.30179514584414 -1.62203200327192 0 0 -0.64019248380314
1.24925990253355 -1.47226411788804 0 0 -0.616618879363249
1.13451184899763 -1.4038079512959 0 0 -0.489096863523242
1.08443510158773 -1.21152925597642 0 0 -0.303631697715626
1.13487060263301 -0.744407446908278 0 -0.202696313108052 -0.138493901970246
1.17317378252801 -0.396967758858615 0 -0.212252228841772 0.0877158154762391
1.2076798715151 -0.148517951597553 0 0 0.309392054832931
1.20118060807089 0.0811903155249964 0 0 0.603226508880686
0.598319925307756 -0.678678140328624 -0.325142276003282 -0.156644152970184 0.296575434340302
0.7956895121984 -0.854079112244101 -0.32824627906057 -0.0432273653646132 -0.022785702874226
0.950734114308792 -1.1527779095522 -0.313994491029968 -0.0369134439627821 -0.257704723960724
1.0621339276308 -1.48285887039524 -0.337320272058737 -0.0771893486303572 -0.385381590132094
1.1378935094681 -1.65302368695004 -0.345401711358178 -0.0309320279655323 -0.315141472281444
1.09124923666079 -1.65514079040354 -0.17783259691274 0.0701567005328067 -0.236324973933263
0.982381301551657 -1.65967404035958 -0.112380852788579 0.0952653348949937 -0.260619727269876
1.10580835713757 -1.50969926865502 0 -0.148156257243568 -0.347133017781619
1.22293359484086 -1.39109586224258 0 -0.223448086234139 -0.401930254526064
1.20821214784691 -1.37473057342924 0 0 -0.264365104258079
1.28709809747976 -1.24108906346876 0 0 -0.142567365557626
1.33971134334917 -0.85285205445524 0 0 -0.037760597752663
1.32865259869078 -0.508048087429276 0 0 0.22491214599046
1.35441847106367 -0.222564038237348 0 0 0.598776611174229
0.236438436662208 -0.843536568172125 -0.136402692013702 0 0.231997178265576
0.944107222882958 -0.862549151328665 -0.554891356355542 -0.0293142984306191 0.0446772516971149
1.08135509809693 -1.10452262176917 -0.611064531952192 0.040755028490607 -0.144010592984225
1.07789804843059 -1.3183718999144 -0.710418879695581 0.161201732986869 -0.19480889459165
0.920925919784068 -1.50487266530991 -0.65836242786383 0.196201157828184 0.0386951794153068
0.620978865102841 -1.66479545163665 -0.392812783361644 0.410397835748407 0.22118556087213
0.512843715037654 -1.69213429806823 -0.326256898317964 0.525093606606003 0.218579222895862
0.849562588816071 -1.57848741961204 0 0.0972013626650921 0.0256103358144142
1.03862204522187 -1.45746766261845 0 -0.0348875581976398 -0.0671947979666254
1.1652198182769 -1.47524585326011 0 -0.0640537958299099 -0.0928039857125669
1.2088183242386 -1.40526632280503 0 0 -0.0719054299452855
1.34507992528734 -1.17697376986909 0 0 0.142287252187493
1.43081574032062 -0.883916175396786 0 0 0.350855162687408
1.4997485376665 -0.561530175901062 0 0 0.613846189103192
