"(Intercept)" "X1" "X2" "X3" "X4"
2.10806380163541 -1.43455927364318 0 0 0
1.14961813498797 -2.20336066315826 0.0229086138067388 -0.711822968140693 0.708920259778028
0.78705537502824 -2.20029137581461 0.0888157270299718 -0.732795102595327 0.577876472624222
0.546138637879949 -2.03341271263527 0.181294582401259 -0.656261910228629 0.512367819742119
0.412951470118 -1.80706235817103 0.260446245680741 -0.531557798928691 0.485608896269927
0.293939398734586 -1.60204460840731 0.368283348767133 -0.373997222498871 0.569025578294874
0.0608756976825067 -1.47545272496727 0.610709298453725 -0.15259204476862 0.74025980238575
-0.0857624153136254 -1.28977494720186 0.912156115650002 0.0979569705951493 0.756150974636635
-0.265217683131332 -1.12221886109607 1.18544989025032 0.303048850419971 0.809388041207354
-0.439319246402319 -1.02485109493974 1.45146733168439 0.454285347899667 0.837251143464293
-0.631843109903488 -0.975551645836639 1.72668512503069 0.62095903620289 0.864839313392048
-0.864357965824193 -0.94072273472092 1.97898080820718 0.782786354990711 0.93280362907395
-1.09386328172755 -0.92792174265212 2.20082242023402 0.93768073025339 0.995488773028525
-1.27659734824226 -0.92793790007145 2.37448196719902 1.07777475934947 0.924906440068638
1.72669532021807 -1.8836677806385 -0.159725544845485 -0.546680371521776 0.84725202776751
1.35061321531441 -1.88089263091158 -0.114161668101286 -0.545432094446597 0.616770135191828
0.993100313009066 -1.8388214670358 -0.0560347619168144 -0.505052156616889 0.442730554201782
0.71971426643607 -1.67425541334036 0.0133046443082767 -0.411564671339877 0.337734903237729
0.527024423488094 -1.42807732955155 0.0874295698386447 -0.28519894106777 0.249961162959523
0.421588487901415 -1.13911489083336 0.162977771141542 -0.147818500461088 0.211673980845703
0.222241574029457 -0.945263920099256 0.340336582414351 0.0482582658304296 0.236901722679563
0.0532212144014024 -0.751603019830736 0.588142992507222 0.258105568612258 0.294172112892285
-0.10160386181802 -0.634629583318844 0.78833123915909 0.412616180516307 0.336828211470423
-0.329886715602617 -0.588764434238135 1.04737055365028 0.542727367183482 0.463869986905007
-0.542728852455127 -0.589692561494513 1.29948493240853 0.687680659455453 0.564297118043288
-0.797336547487478 -0.614222036645257 1.56368462211567 0.857103152764294 0.692818188269539
-1.04947701841713 -0.650454676897998 1.806631578481 0.996741790820794 0.754026206877362
-1.30777478538318 -0.719823720962281 2.03410237207018 1.09008864465776 0.756423925612179
1.83165170859782 -1.62361156738753 -0.254916001334009 -0.499790556284272 0.810547726531873
1.48026910610076 -1.59179546927771 -0.227664922512283 -0.420998861968551 0.517374308336458
1.16210178267691 -1.4900322159534 -0.201851091740303 -0.322371667602845 0.331866773248466
0.900966682361918 -1.31808514618461 -0.150098120217409 -0.169892826448627 0.18660673733858
0.692589622459569 -1.07405399923046 -0.102037093372841 -0.0198209387978042 0.0659965251325772
0.544921998676583 -0.755512664074667 -0.0182888132213489 0.10696258631417 -0.0392518533303358
0.446577069453911 -0.426328740686613 0.0653594707872372 0.219860034434583 -0.154029215861862
0.288692771677078 -0.226561468275476 0.201610042722073 0.402319076265736 -0.115264030894615
0.170057245274536 -0.117734982014473 0.371401084109106 0.471527242977112 0
-0.218176009783684 -0.158250148354555 0.607661405720414 0.605653538890645 0.123315219391592
-0.465374741125774 -0.212649364164484 0.849693560898336 0.732127501842798 0.273602911847857
-0.751803680678233 -0.296875788470667 1.12621761708607 0.891452366185512 0.443059822477654
-1.06304405385402 -0.406645332295097 1.40217261099567 0.976810317720114 0.532934044203148
-1.38684461969098 -0.525078085555171 1.64730790828909 1.02455089383797 0.596951140970921
2.13062731355951 -1.1247655447119 0 0 0.706211624411083
1.58298793575469 -1.36438864003849 -0.303912703496645 -0.358007553596743 0.439078128360826
1.2644997152443 -1.21136200646612 -0.294731238601714 -0.204384880081294 0.208441608329599
1.02348121389972 -0.999345005088172 -0.272936337163004 0.00527942482690675 0.0507060036126037
0.848838559426543 -0.769253933604243 -0.249262640834333 0.211132186829482 -0.0689761438752001
0.792906522025675 -0.479009488824674 -0.166332497228612 0.33560556890655 0
0.629435340712705 -0.14121741737446 -0.143497072565842 0.333140856649547 0
0.503952660693474 0.0789604815391999 -0.129305520211371 0.4317170815073 0
0.218215605492089 0.150712951279987 0.0387684067932843 0.57531856994015 0
-0.140741852627728 0.200332610457469 0.215668707408542 0.500665547715487 0
-0.394765149755852 0.116404003978939 0.416098616345267 0.7443085202246 0.0191063294681871
-0.726318953575393 -0.0163055773689017 0.674687440657239 0.834324484827103 0.185102664598178
-1.0860064861093 -0.186234133898234 0.941584934641683 0.87351065893549 0.307071892081227
-1.47231697634943 -0.355428469434615 1.19348226052602 0.891395822978483 0.44465350802192
2.10497345388114 -1.35539193214096 -0.340081787009362 -0.535765671634317 0.75078149861312
1.66574638369121 -1.08682302840773 0 0 0.425363922753558
1.36769798005415 -1.04728656051272 -0.330514577648415 -0.226616775892136 0.108772787386894
1.06982757311631 -0.827012936324628 -0.341251915418184 0.0121965239366938 -0.0789570311739962
0.871156692683747 -0.608560921539189 -0.345186193645893 0.245602519134082 -0.205569777785399
0.704653771320698 -0.418781979637813 0 0 0
0.542074843736357 -0.0634522949298195 -0.367964633773528 0.336689035878383 -0.377708597087362
0.487127545140415 0.263301126651046 -0.419011646579439 0.479786923509769 -0.368311102070353
0.302942367925584 0.379282357667403 -0.24819385401416 0.467579783926468 0
-0.133407406320222 0.443770238642213 -0.0679654271180036 0.399279975881158 0
-0.342465710943685 0.393485155146656 0.0183054731856182 0.706557191742569 -0.184582508972361
-0.766422406854167 0.20391801361527 0.263162305284645 0.692267317175666 0.0053557348804772
-1.17161012285185 -0.012985290655162 0.509456923386545 0.665753183009784 0.163149518821787
-1.5334065540394 -0.194631311753023 0.71947774681978 0.670305559395155 0.27930395937356
2.22990767170901 -1.38515236130306 -0.365508069720468 -0.657356662431638 0.732003882578805
1.84446571053185 -1.25281441990036 -0.348213765895835 -0.518460914603994 0.330863438298335
1.44051802068519 -1.0838242565136 -0.362017943631346 -0.35467483182267 -0.0451332338068131
1.1055282295665 -0.849670205197104 -0.388022872792883 -0.151137180209428 -0.348950844383328
0.774735817872568 -0.61795291975889 -0.374917931152729 0.0436112519796509 -0.508055548601797
0.514645117751113 -0.468182187522098 0 0 -0.439163149497282
0.337978180831587 -0.131823625851907 -0.304856418185875 0 -0.617399521215004
0.326832897639798 0.258061818348145 -0.401155564724276 0 -0.619081819533776
0.437106477936697 0.472826249357887 -0.513310745396274 0.492715281783521 -0.567727325094393
0.175793582172122 0.673384889349455 -0.472640966430757 0.548672107544829 -0.496541164206929
-0.404642342532055 0.568137685682596 -0.299762223780558 0.500102485109767 -0.284386957230505
-0.855030949800967 0.373379706800313 -0.12370020509867 0.438671221023244 -0.100576096019419
-1.18748225259483 0.140980230810647 0.0509444575154212 0.397827750463256 0.0669084980957847
-1.46472404084302 -0.038646641081278 0.234840851101724 0.394144373828437 0.149508390183434
2.15951089538155 -1.44372073955784 -0.400802523996047 -0.791897666454921 0.680193193996292
1.78495246557055 -1.32091300000078 -0.377810895415933 -0.649446007093061 0.263405722392682
1.4224111786572 -1.17639934509529 -0.37323868752746 -0.468615392678878 -0.14930866932113
1.08260658525308 -1.01374398062666 -0.383794620416937 -0.230893764376246 -0.488107066585562
0.670180558014212 -0.897605964367387 0 0 -0.555663096355694
0.454254059998833 -0.602829434666788 0 0 -0.620736798066847
0.196098854819594 -0.209789225535974 0 0 -0.582223898330216
0.146450361593194 0.269021166851005 -0.347328874973045 0 -0.723456760703881
0.202224136993343 0.472041644824376 -0.470704791980102 0.0565389622578585 -0.765949970305108
0.173252025294113 0.712495115639555 -0.589835402016465 0.176587812031657 -0.684384155600675
-0.187462719218705 0.826852749440716 -0.585259935736549 0.217550453815934 -0.43632031936588
-0.664853689813707 0.623534403043972 -0.463170117980601 0.192966943913165 -0.185069861700164
-0.984855112124375 0.314350997735395 -0.327995652904866 0.162797320425204 0.00650308098385247
-1.21444270503754 0.271984235449105 -0.17698122641791 0.239079273189722 0
1.38422382316071 -1.33388973855485 0 -0.493852663147594 0.59804528604241
1.23737219867741 -1.3486505739615 0 -0.510354867718225 0.251557440928841
1.09324885652311 -1.31785391245035 0 -0.456312908426424 -0.117740348570381
0.983222482523838 -1.21973171628394 0 -0.340882102237638 -0.444072369153738
0.70054440792098 -1.10238625127793 0 0 -0.640317404073602
0.451113070018684 -0.873558166782659 -0.116696910421218 0 -0.7598705808727
0.157654688809786 -0.535503221030929 -0.204020723820459 0 -0.619232889985262
0.0999639711356642 -0.0638814882313149 -0.273142500009621 0 -0.607619242316336
0.189342943842419 0.393704415544683 -0.310628730707554 0 -0.63025018030975
0.253525076457975 0.711193874602819 -0.373725626549178 0 -0.521363790855716
0.177297026678166 0.930393066130134 -0.690210957918368 0.106911088420625 -0.512143289560292
-0.111514437375757 0.921030752468404 -0.71486071866395 0.133085080035908 -0.274938989478265
-0.565527154017765 0.511612897663522 -0.58943412670108 0.107869637318368 0
-0.868196964135412 0.14426178698915 -0.512065204287272 0.156026080339317 0
1.10120218270254 -1.35883710180547 0 -0.54318392758352 0.447182551284369
1.01570336367299 -1.39007924628706 0 -0.556878007966795 0.127302615317958
0.963095682761342 -1.40704698863433 0 -0.530141383021938 -0.18382985311058
0.91241884820408 -1.33239173492983 0 -0.341884175603147 -0.520331716253793
0.868355938791118 -1.20895915664587 0 -0.129503618575708 -0.746201043094954
0.641499387538363 -1.15412020779731 0 0 -0.550331271728816
0.219604922381172 -1.00066948309179 -0.12145573502618 0 -0.645564290497667
0.188442922513094 -0.539869910591173 -0.18385178612195 0 -0.61528748758461
0.266207940410243 0.0313842307616719 -0.40004227291578 0.00850264578766833 -0.644317492293274
0.314004606675166 0.474621989073965 -0.480047499339741 -0.0491998687538967 -0.471016345292763
0.319433660036879 0.761630652595953 -0.613849779760959 -0.065558543712767 -0.334332690617228
0.123977283607033 0.685402585808898 0 0 0
-0.116805870162426 0.567372044622979 0 0 0
-0.306179371732778 0.285647393944472 -0.670095675061982 0.122952671156811 0
0.865606512280653 -1.35337789625205 0 -0.542948974368691 0.335088809886695
0.84073414543711 -1.42775429854472 0 -0.586471896858743 0.0418590847532219
0.787530055015965 -1.46231775555114 0 -0.520404055987508 -0.3049895080917
0.80702621127179 -1.46706869838148 0 -0.323458418475652 -0.577938939347533
0.910923482773522 -1.42448639854814 0 -0.208360510578637 -0.718486853399559
0.846502521389403 -1.35593378880839 0 -0.154013628454365 -0.553143558662216
0.557252913906016 -1.26013555257261 -0.0735867238112655 -0.0204571105102565 -0.886570650728651
0.386484125128471 -0.980011123604948 -0.162902117474581 -0.00817081824240707 -0.870078796833096
0.313637855980309 -0.468020051216483 -0.34078252696666 -0.0460640557921946 -0.627222959724818
0.300669164873942 0.0975845624248342 -0.447905889522158 -0.140229123261429 -0.477442820341502
0.254853695182239 0.462389205617918 -0.516242176262825 -0.229375919096682 -0.362601487283697
0.31544376597773 0.586492353767888 -0.452024421056214 0 -0.209981376201289
0.277358915149457 0.508541460352419 0 0 0
0.0462131845996348 0.447244386012784 0 0 0
0.73404286033328 -1.47475059195633 0 -0.718138170113658 0.249688444437401
0.675018785154924 -1.5235271633011 0 -0.669795142292327 -0.0613271448926614
0.631721912704812 -1.58843623160932 0 -0.572834658102562 -0.371566491807177
0.691321460767262 -1.67243294153183 0 -0.440638318178807 -0.611307998399971
0.89412802759292 -1.69210271617726 0 -0.371724140911002 -0.699509547573919
1.02012642425605 -1.6373214462278 0 -0.26537513242689 -0.58157929553671
0.851311825987636 -1.5562967962995 0.0146912101741245 -0.180795235623604 -0.932395929908542
0.437088741026486 -1.54043999965736 0.00725549827359023 -0.165189936385646 -0.940040154539638
0.389746035451515 -0.99563257978016 -0.243367219723818 -0.176971723393104 -0.731981773424492
0.334081309089063 -0.431933347743632 -0.370060052464581 -0.227799418389383 -0.613293268634421
0.274476268143569 0.0140117923430794 -0.49467601436811 -0.286971741077921 -0.462600114649806
0.403773923062622 0.214240625581174 -0.479106428740829 0 -0.22759507213823
0.394590682278994 0.294472103449382 -0.701868630212842 0 0.0658224554389629
0.289875925682456 0.426089732923063 -0.530951883217811 0 0.0926965683553049
0.547758844949558 -1.59094788606056 0 -0.821433307779426 0.126645437778954
0.471594284615673 -1.66146133289807 0 -0.754422651438617 -0.184975155856447
0.481407608119554 -1.83390328774093 0 -0.74349979747893 -0.443932970521589
0.637620698056469 -1.95491447421845 0 -0.684463518938722 -0.603469525758366
0.833747457774597 -1.96328264275558 0 -0.537557674810771 -0.655683962465427
0.983446012314542 -1.94784224803416 0 -0.433682235965463 -0.669693431909844
0.988332387419369 -1.85305738388292 0 -0.310743946681691 -0.775471159454693
0.726025800010406 -1.80393511592151 0.0635075383858345 -0.303747080648289 -0.923647951515294
0.457509789049295 -1.51053127850662 -0.0831200473496049 -0.328952639225328 -0.922429962537801
0.342832427831858 -1.00201692010738 -0.311755387874387 -0.363969973416656 -0.776152466982493
0.264787926388346 -0.546061554209744 -0.554857798880457 -0.305241614605015 -0.512560922502639
0.411114573628486 -0.264074282482869 -0.681599428271363 0 -0.154187893381002
0.396095680119605 -0.0895402703169675 -0.785448201373567 0 0.0799839569853471
0.381812487815143 0.0917878603464209 -0.829584463399621 0 0.305779699525976
0.304770524696514 -1.94284122142466 0 -1.09473411324731 -0.0609343784472899
0.278879996668515 -2.08337030619362 0 -1.07315498007606 -0.316009637776039
0.332605288851922 -2.20764745350171 0 -0.990821229912672 -0.520723775445289
0.549024447075408 -2.25103179153198 0 -0.85639346239272 -0.594627319720889
0.752818925095041 -2.27399846886986 0 -0.720141202597039 -0.632745601455149
0.876719791992952 -2.26075437393163 0 -0.592002254008654 -0.70139176798269
0.947552052539976 -2.17706687096728 0 -0.444456010904525 -0.758344358120288
1.00759136469925 -1.9574393993984 0 -0.328688681586054 -0.773979396305371
0.641756503935705 -1.9593404598685 -0.00738737357078706 -0.402983964680605 -0.969439380730408
0.402763659204426 -1.56278783026825 -0.244727476557028 -0.440825215895377 -0.892014984429267
0.275729267004442 -1.11731774231824 -0.577441805230012 -0.330388941083014 -0.566782017602563
0.389020426776885 -0.757691362332802 -0.773708797350157 0 -0.138195373584149
0.410937647028813 -0.496179368210887 -0.827104745960527 0 0.0942909915395287
0.399480516224881 -0.261807068317074 -0.866220320386343 0 0.327287434199944
0.0670465260880597 -2.4000582536149 0 -1.38200908648007 -0.23984652667478
0.0950185097497209 -2.4661521805783 0 -1.29079409919485 -0.416845151586777
0.234330469423012 -2.52794259908783 0 -1.16136886645714 -0.537890432879749
0.472937792163019 -2.5853940536248 0 -1.0301588274614 -0.572392290372336
0.653755960807322 -2.62019654001418 0 -0.8962877379478 -0.619974339178527
0.782472401324598 -2.57836998988393 0 -0.722765598629854 -0.664926826380254
0.959385099147462 -2.39451622393134 0 -0.478881907801697 -0.611393779152331
1.11726098767406 -2.18469726802026 0 -0.288091283082449 -0.547422336789745
1.11808032240432 -2.07362198185832 0 -0.241265137003525 -0.583205459020601
0.72641575894221 -2.0599000378913 -0.228963549226339 -0.329386049806372 -0.768609493507134
0.362667162898089 -1.66529582769074 -0.555483920010699 -0.330005550207377 -0.607532438732109
0.48031744681813 -1.20075656590283 -0.697125192614006 0 -0.196767564781334
0.45962758115595 -0.895098645501775 -0.809878579753646 0 0.0858650865772392
0.439422744999948 -0.613045954107983 -0.853103477676568 0 0.320280766645672
