"(Intercept)" "X1" "X2" "X3" "X4"
2.43999916427136 -1.74593635013366 1.27672031122899 1.02671251434116 0.163177355043034
2.15635862316511 -1.8582215310331 0.960137116358963 0.99256822556501 0.0310669810384514
1.89050941607953 -1.88010531368435 0.753755255511122 0.908686842968806 -0.00528559195571477
1.50552364614525 -1.78608581002902 0.684310928640996 0.656968280434097 -0.00748483989220251
0.87060656422684 -1.81851682149215 0.582488780998383 0.285043211768308 0.14516275501984
0.0443441215560603 -1.90626057334518 0 0 0.00911433493129322
-0.00331882880605583 -1.64294417837348 0 0 0.0149741739724231
0.0933583928061104 -1.81308538971371 0.245989135356693 0.638962362433808 0.9947257459775
-0.449367907328126 -1.60814550928014 0.26760842140056 0.325254274025284 0.607836646975408
-0.931560489845549 -1.59210928101183 0.649741956688879 0.150732991312197 0.705418391088634
-1.03830237350155 -1.29812292068148 0.762275783106605 0 -0.0342349160163327
-1.30510302644999 -1.24815648954191 1.10108584720474 0 -0.0561803601475386
-1.76719630842079 -1.11103699359225 1.31816922993459 0 0
-2.01599960182084 -1.12737340661016 1.57671669269211 0 0
2.33152414221336 -1.53993210451855 1.13492267170234 0.952324339391564 0.196297361229795
2.10783855255781 -1.53996602895045 0.84775597131049 0.919592258285107 -0.00209480228051639
1.83283224013192 -1.53689609285555 0.621473449294195 0.826380260061193 -0.125746961429534
1.71398978024417 -1.35877406439299 0.47397134785995 0.734832202973226 -0.169043795431353
1.45310547950021 -1.18732026932634 0.383571230235507 0.563171869533927 -0.143460161232041
0.643282905095237 -1.16870583918418 0.324402512326409 0.176322565375984 0.0478424416234356
0.636847893936778 -1.06104025319357 0 0.431805718217484 0.0893596577995007
0.261138016232041 -1.09941545960042 -0.0451524535065461 0.599876891004864 0.23218433343912
-0.459635759515257 -0.866848876847076 0.0771894807015006 0.158432377588516 0.0421171699482773
-0.497423474173088 -0.668894341281002 0.254273471105911 0 -0.237735422562371
-0.881070546049009 -0.700013149848133 0.677062879477618 0 -0.0759988094398478
-1.08622215542299 -0.634849788708511 0.963772619280582 0 -0.154832466121179
-1.53916147083862 -0.592293856343628 1.15571803722596 0 0
-1.76519354650223 -0.657731568999994 1.33313062106789 0 0
2.22162683700276 -1.3630318562409 1.00935376014096 0.868352597884729 0.249566109705842
2.05777654696348 -1.25659884469981 0.704387894688941 0.867412746612563 0.00246726210822834
1.80642541206357 -1.21807779842755 0.44391608206374 0.791738741663052 -0.199130423338189
1.65403258178271 -1.0555262587178 0.275969887499639 0.70486737249118 -0.326444249626036
1.47948888892181 -0.845531157563962 0.141552387684871 0.602037582566345 -0.389139729609054
1.21122159801471 -0.5992310843841 0.0414615805376897 0.46684417129852 -0.38326603016562
0.830817336670133 -0.437516949978516 -0.192374951402934 0.385968494775945 -0.377856669969141
0.438744560214748 -0.44756182424536 -0.397785710183309 0.613003683156623 -0.439224177759501
-0.226029124825136 -0.163775097671265 -0.0152541264119802 0.319475410087032 -0.30511919792267
-0.298900883477823 -0.24187103414905 0.198168581696534 0.336932646624681 -0.175455418647599
-0.560693798653895 -0.201085715886756 0.509372247232036 0.28520533549748 -0.1356235732037
-0.767680853788852 0.0214657995937039 0.634822368361687 0 -0.298853879437632
-1.26657608588185 -0.0696427020330276 0.852464205025039 0 0
-1.54138475512777 -0.183867243030847 0.781139712487227 0 0
1.98043482890228 -1.32674521167005 0.901265193600204 0.746406356203148 0.301825308067823
1.81419634940899 -1.15562255634087 0.591233288767887 0.767839963920846 0.0160270330154193
1.71981285425201 -0.955886973143168 0.260385973423218 0.785524772111521 -0.23056907298944
1.56250639591738 -0.791359882663992 0.107379318170036 0.701467589067512 -0.435755719585298
1.43660831512053 -0.623545556139554 -0.0610354739683304 0.619932045312205 -0.557571687817194
1.29368774986255 -0.38464770635202 -0.260085659824367 0.512037365669449 -0.644836453814338
1.05151610058466 -0.125859685118842 -0.688254683448556 0.508528451844716 -0.863401919167251
0.8576921919725 -0.0295299178977329 -0.668877032128746 0.606001980505143 -0.75262771383514
0.4533368418686 0.154534155058468 -0.312611569284009 0.48176769276107 -0.662261109216681
0.0105808086153365 0.401425109668352 -0.00172184354129181 0.406631681111762 -0.63362353895365
-0.260772225648067 0.590359290981733 0.145426746819176 0.29183348976437 -0.612836548572522
-0.813740185960666 0.538640620182549 0.402693646670011 0 0
-1.02042979987192 0.387834676571027 0.413268055750776 0 0
-1.09396269836115 0.0616373672199406 0.443184720258947 0 -0.00448220778491546
1.83874084053972 -1.34588531102413 0.827010115935565 0.578535125122959 0.415279696597766
1.61916279263194 -1.12477332741144 0.513317184950585 0.622315237770508 0.066241866784654
1.45826427371307 -0.908221284933096 0.226456567183863 0.678899955831704 -0.22985209017965
1.38137493225212 -0.71508609762326 -0.118561491738864 0.746657832290562 -0.466734576701869
1.27397933599248 -0.604129615675689 -0.203869707718739 0.587894338677766 -0.645226788945607
1.05015022204374 -0.396943023449282 -0.409950766464485 0.368165565140522 -0.838899775113284
0.987320136486606 -0.0676377545390399 -0.655357558562147 0.450408097459253 -0.832143580948599
0.828715104438218 0.135568828654625 -0.653494408180055 0.538856394270007 -0.776280525178393
0.743836182402168 0.298962015277493 -0.439583342850997 0.411244096787397 -0.737740123666533
0.284614624509592 0.764618487300793 0 0 -0.514739180056572
-0.155712575524582 1.24321560046259 0.0505673764232211 0.315566000166285 -0.72590238667001
-0.319688021994614 1.08989012757587 0.114991342782193 0.259709177973964 -0.559588674456908
-0.561641311974175 0.499083512129734 0.241925292397612 0.0355763342101789 -0.243340323755541
-0.882775584084682 0.144472825541322 0.29886792158083 0 -0.00756328325882267
1.7985487841771 -1.3419478920658 0.712105070358887 0.331987502402623 0.647950334870745
1.53760672897209 -1.11311239917153 0.417183516642317 0.422647862515495 0.223207446642431
1.33950704625009 -0.933755341165087 0.182373079551739 0.563966896674508 -0.161266421163508
1.05360488363753 -0.722996982076904 0.0383087909355789 0.600060818730183 -0.445094057614117
0.873014416298086 -0.613505866771759 -0.0958366772490999 0.386997955515265 -0.720974362451862
0.620696015067726 -0.324559309272808 0 0 -0.802613476516824
0.834184167797512 -0.053158302253695 -0.450710043039286 0.269068734004899 -0.934086140730949
0.756531189475112 0.206124588383544 -0.306590855017922 0.291675604959437 -0.865674386658955
0.577957942292172 0.596282909729539 0 0 -0.53886079647217
0.376252047002962 0.88657424005366 0 0 -0.599677041813352
0.194562855401836 1.07322587531915 0 0 -0.58480273582415
0.0102125470127792 1.06625087762617 -0.0347788468200661 0 -0.480381073800954
-0.350151859093972 0.63405421881245 0.0532121791043762 0.0567871945484907 -0.168041083951488
-0.694277320709569 0.0023156184102837 0.0658940402258614 -0.175364474959019 0.119963535486756
1.69728478463945 -1.33433530702212 0.664971518714071 0.225943485024854 0.872024547423101
1.53356380164131 -1.06202021506877 0.480639148312241 0.415842330983559 0.547955841547091
1.23914453438033 -0.934785200751246 0.282681886577457 0.488617133571175 0.0207194418917937
0.934482418095003 -0.859818244693481 0.0955588674632826 0.507398298739867 -0.524289483115135
0.720554268177207 -0.789057267727745 0 0 -0.795870470968194
0.421405445315699 -0.421325704874965 0 0 -0.998740961212539
0.41876807669601 -0.0655786973953884 -0.055224350335931 0 -0.98527416096041
0.609700463329784 0.255685510134818 0 0 -0.811384876699604
0.606151490201938 0.544520333071144 0 0 -0.850622965679113
0.346753730347492 0.732122378271555 0 -0.120232170611254 -0.762418553377022
0.240744400480384 0.842638784827336 0 -0.135701322719393 -0.513107776228443
-0.101419351341637 0.727115612736519 0 0 0
0.321559716042702 0.997848120422229 -0.390652622547115 0.194320210552944 -0.405390997567752
-0.222809780260805 0.52260105062714 0.0795685896703829 0 -0.102003056281646
1.44947085457788 -1.26433782923319 0.616199334651909 0.224485666138191 1.01391456773846
1.21976184901505 -1.16635146010349 0.414753331448311 0.272188209710846 0.553210673956464
0.697768492831409 -1.18823097505661 0 0 -0.24736284820284
0.745143401977486 -1.09953969490445 0 0 -0.544293210753328
0.706565207205801 -1.02367716864594 0 0 -0.871124623701431
0.574640098245197 -0.811576917366947 0 0 -0.921237409960113
0.509818895279843 -0.468341077877277 0 0 -0.826830384189595
0.560910162999297 -0.0340724500324817 0 0 -0.888920848702539
0.518272509696461 0.344306019991608 0 0 -0.759071190675012
0.503664163815089 0.501102001994137 0 0 -0.668593499120559
0.442381077182651 0.774578761083305 -0.205997220738791 -0.0268794974259608 -0.618381837671019
0.562201283625891 0.861080618763509 -0.298487358151797 0.237102907885715 -0.458993411489135
0.572501551803018 0.839967348464855 -0.457793220280366 0.612534240100013 -0.258593192586323
0.117780575619312 0.493425505785221 0 -0.0614059454678063 -0.113424351525401
0.547202413744328 -1.22719980618605 0 0 0.399760479040996
0.284410217642119 -0.980641703668475 0.214114642396542 0 0.275249797451502
0.346172432882883 -1.28570159996639 0.14000391132927 0 -0.141664516199731
0.444015895738947 -1.41175045658531 0 0 -0.537049178611364
0.679425281795367 -1.35138462949637 0 0 -0.821709944934748
0.715403641849031 -1.20229924557868 0 0 -0.933104368219609
0.589725730181054 -0.876298480524935 0 0 -0.727065823055883
0.580139048503846 -0.417779323266842 0 0 -0.655173306149057
0.483837836655007 0.0290883677149735 0 0 -0.50238725383523
0.542372326469661 0.259459924548377 0 0 -0.465691645812504
0.564729241602705 0.508438628000221 0 0 -0.31253752905845
0.485979665981282 0.500664981537924 0 -0.118694825877022 -0.207416644871248
0.776305547959626 0.563522747045907 -0.387993299588674 0.530060129055197 -0.143408487124027
0.276731862211783 0.283128069871409 0 -0.118953151040224 0.000404826907830938
0.0303455815196429 -0.792880435880372 0.331476125806787 0 0.624672097214007
-0.0448741638107745 -1.08442983794749 0.326879330145885 0 0.296390869352576
-0.0306558678217691 -1.4349679424074 0.321016051985878 0 -0.00326763597202895
0.282537308875018 -1.65576425709927 0 0 -0.385625239516789
0.599379704172779 -1.64074093207326 0 0 -0.632120681158709
0.756786263122556 -1.58620214011824 0 0 -0.806886903704091
0.673009265884672 -1.29711145367878 0 0 -0.630816132621342
0.642664304077406 -0.893053527703374 0 0 -0.663453696170764
0.611142644560638 -0.457308624214999 0 0 -0.661899937582832
0.75883023707328 -0.136831526151172 0 0 -0.435747807444224
0.817875566995778 0.125660131696688 0 0 -0.16804235650948
0.865496032049823 0.229136708638091 0 0 -0.0250744503453783
0.662186396253773 0.0953485609769017 0 0 -0.0304617453868812
0.554464556738129 0.097193312732253 0 -0.107755404174428 0.157392371371709
-0.0668167694728093 -0.889025674173438 0.436333349182692 0 0.771747056054098
-0.0293308031201246 -1.20719519080086 0.279080094925398 0 0.403981458505007
-0.320591242855367 -1.51683701882092 0.548240946138497 0.205455526169349 0.158638835153224
0.344437119079595 -1.8291757464622 0 0 -0.164841519668376
0.657712996867659 -1.79587535208123 0 0 -0.411331245446992
0.836081037828994 -1.72349010507883 0 0 -0.619779236308633
0.895150462757873 -1.68829539749657 0.330920716472248 -0.225972177539456 -0.596333182481063
0.879913275190095 -1.31189255862335 0.200266709298261 -0.290070607868875 -0.752062176998764
0.788678042844373 -0.857315639921557 0 0 -0.598470166349039
0.870308256491432 -0.608072303176607 0 0 -0.413315247070103
0.971065333833801 -0.410270771933127 0 0 -0.144750264520782
1.10027544059938 -0.272681844409894 0 0 0.0605829070270553
1.16801591550483 -0.210903454121038 0 0 0.197161837731968
1.02307819920949 -0.197377804016783 0 0 0.290540202390151
0.0224182599472071 -1.00526790164601 0.267298884659684 0 0.791697874861892
-0.316888387645548 -1.21151843590692 0.598229375775321 0.370422643847747 0.678644663136836
-0.298891032261325 -1.58726131368063 0.552709592107907 0.440576584480074 0.392398072062456
0.0661199018884877 -1.94535795855019 0.434177527127602 0.210091226744391 0.155017433616167
0.812704190164153 -1.78930852414674 0 0 -0.254253079876174
0.854917908196289 -1.8658863576843 0.238935014804227 0.241803883222781 -0.329109197427689
1.05621494843114 -1.75826631197473 0.296256628625543 0.25106691805838 -0.310496633215961
1.19780554028484 -1.50883285805173 0.188545784813749 0.136869981924439 -0.318288792130863
0.925087465320993 -1.23340321525123 0 0 -0.494535018712993
1.01738280457297 -1.0590402007917 0 0 -0.340545248551205
1.13141264855167 -0.858602670761713 0 -0.0590301695731492 -0.143527396676951
1.34015489613052 -0.796175532494126 0 0 0.0517096308277641
1.47924911209677 -0.699518624594302 0 0 0.245503248292015
1.49280127251756 -0.615787320988837 0 0 0.407039929857276
-0.423461628004407 -0.966270493809842 0.724358382756476 0.605252553979244 1.0217854248784
-0.33729441795015 -1.2350443592025 0.618164080814829 0.705461872397075 0.759790989944096
-0.17174992250972 -1.53349417254659 0.544606314751343 0.673318374872749 0.516937451707191
0.0486980734289603 -1.84863642523863 0.481388809691946 0.463909038603733 0.358877783505715
0.163331157580336 -2.01477388455286 0.389657499682751 0.445608148589462 0.219342258980608
0.464614560512613 -1.86457532868918 0.131096229943806 0.612611531196507 0.125394434747403
0.689042332140426 -1.72822786960316 -0.0198378613540316 0.690939370848508 0.237926784761192
1.08526684606766 -1.57656846664072 0.0458167687069752 0.589673199206639 0.208608040144026
1.24008907215401 -1.52906141409043 0.104441010565886 0.332763180006594 -0.00548651758724803
1.18773849501743 -1.46449304742881 0 0 -0.263710693452389
1.35006504782264 -1.36207179843076 0 0 -0.119906028691056
1.55227940073261 -1.25882180126079 0 0 0.0739994708217113
1.69287084094538 -1.12976274039875 0 0 0.288218198950157
1.76420419534567 -1.01329709087838 0 0 0.497925182706494
0.238533236767688 -1.32324257441898 0.154890439272726 0 0.821305322106176
-0.18770187803561 -1.41272510342483 0.623561912702738 0.664626695273465 0.90588979577766
-0.119769203171672 -1.65030001646613 0.574889836991129 0.661270672897324 0.76214908820244
-0.0979849615701173 -1.90954554332094 0.530567710942576 0.556883927596874 0.685043733168161
-0.0943370621602221 -2.04012067741114 0.374598962699134 0.567216148823624 0.645934325174082
-0.080450220181408 -1.91181076847148 0.0283846982226339 0.836583922220424 0.661332928490326
0.47881364247379 -1.65381897536609 -0.248254900537584 1.02953368614161 0.676235700434158
0.866705152531413 -1.65188639577536 -0.193549284688933 1.02346177761858 0.671515309173227
1.15652762684131 -1.61711820289169 -0.0877352851602377 0.778583377446136 0.427209238449693
1.30601181371307 -1.69623087060967 0 0 -0.191067544747217
1.51359032007814 -1.75149330299828 0 0 -0.0409842874314596
1.71930994394611 -1.63809753786289 0 0 0.172603967416194
1.867778889994 -1.53457397624014 0 0 0.351864285142897
1.94779136289488 -1.38960009993662 0 0 0.609285518462907
