"(Intercept)" "X1" "X2" "X3" "X4"
-0.349848573652736 -4.33606665823916 -0.558446033746699 0.684876877314458 0
0.0271654198446797 -4.41926476235349 -1.42650332919946 0.768307514750223 0.691570397764205
-0.219257197472181 -4.06247731044046 -1.18948838185803 0.285326201841482 1.04652085617484
0.168640625222882 -3.20926936631763 -0.550627927347638 -0.0915472937495495 1.37121954456622
0.709095332547896 -2.55085227431474 0 0 0.545829596393989
1.01295298500432 -2.29594919124699 0.413526752154129 0.0710913458321897 0.40064570572121
0.58995355426845 -2.0534551690324 0.459722060081316 -0.141734935027269 0.493428645471991
0.0715251404817423 -2.04136516195145 0.693000145830247 0.0285461892214681 1.1598266476615
-0.511101512333011 -2.19945521654932 0.868880181938808 -0.249306172788811 1.13365379718425
-0.53723123665378 -2.74154807563527 1.07386851153979 -0.142720607061508 0.945225222198645
-0.298349692794148 -3.05928059768448 1.164630297572 0.223437610261966 0.497240181929913
-0.0510406278845663 -3.401402029451 1.54210854185666 0.418504708914654 0.409339147657348
-1.44170674402666 -2.29046316785177 1.32798705739574 0 -0.360563345273675
-1.93025803632068 -2.33601438771819 1.52757848470567 0 0
1.52071906877931 -4.19724522893239 -1.5966899938521 1.57290126693401 0.11908260281849
0.581461585403954 -3.62109509089527 -0.864674205620429 0.702767736099174 0.233109890633132
-0.150644248143342 -3.19925632879107 -0.387982867184522 0.139898068342992 0.25210648679639
0.00385928723149282 -2.78127066332392 -0.0212591623632263 -0.120523292823987 0.655473071364313
0.785716502923986 -1.87624180366345 0 0 0.520907227279133
0.701273090062712 -1.61725027835903 0.260970912009579 0.217933455740628 -0.0937404245211653
0.492193834207065 -1.09898298963479 0.261697600839188 0.101685643670611 -0.113949569527826
-0.0424309161276886 -0.889432694091731 0.440117228519558 0.0166638923315614 0.193530642056945
-0.826587985606131 -1.32456783399769 0.932663273777414 0.132929859501612 0.706877820331202
-0.642901980280672 -1.65621687433214 0.892828864008399 0.245866831652796 0.106987138183712
-0.350146808321154 -2.03536687032599 1.22745571804457 0.373024577166473 -0.36115518172617
-0.142492717926686 -2.33409882828505 1.5717547406852 0.541226623136484 -0.175992541160795
-1.43041147385245 -1.60885849847273 1.05014075340507 0 -0.349586765654351
-1.84472032350408 -1.71152860946931 1.29132938933054 0 0
2.01889373400188 -3.66343424049032 -1.22144815275887 1.37532748977102 -0.223996729064813
0.960330257978365 -3.1152549618939 -0.697031298856092 0.554130411378143 0.0567439091411114
0.0148646784512951 -2.67013939573639 -0.0864282806129792 0.0120426304788066 -0.170833716148349
-0.140100213838956 -1.86529599054614 0.361899383533564 -0.182277490388684 -0.133184486520155
0.788970813981846 -1.31200816815376 0 0 0.255513012677984
0.402831953832238 -0.932836336994409 0.233681689133017 0.397223491244209 -0.201644990664004
0.356191042969726 -0.386489397255697 0.105869914891156 0.419311004703879 -0.5247015644247
-0.145435497459615 0.199266174665717 0.0979528557054187 0.308148903978233 -0.880615386146257
-0.927697993361103 -0.191891186771036 0.580235013748316 0.355781160985092 -0.322701280490387
-0.502507720256224 -0.857612508134951 0.673364188322559 0.5399673354395 -0.627199563074829
-0.552238721259361 -1.15424645132775 1.62811269307117 0.606082155150945 -0.742577998898476
-0.353141705617154 -0.916430849115919 1.25881273276002 0.605659461110509 -0.539324909234076
-1.47692873921118 -0.97329395291276 0.952610002036921 0 0
-1.61508322132761 -1.13147576682136 1.02068624388525 0 0
1.20745290899699 -3.2299515671651 -0.468778982778272 0.379367995944099 0.226766976871819
1.02144511012762 -2.66662886128129 -0.217030438619571 0.168002828732399 0.078070216721801
1.06652874164128 -1.63609745676122 0 0 0
-0.154246183786346 -1.35914029662418 -0.0345214157560634 -0.373779558149083 -0.576403731735018
0.952212485144588 -0.826479309088458 0.123007605042153 0.261993339172627 0
0.670636863387512 -0.610686591590953 0.276656168194299 1.00102907527701 -0.612490467368742
0.771181144008751 -0.330755469587016 0 0.668687315083807 -0.000570455945184393
0.550884412640228 0.132434011640503 -0.0792992190313912 0.721678766899839 -0.766360021550257
0.278991257063003 -0.0788173655021967 -0.108852740804495 0.710025923463854 -0.898012466569898
-0.548967394817603 -0.407437558743671 1.14224430879329 0.686947172095436 -0.687224606071213
-0.46226817525005 -0.436835858527887 1.36100897172254 0 0
-0.749206796774976 -0.0235093905122573 1.0522596677574 0 -0.465787627552467
-1.17866337598787 -0.437784841963435 0.984901610361494 0 0
-1.232566022607 -0.638194517437964 0.766629309628392 0 0
2.53408447604995 -2.5591333382667 0.0161229828496624 -0.193684921907613 1.18929224768025
2.12398130842802 -2.08853530353795 0.181914224992531 -0.246126574601846 0.65184988405806
1.43468276691822 -1.47260186303945 0 -0.029266652188408 0.196839663089175
0.602607887163903 -1.13017716864626 -0.213835131134472 0.460207207165613 -1.10426330606128
0.744311025419141 -0.488601427506073 -0.332670614112327 0.743970584135598 -0.857928561321981
0.808633719365808 -0.0113119437658299 -0.365093509699553 0.856564792579558 -0.0795445577742954
0.710512515536443 0 -0.12211552776159 0.963368084839035 -0.512165838803837
0.874726527505872 -0.315128741827829 -0.168861680349756 0.688358432016567 -0.444848378748743
0.642501117433626 -0.615430058020151 0.510312828722047 0.689964804346986 0.063967618393233
0.0708206016167732 -0.210039059142143 1.06399217540529 0.322005665286807 -0.539690153680247
-0.412582539258476 0 0.553033923828674 0 0
-0.906242257524992 0.436726917722776 0.709837985064096 0.424388492945492 -0.389740425631051
-0.870541458191189 0.121174179433318 0.708615787448046 0 0
-0.844197171403831 -0.387956194659029 0.549965361624419 0.242629243206014 0
2.70948323689614 -1.97481131399736 0 -0.36094832877545 1.48126299304443
2.47391337517266 -1.86234315785086 0.0469865542841375 -0.362494656458306 1.00826393220907
1.82367890544115 -1.45396320638407 -0.069049027021847 0.0626962103102883 0.345778333599656
1.39374228612813 -1.04315643104132 -0.184610107887087 0.389264160615259 -0.262734946603934
0.68107023892889 -0.527431941843437 -0.478160086704724 0.735534288684084 -0.935687544390728
0.468115147004204 -0.119905498422734 -0.0555255802431 0.611135056954322 -0.4601517904798
0.687889275240449 -0.357683517697134 0.0836972947640319 0.697555943970817 -0.0583328064733412
0.723481800432197 -0.622523068831422 0.194430000597201 0.719146335243213 0.0732841837838841
-0.181714678047693 0 0.384436146880701 0.398831167577458 0
-0.00666822610194124 0.256836643271729 0 0 -0.644385831416675
-0.0690887739911964 0.589593667697459 0 0 -0.639936435907903
-0.489589036258634 0 0.492691267313669 0 0
-0.623109411048987 0 0.612399393922345 0 0
-0.923569271633567 0 0.613443055004335 0 0
2.8308714751415 -2.15281152632332 0.34730655374272 -0.752016550480324 1.92456915634974
2.49453036447644 -1.97549604261419 0.0619679551782576 -0.628145081841336 1.4038593779592
1.85367819343702 -1.65893339598513 0 -0.336941439120232 0.667657085243592
1.36049016353289 -1.28231479260867 0 -0.0455360235868743 0.184160378713439
0.700112847285798 -0.823395748475643 0 0.213134840636569 -0.594419249040063
0.398955258748912 -0.470632017949254 0 0.480084643979594 -0.999034082022024
0.334342731006219 -0.0528057279994169 0 0.58678524568239 -1.56192893664315
0.350064053550684 -0.00959362056224578 0 0.681224530825034 -1.41190756208647
0.308733333059045 0.0288848805739923 0 0.455906552710581 -1.07374733185386
0.0610372727381392 0.172041867821606 0 0 -0.706971016966573
-0.00445895452405423 0.717568214440455 -0.455474430391012 0 -0.910785186903988
0.0669292026579087 0.633562425969708 0 0 -0.428359719441142
-0.201735273910899 0.749806672761477 -0.128497446246536 0 -0.142203713092149
-0.634092663390386 0 0.302500663291952 0 0
1.87165534981827 -1.4752421783558 0 0 1.19303199994642
1.61239073131737 -1.5039985258186 0 0 0.82275085107696
1.31654747789662 -1.53219830190838 0 0 0.404134603512015
0.87396475951896 -1.39301327522702 0 0.163634861665143 -0.145853187641568
0.795832313396097 -1.16611629340762 0 0.263808528250702 -0.698457887676179
0.908279356030398 -0.921829271713332 0 0.462880457089066 -1.07559497092932
1.03027442631619 -0.652711286727578 0 0.512233747025658 -1.35843400842336
0.969046423502582 -0.395324489916209 0 0.551915590597473 -1.44702751996262
0.700099211217569 -0.124851068252616 0 0.527539940238885 -1.52193811605989
0.281728490680525 0.0462295944522231 0 0.286913115348047 -1.042711027779
-0.380875462990948 0.371065450339203 -0.551246151449866 -0.126008655602728 -0.950623874847387
-0.138148070794369 0.841808452464356 -0.622981732117535 -0.0200082896170214 -0.648392922391217
0.172174786093646 0.783179399951872 0 0 -0.0504342026554102
-0.0320039196877655 0.683856287113248 0 0 0.269557668917502
1.47508428487297 -1.40706963890255 0 0 1.09084829866791
1.2242817963864 -1.50728011194574 0 0 0.544100057630734
0.774895906270988 -1.66827487712232 0.437562307776745 0.116407928039189 0.00257328035473234
0.654879711855788 -1.66891356044243 0.38471880175422 0.210042298496003 -0.393938197089993
0.844471116915027 -1.56347347404515 0.2513251453097 0.307551176673185 -0.769216448608051
1.03457112485901 -1.35054967720677 0 0.304703199652407 -1.03288309276714
1.22148580587657 -1.19366711683449 0.0838297145880563 0.239338771298249 -1.33601551912322
0.766201244648617 -0.831043043720478 -0.189230015796363 0.00951840177089185 -1.40052693812681
0.477586461584508 -0.636215002049918 0 0 -0.907121181687981
0.509955689036052 -0.310581130204866 0 0 -0.873902322785982
0.506502591790512 0.0202114799704621 0 0 -0.604871102829786
0.301513076311638 -0.0122031156456653 0 0 -0.292533122463373
0.161117987799553 0.0929995627750291 0 0 -0.0691422714820996
0.173842573437899 0.420208513901617 0 0 0.244208562257016
0.804639525664334 -1.0539619023623 0.359368359598917 0.412935397920306 0.787744783696081
0.489512351290085 -1.29339224594933 0.459630109425043 0.391599647479914 0.256646442402185
0.260700315639942 -1.67631222044332 0.601563763146098 0.226913221315137 -0.147437821508194
0.56758385674571 -1.91530684446537 0.478556055491262 0 -0.402712635358149
0.874622579237562 -1.87612990137829 0.357588724633264 0 -0.848102383734654
0.90978833972357 -1.6002442602637 0 0 -0.961201580668104
0.865576241408111 -1.65547584436017 0.170290062016602 -0.280659871675104 -1.34093890724293
0.860859395760844 -1.28481317888432 -0.142851936577736 -0.187455538209058 -1.29495666016969
0.495322092883059 -0.881511865313831 0 0 -0.519533751722106
0.676742514496888 -0.631214471054406 0 0 -0.571673206343673
0.845927915240965 -0.418989638190975 0 0 -0.435816777913309
0.852706226113952 -0.147822353351289 -0.164720102335734 0 -0.27591978941714
0.747462345521623 -0.00632229619267887 0 0 0.00958538140425263
0.546550532199157 0.133992326540003 0 0 0.200352258522275
0.401201099585524 -0.84402062514404 0.419473127777498 0.694243719238015 0.47204952698597
0.193969538025417 -1.15440050890092 0.545103540763214 0.669785474492857 0.0198776208198179
0.141818904442386 -1.59460126709378 0.652038494970944 0.488470908264748 -0.248386135860745
0.417401520904796 -1.96172245223665 0.558332633401405 0.278393470844489 -0.463614851517678
0.947706344090369 -1.96637609136472 0.282219674205829 0 -0.739405980738289
1.11746690893865 -1.94843407723155 0.272263610793887 0 -0.953711698663113
1.18911798545784 -1.83734036789759 0.209495144798109 0 -0.908322899004793
1.49956814503421 -1.66141491389845 0.121687859998707 0 -1.06517180330421
1.34647779121334 -1.09276858259153 -0.0817031152467858 -0.261864971644974 -1.01227896767053
1.04512499741312 -0.981913340739059 0 -0.207122784546788 -0.668378433481202
1.33365955191476 -0.765596950729241 -0.127768692241369 -0.17195523553392 -0.445488014497982
1.60806015361186 -0.323506061076296 0.314951095902414 -0.405555837123694 0.0890857168463966
1.29222455044177 -0.233871869525001 -0.0243541078948497 0 0.227879631809428
1.0586068723458 -0.215650778073522 0 0 0.286993661641938
0.188973003813687 -0.663712289701082 0.508425561463457 1.15608792245921 0.248893703174566
0.171953909237894 -1.06217200035378 0.560110795996606 1.03780962787482 -0.0306377830290514
0.204128008525782 -1.3733313796563 0.52599721530933 1.02837064741199 -0.341060689699185
0.439995305536786 -1.69057816780872 0.432221190491204 0.760892087342939 -0.63443243206006
0.677936080212357 -2.12760751682456 0.500147536159085 0.235047104256019 -0.652416997233218
0.933899267980085 -2.22836810480857 0.235973271310683 0.200883935351986 -0.596313505922394
1.12135803258797 -2.1151639680741 0.0430736283955495 0.0714960496737187 -0.745233215712035
1.36475413270927 -1.83691745904948 -0.0135299274643701 -0.197246971520681 -1.02610138039918
1.44708219239941 -1.35157195079833 -0.175515514137139 -0.353270571972461 -0.915987942465864
1.32056833511354 -1.32283344641423 -0.297499464810199 -0.333631072592251 -0.794097146811204
1.79962712558381 -1.27408215261728 0.0177045770526124 -0.230220243691036 -0.304752440746843
2.45666147793279 -1.06447761364481 0.586268142350179 -0.288164581391751 0.216226257864392
2.69045527570041 -0.6842875905569 0.947303193090009 -0.372690958040072 0.702988855228509
2.20246693445464 -0.575615086021191 0.577282037097864 -0.201321595322989 0.806401816089116
0.00267752942011065 -0.632798547126303 0.614969605193043 1.5875478440642 0.0999929529799674
0.0603314522115649 -0.965592823934186 0.566254847182341 1.5696549693425 -0.157347186210629
0.252068459765999 -1.18681897842336 0.374282915228048 1.55306120030303 -0.462048512766075
0.230773888643805 -1.61071084915348 0.299338717377533 1.3656097084489 -0.560598503719826
0.482811453063274 -1.9160608780483 0.310617385084625 0.445381395466191 -0.453544444763889
0.772237932698589 -1.93978247649105 -0.0297677368124819 0.369551306119072 -0.281753186185318
0.804355229965687 -2.18768561389501 -0.169103568966942 0.404551221841908 -0.300861954526204
1.26360814656742 -1.83323190405037 -0.257573568718177 0.109566167811821 -0.531000114341128
1.51964983635576 -1.65197203856447 -0.179224194267058 0 -0.473987569509183
1.46132117575912 -1.60795474091122 -0.293667739544219 -0.399734171310576 -0.599412893444907
2.31487299987377 -1.73950839093081 0.206049524358029 -0.20976333239153 -0.174439135245566
2.94899345599031 -1.66115880877947 0.619265802630843 -0.132845933665352 0.266598162957534
3.49568318201674 -1.42062764786327 1.11409175954798 -0.157680865624225 0.772665956099344
2.5200372671474 -1.01025652182328 0.449662765148924 0 0.796286829780645
-0.0695017113984613 -0.562544116045877 0.621908854248596 1.99177716625568 -0.0308627866304689
0.10153799182555 -0.80177317348143 0.473939473914404 2.04908953181126 -0.293621505536769
0.175187016543252 -1.10747399122976 0.293498432297744 1.97892053294287 -0.499135916596898
0.15952545709447 -1.45712304471399 0.32637044943018 1.17770115889348 -0.518617761354394
0.161245071399954 -1.70916259561009 0.293334047143646 0.406997233833519 -0.281322940899728
0.476662078041429 -1.60488946483545 0.056162391226466 0 -0.0646506065885106
0.768512463560195 -1.59331206438112 -0.0751445950903815 0 -0.0159354102961015
1.05433847167583 -1.52774201280429 -0.315409947080925 0 -0.0204162283552028
1.30946963039468 -1.80980081829824 -0.339074279454214 0 -0.264257380780003
1.6701255803633 -1.72239467270659 0 0 -0.178572349421539
1.85633399882169 -1.66391027539249 0 0 -0.110361732858622
3.02855429772208 -2.05718789018923 0.444481051225861 -0.159409031752419 0.246064017116359
3.86571726889048 -1.97796257071647 0.951778947425609 0.0150260023558808 0.737471188407056
3.90473086133292 -1.76115687117164 1.02946318432807 -0.0209382296492561 1.0255931309906
