"(Intercept)" "X1" "X2" "X3" "X4"
2.31708941871582 -2.24669513472 0 0 0.966009208681746
2.04968262830709 -2.05662968694773 0 0 0.769546973347363
1.83848679773856 -1.79201535608832 0 0 0.539752110636591
1.60015111058332 -1.52690901252559 0 0 0.228227956352396
1.35619880895355 -1.30155512625938 0 0 -0.00524610678410824
0.594109550599601 -1.27175022043627 0.474184691147794 -0.170472907452702 0.139249612302617
0.200174234878825 -1.41660997602908 0.696240124122425 0.0986076720375211 0.524502728274606
-0.0683558560178058 -1.45388022588071 0.918602431938684 0.279058780305991 0.65106087043175
-0.454930834299116 -1.40114962908182 1.1603362348 0.290370498768197 0.624468981376977
-0.918133297850523 -1.37985367675063 1.65986759024438 0.317984545913798 0.543122629255597
-1.23098408147732 -1.52450690180776 2.0055559211146 0.366617395758518 0.553559834722911
-1.32043778612784 -1.65729924911823 2.11939234544962 0.510701045934817 0.457295618224409
-2.33133913590977 -1.4304099205985 1.79155706205348 0 0
-2.72681439109789 -1.70054285829172 1.72024788115853 0 0
2.38461211975059 -1.91545637197704 0 0 0.772729866416573
1.98303064000982 -1.82944334755855 0 0 0.640420531848387
1.7418828870768 -1.59140214491438 0 0 0.455198467854581
1.55202171980132 -1.29023962204259 0 0 0.211184995584716
1.33672330659871 -1.00426029205876 0 0 -0.113697280724086
1.14635913872778 -0.73095704504212 0 0 -0.281184226754358
0.465916283039704 -0.682947942053786 0.355635207574437 0.0305451386464478 -0.112809994087511
0.108321770564581 -0.777587972789137 0.714696622606234 0.317717612651103 0.19915289562706
-0.264370586139746 -0.809992760819065 1.00390206977783 0.363978927970828 0.211729945628751
-0.836905274637346 -0.799858842096835 1.46344655073842 0.430744742045328 0.257382372765641
-1.04942772898082 -0.948585746827267 1.61071791305108 0.505880067869831 0.255997465374334
-1.70341566887972 -0.881328075399974 1.43739573676981 0 0
-2.05069668030352 -1.15332636533852 1.50330115493451 0 0
-2.41960345707111 -1.45997697689473 1.45531135911636 0 0
2.20975763357024 -1.75572136891861 0 0 0.643716975357005
1.88361422938596 -1.63871321227045 0 0 0.546327669741968
1.68224620667197 -1.37442196607585 0 0 0.382070599487323
1.42070413564178 -1.10484144234902 0 0 0.131178897203962
1.24690178756613 -0.797561361489302 0 0 -0.176963072288246
1.10962368390996 -0.440096650148805 0 0 -0.454442969044673
0.894274687680249 -0.181221633997951 0 -0.0241029900040324 -0.613921564550854
0.363402596085717 -0.109006764446348 0.319967144718504 0.327956105098161 -0.45179001310774
-0.071184430573256 -0.200671488096161 0.877855596346491 0.476435120943989 -0.280857243303913
-0.632115471779674 -0.229039659409598 1.14940622125982 0.562614109302191 -0.137110567729394
-0.903622239542313 -0.345486683137591 1.25705484682713 0.596390268039719 -0.0268879773672146
-1.47044572090049 -0.524608784042348 1.16421988584184 0 0
-1.77517865978582 -0.836969275439251 1.15195474458392 0 0
-2.16048128982432 -1.19844649300525 1.08396036993435 0 0
1.98682507524582 -1.70535273256314 0.112128392101839 0 0.593913256956372
1.75161526200235 -1.47489910708739 0 0 0.443432169404372
1.55095114950547 -1.2295200862833 0 0 0.322324180800264
1.28524285366467 -0.957480331235095 0 0 0.0442621445207359
1.04149553451679 -0.659031690556128 0 0 -0.292289495150445
1.1276413721767 -0.304612871964402 0 0.173990520024283 -0.576484780021439
0.959086026454869 0.0670464558218827 0 0.145700516204188 -0.883839569044899
0.832007471604454 0.337138082609849 0 0.276066540541172 -1.10148601121563
0.389387333430366 0.390610523128469 0.345571694393872 0.623514226311512 -0.998500178664362
-0.298815555176424 0.343707464905604 0.743308435275433 0.664180274254501 -0.562511971033952
-0.693282879840992 0.24697368132709 0.894420604304644 0.60751667297665 -0.29498840072598
-1.25008936587824 -0.11906517816116 0.877060388792366 0 0
-1.51696751286517 -0.504344040920404 0.768848858694871 0 0
-1.87550148453104 -1.00843032230102 0.651107397288662 0 0
2.02138691610509 -1.46504352273711 0.210236556295608 0 0.57002042698611
1.6499505564985 -1.34200425968138 0.0565315564046433 0 0.442149702403484
1.51375857104288 -0.987260807718614 0.0282348009358318 0.343726724502081 0.303456802605196
1.30587453332779 -0.774262524595953 -0.141424965337448 0.371532991532848 -0.0881408625229733
0.897262311416495 -0.524932919072236 -0.24725223041557 0.325570142627249 -0.528677589202013
0.722588306470497 -0.141712354883793 -0.226619368624431 0.347708919528151 -0.782678261380847
0.903750350194462 0.186337553994986 0 0.255461233618655 -1.12485268862783
0.859184968094065 0.544699407799876 0 0.346368177427269 -1.37139505041756
0.791361865749891 0.687343231345196 0 0.591412816651586 -1.25596802074896
0.437178982209363 0.963979806537058 0.172586501307796 0.555037904738404 -1.2209614962971
-0.316197765650551 0.834054266336032 0.423103682182146 0.643106596876888 -0.641114747107688
-1.03344423909417 0.333121876461451 0.602268253684909 0 0
-1.29916373693268 -0.225333160544559 0.409097415365719 0 0
-1.61774708818601 -0.909299197973358 0.187054936497608 0 0
1.90412992237704 -1.29474127358182 0.192579313234802 0 0.621983830415444
1.55128620276751 -1.21832700085531 0.0267608165598974 0 0.475465913818555
1.24894245335945 -1.00900529499561 -0.0833565632885432 0.340451343230715 0.27848925684959
0.965571917302566 -0.818812671361837 -0.330246524538147 0.403051391597794 -0.13160434944167
0.449935501392681 -0.499940397510473 -0.467583372192614 0.467181403754822 -0.765518190807938
0.218045730800743 -0.0755897245338194 -0.408258007036239 0.416375270830784 -0.994416378109346
0.585392274945331 0.161325856594919 0 0.325581585667247 -1.31977247242737
0.819013141933398 0.531222125962186 0 0.345381106276113 -1.47701834216124
0.803058819941463 0.766170509243328 0 0.611497157068305 -1.2186689704006
0.900781156418343 1.00953666134231 -0.139290197925888 0.668563690375407 -1.47174572536625
0.49246299573262 1.07329838230761 -0.0751298136358594 0.608152565007422 -1.15082302936923
-0.268989387373676 0.479554520346008 -0.0268381564423721 0.815651248916038 -0.624708373866875
-1.26408232515601 -0.353651921614335 0.148537722554888 0 0
-1.68864929342639 -1.18819182034398 -0.0479145863800924 0 0
1.65559230310513 -1.23908205198876 0.133290025438944 0 0.616494880143759
1.28004349752671 -1.21127571300076 -0.0206493681915906 0 0.458583980727292
1.03557934058104 -1.03279052329352 -0.142517640782668 0.320562868015014 0.340922257816282
0.436701929943253 -1.00925854263826 0 0 -0.0961618089224579
0.328333430127166 -0.680286039010582 0 0.323938030368143 -0.737324005371565
0.182588071205013 -0.398824916512773 0 0.371408909815759 -1.21872533223135
0.409051606885634 -0.113924709518301 0.030922746293426 0.409363908982448 -1.32490746167467
0.618573843400949 0.160681520617927 0 0.37976762068342 -1.38266600031943
0.61033527393761 0.560433968595203 -0.129586794266846 0.350905831976429 -1.13856097616649
0.92807136097572 0.689735266725263 -0.123771757581794 0.60999307824886 -1.33756856239516
0.698873692228841 0.72702861370538 -0.226269026329909 0.627347672436768 -1.12210211664679
0.282677981900971 0.646209234248339 -0.268495548914136 0.512654739157358 -0.725644566412353
-0.372858242636648 -0.0811010846685096 -0.320081516418936 0.444423850062824 -0.333627156417464
-1.54693612767741 -1.30290619909643 -0.254907134713622 0 0
1.11864391891188 -1.35433878891462 0 0 0.331340060936533
0.763907060222989 -1.33827745623525 0 0 0.23945309920421
0.38426237890067 -1.2571710227802 0 0 0
0.54901194044064 -1.08966000914708 0 0.32842920592549 -0.311283871390679
0.542444830027022 -0.963921344304903 0 0.448321047612945 -0.735343757815744
0.520772011946191 -0.890366713369469 0.204165572787415 0.445071340600917 -1.0299707466406
0.566075959411314 -0.685222382251365 0.213812145966743 0.401459526946798 -1.04533063330344
0.30854259347049 -0.22637135288366 0 0 -1.09208902702048
0.413574553074738 0.199787190658496 0.177713353392 0 -0.983174113656563
0.640490844739646 0.452668589659834 0.0955057517785502 0 -0.939766443228706
0.682203849428254 0.489581972310553 -0.217137606311939 0.415497619611737 -0.878150941430328
0.248980765393937 0.347817030642212 -0.405374548598166 0.398223573096594 -0.599174037359768
-0.041065821809219 0.0164634353643879 -0.653021991138944 0.401086153670079 -0.38498479958347
-0.295606653164523 -0.365574227788596 -0.891684037369664 0.431229982187289 -0.183742099871929
0.823588440758087 -1.21322623894867 0.344568386364561 0.426356198553947 0.648018201069339
0.446460042548575 -1.37059922060939 0 0 0
0.256282759739377 -1.51387955409567 0 0 0
0.102852863269759 -1.64703215982023 0 0 0
0.51376567869448 -1.41268381599245 0 0.372753197413621 -0.413684329103978
0.616083217083252 -1.2145488891127 0 0.387321424866225 -0.739159258998842
0.507409332785529 -0.995303086641329 0 0.245351857880807 -0.781994260064773
0.389224690254945 -0.621330944279433 0 0 -0.827940144831533
0.441241814345906 -0.229219142586446 0 0 -0.772135145644696
0.593030612588839 0.105393446862961 0.0598392012291203 0 -0.66476597670461
0.476969627867094 0.182226135901964 -0.155009499731166 0 -0.578711776798475
0.16376773210608 0.153569384161544 -0.385283084205023 0 -0.383601122968744
0.0632362459496395 -0.0925407915971031 -0.733803783424807 0.177178175902741 -0.414218593231654
-0.100892495342958 -0.267576859146414 -1.00311452300013 0.290405625684469 -0.245925597559358
0.44822796385993 -1.38118847078579 0 0 0
0.370760066863534 -1.47202718598677 0 0 0
0.204048087838977 -1.51066294413604 0 0.277660506434109 0
0.170823178763035 -1.73188103434202 0 0.25697833316497 0
0.264098425244099 -1.79325344318948 0 0 0
0.672688002318425 -1.53265049757324 0 0.337162528509254 -0.499176858316101
0.872166317951113 -1.36951663571948 0 0.347370784408195 -0.740800558683445
0.910255295499855 -1.04005833894728 0.120802366908704 0.282500980051622 -0.777376656038869
0.747252393702591 -0.653808634295504 0.1635685260537 0 -0.642063273490721
0.662487530612767 -0.260973085667796 -0.0755390159022949 -0.187929648307901 -0.667759484630417
0.514965400031844 -0.13127268910179 -0.183538152148183 0 -0.424658449088871
0.403306517110143 -0.154428648746205 -0.426026603438507 0 -0.383179552438954
0.187163839944243 -0.186210287085878 -0.704901549992195 0 -0.346426560743482
0.044567776259172 -0.322856100502926 -1.04227867388715 0.215256681907319 -0.237952928594253
0.425826882961594 -1.46636158991082 0 0 0
0.288457068454188 -1.42002143859751 0 0.274107863446515 0
0.265175792836474 -1.59850403035829 0 0.32957700838384 0
0.12035913572191 -1.82989459136833 0.254326036776038 0.322062918563199 0.211722186917061
0.521997216789307 -1.87803048865265 0 0 0
0.651140265008774 -1.75840166240084 0 0.244505049776791 -0.199076366820552
0.981172432223454 -1.70609258885981 0 0.370377876320286 -0.53942476877298
1.02861919952001 -1.42804982587387 0 0.26820962418571 -0.620200993384994
1.01518032228217 -1.06772012046871 0.00618458594947245 0.0944719477284986 -0.731567362173635
0.726171976281572 -0.696360459649369 -0.142991450948806 -0.144764883931452 -0.635357444117333
0.468450446051017 -0.4779786663296 -0.292851359900344 -0.357240115143597 -0.524379526064299
0.526614209873841 -0.470920578880481 -0.49217653064347 0 -0.296393382114862
0.365182361278482 -0.46406165212806 -0.772240342059371 0 -0.339651907439569
0.155487277049231 -0.449142149255596 -1.05028027641567 0 -0.317219950331542
0.0684962361088517 -1.1828089845119 0.447572821639593 0.472735310787824 0.454225868305365
0.052648835356 -1.38896915093616 0.34512224195928 0.427677347509994 0.361390359103613
0.0799843523296048 -1.669268682879 0.33410480844992 0.43419974822627 0.349666364636539
0.310034828177533 -1.81501894226501 0.302067097578071 0.412708637633095 0.273501139297727
0.833221611064856 -1.90858755985669 0 0 0
0.951321708284798 -1.84479242771172 0 0 -0.0881815016418016
1.04853009817692 -1.94763496617631 0.220962537740119 0.264534527883994 -0.242510783489049
0.878928730985336 -1.65759491840963 0 0 -0.312272784491511
0.793322274167684 -1.39313825640644 0 0 0
0.762867583341789 -1.15852462346787 -0.166192599312219 -0.205106498981375 -0.57798440222808
0.453232363752639 -0.900326825592011 -0.332482328170349 -0.477861583478461 -0.502257320331286
0.682404623839182 -0.845459272143473 -0.524684647438701 0 -0.236079938520781
0.512518698897506 -0.774903531538504 -0.822319984431154 0 -0.312995080436827
0.299652507643293 -0.691414840644504 -1.08796940806067 0 -0.328024380835442
0.041558504670959 -1.35735098602786 0.596338996341181 0.51103566382625 0.629920097373791
0.15240095851738 -1.49466597451665 0.469939373007707 0.539907676841916 0.546981060087254
0.258275391289171 -1.67876585102128 0.446515161466288 0.527080045930155 0.48534698520269
0.491281226652964 -1.80594448449167 0.373098928280227 0.463368329415819 0.329433832118799
1.18100690671112 -1.85968318726395 0 0 0
1.18558949812101 -1.98003001764333 0.26563878302447 0 0.00616465632543162
1.10542394612719 -2.04044040809342 0.165841085425123 0.294523910126811 0.0158252008800554
1.32708989647688 -1.57124815330462 0 0 0
1.12972184323615 -1.50348853492514 0 0 0
0.836068397762613 -1.47766743480443 -0.259106019857301 0 -0.353462757628174
0.838047670538248 -1.29680014487585 -0.324746843522795 0 -0.285709407457082
0.269185192539416 -1.15436373792235 -0.598006933569768 -0.735110192761595 -0.472310006578226
0.691554892744799 -1.14513695098295 -0.881658927414751 0 -0.262069197303825
0.464958395371955 -1.02775764415751 -1.15908479618301 0 -0.325787617657474
0.110617692601035 -1.47958843660097 0.708395571552504 0.580138812625703 0.853152156860633
0.26766095378135 -1.58424884353166 0.577224402227459 0.619987117201358 0.735637934316856
0.418990375498638 -1.73546009895016 0.521327094801508 0.560793259213436 0.602111243261282
0.597251884937566 -1.86853922345859 0.424282336218931 0.478450904526056 0.431601723462966
1.47978134981681 -1.82779162651523 0 0 0
1.31070679231895 -2.09020644942176 0.307186480495683 0 0.161710031049223
0.952497373946267 -2.08317865522994 -0.0222908192521333 0.364328223161707 0.244380052428384
1.65114896838092 -1.5287125697349 0 0 0
1.47847414725111 -1.50867342418865 0 0 0
1.39466766793581 -1.42803802820909 0 0 0
0.880339921906612 -1.56363964570253 -0.49751669004798 0 -0.353453346010684
0.904094474484002 -1.47772675965038 -0.53652386881758 0 -0.268829817563015
0.785284748356276 -1.36107321203405 -0.787741276387344 0 -0.242746632388503
0.568316807846463 -1.26418860705501 -1.13484729278216 0 -0.293527619606789
