"(Intercept)" "X1" "X2" "X3" "X4"
0.39763601190293 -3.60999719321324 0 0 0
0.275994737429634 -3.4651102807289 0 0 0
0.309035485893177 -3.15224827712043 0 0 0
0.444991907287559 -2.71162742862006 0 0 0
0.75789989590073 -2.60309796296895 0.268777990396395 0.0581424707933809 0.380932875901712
0.782606100160867 -2.18367297949753 0.25641816388742 0.0258803536570016 0.254475422983693
0.431056688752139 -1.96446488835163 0.463036814242927 -0.0769053639253361 0.37248757881332
-0.099299865654377 -1.82984895368824 0.71602995982793 -0.146430119187055 0.613249592439418
-0.394391549459168 -1.73520901126095 0.855519568952225 0.000732208351566346 0.577111345373245
-0.792803089433259 -1.66815911258543 1.1352479372932 0.258679538776986 0.628194283540029
-0.891515386340982 -1.65541196247197 1.46437456802867 0.300449371077129 0.517134666910571
-1.31985463305949 -1.27501913841656 1.56681524990719 0 -0.118204039449749
-1.06322543944184 -1.69374550169065 2.232605539203 0.359677228450417 0.225064947726967
-1.14080526384908 -1.72840300141103 2.58211817834432 0.356767704522616 0.0576187752825852
0.586982753935539 -2.93798073594985 0 0 0
0.349484910722313 -2.99950535309455 0 0 0
0.361454154809136 -2.6353957649754 0 0 0
0.464463735186593 -2.19120574240609 0 0 0
0.657183392774498 -1.94504653745105 0.131765916142517 0.191913690053987 0.182553298193492
0.638540883764263 -1.50561636546252 0.101801476565011 0.190325873487452 0.0391659021781254
0.482574988206837 -1.08440332920002 0.125840863212839 0.0881769055458399 -0.0869993986470296
-0.00208596159531996 -1.06346618965887 0.367010890236051 0.126339485792134 0.13659060430586
-0.206855195408275 -1.06364841883157 0.440305369160176 0.27335995923067 0.197919591284575
-0.429036887651384 -1.02503875680796 0.616050926789808 0.347723337460391 0.244415878529069
-0.543602332424666 -1.0280955769951 0.993515123617377 0.409306402075675 0.180038174650143
-1.03313381169228 -0.728577623535929 1.18743976519174 0 -0.194240020400406
-0.704172427792663 -1.13375300543831 1.81154242870849 0.447828943410525 -0.0698187771216726
-0.798653137195695 -1.18209692291497 2.14639689620659 0.432878185788916 -0.228191198500307
0.575707729078509 -2.66746767703981 0.540485922520894 0 0
0.561985957375063 -2.4019829377434 0 0 0
0.497253199593636 -2.07178482004173 0 0 0
0.555842633530889 -1.58664125857737 0 0 0
0.461327584695956 -1.41412674407352 -0.0238413380036697 0.195850454040572 -0.0349442785085712
0.574687460314473 -0.912128286634569 -0.0821228194704115 0.330033942551762 -0.113393616396742
0.509704248576889 -0.495258099215026 -0.126223443303771 0.326200556743018 -0.200257593796904
0.235814121890339 -0.307439755002257 -0.0600669212910663 0.361493090946578 -0.322144880238951
0.0224682981650824 -0.385231224217731 -0.0514468601562057 0.500830184723678 -0.195438299356978
-0.0929157041059755 -0.365825602357433 0.166494744873324 0.477237429547973 -0.11297813867373
-0.203130585747329 -0.414246922302263 0.5450713255086 0.523030143943047 -0.142256921591966
-0.310354070432443 -0.44239320701771 0.931162166084021 0.524502427831917 -0.256655533356739
-0.41747614364722 -0.524824416354413 1.2771831017141 0.523306519245655 -0.356326829747707
-1.63417213200324 -0.316251119892768 0.996262346184725 0 0
1.27966098092874 -1.52300130832117 0 0 0
0.739309418183837 -1.88924433725667 0.344592092232511 0 0
0.49466104890639 -1.65136851415119 0.218115145296581 0 0
0.426563080424738 -1.24676065381389 0.0301602208099859 0.113152657834589 0
0.497770001768256 -0.831969564127853 -0.197064655326761 0.31708734822397 0
0.637035836208366 -0.43705101236569 -0.302994592079944 0.458449960435041 -0.256962544597729
0.707605041163775 -0.0688834150501103 -0.426322199593772 0.497521958402025 -0.241215307463837
0.461909567103912 0.291680132217306 -0.525332027156781 0.476053118713089 -0.433405851416951
0.217754215633333 0.388827279921192 -0.477429975203745 0.574760383274861 -0.508344852167244
0.185919626975897 0.29301927733946 -0.217887160388021 0.53605497077529 -0.405467749716324
0.0243113215885216 0.259295855778767 0.126898070530659 0.557493937268616 -0.454987251831706
-0.180110779787955 0.211115303290619 0.433437922638531 0.598368757926367 -0.48167249855634
-1.1694668890621 0.180403088432847 0.531858268558442 0 0
-1.39765462820698 -0.213268181620126 0.572909158272431 0 0
1.40329350983301 -1.81075516803494 0.487253103986565 -0.782035848818604 0.55584138922132
1.08447371819158 -1.58315126768874 0.425552702930273 -0.580782479845093 0.170332283739297
0.793254238235622 -1.2517819820637 0.275612935773713 -0.39562112850638 -0.113039377909923
0.580831780500316 -0.883839013170075 0.089151443849497 -0.205399438431548 -0.327191575028839
0.596815360060965 -0.65710203839361 -0.166909866991465 0.0289843164567731 -0.450839199685668
0.80838035249712 -0.334695270474094 -0.298441196900507 0.279081712833336 -0.556607992484527
0.684246738560992 0.151615651580879 -0.433451187188884 0 -0.491323188923637
0.497076458812003 0.564122080203436 -0.70972750748556 0.406257824365401 -0.367032665992025
0.283290320325925 0.895927775462607 -0.6434821350329 0.392314871926885 -0.430992281191495
0.111264908254863 0.952911648734091 -0.296972432237137 0 -0.480009356083723
-0.460582100635244 0.86587014486251 -0.00623317696213651 0 0
-0.731546034518206 0.753354182743157 0.193890269728894 0 0
-0.99235288453162 0.42869405012862 0.314339872764227 0 0
-1.28425965334969 -0.0326245264641439 0.354778493062424 0 0
1.60162928289951 -1.58912956542921 0.158500869472762 -1.07013398371147 0.708984098116564
1.38964920354728 -1.33367245276392 0.121278359199674 -0.822611163260269 0.178678537658978
1.20243733592935 -1.05993822248419 0.0923153285357847 -0.544669379865999 -0.351095141107823
1.0068984636542 -0.861726502746337 0.0660579340361147 -0.265622839508638 -0.771179678964718
0.860054847106378 -0.695029825150429 0 -0.129798224736136 -0.931165520706958
0.502956438237727 -0.328487687600856 0 0 -0.427461013272664
0.741507821203829 0.0567397605911404 0 0 -0.861470204502704
0.703657453195803 0.391358400379593 0 0 -0.744660732201656
0.331451567858276 0.985461015709932 -0.437559808871268 0.186527674417771 -0.604452765657019
0.12395105853449 1.16256351018538 -0.324062578175738 0 -0.452679157014929
0.301830441161187 1.17188356992512 -0.28679841634226 0.30871696579213 -0.641056928699227
-0.417016810335445 0.997878347237445 0 0 0
-0.631463045592041 0.790536327054421 0 0 0
-1.08403846342412 -0.100843732451945 0.219047467002196 0 0
1.09972907034337 -1.2378356555644 0 -0.516457144663662 0.664225055194284
1.06828452888451 -1.13597827516852 0 -0.368240607804404 0.227037843920743
1.14728503460696 -1.0659012858896 0 -0.250878906496651 -0.230294253702921
1.18108965314409 -0.979119485393652 0 -0.10767284284219 -0.819544053381864
1.00201023115481 -0.832165594279598 0 0 -0.94500830323627
0.652108052238256 -0.493956482112761 -0.253502107470039 -0.142232947386646 -0.904746525832484
0.510782216426423 -0.0637027984730293 -0.309974558864166 0 -0.859567097272061
0.937605521018722 0.414457667003516 -0.2947376852578 0.0998138692146788 -1.2101611791632
0.689839582463008 0.662539633023027 0 0 -1.0663901611616
0.623002293122716 1.19930366942737 -0.315580014730753 -0.28518805300818 -0.525819624484085
0.421177252110915 1.22973420886746 -0.203712178177091 0 -0.64596096725587
-0.0181612319569787 0.894501961552612 0 0 -0.262532015371758
-0.448539455629117 0.703674896419408 0 0 0
-0.828385563452972 -0.0472569439756559 0 0 0
1.17623374224083 -1.25753044113122 0 -0.819693590214595 0.758308971309698
1.06720532604017 -1.24578583808778 0 -0.609999365943844 0.228530385812355
0.865840378043565 -1.19613311135529 0 0 -0.259959889825153
0.849306509603733 -1.23477977248336 0 0 -0.79573005743007
1.05996018345101 -1.09553681482436 0 0 -1.17105989144495
0.76977826988618 -0.953461086587696 0 0 -0.975243564570816
0.364107418571396 -0.54372820183035 -0.280960552634223 0 -1.07146385792171
0.748586848338316 0.0561424158795645 -0.206220872875313 0 -1.19654489765345
1.03803197847677 0.452751375680115 -0.185393063059033 0 -1.12889915960214
1.27083009886586 0.976615067254984 0.233163632080132 -0.0570536467814825 -0.571725545850472
0.485374706683695 1.22976931277946 -0.0682933370612094 0 -0.452177567651538
0.330699733451028 1.1632874540441 0.000589294271444592 0 -0.461089217883319
-0.35200767089 0.745471654791452 0 0 0
-0.302709335942136 0.0244200077476467 0 0.206189107619351 -0.420843469301847
0.921114370049244 -1.18665717613373 0 -0.42915749118502 0.795067622908559
0.588458890543559 -1.17690633810324 0 0 0.243240885104309
0.641698542907547 -1.28373261146817 0 0 -0.255790590726503
0.841960410204685 -1.40942161688672 0 0 -0.878914108149673
1.15149408917124 -1.41806158869774 0 0 -1.18317324752912
0.885625929188429 -1.29593620597936 0 -0.282974425257093 -1.08414162409086
0.504753525489438 -0.974082458000738 -0.110158270657502 -0.265474348088654 -0.971255994397971
0.44912175464682 -0.56577344036589 0 0 -0.923045874379011
0.649626535616066 0.0691053716043791 0 0 -0.929174876244732
0.736275142920857 0.548707326225166 -0.0241577726663531 0 -0.719122102291846
0.247271274076677 0.943419977028825 -0.185164894143092 0 -0.459647239866425
0.29304337618951 0.883897444319519 -0.0233959506301602 0.00476919245622017 -0.410455930534438
0.105349155436282 0.712342492981207 0 -0.117511355506353 -0.494085284589086
-0.106520566943618 0.17383473798075 -0.547271719759131 0.67881365825997 0.00421116244636632
0.757460538450688 -1.14510510160746 0 -0.338264109693743 0.787305241354606
0.337523219884959 -1.2236299704422 0 0 0.179885360278717
0.413530622602357 -1.54060512077938 0.200567837811949 0 -0.108721346581317
0.800843281436557 -1.7279079422087 0.157057637444448 0 -0.509791783737563
1.1090807741759 -1.79678324848206 0 -0.345423325398419 -0.900796423402795
1.11153931070359 -1.79517742676327 0 -0.489876557528946 -0.99779668076561
0.958830751519127 -1.54916848162423 0.0343488494918052 -0.33102521535 -1.13316424558369
0.541676927203403 -1.06288434572615 0 0 -0.851577639770662
0.512581056602677 -0.345571217843884 0 0 -0.771270664629708
0.566630053605482 0.205238345412464 0 0 -0.505905105728903
0.481062822826887 0.582385733187155 0 0 -0.489881049274381
0.197289241184074 0.660117407056441 0 -0.235515058554084 -0.533804486075434
0.00908000031948919 0.595404044654237 0 -0.173902484956187 -0.477558904696963
-0.116329975208159 0.421839842395127 0 -0.150907379533223 -0.443759319133765
0.224620988721564 -1.10583050304281 0 0 0.559860829390558
0.231399650078388 -1.40964951439568 0.160120425095422 0 0.388128303139819
0.410463699327707 -1.815001951153 0 0 0.0762811972414298
0.810110274519434 -2.09022089081453 0 -0.252804713735398 -0.154163041805136
1.5422306646011 -2.20242052294576 0.0326044626257161 -0.535420383462656 -0.354212387960248
1.82777476296428 -2.10352046720666 0.161697407390656 -0.580222711912792 -0.764180039951313
1.10279361535548 -1.88641156209147 0 0 -1.11523330972258
0.949424314686983 -1.30659976583699 0 0 -1.06191455571953
0.730309135506191 -0.716751504958795 0 0 -0.849320382498271
0.616244360500424 -0.253215676720335 0 0 -0.724869194741201
0.463772390113042 0.180295947410866 0 -0.178395910673624 -0.706736689137463
0.400125701008788 0.283755781292391 0 0 -0.493750690014477
0.155553788733569 0.301663672520667 0 0 -0.429518960490513
-0.108922837478575 0.244921288759893 0 0 -0.379662759675462
0.614212609218467 -1.22739364711825 -0.542964583437474 0.105371600802172 0.901525014621963
0.641284966530126 -1.68656120526325 -0.364137362850471 -0.0842879129392876 0.699929542722242
0.677262536797259 -2.18460387522133 -0.154032531995875 -0.317259936902357 0.510697174191228
0.918343663981231 -2.3911342854182 0 -0.401122444748303 0.18308629653335
0.904069922195247 -2.38414187728525 0 0 -0.23719106578769
1.34952881118551 -2.29479173694994 -0.0269438458480579 0 -0.556230774904428
1.31289632443461 -1.89942694605281 0.0937875248217253 0.00953089840836401 -0.554376757390032
0.950346989340081 -1.53419776637923 0.0748724902085034 0.0614947183655455 -0.655005897077106
0.60721874026119 -1.17980360702588 0 0 -0.678486960455008
0.459267173151758 -0.810217612453721 0 0 -0.574194194866067
0.500926774470599 -0.596385877253766 -0.11189843864181 -0.15113391603995 -0.748041648055005
0.340495540895972 -0.181185362066417 0 0 -0.532655774188308
0.283765125552906 -0.0907927845403729 0 0 -0.457612435850543
0.0648841012026796 -0.0409439964425024 0 0 -0.377654515664007
0.47478986816161 -1.81823507288583 -0.408541718094931 -0.0584231845140096 1.27579516139786
0.211661878695019 -1.91134074760564 0 0 0.697698306401509
0.610286723898274 -2.42846564776471 0 -0.329288351902407 0.73817256021875
0.574811223795211 -2.41487313016684 0 0 0.327079939021743
1.08173494494431 -2.64268743349312 -0.364117771614018 -0.275147406215524 0.26072390719706
1.05512433728988 -2.44411438343903 -0.314065027111219 0.023917707667351 0.0821390451245782
0.849120982816007 -1.97816147785549 -0.279355861212337 0.440853909960378 0.119244892374908
0.662035844421213 -1.78440190859982 -0.0568677129238009 0.334650796727817 -0.257345608257722
0.366583034355647 -1.43803871958437 -0.0164676533612323 0.217941066155374 -0.558715026785663
0.298740914011115 -1.1813180968896 0.204591257908044 0 -0.628942275951673
0.238534773476133 -0.859564082938962 0 0 -0.390384627243439
0.0906392012031458 -0.570995323904657 0 0 -0.56490081746021
0.230368453469296 -0.48907778071767 0 0 -0.484386442458093
0.138288231099833 -0.35896352347924 0 0 -0.402505796175557
0.0139259885415851 -1.8903548962145 0 0 1.10629136488298
0.146895972205326 -2.15008538378615 0 0 0.925579360011507
0.289228841341914 -2.37750444515097 0 0 0.739263519893595
0.499693455297945 -2.43386524914718 0 0 0.48937734030908
0.840994445459072 -2.81622316800349 -0.662505421238703 -0.086264278946107 0.614180651413286
0.489218678659279 -2.57331176913684 -0.654993459587321 0.415046259114875 0.632127938166518
0.28635114101182 -2.13702207462984 -0.646517029602202 0.827835351572898 0.621089811972697
0.014660343808254 -1.85591828779637 -0.445807070720514 0.882284970425912 0.240664939953839
-0.0382013911721312 -1.75222057746955 -0.2682678135457 0.527725030809379 -0.326293075708849
-0.170944621238316 -1.45579559090333 -0.328459097950341 0.414294348881263 -0.435064919901308
-0.0993989115801965 -1.22431059355968 0.00676447215350476 0 -0.484730459394069
0.0441067216612819 -0.931139343559916 0 0 -0.249653130683788
-0.0858563023292104 -0.709735897385517 0 0 -0.453095481621247
-0.105423262161687 -0.527800357486705 0 0 -0.439513002783466
