"(Intercept)" "X1" "X2" "X3" "X4"
-0.833252906938066 -4.76126608425757 0 0 0
-0.650495791889535 -4.14562740884 0 0 0
-0.458368078960389 -4.12984162686272 -0.0876576296829567 0 0.478952846783604
0.0160027214581757 -3.35463801585678 0.0771085578944289 -0.0178087980381614 0.575240064124982
0.66396192032976 -2.64859614816976 0.292721634090029 0.131617588011064 0.378721996652094
0.727103065202474 -2.2616329150805 0.383938267767069 0.0787986546279811 0.184487944671425
-0.279701217982376 -1.97420036084488 0.59493026758375 -0.570441465360534 0.376143937003917
-1.06497198546316 -1.67037279082209 0.870293798660004 -0.728372107268014 0.383662166464356
-1.61326611984339 -1.64553970898697 1.23165380805002 -0.22408547570402 0.342858381329941
-1.94890297038187 -1.69280559619691 1.75733672566989 0.0406124659477808 0.852297610334871
-2.10222919388806 -1.74876626885486 2.07941186347096 0.375653708175943 1.0298978218438
-2.12031303024954 -1.78902225398016 2.2925060967792 0.771856939153294 1.19820987658147
-2.35991879308943 -1.70397775745492 2.58916587554736 1.05682626493552 1.5061654022373
-2.81538972189288 -1.45744318948394 2.89638760345434 1.41141728634421 1.90214530031771
0.622358233384006 -4.80841069708347 -0.636485883821637 0.972714250887288 0.578250878278344
-0.194217674840939 -3.67337929411828 0 0 0
-0.0573542635738295 -3.62867138944521 -0.161459033091985 0.180959798137148 0.276705435527352
0.116871003216792 -2.85047494851186 0.0638124608974753 0 0.146755203341214
0.246955305315475 -2.11636761533003 0.263409230171334 0 0.103137375344308
0.699331003177366 -1.58736147033391 0.101517082749658 0.234183337966766 0.00839668326707846
0.242276363595222 -1.24966936483533 0.134666215617455 0.110814838228893 -0.0965432261540324
-0.465482051636695 -0.962719060987721 0.320376286647628 -0.259385426563284 -0.353482971038466
-1.19355272293277 -0.943471330888869 0.682911517111653 0.054385883027958 -0.22912792581899
-1.39769999728853 -1.01847791771922 1.10433504840525 0.25558701601783 0.146940602051494
-1.4843091766053 -1.13329452696833 1.44058924429018 0.556696737708458 0.237768570767925
-1.84039090744052 -0.950617562903745 1.76534333735438 0.786598154686137 0.479184535494658
-2.2330645673457 -0.773817704709279 2.21947191635405 1.23901119148516 1.46701647752879
-2.61097211035769 -0.632918306499188 2.52004511521719 1.65876023803323 2.13878238928448
0.0307054696259427 -3.77601506523585 0 0 0
0.184672972803936 -3.43999646804316 0.197882828585645 0.252293123616621 0
0.301378649541274 -2.72093102317879 0 0 0
0.278468329620465 -2.06826134890015 0.00832615817033695 0 -0.15895399633358
0.628125435255555 -1.42071782682302 -0.099899853022728 0.244078247284024 -0.302680822523763
0.62354786090225 -0.942671574075276 -0.17316775569439 0.480685856624435 -0.310488985867712
0.214990814198623 -0.653495029514538 -0.123959667313959 0.478912620228559 -0.50570518168384
0.329600655569725 -0.316381651885505 -0.176101630378271 0.356842955070355 -0.86006300193275
-0.472688639874709 -0.323477133076741 0.146860977642884 0.296388981187516 -0.674019697000628
-0.866966645956554 -0.425104018631425 0.535635661586 0.40356508159552 -0.60617817433399
-1.04951002911766 -0.429200364812375 0.991865469725603 0.589461483241588 -0.654609468917452
-1.57072283071305 -0.206050453405274 1.39036094849496 0.956232004372808 0.220856741450823
-1.77635078265782 -0.152473898941222 1.80937688739139 1.46874992765158 1.35293914180246
-1.95564438600639 -0.0450678306518536 1.93073155036308 1.70783930792162 2.12048968738911
0.52508226024806 -3.51802141804863 0 0 0.591817239351034
0.608445426242502 -2.94927844328181 0 0 0.339439650411121
0.610388460123098 -2.2008572357323 0 0 0
0.258988318099408 -1.35995240380319 8.51750503193087e-05 0 -0.479395692194386
0.932212062097513 -0.983453583193225 -0.462609914774004 0.502203228037012 -0.516391043454685
0.884286306174718 -0.522373030576659 -0.570855654945773 0.930861951680669 -0.836566986402446
0.411345761665882 -0.205272290386252 -0.3992485102581 1.12186640903464 -0.813186079404313
0.829549559596948 0.0844351701156482 -0.60032696917025 0.822360830668115 -1.2207070953583
0.805361269304388 0.506254762881558 -0.703847037923208 0.316684745950504 -1.6878062275449
-0.395293005884858 0.267322990589249 0.189597924615703 0.533733476905738 -1.26450000927647
-0.611699569944027 0.160252054599753 0.661491733698955 0.654541695889218 -0.993842225059615
-0.91268493053884 0.285115518292083 0.932351337933612 1.00002581567156 -0.173790483868898
-1.11278338502317 0.343750429398374 1.13549572240193 1.24512479158801 0.751500819284546
-1.26322122172396 0.310335454075651 1.25744481906803 1.4072949247195 1.39615788745756
1.40602540121988 -2.77300910064313 0.250665456912521 0.0135563178346505 0.742064743385332
1.14415436934724 -2.23887404565509 0.161157056538766 0 0.450409613254006
1.35313146478474 -1.66269987422695 -0.0599690906558349 0.346711007832371 0.168658057128197
1.22481905715126 -1.12296183743108 -0.235332958347954 0.431928817811962 -0.199825406505183
0.828950009267993 -0.501225825327861 -0.566885486923189 0.595650142327803 -0.722926426549425
0.947175587392255 -0.072379704959205 -0.873312099921208 1.19020093872768 -1.14866038501504
0.684703173241104 0.37977013096755 -0.82898612943715 1.33302142502708 -1.23145564860223
1.02021779969521 0.40018770638673 -0.855517687284939 0.920523753986781 -1.48343515423727
0.836602862882335 0.748491310103393 -0.670430963354502 0.588129295831554 -1.53956572142364
0.132141782139527 1.07468017380947 0 0 -1.10386197084982
0.0395725634573009 1.08550449369175 0.0575142510668627 0.721230118913135 -1.655956164564
-0.169733772010607 0.785927894133753 0.440561795087919 0.877242021642366 -0.636325026078853
-0.389859117255263 0.816798203659902 0.586166755133397 0.99254650644772 0.120985781190187
-0.809764480310013 0.444588320226195 0.85742837736877 1.15331793890517 0.725816161321532
1.38876560846691 -2.15688332940629 0.37325062938386 0 0.464855949374082
1.42861271995091 -1.89842231102462 0.0300049116739293 0.0613143682719887 0.335640050451828
1.66619679385973 -1.36664208563956 -0.216470157996857 0.370693244954562 0.369421034797695
1.39204543489094 -0.807792432798319 -0.48251455226785 0.547502256014521 -0.203096504589042
0.49775130169909 0.0183935034123521 -0.352984644165625 0.351261296505617 -0.921558558833017
0.230423221075922 0.389264296256577 -0.403687845660409 0.636217454443018 -1.23750014840287
-0.106975525590573 0.764328978632309 -0.465994432715407 0.379234433222873 -1.19111509573854
1.04205687119149 0.435717447803831 -0.795116198086682 0.713472505093065 -1.48391103784264
0.614022821379374 1.06423472828458 -0.680947521004871 0.727816132469467 -1.4880824182592
0.420635529954147 1.40124149284873 -0.521880953209376 0.427743186586388 -1.32595926865988
0.442188137847267 1.45748090059069 0 0.549432594275627 -1.19215532550341
0.284283263236101 1.30840221466819 0 0.535582743335403 -0.803983883927743
-0.120316056046825 0.758187544276203 0.23456657534995 0.932479849220676 -0.145437111645445
-1.03072611584991 -0.152423835298997 0.722417078671104 0.855864073692242 0.756726375849765
1.5854980339412 -2.31776325888048 1.0114006623775 0.266138198832689 0.695637071031634
1.26066471090286 -1.89512652335721 0.364753981931957 0.295785974928179 0.507817373947855
1.07121114264976 -1.25226638830569 -0.31318041610563 0.287999155672806 0.0458663851728452
0.554969524848791 -0.783263352401486 -0.157488120934665 0.319597889213997 -0.359136325933022
0.455872366966123 -0.652455239874739 -0.23472682161837 0.290145739203153 -0.98148555209998
0.811724681186213 -0.0590684489747734 -0.171336787368083 0.3379629692377 -1.27100374714566
0.539398630814491 0.38912256075062 -0.340294874589363 0.502486765909011 -1.22079803704756
0.951111352366481 0.358007482279807 -0.449471661189489 0.673673610787555 -1.23931863081428
0.468999983789685 0.562539221711745 -0.55534732833237 0.521798808676154 -0.0051703328321333
-0.0713215013056152 1.22072553755575 -0.390798175676862 0.263675134613386 0.430080862404513
0.419812730957443 1.21376994344351 0 0 -0.680795975412079
0.482461618316461 1.29668908451364 -0.170314113140428 0 -0.557163665881835
0.463012514949431 1.21082245491376 -0.326809396119661 0.126649102276345 -0.258057832295332
-0.452241451803744 0.242757341174419 0 0.293287638977319 0.339923215919046
1.60539676931304 -1.97573161131645 0.951198075344191 0.461436340742739 0.938759721585635
1.11054945874455 -1.5991762581567 0.54243890031802 0.41325819778719 0.496240829088904
0.545945239287416 -1.20551263071891 0.288404724248894 0.450934012310077 -0.016219764386074
0.265261644987433 -1.11417118079832 -0.0468296605793873 0.291823636248897 -0.6137499109717
0.602607526988403 -0.977769492068689 -0.10908378628883 0.252664006368596 -1.10436843250699
0.623261366719173 -1.04446096133643 -0.0929168163299265 0.370357651635296 -1.22602349728988
0.758586531381121 -0.70573144532585 -0.0865211285327355 0.580602864469299 -0.946570953932522
0.264023671628415 -0.10260437752001 0 0 -0.929735528985864
1.19651395786437 0.279801605289022 -0.351245412843436 0.334592814366283 -0.997704426455243
0.112061117026523 0.76677822314101 0 -0.522624277729299 -0.365118213851864
0.941855491235236 1.12916959734808 -0.255418814687168 -0.690579978973452 -0.923599393028583
0.397780986907213 0.880016117616067 0 0 -0.43048617450596
0.110587520729141 0.807135597919785 0 -0.279958032713517 0.0179275147157482
-0.108401833411514 0.624020379713522 0 -0.022340576084242 0.458713229517391
0.921638612620814 -1.50401187916201 0.72298890206568 0.632685530098926 0.876623645189568
0.751227178331909 -1.32377471282348 0.437093161578369 0.518970639480329 0.33711664854361
0.694379902512288 -1.23712417327651 0.278330350314241 0.272321253417024 -0.269602965698067
0.443962859598777 -1.4821671196077 0.315599169830565 0.0170630686409017 -0.803378937582396
0.850984186628676 -1.33110182605849 0 0 -1.27019166726428
0.913939997202643 -1.38558459542203 0 0 -1.26334120396158
0.219721980834427 -1.42558476994794 0 0 -1.02487010930285
0.278199747900384 -1.01686431236999 -0.0683103088470096 0 -0.961712402806721
0.35554583735319 -0.25353284200315 -0.326032417038446 0.123463863317899 -0.439344393092298
0.337624714002138 0.349489030788157 0 0 0
1.17994105162362 0.793848983347664 0.0120652815038773 -0.399075438814703 -0.227872476986162
0.593976889566814 1.03418804394833 -0.125721727680144 -0.705984591245274 -0.110371797981692
0.226369103815114 0.690999396975219 0 -0.479938036180328 0.0285874792771175
0.095136515915937 0.267756314046556 -0.624646126805861 0.240206931185696 0.22925408108127
0.542549437216841 -1.22689017286408 0.661847553489172 0.166111863538077 0.853264454270239
0.476357226693199 -1.18293869890125 0.320329202872139 -0.0493227265649037 0.309741139122275
0.694625019449795 -1.2770143021325 0.25017342406749 -0.214923988944863 -0.402973134764315
0.973418829524573 -1.492268646803 0.511294343556215 0 -0.960298745541357
1.32897415296888 -1.37215792842426 0 0 -1.5067354481007
0.964483977144962 -1.81063613740676 0 0 -1.23350524715186
0.411189956995353 -1.90082542950561 0 0 -0.921662192942443
0.473616598743912 -1.47850684339123 -0.0942992023743286 0.0219496054870804 -1.07418060871891
0.340983175733747 -0.791438369400246 -0.446665248405338 -0.155791037436343 -0.769215328592652
0.712307353158103 -0.141920257833619 0 0 -0.2362327416152
0.801916210984666 0.298462392984359 0 0 0.112514652166089
0.881640687320208 0.392243627533482 0 0 0
0.866338274067018 0.330424970666041 0 0 0
0.599871891839787 0.418494876287494 0 -0.377811531644339 0.217305847501607
0.0370112609093813 -0.677289297557041 0 0 0.240477492327008
0.337435299438421 -1.01626879148027 0.207124071694481 0.0274874274474672 -0.220411941778834
0.677888190894318 -1.27535062269592 0.326875155039429 0.0318604288459689 -0.722570756744961
1.07723615285674 -1.48259103957261 0.617589077224064 -0.0989917916586395 -1.04473666802992
1.38764447738143 -1.75732213117518 0.606989560880812 -0.231377254451873 -1.26535227122508
1.48506570346574 -2.06866007976012 0.515924182284034 -0.198205508055529 -1.10846950092479
0.344744099889344 -2.39740443618489 0.236836262687227 -0.36467076571037 -1.29009046252118
0.664291329024329 -1.8647824828577 0.108663409554011 -0.321665092181647 -1.21395860765926
0.328748168222547 -1.2208619784826 -0.385802755142858 -0.318932601101444 -0.963274437815656
0.849533889110219 -0.646945576030077 0 0 -0.479376405157592
1.02903321383851 -0.309434648892194 0 0 -0.115909136996563
1.16325070110806 -0.0432545325103707 0 0 0.0956160833079144
1.2395963633436 0.138013787204769 -0.0577052742173837 0 0.221479001216928
1.39306333906317 -0.113139041890508 0 0 0
0.187428676184865 -0.367804055312323 -0.16841578074602 0.00122843332821495 0.12838608709859
0.300905579705021 -0.892985861550034 -0.168086135657616 0.239567368511324 -0.287700287032613
0.752740889588185 -1.25872725787204 0.046773914562273 0.344937684788198 -0.702640447983753
0.913196346502208 -1.69386682642616 0.114238287362232 0.267621734414501 -0.874500279701512
0.950761505731693 -1.85307387526126 0.0822101292272684 0.0508941948401408 -0.864921330270979
1.439428009442 -1.8361637214486 0.110657611270591 0.0215956502282219 -0.784617454662377
0.959846380140082 -2.21510095393103 0.107469675502845 0.0817844187883153 -0.679617064658325
0.399235076979815 -2.02387063101482 -0.194345905280782 -0.280539879763047 -1.01994414276129
0.0931828318865223 -1.37596902064032 -0.625999555056379 -0.611061529039318 -1.04935276839366
0.357501931023631 -1.18094867331236 -0.48328610324457 -0.59530253852059 -0.709268305637851
0.90055361197447 -0.835575365794514 0 -0.199451868984944 -0.389378360438721
1.1267236222362 -0.604980465616093 0 -0.0584520579370417 -0.129120137419177
1.67084269863468 -0.679488592106571 0 0 0
1.76689121907412 -0.579085069555474 0 0 0
0.308147427816134 -0.0704531399638994 -0.577665501141564 0.104141597790681 -0.00570801817412445
0.645747192647318 -0.612668144761678 -0.521672308871723 0.166654550904507 -0.324063033059698
1.14591196363828 -1.05818222413579 -0.49435307016294 0.329548724893856 -0.67666164183668
0.951253596027583 -1.8235936097773 -0.42068051670012 0.230384723237801 -0.529305690749316
0.753619396659444 -1.79058833829314 -0.151909609452069 0.340901062353473 -0.419486784800166
0.762105132468152 -1.85485823954952 -0.137376660692352 0.501952708095798 -0.282700735032166
0.790722781264607 -1.86694522404693 -0.14148653981411 0.608265844459749 -0.0626723752442653
0.329541733047935 -2.13666426842415 -0.197354663295013 0.250273084316978 -0.465916923710838
0.192196344345864 -1.6137043190369 -0.52772699629745 -0.0955752817120764 -0.59851405719761
0.427659063534941 -1.39801230241682 -0.492345371738791 -0.186517110577072 -0.497754594145253
1.02903632115522 -1.34075574390807 0 -0.0886501761605618 -0.471514245500579
1.35158910172532 -1.17333235725474 0 0.15207364617316 -0.201955946548276
1.59794798583988 -1.00728335763808 0 0.272086556751002 -0.00559111484414527
2.09942871705587 -1.09189399079892 0 0 0
0.714342356512107 0.278007453381384 -1.06585128579108 0.144249204087428 -0.00484098210316714
1.17279581582637 -0.285037560386448 -1.15611991190145 -0.0203318386336868 -0.22011291311857
1.4160336807963 -0.941022525920748 -1.18584444361032 -0.0415110821645997 -0.247536728782912
0.491672212093252 -1.69349209340488 -0.648233819663397 -0.0238040280845444 0.194473806728449
0.744890716192164 -1.54002953516849 -0.536539806170282 0.426968696188747 -0.0550493868422589
0.359861725607641 -1.61278241902327 -0.346024639371395 0.909109712481856 0.115863569407295
0.0510555030079504 -1.68787204916447 -0.392522698194891 1.10759166475719 0.530609143442598
0.20642870950474 -1.84206981850652 0 0.8325682283713 0.21017732416606
0.0517826991083785 -1.8413945368 -0.610585089413476 0.572724543685341 -0.0825993267706687
0.418529368848415 -1.47847181675214 -0.782393331320537 0.360581352493205 -0.0955548981337055
1.12668719626558 -1.67236119610287 0 0.0575205607908856 -0.358020772592981
1.53756103660904 -1.53997945921017 0 0.215607099843127 -0.142821169344879
1.66855201834278 -1.34569584051351 0 0.239711875754391 -0.00181991959668548
1.98125076523416 -1.15882895974657 0 -0.0465598400621215 0.166457768396881
