"(Intercept)" "X1" "X2" "X3" "X4"
0.92140078872766 -3.99240623204058 0.331912440658099 0.698919799184613 0.386314463053461
0.930224338514057 -3.45882836530425 0.415870607755002 0.609178979755067 0.303320605890744
0.935871714402149 -2.95474346171859 0.503684706589799 0.458984833034294 0.288644766136606
0.908864477023577 -2.55040419704945 0.57235910353945 0.268725610490739 0.409983276158459
0.763043856766372 -2.02708070094402 0.71864422669996 0.128179299465115 0.293398390662102
0.353826846098751 -1.56405809469831 0.751077580649533 -0.18547604701046 0.272075019599772
-0.212362054946267 -1.49240759191636 0.958707124695238 -0.269676609862431 0.308629347413415
-0.525946630099964 -1.49308222772814 1.08103833432834 -0.215293512389846 0.330473771244733
-0.892214430839084 -1.4525793806185 1.21496816931821 -0.303238442918567 0.37678908107786
-1.4351158487047 -1.41616758843924 1.55982926933734 -0.422916154805404 0.464011993025517
-1.73457061476825 -1.3945712973878 1.76964656260524 -0.411604065570974 0.307323242177383
-1.8628866289038 -1.44278986407672 1.90142672526074 -0.34101921354128 0.148290134345509
-1.69384029445811 -1.27107596964375 1.41417317627147 0 -0.279559350528474
-2.02901268210222 -1.51098908719518 1.40421121417739 0 0
0.550458261032217 -3.79854724929567 0.144061154297835 0.275522777324765 0
0.675445105639845 -3.3239519234391 0.121353092827924 0.56692639934419 0.132456766948
0.794102937071599 -2.69380797158068 0.226952984994218 0.445180172439274 0.0694873193943059
0.817944342616027 -2.16931501896768 0.248520245061636 0.279318769776767 0.10151985731309
0.743946704182631 -1.62634358523578 0.351276824365344 0.233466370833455 -0.0294444365229869
0.493883526009214 -0.956921747496398 0.388594541116062 0.0574343741315013 -0.0618230583887513
0.0366494492040332 -0.740932096372138 0.573047004253807 -0.219995501350489 -0.186008890351709
-0.237007739336011 -0.855227026622204 0.61719800220199 0.0244242618698712 0.000370332933192117
-0.719130961715542 -0.792016755283202 0.849851271395055 -0.130217992888134 0.0817548054613309
-1.03838613416411 -0.813967480426553 1.07374186507397 -0.198836741245598 0.0672587886056082
-1.26657741165937 -0.834543644453903 1.27539638786262 -0.181398902917234 -0.062031454835305
-1.3927616130145 -0.91219539097443 1.43211122188283 -0.111864813340298 -0.17205453475431
-1.44516728614015 -0.897002812795981 1.18655057064341 0 -0.324531447819964
-1.8009349311969 -1.25121889429389 1.25780701417667 0 0
0.537347969515773 -3.62731463153071 -0.0772242601813012 0.327047134886117 0
0.416066466911751 -3.20763729491313 -0.114386712184669 0.499768378245901 -0.0290063499594865
0.642200110922588 -2.4587600563047 0.00332297727187114 0.409519948181617 -0.125941692204659
0.856323677672556 -1.76198283135856 0.0144949289371251 0.355041148623027 -0.215955961267088
0.853536806232082 -1.21202365201304 -0.0654977234352518 0.389603958305436 -0.242117988084489
0.630633450378592 -0.624237198238446 -0.00584306965484437 0.385228334765748 -0.404567744269476
0.329667933232984 -0.312080211286174 0.155524197938316 0.221851510751989 -0.532151294648019
0.0907059650935364 -0.241988787053471 0.181097568959219 0.283821445708149 -0.494996058458707
-0.358923600764805 -0.190825299668091 0.402267520631306 0.188967080789255 -0.362008396123454
-0.651519939997167 -0.216713814135427 0.620480249306792 0.0860643762735984 -0.377858468314881
-0.853028924262523 -0.284443262931062 0.81416406355761 0.0667798781508805 -0.464526410306092
-0.99950884090775 -0.370070908209635 1.01693731398509 0.0856778654425326 -0.5316300829892
-1.14298151011652 -0.490182996298449 0.953827416376031 0 -0.422750837425812
-1.25611540768619 -0.766760154694505 1.03758886932295 0 -0.36395690513268
0.578079598478738 -3.42397901191498 -0.260955526550022 0.310239048739352 0
0.47077579906925 -2.93488155611541 -0.240951056794248 0.402724554639791 -0.0729635221380973
0.730439952190405 -2.13543723012555 -0.14885256988552 0.359610369089577 -0.164886697473864
0.556815511831963 -1.47219283260367 -0.116133568715808 0 -0.41997831201357
0.920055755154946 -0.832737477775371 -0.329309656046866 0.539649564284161 -0.595519553547902
0.819389462235206 -0.341083559045873 -0.38981894160457 0.72439378431972 -0.683964055741663
0.520922151334904 0.0506850141914635 -0.227376175884289 0.577795837145972 -0.87693288049588
0.380390812230618 0.213205096306223 -0.127122120975704 0.447064069395979 -0.874712600558959
0.109590739069073 0.323227231255755 0.0261464679711164 0.477499722692883 -0.847792971053528
-0.254664803727902 0.290201755815688 0.240726770637553 0.394895069773281 -0.824151287038219
-0.623868512131551 0.349037657566825 0.463949984559131 0 -0.669961870596583
-0.801256773388008 0.197677989136305 0.62305888217999 0 -0.615069560035553
-0.901151860529466 -0.0626173920809815 0.674115533753085 0 -0.409515419237999
-0.955899447675186 -0.471482867331916 0.679617841889643 0 -0.115572242982032
1.01846387661298 -3.08823609379999 -0.429141953479633 0.285051976788259 0.188165808305162
0.980824357547788 -2.45593066951178 -0.286200500900168 0.299090657391332 0.0625270608541597
1.04588959487671 -1.75055991148599 -0.209733356966387 0.347703844696791 -0.125723796356057
1.02750391817822 -1.12913281094129 -0.243814193727744 0.43082439967689 -0.381414808462219
0.870708328908601 -0.603850225259267 -0.358563648342228 0.481088174100132 -0.577171607061946
0.77786077621369 -0.100405830705496 -0.550113184213225 0.704056514167981 -0.81921597353141
0.590360283785996 0.317965271028732 -0.41563484842643 0.632526995357465 -1.05115909271806
0.48119533256104 0.508985293670833 -0.290123120122803 0.428981424697832 -1.11333119103969
0.262414214212925 0.651601847280278 -0.230399728255289 0.549711725619809 -1.20925805842709
-0.289113783647707 0.94091089249739 0.0496721371420997 0 -1.08944679350591
-0.535584593903207 0.877237618373499 0.29137187344117 0 -0.914114417945838
-0.59856382255694 0.658900668900773 0.383021026019048 0 -0.682246223112068
-0.63323399011157 0.262940022716956 0.444480982810995 0 -0.379586727426347
-0.726357404050028 -0.290536657792305 0.429692088992408 0 -0.0875540690501941
1.84574260414029 -2.61302708703731 -0.430961790364857 -0.115496211897466 0.617674346219235
1.80381450160153 -2.00140392264047 -0.266634814509336 -0.0203301843381008 0.320536387967426
1.57672362783909 -1.49329864796069 -0.194451571925756 0.161002976910488 -0.0573348192948684
1.18414656327124 -1.06399263226986 -0.206516195652437 0.279509976598821 -0.460169955758278
0.721313376723699 -0.60979991609027 -0.188367844478065 0.275727401117591 -0.768993634327209
0.217799357748175 -0.162477227420124 0 0 -1.00265638151935
0.133024488443868 0.376611060701952 0 0 -1.25194733797036
0.414989509835913 0.653897446294677 -0.374924368753047 0.464822480084126 -1.51562470935781
0.384518041889231 0.815280552433744 -0.354138704746535 0.498647531642393 -1.51762784890292
-0.0593655465891137 1.10595440456166 -0.23663943510425 0.422840949121813 -1.52157967759031
-0.219968472381244 1.1356471713082 0 0 -1.02701066924046
-0.191957321837516 0.914165869443201 0 0 -0.733069905291904
-0.406607790172169 0.28333228462904 0.213650425482062 0.147768553930683 -0.345344705059645
-0.535933563810509 -0.326373248970067 0.303257949293234 -0.120974348737691 0.0282620869817674
2.57247699958773 -2.4199039929132 -0.336456946665557 -0.519691283404428 1.14564538461797
2.19445979992031 -1.96328913271441 -0.329839450529946 -0.302844519140994 0.546709483164788
1.8168212026536 -1.5273846110508 -0.267747027643639 -0.0694261010568463 -0.0213084377294789
1.35595831228012 -1.16185491315964 -0.234748204033821 0.136171334184176 -0.551299878453864
0.676214781343353 -0.719328523673716 -0.220264981056769 0.165477665612016 -0.936617717880913
0.0619673666816898 -0.285152226011896 0 0 -1.19282726345607
0.242057009889883 0.351496513105388 -0.297901169789876 0.413645300245083 -1.5771124583602
0.018996708944967 0.521508453456373 0 0 -1.21458288358804
0.186564947286115 0.664782772741266 0 0 -1.16634695082189
-0.0838768623725013 0.940078229157117 -0.307194168503153 0 -1.34710006229822
-0.0776234743778827 0.861576742611395 0 0 -0.927273689846396
-0.0600587588400503 0.888859562635694 0 0 -0.78613134979752
0.0316517697174607 0.542391083796638 0 0.274290623921221 -0.512319879793509
-0.0470151092046436 -0.15944167689597 0 0.31018968396075 -0.279051404893091
2.15067599930761 -2.17610897105957 0 -0.372608279836218 1.25136987867836
2.04493768600207 -2.02677637067227 0 -0.220718300054379 0.79915564193685
1.72839746523893 -1.77478105737 0 -0.066190335839979 0.214006715120978
1.21371562457703 -1.42834244321932 0 0.0879012936764493 -0.410840988415232
0.639747778039802 -1.138283967758 0 0.0814459029603622 -0.862486672296348
0.331824432707098 -0.845556053390442 0 0 -1.00342776495511
0.241099211582804 -0.370935316138425 0 0 -1.11208189513041
0.160967331401781 0.0627189126490253 0 0 -1.3097824656849
0.0952440850034893 0.367268842976563 0 0 -1.20287817965483
0.188194592494493 0.546904020244704 0 0 -1.081352180909
0.0967634562738041 0.69484225393513 0 0 -0.869355807524368
0.00948581212728136 0.775831400720942 -0.295802752032758 0 -0.767400811132081
0.0880361852423536 0.440820849450744 0 0 -0.568261134721326
0.0202444121260089 -0.139005923925791 0 0 -0.378344679952443
1.89035373142199 -1.98816337552377 0 -0.368198070491328 1.0890908989775
1.65351854060431 -1.89177450833976 0 -0.171930577381713 0.615711798967892
1.2450639196513 -1.7421624415128 0 0.00336038371035621 0.0817320671100606
0.970915873963955 -1.64541985721616 0 0.0859786001263394 -0.350996803724938
0.886025464008863 -1.50344389283792 0 0.0112140318098625 -0.74135322632724
0.631767192840046 -1.24534888080205 0 -0.140784011085341 -0.87855821747608
0.394392606380454 -0.912924771100191 0 -0.112291029598329 -0.917227073395921
0.330046334201429 -0.535805947292242 0 0 -0.991334036404288
0.256964172737802 -0.143329057313284 0 0 -1.00892905870534
0.322017590419658 0.246576014421274 0 0 -0.91144469528953
0.321787372483461 0.43073573021824 0 0 -0.70790901023595
0.176841319520523 0.358809042886655 0 0 -0.593731367511723
0.268582250990642 0.177783615595573 0 0 -0.63662982498595
0.216500319549275 -0.252103150830544 0 0 -0.429131656079734
1.51524995383955 -1.8521780227805 0 -0.180528305047464 0.845721581472476
0.968331041404812 -1.7887743462526 0 0 0.216541504787005
0.674969971494687 -1.78936524609464 0 0.0965230520915517 -0.127787558394634
0.61878053293566 -1.88510467297854 0 0 -0.418114375523442
0.718408659811514 -1.87433105877028 0 0 -0.540166795738095
0.814698011005984 -1.70350276670027 0 -0.237411239017856 -0.762185844177785
0.742298242061698 -1.38198463868856 0 -0.131908745123476 -0.892599325006893
0.489362079519954 -1.07411628995849 0 0 -0.721203457013855
0.446552040819424 -0.619394835839477 0 0 -0.774889253810771
0.601246846168596 -0.191123320451024 0 0 -0.630188160049053
0.595831313807517 -0.0187388856674347 0 0 -0.47463494726972
0.639264138685125 -0.224607991077458 -0.54999737777482 0.462037988070588 -0.493245689412939
0.581228198165325 -0.435928421252668 -0.725674330519667 0.758477465064373 -0.424417546882316
0.548997977779248 -0.671918942999692 -0.746803949185933 0.913493841792101 -0.263289269938394
1.1342768957341 -1.76024592337436 0 0 0.515903372815359
0.585862414015923 -1.80288989583489 0 0 -0.00539746571734955
0.505666562427724 -1.94200390918074 0 0 -0.124202042566912
0.632947441816215 -2.07441076384511 0 0 -0.271096590117714
0.895989336112596 -2.02823495337935 0 0 -0.40927927887049
0.968823111495049 -2.03678703528308 0 0 -0.552982383578053
0.934430716813742 -1.84714136583887 0 -0.202102229500054 -0.806977906993594
0.796345990441605 -1.45104763355644 0 -0.0884024142919442 -0.876917993610555
0.707212304865705 -1.04220246950509 0 0 -0.751421427828201
0.780690301667838 -0.683551637581089 0 0 -0.547560081647702
0.914001777842139 -0.641914005006053 -0.345763981305611 0.282403209282382 -0.437048389702704
0.934156523870652 -0.972523081641345 -0.606491300880061 0.583890895171716 -0.390069978775562
0.93922400937776 -1.24010692848426 -0.833870144737394 0.87439508045937 -0.362416377779272
0.815985740428978 -1.36040586641893 -0.940913077334675 1.07212781503156 -0.247890007700949
0.929952679554531 -1.71203378972616 0 0 0.384432342014646
0.624700314231389 -1.8386221162042 0 0 0.0651628514531014
0.66395603144214 -2.00264404660735 0 0 -0.0322865917570823
0.802920985771782 -2.11976107819649 0 0 -0.16527237588788
0.99187397550087 -2.18781797483295 0 0 -0.259796033456091
1.12541730009251 -2.16318390645875 0 0 -0.426233909189025
1.03913398736165 -2.12463686925611 0 0 -0.596596948275451
0.93580936350372 -1.80941445748213 0 0 -0.721795653214019
0.789505620072654 -1.41195334759455 0 0 -0.633051729226891
0.924016288387352 -1.1272357995334 0 0 -0.368690762618648
0.956817034119919 -1.29311923629245 -0.39217619276307 0.260980209974714 -0.52030324134097
1.19182889155349 -1.71629568464678 -0.581905590394736 0.682851542023936 -0.506826310877312
1.296655128351 -2.04661190199545 -0.828763071531608 1.04358570930758 -0.473195416566817
1.23648048060767 -2.2201910278034 -1.08251628451736 1.22702914433519 -0.322757913085366
0.494813522823646 -1.74794325038186 0 0 0
0.782282584418119 -1.88578646507822 0 0 0.174014532908026
0.813002697654673 -2.05973767820763 0 0 0.0263400937198285
0.956809736940642 -2.07562530929315 0 0 0
1.13817084743086 -2.05815408124716 0 0 0
1.15352207178517 -2.22045808070794 0.14084270096922 0 -0.289385422121012
1.19514426589137 -2.15837166366033 -0.0805471961237918 0 -0.19022931465887
1.01618877386473 -2.06465433821235 0 0 -0.470664618598078
0.893060597075631 -1.72578999077687 0 0 -0.535330744555149
1.21424088490312 -1.34834375523017 0 0 0
0.969494453868444 -1.80679631929741 -0.50738278317529 0.268161140213208 -0.486257213199813
1.12126141779062 -2.09521164210364 -0.642170330381391 0.607981100955401 -0.543918879157263
1.43945717508779 -2.50089579932851 -0.807494812046119 1.05757585897393 -0.506100755498147
1.48521207566453 -2.79931915831745 -1.1083716673435 1.25587353424533 -0.363496919365574
0.539910361489286 -1.74064617544157 0 0 0
0.723064367631044 -1.86283736739305 0 0 0
0.885121821352034 -1.99022468951767 0 0 0
1.0500774213176 -2.06199841480254 0 0 0
1.20515874477839 -1.97065875922002 0 0 0
0.849404650901468 -2.14005713979641 -0.186819786978959 0.482255302061314 0.119445791890306
0.81236222284788 -1.90039535443669 -0.515958754679094 0.66167774675007 0.37474158688694
0.93279709562827 -2.18159049620041 -0.775407726351225 0.376145948628782 0.359247845847609
1.09378892306388 -1.87757041908349 0 0 -0.315102416849137
0.908778526701191 -1.87043695208345 -0.347606599588685 0 -0.391718041272448
0.873913663643839 -2.11003739658187 -0.696310729959187 0.242405544148659 -0.338854654492441
1.05593709169571 -2.37355384177902 -0.806158047998853 0.49006513605221 -0.403423721307731
1.27437133813726 -2.61517802258451 -0.930625216149121 0.813195971678142 -0.345892163279078
1.27396073079852 -2.73415698725266 -1.1849340556217 0.960969510664894 -0.148867969755396
