"(Intercept)" "X1" "X2" "X3" "X4"
0.771689646192052 -2.81489121864452 0 0 0.713040940710584
0.998708336161875 -2.44988575342545 0 0.253303482554814 0.606392546265286
0.701300553539348 -2.19236785303634 0.26352653669983 -0.185048696041258 0.426100681514984
0.613644707447561 -1.79583469645259 0.239715638968281 -0.314547877215785 0.151741344338696
0.459549213823143 -1.43908024859932 0.231929992498423 -0.464890769418112 -0.0658914974399861
-0.0688023210116892 -1.39089146723324 0.387278661986882 -0.554332119385274 0.0896381344179598
-0.611992828384713 -1.51441159029334 0.671148448914658 -0.441746355743152 0.386136113625299
-0.588504512282895 -1.5920944232555 0.869360687985879 -0.0215678691287385 0.48736979988039
-0.586931326430179 -1.59226815714144 0.9765576069581 0.349475277084217 0.459990745479283
-0.852458848559832 -1.5670414611067 1.21739528618197 0.426906356441148 0.41435792219241
-1.20427317735217 -1.59235277248291 1.55559217608182 0.437368478952528 0.411095361304351
-1.34567027531675 -1.6286456242026 1.86816087363006 0.606894077499079 0.372714470651674
-1.49899111440197 -1.65513054693219 2.21192200263402 0.889827851588171 0.514858998562951
-1.59545959924689 -1.80748352537676 2.38598586684332 1.07427256623256 0.663387855072567
0.810668513854279 -2.83656269163975 0 0 0.826114188313785
0.962366876528024 -2.34514734445155 0 0.258314670074836 0.555425133572422
0.980533614143368 -1.93244371367681 0 0.283603658375753 0.314051156183522
0.670109813272901 -1.61575099557046 0.113705957143237 -0.0722661712386142 0.0495727091762733
0.497706507800278 -1.20936751695307 0.109464659529352 -0.228498397336672 -0.240770707673573
0.208704903291344 -0.839977096454273 0.166528914987127 -0.393345637346567 -0.447855426177951
-0.0801036034740352 -0.801522693299053 0.319093421976149 -0.202690360692752 -0.278058721508463
-0.290003801212033 -0.902235712798815 0.537962993125495 0.152086453065336 -0.0632012859842714
-0.426040225824483 -0.883522986350187 0.673589882166306 0.402491656538427 -0.0183833916251384
-0.786357838315576 -0.897725029652644 0.96393080496064 0.375949467357248 0.0616535663384709
-0.896834423293326 -0.982123870728139 1.22129219441704 0.516167713656932 0.0803579754733586
-1.01422928470111 -1.03595379591369 1.57977653517607 0.797665290326301 0.286583828974734
-1.20703198629998 -1.08058653949559 1.92410859893364 1.04469167255978 0.565207220265769
-1.39657164504406 -1.23917965741369 2.08794686891609 1.14970996155943 0.693913159513816
0.785022771459725 -2.83068795175783 0 0 0.76304695996596
0.766155214088227 -2.26968196975493 0 0 0.392902930384816
0.922725950927273 -1.8158668971651 0 0.278673440497672 0.212018875921854
0.75600336605262 -1.44047612547396 -0.0125646039566198 0.161744632732758 -0.0464779436010713
0.595672207038042 -1.02791742371973 -0.0373997303663204 0.0639696102730993 -0.366623144094636
0.319838007900096 -0.595190263691653 -0.0168589867853689 -0.0373582007990052 -0.6545019567028
0.26064017171203 -0.253921472385611 0.0166704153139698 -0.00250412995440645 -0.825701730701828
0.248416347608752 -0.166588629040994 0.0952549109659078 0.360856479231352 -0.729691526025231
-0.196831999756089 -0.142930924734332 0.378045262245121 0.437760798832018 -0.49157917790828
-0.466110520322209 -0.240158040792018 0.618520655363758 0.45987207287458 -0.394102122427855
-0.576732723764063 -0.395918221220911 0.835124847394442 0.583329942873241 -0.232753509790044
-0.722428623599955 -0.470640649252985 1.12758336780758 0.786100169320377 0.0676325504978052
-0.968302178877592 -0.593822554419118 1.3387878060455 0.90116092519247 0.339973777855861
-1.16339424799882 -0.817807970514788 1.44143494286619 0.956833218616913 0.484967566871153
0.720951018234032 -2.80543259464826 0 0 0.553107085555696
0.726806618783493 -2.32165840148739 0 0 0.336035862147213
0.843909209318231 -1.80544130604047 0 0.280249061535954 0.110629228541468
0.847762426303037 -1.31622132279739 0 0.293410164337477 -0.154994913671014
0.703172917676555 -0.871396111671108 -0.174307741231968 0.319222987687448 -0.47247599092144
0.448690044840041 -0.404558930791676 -0.19490043863266 0.244784299546717 -0.782291660324363
0.45220985158693 -0.000629009881821855 -0.167466009879966 0.360129725397847 -0.993522031560106
0.640816188082082 0.324960050042686 -0.267368630069603 0.479187317603334 -1.22236697323758
0.412852525881091 0.523824011677887 -0.0776758965852145 0.516148487987482 -1.11912038272185
-0.037191738405846 0.52158918034663 0.212155190237694 0.469970015196592 -0.816360030429584
-0.398674609869571 0.323751055422133 0.452429522106781 0.513453194864153 -0.547479042565423
-0.55958716436521 0.0968329956680258 0.618155787814763 0.619613843800952 -0.192921954576988
-0.742224096150451 -0.123015628116337 0.733587314172568 0.637194983143637 0.0860246622880025
-0.883601996657618 -0.417933045326175 0.757282775991091 0.636831084229657 0.224951514438753
0.67616790652193 -2.79000062641707 0 0 0.338804713631331
0.671751592140878 -2.32112809543013 0 0 0.119674361288098
0.639064498098489 -1.8344979455748 0 0 -0.110794185013193
0.587923043858398 -1.34783529785173 0 0 -0.350264177889639
0.55477981348189 -0.843886436454979 0 0 -0.587949535038587
0.52281219331363 -0.348041671958932 0 0 -0.823813917154886
0.686673069211629 0.0887320765593644 0 0.286966803959901 -1.13467336183553
0.749610935677564 0.481816387297449 0 0.398446638083998 -0.955411950660197
0.614307177245054 0.848580098785971 0 0.447319193355005 -1.02906029783261
0.398442303276853 1.2851663595831 -0.218062552806983 0.361532585561216 -1.13474123092781
0.11442488410917 1.19452105745179 -0.0456730548399348 0.449115300350489 -0.892641178767418
-0.347305876334211 0.734398308814165 0.193432755172488 0.421054287272667 -0.435176514573959
-0.506212798836134 0.375004438557425 0.186378854530753 0.348205409908905 -0.214935010194525
-0.601411445396817 -0.0915511288727716 0.096486747196641 0.274532810755036 -0.0570599020578731
0.689025957043963 -2.7903604921109 0 0 0.261002650165809
0.791330521151716 -2.4043404991877 0 0.160650965859918 0.0807050735600459
0.796510759647654 -1.91133113200171 0 0.20811532298113 -0.258103346860378
0.754477343259518 -1.4510618588398 0 0.259976059660452 -0.579289727991998
0.431930689140628 -0.963241539662875 0 0 -0.843699085045935
0.353936037116353 -0.377011342465725 0 0 -1.09817950863759
0.35449231997668 0.22023913350446 0 0 -1.03976994724971
0.602335259070489 0.671838321786317 0 0.331866538603061 -1.23550129427512
0.54116672916004 1.07072400425834 0 0.247980600657432 -1.05348578249582
0.510248039172018 1.40652270768778 -0.263609958189743 0.467043569269352 -1.04678288814663
0.171359300683914 1.55770870715947 -0.256694359393171 0 -0.768425160565308
0.339986874810847 1.49341503677199 -0.440431478585446 0.338110081393002 -0.725661183000731
-0.704595616116542 0.502762990211607 -0.0803583722885359 0 0
-1.18773412052237 -0.353139461163143 0.048675087901348 0 0
0.908874200751337 -2.22275834503455 0 0 0.321139552109887
0.735832565951509 -2.32802863661544 0 0.239058620686434 0.0814161726768199
0.721653471940748 -2.11116859135443 0 0.172265521699825 -0.403600669315482
0.680749122246572 -1.61001344643824 0 0.200323991673832 -0.78618048407922
0.265905753664485 -1.11059437877247 0 0 -1.03717002028525
0.176888177673922 -0.493247371450606 0 0 -1.02350633422894
0.272676353766343 0.11186548156426 0 0 -0.990074968308409
0.410111077686047 0.620997958961532 0 0.307449240409696 -1.35436656055823
0.2458533207028 1.04075563481924 0 0.166263096635605 -1.15733719804656
0.148528522711099 1.22427751339717 0 0 -0.769067099607608
0.0385839517518378 1.46739935196728 -0.335219732880364 0 -0.578256288004482
0.255003260487649 1.39941149518077 -0.533432433990463 0.338654921411644 -0.604882906091245
0.189538743115662 1.1325029403155 -0.685058167193305 0.439825247850329 -0.37092571442428
-0.7206615425237 -0.289344268728054 -0.375331151037177 0.408837632665231 -0.145456761712383
0.993603393431355 -2.30024300112522 0.412870012720089 0.0754057100375726 0.767709029388085
0.946468556282879 -2.13568838353829 0.326909936515811 0.10908826423972 0.270991062296077
0.825109606958142 -1.9866947037103 0.219079629545723 0.117541052303642 -0.271780336885118
0.490645285460761 -1.79045912401063 0 0.133561934242289 -0.797725168673731
0.307971598418428 -1.36340023592688 0 0.0192917160303961 -1.05249026435408
0.32760425750235 -0.753885929986368 0 -0.0533518620155167 -1.11718003448654
0.249076872912403 -0.335888433300065 0 0 -0.960984104307164
0.0850674862082472 0.178071439747313 0 0 -1.0204869781368
0.0246421465796352 0.576980721389812 0 0 -0.896091051620211
0.12082909157366 0.905161995990387 -0.136146873846747 0 -0.79455626540426
0.0309225234278003 1.06509817806854 -0.386496465182553 0 -0.528176243580736
-0.129783566952489 1.04192242841058 -0.569563867973455 0 -0.284882451317929
0.0874576983830107 0.761345932412193 -0.789145339074784 0.518046989144746 -0.28914123328951
0.0782013190519666 0.446364049552372 -0.956266695755029 0.742001885421734 -0.131348034662673
1.03381725377426 -1.7267478027801 0 0 0.417457217166459
0.890149118310301 -2.07570047168738 0.436625262412968 -0.0097948683179556 0.323542875610586
0.779064354111392 -1.86794157611703 0.307055058984191 0.0432213975208755 -0.133130848851401
0.630186057108752 -1.66171014632468 0 0.124381959157293 -0.583019977166908
0.554968649023625 -1.61483181205972 0 -0.0732718374162133 -0.830333274441907
0.479252665653263 -1.29261923065456 0 -0.205065526982462 -0.873073410856153
0.353161759433667 -0.856063648608746 0 -0.0931008093556136 -0.878148872718498
0.254964675747009 -0.374076191310623 0 0 -0.842758140811211
0.231729305176616 0.0887455618759034 0.059027496789125 0 -0.739872630769354
0.291533889532517 0.532362933568205 -0.0937748834861131 0 -0.606104689737303
0.222382671601887 0.689967679638892 -0.245330374353118 0 -0.394741670855842
0.116842952287857 0.606484181460629 -0.740886515991834 0.361732598155507 -0.322698130596854
0.0202139562571914 0.368268737010155 -0.98940138109933 0.554392854364444 -0.21482920654436
0.0351160723684545 0.0643776133362467 -1.21201785507072 0.880205351442012 -0.101642118553214
0.885476372403886 -2.28738102573769 0.617614191089427 -0.139722995721694 0.827191614605144
0.811812810253876 -2.09266452729149 0.507933779350812 -0.103771390342709 0.426108819653637
0.736058641913849 -2.01491092363595 0.417156797579683 -0.0638857478512331 0.00312384834408794
0.694889371352699 -1.95095614238175 0.330979802381814 -0.0671906864208373 -0.372525585570795
0.778326636500966 -1.80076665418771 0 -0.226628859890884 -0.603871014022117
0.785106018846802 -1.68120234657954 0 -0.271097810879352 -0.700288844176408
0.737430492253629 -1.31880836688219 0 -0.170696904021294 -0.714200660989774
0.602900959031478 -0.869836979585528 0 0.00902367335523698 -0.888906750257349
0.376254573787013 -0.430553583777178 0 0 -0.742978343109937
0.409606218577209 0.0585350427801128 -0.126333522467313 0 -0.568208083257509
0.425664617669208 0.331589196220965 -0.322333738862114 0 -0.323056982963568
0.296866527090848 0.0575021660851961 -0.750327687549155 0.447484783730772 -0.227535846741594
0.0780707696977926 -0.186553209784642 -1.13611596911819 0.724579681948046 -0.172352440179207
-0.0193929220097689 -0.398128745646187 -1.43425485251886 1.03029388303717 -0.0340380626232671
0.855072930549852 -1.93427730742705 0 0 0.325492933040264
0.700755050328805 -2.29889769739884 0.570982920993931 -0.153955723676876 0.483935659893667
0.710804989370567 -1.91231081372438 0 0 -0.0982291276007983
0.636041848461028 -1.89405978416764 0 0 -0.348129576266663
0.821971620610867 -1.99693393154554 0 -0.270451207145473 -0.439004331744706
0.852795521319553 -1.91002502508041 0 -0.268781252584234 -0.519183857945344
0.895720158960409 -1.77763967422977 0 -0.338841020376397 -0.572208051798205
1.0911591616528 -1.4326999382064 0.0593602782794443 -0.0942904155027285 -0.695019135610116
0.68446195771391 -0.996897661563237 0 0 -0.766331510805372
0.600096869168272 -0.536231588010941 0 0 -0.604780615768192
0.511315072643959 -0.160038532459586 -0.394974539764467 0 -0.264254891215288
0.334509289590018 -0.191022669861404 -0.795643182646719 0.254247562630691 -0.0594300546168466
0.228534112846968 -0.669479178877297 -1.20529015930218 0.768318259435417 -0.096343390974277
0.0218344214375455 -0.908094465098607 -1.58021625070185 1.09640543644948 -0.0315446873269261
0.646184898227945 -2.70995759139375 0.735622638977139 -0.239119147540502 0.902630008370045
0.773714979899168 -2.09586511705737 0 0 0.174037135818135
0.741828580524999 -2.08682542928207 0 0 -0.0177270595011631
0.714788217945533 -2.08991966485292 0 0 -0.213464340847805
0.699416286726249 -2.1899472485172 0.262796823233291 0 -0.330661500329897
0.801735502613026 -2.00851951296282 0 0 -0.419428663983341
1.22576610556951 -2.06547583567772 -0.0387957247227123 -0.265338719181545 -0.224144220906506
1.30714337065399 -1.92932135793618 -0.0606244641791052 -0.197868849552131 -0.4943603034431
0.923090179515653 -1.50981827702432 0 0 -0.707174605265993
0.817766576113618 -1.03840664936336 -0.356833511240812 0 -0.317728658963324
0.617857627416922 -0.690262505416181 -0.554602822292498 0 -0.0749805219552764
0.520229920299161 -0.560054010942237 -0.591314706938892 0 0.00806530635415133
0.21450154220585 -0.687081965391448 -1.2209105412659 0.463429445949086 0.25885360240659
-0.0334850848460924 -0.860348423332088 -1.63655977797126 0.793688828411242 0.366610677760714
0.593510421682261 -3.013355950964 0.81390930126162 -0.378378358343631 0.9852115387987
0.766084160080643 -2.29849957936598 0 0 0.208418234494251
0.770611358693386 -2.26640702122184 0 0 0.0499025154656504
0.826857361490456 -2.3021209716556 0 0 -0.0561930948518769
0.769222396112084 -2.35516429390774 0.243862125131571 0 -0.148113139340983
0.929934704456771 -2.11496654261571 0 0 -0.290269806641993
1.27678163534422 -2.21607481382507 -0.159935964066762 -0.234942763074553 0.0631669550950767
1.32214345722924 -2.08709159546292 -0.278413961839065 -0.107630034911004 0.018841658407124
1.27183448496757 -1.89434557592799 -0.380730175640199 -0.0421950914278702 -0.186841575628582
1.0378442162237 -1.6058834865814 -0.473347281779431 0 -0.221972199136316
0.785361618328539 -1.23372733653051 -0.737170244132688 0 0.161545000003574
0.550027191504906 -0.957524884836184 -0.915218532849641 0 0.426211366374151
0.231082009277298 -0.932833718172815 -1.27972188075317 0.238912281963311 0.601605267028458
-0.0340186940041051 -0.93836345471754 -1.62144007304517 0.506624372033741 0.770063678465011
0.673075646128711 -2.62412456285572 0 0 0.321575849722755
0.753556896639023 -2.54295729910891 0 0 0.254498664113397
0.823204415733041 -2.45990962187623 0 0 0.119719803250247
0.941228717379099 -2.43863712175682 0 0 0.0346640377436882
0.901215427603012 -2.47175546247264 0.152276872298083 0 -0.0111133240295725
1.04045868901922 -2.25326046453864 0 0 -0.182323674837818
1.04272954225493 -2.17304459532596 0 0 -0.252041954755171
1.33791929163304 -2.21480120657329 -0.497883185010687 -0.00163183173376187 0.367390904360932
1.09694953323964 -1.95144285732604 0 0 -0.292274846408518
1.27056183309505 -1.96579208790946 -0.728925365041198 0.158108323687804 0.248637385606872
1.04408368950484 -1.75334484076525 -0.780693759889194 0 0.294495613770952
0.686297867596537 -1.40787278855509 -1.0729793208563 0 0.672874698134875
0.305269577212088 -1.11395901359035 -1.2805630621832 0 0.89047256644401
-0.110932008570554 -0.908229857711964 -1.45293505603406 0 0.974330193126551
