"(Intercept)" "X1" "X2" "X3" "X4"
0.757733550290138 -4.9974616060828 -1.84033862444791 1.38088998108911 0.585519123647225
0.441906340814669 -4.50747087745437 -1.40087631482394 0.910935418537245 0.776205729006369
0.214541025643702 -3.92602567311128 -0.805588408298362 0.381420492995881 1.00475948600266
0.820252019948186 -2.89503788085787 -0.227040071448123 -0.00739038241220372 1.3167279785156
0.647037789253012 -2.45135443665453 0 0 0.441828179671185
1.03999634188475 -2.20473226888325 0.489081499928501 0.070152382201401 0.383917650490896
0.742581975302497 -1.92069347246902 0.487269271282689 -0.148171859063215 0.506563188875907
0.0939031019826321 -1.98948009860728 0.68803779939471 0.0573935121341425 1.17475644308347
-0.589387575621805 -2.15052410897085 0.924113875411159 -0.203068264939664 1.08177032703902
-0.512116037463198 -2.5957589917769 1.07492008799341 -0.19030808653395 0.842353073705068
-0.284116318355985 -2.96929041635227 1.32990619090667 0.0559786290620472 0.578859725629422
-0.625069021690015 -2.78009599117786 1.84641989605831 0.449684883761846 0.487392592964874
-1.32490357533933 -2.34553744192266 1.32057178654198 0 0
-1.82491419341435 -2.13579983390948 1.59191015772211 0 0
0.926197594242792 -4.39702207435441 -1.51858423682814 1.22639614502842 0.264814682151645
0.00110190251396729 -3.45380052807088 -0.148913733691011 0.292403705987993 0
0.0574197576959551 -3.28577461457645 -0.311840248761524 0.236203108052763 0.378715154920573
0.343528761630558 -2.62642999530691 -0.0303939950953838 -0.0410218503720425 0.769487498762057
0.830101212105951 -1.86857080810678 0 0 0.57335054055384
0.703435359593932 -1.60164979637965 0.315643447055735 0.198404525636874 -0.0853310632039805
0.602057587061169 -1.00363904898673 0.222597864270498 0.126664053962865 -0.0934058298230187
0.0271920939216352 -0.958424675313298 0.456630169641714 0.103469378376511 0.32114437177892
-0.82828365668453 -1.33154032178366 0.917645676928413 0.102159047355008 0.679458629537524
-0.715642895717767 -1.61513822899027 1.05536368619935 0.13665238439543 0.252838769313959
-0.39127189645599 -1.94873381630908 1.30294554539579 0.372343794329359 -0.230338904657068
-1.02365976252295 -1.40797859281385 1.40317547115289 0 -0.388246057022363
-1.35399176140642 -1.64066973185371 1.5010142439954 0 0
-1.68340816960326 -1.56255312310628 1.41859845750854 0 0
0.752197929135223 -3.77616378833065 -0.904322061108486 0.766792878790841 0.0194690800442562
0.691532057431656 -3.24334318668247 -0.667920965547487 0.531499302719659 0.145256291122652
0.20399605151246 -2.57227033293889 -0.078829746435888 0.086719651788879 0.0248554158303168
0.190679573403847 -1.85906455908528 0.291174436786824 -0.136003407649983 0.0899491299418705
0.741059407087821 -1.33173977025324 0.0635949064629657 0.133977715006797 0.020576980634302
0.639492781779544 -0.913973600562468 0.134368249882942 0.421874944687066 -0.239800626540524
0.451563895528941 -0.368823267816689 0.0680805002550863 0.41265247353068 -0.426743541497216
0.0303631134103036 -0.036023789286164 0.165079566018521 0.341135364278546 -0.542935653494769
-1.02480464638156 -0.335797979708535 0.710856165927986 0.402887570675477 -0.164296193321739
-0.68059449921157 -0.781026373872545 0.850470027222242 0.547329857075607 -0.568684945014764
-0.581185395731603 -1.06999119485777 1.42886192738999 0.582242723565073 -0.600212094346004
-0.868085625819982 -0.759400207895598 1.30799572857494 0 -0.391910765525685
-1.23875376020719 -0.962248529220457 1.36590911776487 0 0
-1.43945675245179 -1.0081085893262 1.171201850808 0 0
1.17286189882559 -3.11606970468847 -0.477515165796578 0.347180564167442 0.368997368703621
0.959836748493366 -2.6612302253668 -0.142753191421621 0.15259275317896 0.235286529778113
0.903224261533252 -1.80359839606842 -0.0325964357793661 0 0
0.822408283143024 -1.23254691482382 0.208776454800818 0 0
1.13842338924228 -0.89971386414887 0.0248084791359454 0.389519817725665 0
1.15693890871491 -0.614789868596077 0 0.65326951897029 0.163000249597546
0.596565851009415 -0.183052786311116 -0.00222443274674152 0.721294059923836 -0.315992659983245
0.391158062162317 0.0327395948821549 0.0299009267247969 0.642194936573254 -0.523223435255106
0.195825858452087 -0.460682272655466 0.399993822446201 0.658198449005808 0
-0.227785001775473 -0.713012289332987 1.19080382032868 0.599435241763657 -0.36309560637347
-0.726094502048335 -0.534120380894954 1.31568463982639 0.395132039969757 0
-0.981156962745545 -0.313445280110504 1.1464488963282 0 0
-1.06268902328219 -0.375927415018838 0.945759344604761 0 0
-1.16847810621546 -0.474823506569966 0.798496073924013 0 0
2.38740434054155 -2.38264977203951 0.0199300148410054 -0.0470060172109832 1.18084104842551
1.96793364012707 -1.90797180252954 0 -0.041709525079179 0.605534713343206
1.65932932224423 -1.39485336205221 0 0 0.423604654166025
1.18820738064926 -0.981035636591483 -0.230737340922328 0.429690868496814 -0.39707912810576
0.939749357911401 -0.577009558916844 -0.297356449426749 0.65332396993298 -0.546170708343056
0.810017239518671 -0.166402563882757 -0.271600294475012 0.678440831401953 -0.00432270615239827
0.925406833652445 -0.386976591861758 -0.0602955248575157 0.881775898037408 -0.331347518202346
0.80258017208014 -0.311760540885095 -0.0524854833526605 0.644597420105436 -0.313365559338365
0.610026516068115 -0.557703235754036 0.4877972917891 0.58724845904357 0.0486459958889594
-0.0759972367616487 0 0.639169973168517 0.314018982888326 -0.402892739719142
-0.538754714810054 0 0.730404375756762 0 0
-0.824267646701912 0.0330797451533084 0.785146322805007 0.385364022418349 0
-0.764958195747912 -0.0391828574767858 0.624099796198622 0.351866366446123 0
-1.01634119779627 -0.448212624235931 0.653227145648782 0.0761840107259381 0
2.70048572525867 -1.87281173943352 0 -0.327942522872036 1.49617046261004
2.31491586964846 -1.68545385067382 0 -0.244518720214201 0.990986437174707
1.953085760215 -1.4127372654229 -0.0530380603107773 0.0247379994109344 0.366350819925271
1.4274988136735 -1.06308819256724 -0.158738560500869 0.326249395405406 -0.164224489186598
0.697003430509543 -0.718884124484007 -0.260506666622219 0.549485723689386 -0.670359955684717
0.542639702498443 -0.302495118917767 -0.160860550688413 0.503152563966654 -0.37961817973994
0.736749672643541 -0.423393595489386 0.0473764965581921 0.615239136082995 -0.113044570113379
0.559438757862227 -0.37434230340698 0.125255531452191 0.662519954607406 -0.199912027617922
0.120154708037781 -0.186092922809338 0.433161782168889 0.582569890614454 0
0.125191351172803 0.325299257878238 0 0.160389662348582 -0.775106156292705
-0.0251242863104425 0.83579091383407 -0.451459380135237 0.420251765146421 -1.09464791114582
-0.547434944664172 0 0.549750612592706 0 0
-0.713119222051322 0 0.621853273530082 0 0
-0.953792651826085 0 0.613513559019752 0 0
2.79186111150589 -2.12893402089179 0.346444335238523 -0.738052963462205 1.94080452624365
2.1627271029558 -1.7105950798888 0 -0.3906525386227 1.12764756538306
1.87389141179287 -1.69110610344275 0 -0.359076439715983 0.635540660075178
1.37773715865689 -1.34728348750986 0 -0.0529216153949581 0.226408103649308
0.868000064462467 -0.960836824756576 0 0.14839174963354 -0.422516994992545
0.39275722008427 -0.51974203090502 0 0.392090064459503 -0.998686017105493
0.44843297347757 -0.244075658090735 0 0.583260795380687 -1.24695445011174
0.430182794563689 -0.0716006237186859 0 0.645417064366061 -1.28105178328139
0.162111656382276 0.124419624172629 0.166597197023985 0.507182281593244 -1.31454173683218
0.106114746914735 0.115934647971611 0 0 -0.648717261437142
-0.0537319234096741 0.676154532422801 -0.473504242678896 0 -0.893968030702762
-0.0229106331190579 0.713155289934485 -0.273537886401887 0 -0.541408540815173
-0.346537063473443 0 0 0 0
-0.734520544858771 0 0.291230585606068 0 0
1.82112993136001 -1.48015612357568 0 0 1.11759533109508
1.59768125090404 -1.5117985998163 0 0 0.771540211440184
1.3452970170728 -1.54528907664034 0 0 0.417919199852111
0.855607874473289 -1.44480075752098 0 0 -0.0417854034959793
0.782806416030868 -1.14941213044664 0 0.349522371201613 -0.650378226385422
0.881403665719283 -0.938733139206442 0 0.43018782182089 -1.0360617871778
0.985886600556506 -0.692306315345943 0 0.497440661244121 -1.25471168940506
0.954992750897373 -0.424713949605733 0 0.542489450986084 -1.39242873035562
0.634859616637316 -0.103208131594532 0 0.532884540267288 -1.50762949523383
0.322089545673282 -0.0339350608929038 0 0.293571110239391 -0.985777394024546
0.110101792013902 0.0485564827069511 0 0 -0.433387657985356
0.152181747514721 0.372467178579349 0 0 -0.342562162348937
0.173967703304014 0.600310539712704 0 0 -0.117209297959005
-0.0294641437122686 0.561546854312175 0 0 0.182211612647164
1.49373973747083 -1.54714496590734 0.30443228275566 0 1.22966170224376
1.24036149088714 -1.63901653474816 0.29762273211129 0 0.740424102445276
0.872079457623137 -1.6830509557764 0.406715744914222 0.0992507062501082 0.132653184613019
0.672871739236533 -1.62393163702372 0.355489809395107 0.273891646921821 -0.352102406842479
0.856930710931669 -1.50637249653965 0.220170748745212 0.347169376000459 -0.753984753830589
1.09781372795837 -1.28843064047685 0 0.319780335147268 -1.00720645899333
1.05372890087589 -1.14264804171594 0 0.302421096416117 -1.02306252781001
0.690074899380506 -0.807292096881817 -0.2048310846013 0.00904774506570552 -1.39068128868855
0.459432228398744 -0.640590615104502 0 0 -0.838946846787144
0.423904878622728 -0.306198031596419 0 0 -0.797817201116621
0.466861174788892 -0.0703172446874549 0 0 -0.544210578152513
0.375755531569211 0.00750830136168062 0 0 -0.30345475820678
0.352915140490487 0.204286636330662 0 0 -0.101607295007273
0.281559220928888 0.424077594754276 0 0 0.161443078686933
1.04261602309402 -1.4563254406008 0.359454364286823 0 1.02203469851499
0.581240947351149 -1.34304814090125 0.449985894478868 0.370887834597171 0.30281948416065
0.528274097431931 -1.62734935771819 0.321226279872355 0 -0.0526483531726646
0.545810232547036 -1.87184127364198 0.444069554032577 0 -0.332059177550402
0.840338317947007 -1.85639472528995 0.368700622736718 0 -0.811507463066889
0.869482214947403 -1.59609260872106 0 0 -0.920438382757405
0.879151551665298 -1.65331145569997 0.147434240923744 -0.168479434046632 -1.20479731023555
0.780683193501949 -1.25228157789752 -0.115047382783914 -0.165039084463383 -1.19912728307776
0.52368956500592 -0.901382490264493 0 0 -0.592564417001517
0.717355744671433 -0.67101813996642 0 0 -0.62457865206863
0.809685432409273 -0.428876540073602 0 0 -0.450242014475912
0.821608449348248 -0.22552821185438 0 0 -0.229700091486302
0.715983014197538 -0.04197951587317 0 0 -0.0341706309439881
0.628891099720072 0.152320236733323 0 0 0.170345618226841
0.496206406849489 -0.993738715525498 0.443455686617589 0.617873626260452 0.539441144746977
0.167634009218617 -1.2438896470599 0.541955482997998 0.689727037633885 0.0515215743302641
0.184121829095543 -1.63098831756448 0.546250918816112 0.49428510028623 -0.168685013681594
0.673880696672671 -1.83392541214478 0.302681101406156 0 -0.358208327778428
0.866024153141706 -1.99046935200416 0.291120581623252 0 -0.603592746619588
1.1518428370157 -2.01641481164228 0.31162704534929 0 -0.965887802145728
1.21089835841535 -1.92515564451135 0.21143924722467 0 -0.970086695108928
1.004270668653 -1.53381381141609 -0.00854497817930566 -0.329578139744962 -1.11207284472145
0.815181436694598 -1.17811149942968 0 0 -0.551718109643429
0.999027969982371 -0.993776320417018 0 -0.168504159072419 -0.636899461711165
0.985806581085386 -0.738761419877598 0 0 -0.297543813412291
1.24999137679528 -0.523171812898989 -0.0771275652652781 0 -0.0546837707475922
1.74584135599258 -0.426639921949798 0.24733890833063 0.147298536678704 0.328033817797076
0.966954094752486 -0.207131845953824 0 0 0.180127279079767
0.0735092436453152 -0.969714709874191 0.594676876286158 0.903800983059622 0.244875026871319
0.00481505544594309 -1.1630271169363 0.576712354404859 1.09020663447952 -0.0793757091528865
0.166746677777388 -1.52735985307453 0.514249631503962 0.874361309002463 -0.266232545102686
0.434185210747227 -1.93220935800679 0.440986606582767 0.472317244872972 -0.455919487258689
0.70956551805259 -2.10169904746637 0.417796435470204 0.146913897069526 -0.629134104091158
1.01315158437589 -2.15165924136007 0.216532463287743 0.128472004949925 -0.603469909645577
1.18302769578381 -2.11564237605997 0.13242380118128 -0.0286674072034581 -0.768434704515616
1.39648433258578 -1.72633774438523 0.00787444388499533 -0.163943551804201 -0.798067066479464
1.36040782228175 -1.39728325732149 -0.103032473110891 -0.300237429023036 -0.851082874692174
1.23519700438263 -1.28722406536452 0 -0.16140248618717 -0.513311221645623
1.5515269509839 -1.22532532479468 -0.145686433057278 -0.190847504416303 -0.400454856703595
1.91049940931745 -1.02641634543896 0.182552375938452 -0.204580379118716 0.0476531570287629
1.46005101502055 -0.774672298102488 -0.197318059781374 0 0.178921066732976
1.40446931212879 -0.575938472672329 0 0 0.200336782702372
-0.0820335563342965 -1.00908224127242 0.65438638441726 1.07459687193321 0.155182058414209
0.0678492646446005 -1.13726693595027 0.53312149005888 1.30007840739616 -0.130778755869982
0.197203723346776 -1.51045778392111 0.43322980147491 1.14496056425621 -0.306495178014794
0.325213573230834 -1.90939929006868 0.427253565426981 0.617213113328067 -0.433189011208662
0.496187002318471 -2.03996993600361 0.375771833621368 0.30237328454679 -0.446375962006598
0.925573207542791 -1.79655894156099 -0.131203338601613 0.320893489416786 -0.253162470847565
0.843189572046799 -2.14091978100531 -0.184617646973201 0.397004277598523 -0.238013697096203
1.28452903172782 -1.82527250569078 -0.215765279400097 0.0531266719900607 -0.468840651026846
1.40145652904718 -1.77631806216298 -0.107316023606779 0 -0.544750941946231
1.35533373068238 -1.50069974802944 0 0 -0.330509348594134
1.56332758466841 -1.42210996453021 0 0 -0.195758904498619
1.71626938801997 -1.42506524831826 -0.201591997649084 0 -0.0328345774355922
1.7951113279178 -1.24312882466865 -0.204518974658001 0 0.204193259664459
1.77917455468338 -0.908895070549174 0 0 0.228137640164622
-0.0959375350660079 -1.12757051153325 0.620981534297365 1.18256334465226 0.127189958815837
0.0247657008277579 -1.34618455892595 0.534560863709203 1.30117166729376 -0.11728086840858
0.107014861649248 -1.63937654015757 0.473148467045745 1.07861366237546 -0.305569636722731
0.186741692175444 -1.82482902854812 0.440690506857119 0.593672017077944 -0.350913225643731
0.275697700107156 -1.9934849795076 0.364213735580537 0.274569153696395 -0.247721104231147
0.632429470796273 -1.72111551321896 0.0383382274670563 0 -0.0593007685900431
0.946795592278596 -1.54986555340995 -0.227462417210099 0 0.0456008353319015
1.04478593817334 -1.67956946608343 -0.585701919980285 0.376635077239938 0.142955571324471
1.44320756839205 -1.91736833577393 -0.196110506306994 0 -0.289032803450762
1.61902868907936 -1.82888790409949 0 0 -0.274895264027125
1.81184586552791 -1.72003617478805 0 0 -0.160309961220814
2.0229426652339 -1.64370718187495 0 0 -0.0248471758231131
2.16585454405309 -1.590990926814 0 0 0.177954478740815
2.08719726653914 -1.24919246096379 0 0 0.225763195733893
