"(Intercept)" "X1" "X2" "X3" "X4"
0.533680179772293 -4.59384463859602 -1.31523228903391 0.94618907908754 0.5245006728397
0.785057176560473 -4.38717354127791 -1.29467685903234 0.887111858492571 0.914619745711364
0.861520106796672 -3.56291508365581 -0.548741148721718 0.368626440326073 1.13721775123673
0.714108907592148 -2.37519311559868 0 0 0.610508490692076
1.03950457830828 -2.47302185057302 0.395391951677875 0.0745820625094906 0.688079358319428
0.970811780524518 -2.20423591400061 0.491830343778217 0.0607814327110645 0.470672778524149
0.742449192199674 -1.9277849012322 0.527406911933907 -0.0689937845332325 0.569634027322546
0.105697688836908 -1.92825475818063 0.648387284923175 0.0514665248928315 1.12957045265228
-0.431580470594964 -2.03042339230535 0.825210193010561 -0.110371375064389 0.861306232214474
-0.498845203965457 -2.51470689985724 1.058816389288 -0.202499215610016 0.778012662590522
-0.224829489145873 -2.9118480645339 1.29759153977651 0.0206402338242347 0.517783871377522
-0.602941588109387 -2.4469751309208 1.35270622371577 0.222509020114341 -0.21236393318003
-1.41995058245436 -2.0923804177257 1.05761981682948 0 0
-1.81637273088477 -1.93827940303059 0.908167113159462 0 0
-0.0473514516213336 -4.15631056175787 -0.655286570679674 0.535865000553659 0
0.605791013215461 -3.82553654031137 -0.950433428477978 0.737197772627948 0.459622038640131
0.350526437433737 -3.27675305809247 -0.407246635874401 0.300288686257643 0.592456687620227
0.727494426679972 -2.38231518602926 0.024356613510611 0.0272635943565866 0.75507419618039
0.951483794802519 -1.84702034767409 0.183677948646561 0.123025076578122 0.382892485352507
0.769940813408848 -1.51279460841336 0.324002938849939 0.193329917651686 -0.0218722336756433
0.656314096063354 -0.981378789923232 0.252361598134621 0.150793774143141 -0.00660525090614294
-0.0229051178122933 -1.08705814840703 0.505213794364831 0.198274210467638 0.537691954693773
-0.75498168245323 -1.28603948447578 0.859082929438332 0.0685984502392062 0.577298135928631
-0.696784113387024 -1.59681000751716 1.05424360470897 0.103592711412359 0.220154415550544
-0.431286686556729 -1.88471978781022 1.24539548491595 0.337728144113559 -0.111864312267377
-0.887101868986899 -1.66914253281278 1.263598131922 0.236919379895341 0
-1.37950631594046 -1.47064529846542 1.20078798021361 0 0
-1.59325930199157 -1.48189765197421 1.28630811797866 0 0
0.406023447301674 -3.64033546114743 -0.579936355133147 0.423016843349984 0
0.4488151592774 -3.00389560311695 -0.153170949550467 0.190371574937788 0
0.343356226887043 -2.50719158758461 -0.0693314410230784 0.13429331817502 0.137718095715704
0.475141124575139 -1.85066562234311 0.200766941180812 -0.0691214188827725 0.197876707908519
0.876596421900471 -1.29254739785997 0.0292310475414003 0.178941200725733 0.142882368940031
0.764886086515624 -0.892955580237406 0.0847172370138168 0.437912177134989 -0.275481220249931
0.496506067407352 -0.36206255519881 0.0533088693506403 0.407884451274222 -0.370317398112169
0.0670080535225093 -0.207885479013081 0.229853913761376 0.351196454100953 -0.286820264893043
-1.02514302962236 -0.400105132854226 0.752282338874346 0.42066780085583 -0.109342690567497
-0.701223440044653 -0.730687061370141 0.889020646097679 0.526745250565732 -0.540279840290379
-0.68791299837096 -1.01428646225403 1.25322582732417 0.310552299729613 0
-1.03145618441573 -0.881072766553814 1.16786958688681 0 0
-1.22909351616903 -0.911177084126713 1.07288729890187 0 0
-1.40683733016203 -0.941295619506046 0.989046758226062 0 0
1.56127494131028 -2.7940589793995 -0.317470535093912 0.313411704711824 0.67866070006378
0.999927433515704 -2.59896146879917 -0.120607163115423 0.153234595095244 0.305161732113368
1.01628088819825 -1.72124544360559 0 0 0
1.06637941781592 -1.17522185004929 0 0 0
1.07672829712379 -0.892791929569288 -0.121501973416613 0.462832916546566 -0.134642978513963
1.16481829179674 -0.642766559316025 0 0.598909751860109 0.187132648280708
0.637184332845178 -0.193144532686515 -0.0317424466285586 0.721415073176955 -0.305788727361519
0.389220276585022 -0.0291180951742911 0.0617582866284156 0.629052753525747 -0.443911762510401
0.180519642178743 -0.105890671791204 0.26388436974971 0.585986244613341 -0.468197162439644
-0.140421558111468 -0.733654504484226 1.15646665525986 0.589360340187969 -0.368843262663493
-0.683524204347635 -0.489392730593768 1.17529614104122 0.358403690953717 0
-0.902066176831431 -0.307196172291814 0.970427800529141 0 0
-1.04479219071977 -0.376524589696568 0.875698113105777 0 0
-1.0392825846307 -0.674329860974302 0.859732203597398 0.265810921523683 0
2.39140251072633 -2.01488032577377 0 0.0277862278957276 1.18272797697083
1.97162647530282 -1.82284025864834 0 0.0377956801097026 0.747869131650274
1.73265954519831 -1.38809972261789 0 0 0.507840308634126
1.39542803332689 -0.963824385111372 -0.183974792593802 0.436558703340424 -0.191778560075878
1.27995589103498 -0.74967946759916 -0.118555412192192 0.527309749559008 0
1.12182298452702 -0.461799267205927 -0.109561424500872 0.680701478394172 0
0.852592219834159 -0.401832953965623 0 0.573845112545545 0
0.718701276849938 -0.371041869078576 0.0823931151840548 0.674824528097225 0
0.55575469090852 -0.481786586464535 0.467162245525618 0.547989328407749 -0.00888942015682414
-0.16492065517083 0 0.456382219150347 0 0
-0.545522655197408 0 0.743083778468738 0 0
-0.790490335335275 0.0193549022090059 0.73790221095783 0.376013711384057 0
-0.897209250234726 -0.124540648138329 0.7200279045512 0.170803034752259 0
-1.07731140297802 -0.490390202093008 0.684239958383168 0.213847874615486 0
2.69764679609005 -1.84771696672688 0 -0.33379807789029 1.499752152653
2.3369976110241 -1.67408861240969 0 -0.225660976652172 1.03523086528769
1.92026329877466 -1.45302869898643 0 -0.0342517674367531 0.473705407841519
1.55261567165262 -1.17398787919064 0 0.170933241871235 0.1233265557087
0.961256413534271 -0.86729783220715 0 0.291923244319866 -0.218604967813818
0.657477159841289 -0.45887694380093 -0.150337543438455 0.415075614313455 -0.241551136808251
0.760161484279767 -0.424834129893739 0.0322103963382816 0.589598253855158 -0.165064043435855
0.540523332320027 -0.323556048235941 0.129116507752502 0.626594010861392 -0.274843904057605
0.205999403928565 -0.219271580380425 0.428757098826775 0.578108865491824 0
0.184327967011832 0.251861019907172 0 0.172398381943226 -0.700259995673535
-0.237412433599924 0 0.346015261294468 0 0
-0.566580400473054 0 0.571197812256796 0 0
-0.751218000453295 0 0.617068712957415 0 0
-0.98377754600779 0 0.608450779061269 0 0
2.76840558883521 -2.09400953922343 0.314031177919454 -0.733992028127135 1.92531222821387
2.16312676763779 -1.70795996697796 0 -0.3709988606616 1.11135921069012
1.83906942427533 -1.64993323608617 0 -0.285334799042494 0.643176461329087
1.39337989918308 -1.38012847384511 0 -0.0591064503247415 0.248738286164187
0.921017920962677 -1.01031979387613 0 0.119872761609612 -0.346801764144851
0.330338851025627 -0.509969659820188 0.00604578098212989 0.311580895888639 -1.00487111338168
0.46002027677259 -0.318494550782551 0 0.526679265209298 -1.15381134947637
0.128623911989631 0.0253496486775641 0.121460605075496 0.508817325024055 -1.5013132359852
0.171879398634932 0.073060549907431 0.116071831019912 0.460040523911217 -1.22776689082213
-0.0511760650906966 0.388038714542871 -0.419525687526146 0.270255246135662 -1.16520822184146
-0.0203894448102475 0.589784750553854 -0.374794750893415 0 -0.821145176675222
-0.147000348479456 0.559371827684826 -0.212972232097617 0 -0.476951288338355
-0.526037618323202 0 0.283684167818086 0 0
-0.786150044614404 0 0.315177883745047 0 0
1.81164448098599 -1.48605808681565 0 0 1.09209130418612
1.5919611586964 -1.53069979287313 0 0 0.745236444736623
1.34142268525477 -1.56879211114487 0 0 0.413829611347624
0.897858938656654 -1.46296467027703 0 0 -0.0063728004029419
0.804903013376902 -1.13548226481768 0 0.382256771282342 -0.618543420975653
0.839403713262757 -0.930093929131795 0 0.363861616210065 -1.00110981756754
0.872647855416271 -0.710269506552403 0 0.385778850607211 -1.195831666399
0.821373145773498 -0.455926473490164 0 0.438274745700633 -1.31325973945734
0.562252868878903 -0.190914958860961 0 0.426561632776429 -1.30871159537756
0.384572113715019 -0.0923796951591241 0 0.270002588395986 -0.924565512947178
0.182389858928481 0.0794906762803823 0 0 -0.504356921367783
0.173549422406543 0.358151556401569 0 0 -0.361666130926814
0.16952438886292 0.491621992974576 0 0 -0.169280108787309
-0.265989867731329 0.241707222846025 0.0563217833758673 0 0.13788310834138
1.44336155797624 -1.41339184479851 0 0 0.921934396985815
1.26765079153554 -1.4485046327206 0 0 0.559850787357551
0.959495100174229 -1.72783146559082 0.3621348439173 0.0402854257529445 0.270949268551839
0.738530961843155 -1.58915450500597 0.316133692110698 0.308048127069964 -0.338349496296162
0.866838165924151 -1.47207279140921 0.20604662974639 0.365534079202844 -0.747136280106585
1.09032649516389 -1.2659036346684 0 0.324858554715565 -0.963451709332074
0.992807550042602 -1.13226574670367 0 0.259321022719555 -0.986652081602103
0.590423829551817 -0.83353029260117 -0.220540211485151 -0.00243368190564795 -1.38130836801257
0.472997061689644 -0.633459953207108 0 0 -0.797941672714206
0.395578417822118 -0.312668116424861 0 0 -0.760550748507347
0.464986062442893 -0.121290247248528 0 0 -0.522559559625547
0.389243916402628 0.00233763090306556 0 0 -0.30738932993378
0.440685608282297 0.249334285709567 0 0 -0.136511937240518
0.3498130140779 0.429008727199024 0 0 0.111432820286442
1.10267373447199 -1.50524991424064 0.359039451758381 0 1.02573012933787
0.860687236940311 -1.5224508680656 0.259325722371804 0 0.431736538164079
0.619993382592287 -1.61962672274213 0.251900505175753 0 -0.000945111182575888
0.605032374949738 -1.77935250822974 0.359780649459073 0 -0.315110680761517
0.80856691562207 -1.81084081715776 0.32868726756169 0 -0.732588281261031
0.760116533207576 -1.65137422361867 0 0 -0.792402635118774
0.959695373658889 -1.60978062684111 0.0967794625273257 -0.0218520091115374 -1.06474390833624
0.685220904217247 -1.22185542742581 -0.0843676894917225 -0.194192963512576 -1.12178142459587
0.572276495301446 -0.923538824777761 0 0 -0.642212605290483
0.695576303591352 -0.676975581793779 0 0 -0.615210301545987
0.752676358966411 -0.434175902403737 0 0 -0.442339083837731
0.755820029795646 -0.256351087032605 0 0 -0.243085910383869
0.69719835078247 -0.0623283225400765 0 0 -0.0554440175327958
0.667732145666271 0.155214966008027 0 0 0.146140238271659
0.546888309181229 -1.26337138335441 0.51028934266716 0.488983845281147 0.582548809083098
0.274321132521597 -1.38252510408512 0.530758805908343 0.522608902669282 0.145118360721567
0.297222032726758 -1.6633148234306 0.495122213841516 0.389452829131039 -0.129750273607661
0.718052949576219 -1.82621591629698 0.37061983139285 0 -0.35846029446308
0.718736784178815 -1.73330122829934 0 0 -0.456615196828578
0.814406116040788 -1.78716569405525 0 0 -0.600498977171824
1.06923355716457 -1.88931540515297 0.17085776495081 -0.153965386913539 -1.02384682485479
0.945779769062282 -1.50929147456081 -0.00443187954907359 -0.281973895879588 -1.02682660587459
0.792417176672494 -1.19507464163404 0 0 -0.533207794177188
0.977949625724082 -0.999454855460972 0 -0.136301850889843 -0.609070723124616
1.00998302792522 -0.759429436780937 0 -0.190848061567483 -0.404135732612303
1.04654758402325 -0.580625712695487 0 0 -0.119957625680338
0.996193814984869 -0.398404393848899 0 0 0.0116660144796597
0.946514060397155 -0.202031633204681 0 0 0.143865304170926
0.0878568269023918 -1.20861951959787 0.626098615165423 0.636529207670928 0.343616571782117
0.139064909880801 -1.38680705715831 0.550196767635918 0.686018993267699 0.048510178410293
0.290663891183393 -1.6667680819249 0.480648693322767 0.55608641969204 -0.193273649232235
0.439052962358799 -2.01760520048123 0.447631062306094 0.362724954132838 -0.389432489294002
0.721815281056228 -2.07096468849297 0.363968549133385 0.0788274506460508 -0.563502798790423
1.08596861873202 -1.94890485733897 0.196390088425472 0 -0.547585220923488
1.22461711493389 -2.05723801997268 0.114274781570964 0.0147308418021128 -0.682341723076515
1.31403494658682 -1.7623206680599 0.0540517779059658 0 -0.714982902343846
1.05611959386773 -1.45614587623297 0 0 -0.52971530558241
1.21082266934822 -1.28993394382794 0 -0.136993185401394 -0.503369463368683
1.28859648646209 -1.14218809281565 0 -0.201526759006403 -0.344835433016443
1.35585176759232 -0.902730899902853 0 0 -0.0711701661131666
1.33931958017094 -0.726764612652809 0 0 0.0671402947977746
1.38853095188833 -0.58425907918475 0 0.134529234149107 0.426052090847327
-0.0627408918373511 -1.34277634344627 0.666477134565018 0.544311607589218 0.284826011198795
0.0616366364791812 -1.50340977964329 0.574011301431641 0.779523633742045 0.00883201677554832
0.172646277121049 -1.82022134905919 0.529268383672132 0.708876030065624 -0.195562851793679
0.350209706023469 -2.00023185810138 0.485652388205495 0.391018801375353 -0.383861900770183
0.56453572419793 -2.0606407955141 0.360840892499268 0.173598569944474 -0.416933899593543
0.791584150214671 -2.04556566647809 0.10180184004093 0.172273514246571 -0.344303495661075
1.03547387579042 -1.91725550844438 -0.216046237359995 0.290734505940491 -0.205083634615556
1.31693116787732 -1.74105566037502 -0.224093057752582 0.111456069396339 -0.307255137741079
1.37034824340366 -1.73909758223524 0 0 -0.483557044974449
1.30518485783423 -1.47988605653011 0 0 -0.334682440028363
1.39555948453507 -1.53024412001766 -0.326013305974962 -0.347034420596018 -0.427611495142181
1.64637127655213 -1.28231966459056 0 0 -0.0646172125088224
1.68307436207813 -1.06966673669196 0 0 0.0997280807325318
1.55350038273832 -0.800818280443962 0 0 0.15712700176615
-0.257882191619451 -1.57910708555753 0.737650194577542 0.540018597774571 0.235133995714506
-0.0685687058689003 -1.70334451389644 0.624571264279208 0.774988129039635 -0.0164401643484674
0.0548960738911058 -1.89362580043715 0.569056644660861 0.679187696159841 -0.219094805382221
0.202494308509659 -2.037149319535 0.502582800335995 0.404074695629961 -0.297328852005169
0.370436573500054 -2.09391255384329 0.396559304243571 0.105640154871466 -0.221816349262397
0.510143401468823 -2.03111669107519 0.0724147094535577 0.173266744440279 -0.0953118006607798
0.897085970851785 -1.62974888198179 -0.564288706517651 0.460490078570716 0.227793581709275
1.25299538627349 -1.43381291264237 -0.230584998038694 0 0.0111066301205764
1.45817741755138 -1.80303936436756 0 0 -0.263830187036236
1.60464282446051 -1.85725183671042 0 0 -0.296948316529911
1.7129255275358 -1.67434342408065 0 0 -0.198564050172017
1.85133006278003 -1.55204377878097 0 0 -0.0835067735840207
1.91271325362622 -1.37892549815436 0 0 0.0439787426275528
1.84767069666614 -1.08631641181002 0 0 0.177252570645001
