"(Intercept)" "X1" "X2" "X3" "X4"
-0.222637683999864 -3.5265006513148 0 0 0
-0.992709433257815 -3.88627576794063 -0.764931193964959 -0.846474899375278 0.795663819861286
-0.474246059747021 -3.46474837132959 -0.638149275483539 -0.546885301150161 0.90807684233036
-0.231093505670878 -2.9693959323463 -0.468232230476115 -0.406794201165871 0.824690745029328
0.192361462094109 -2.30587347271747 0 0 0.493627541911093
0.192457397046441 -1.84644975186026 0.0207848463085216 -0.245406862076435 0.544501482172669
0.20408801351511 -1.50268231610499 0 -0.224568218883641 0.548020619774433
0.0690993769556689 -1.83805927939485 -0.100911247908113 0.45061984027713 0.206978045201966
-0.536551608406263 -1.8386452897463 -0.121223702318182 0.65367672799097 -0.0609434478438068
-0.647126194433385 -1.88335662487184 -0.119997266756799 0.74259753349667 -0.521994062293884
-0.576392500572527 -1.9825357020747 0.165955982224576 0.832569360122506 -0.889410047175166
-0.596592659937812 -1.91668858083953 0.558859903567336 0.912885360438756 -1.21231815387959
-0.796655685179517 -1.86213734517817 0.859274045107071 1.00330532714025 -1.45296206806354
-0.952899589074145 -1.70965660212299 1.31766116019375 1.1636346928507 -1.92842455112002
-1.30850434082615 -3.73324802855886 -0.873369177471699 -1.30733399781228 0.638775958876199
-0.907822609117637 -3.36614462649489 -0.695291701491374 -1.03744036557081 0.571015097908395
-0.410639725765128 -3.10780853831501 -0.576018285583816 -0.71191205259115 0.665851051616961
-0.0396180969958377 -2.45364242925691 -0.367330516589516 -0.427774543522902 0.485232887546671
0.46454353415529 -1.72164720223867 0 0 0.309054895417307
0.446825390593681 -1.26975252783039 0.0583867357369432 0.0912443096989103 0.107868972593603
0.362977948080755 -0.934052202119068 0 -0.00163052343141911 0.113162580434491
0.116979434080162 -1.00411180626132 -0.052764011933647 0.327225027516546 -0.0714551527216241
-0.245518183337943 -1.10771000107253 -0.171577423774192 0.477134604936711 -0.323199339982515
-0.303914100121721 -1.18812462616674 -0.064923971364896 0.569969931755375 -0.612487747872156
-0.337706353725142 -1.21568478741666 0.266818616495564 0.696077324533534 -0.811464641723234
-0.483871800831607 -1.15087427512269 0.548646115221156 0.766019912361224 -0.981348668140755
-0.672601804152996 -1.08323278450656 0.848624077962958 0.858475172680196 -1.27179018320053
-0.90984707875509 -1.10598356956469 1.11142082928631 0.949104442005975 -1.56584722797305
0.508379789189497 -2.66889658852953 0 0 0
0.525379826819427 -2.21681646925194 0 0 0
-0.222179489764463 -2.3577315240578 -0.427316488568853 -0.752089374381252 0.232078986870487
0.0530468769559274 -2.00652099952227 -0.214132193190998 -0.511573201568801 0.113612140829221
0.607897379829307 -1.18889453220193 0 0.0231810972354402 0.0728609198789176
0.486481836702505 -0.670986374678513 0.121116441842698 0.400814874120164 -0.395340562181417
0.32516449143402 -0.350563712725655 0 0.269700054478069 -0.347687995155523
0.181268797590893 -0.0376232214949668 0 0.0835583039906583 -0.296596718464938
-0.216535690134761 -0.317970792028463 -0.186263161960237 0.3820548498208 -0.537670705837169
-0.120109387799348 -0.450406546347957 0.0222222276019855 0.431057839289402 -0.553030293364603
-0.186486225749809 -0.426337960491231 0.262602937227648 0.531516554042187 -0.59865551968023
-0.386839960766614 -0.416017270801232 0.474374890262602 0.588329196856325 -0.70817769624205
-0.581981857715178 -0.408649421996604 0.704128020143521 0.653242234525922 -0.952071936793842
-0.836908881897405 -0.68065371546537 0.86168848117081 0.753517459548996 -1.05445684763516
1.23156791338468 -1.92507855556267 0 0 0
-0.0283654534462533 -1.98927279501846 -0.380615274125368 -0.708490296279598 0.150601190802318
0.8282475439675 -1.34106157549034 0 0 0
0.376643920698188 -1.33725695019061 -0.227809666428854 -0.354799670641912 -0.0919393013926286
0.679285001020301 -0.896265007756806 -0.331582927161844 0.131265731888333 -0.181925373798858
0.76984123605565 -0.186464284743981 0 0.450513455736416 -0.252600986808041
0.474555235017524 0.184457384604049 0 0.398677313870547 -0.50442078129085
0.3964133288312 0.474698769342796 0 0.213250812786368 -0.467515181972453
0.139564391418727 0.470921797074187 0.00589380389577404 0.231863036967109 -0.534789199146089
0.0398072006626251 0.306079708429043 0.203391798650198 0.308687320843335 -0.48181053413882
-0.329396074308669 0.305181735860219 0 0 0
-0.267011783830319 0.245927604771259 0.340784066252531 0.37620004106144 -0.428130677085896
-0.461784771575754 -0.0906470383129056 0.468702536960398 0.4945578501533 -0.498691845442832
-1.56044812713538 -0.396736231109613 0 0 0
0.853711718761141 -1.84913875889928 0 -0.634478779781863 0.316652057518835
0.860599137856053 -1.52774763255602 0 -0.361826397698078 0.0515478149601537
0.703357261927553 -1.09418522754844 -0.314554266102849 -0.157054240841115 -0.349654928631882
0.700886511222759 -0.649427659480142 -0.363416141165869 0.220626514891772 -0.694206903495872
1.19991874980656 -0.435297483649 -0.540070077940305 0.458868581197354 -0.347734742042709
1.04421964920777 0.13466204353494 -0.554109275927451 0.714725179793533 -0.236211822321466
0.932288728077158 0.377495892804099 -0.403253083875795 0.470264824517012 -0.293725120196037
0.653201579386522 0.590617343775573 -0.143908930067597 0 0
0.439018111350869 0.800146143632875 0 0 0
0.185433296919799 0.850884483157189 0 0 0
-0.143708102550056 0.745894516487831 0 0 0
-0.431267704020275 0.439881180311809 0 0 0
-0.295975630420744 -0.11081307756597 0.262881554849623 0.621652556694621 -0.253135673509393
-0.448526053742185 -0.715388569814448 0.244605738454131 0.789555857101839 -0.121250687924694
0.773026975397193 -1.36084581132116 -0.151558045741222 -1.13357107449218 0.448828877936375
1.04130904355531 -1.09019987248034 -0.421460076358714 -0.659544338123412 0.0489361244661093
1.53350166080785 -0.821459529736621 -0.630560617355804 -0.159392551927839 0
1.06912694250105 -0.675418289221751 -0.648881460377483 0.294058279545204 -0.434314708339789
0.606553037430718 -0.43632351386579 -0.213331812864333 0.470524126519832 -0.950763106499048
0.692529388539895 -0.0946393021955636 0 0 -0.627973061317565
0.888467277164971 0.2386196969938 0 0 -0.717053839066116
0.763043767972754 0.61993468222575 0 0 -0.727773585449015
0.486223345467198 0.847011906544958 0 0 0
0.11590176092816 0.885612081719709 0 0 0
0.0359277737531077 1.08629687364457 0.050803370608048 0.258750896380085 -0.526011533138645
-0.184061842960988 0.715426511018162 0.1174598920599 0.508927404290664 -0.442980789741401
-0.328785036732871 0.133018015347379 0.118040352143729 0.596757369132206 -0.284511965980327
-0.48326923895132 -0.596342236653571 0.0399022306071637 0.558154316824316 -0.111339781726757
0.874362548497453 -1.07163235724302 -0.0694591047615522 -0.998543680036056 0.50043915177991
1.21258614288468 -0.878866781400189 -0.42569407340182 -0.553010637873221 0.189940114702177
1.42522428364121 -0.709852070719025 -0.598162953898627 -0.206703927892247 0.177472666892219
1.33152428916367 -0.714388262988611 -0.527223408500175 0.228963291700056 -0.237933501097997
0.517271724791121 -0.611349911554413 0 0 -0.519774019048187
0.212902693380106 -0.373905427497837 0.273993994186558 0.176720943555766 -1.26580932479184
0.172450178426616 0.207648831445815 0 0 -1.31602985844702
0.0300360208677555 0.727903940442694 0.144538189786987 0.347797344806742 -1.77117233480559
0.149187666786483 0.968969026386539 0 0 -1.16063823135223
-0.129830862872142 1.20649515060096 0 0.00831453004397067 -0.859562100433204
-0.167083184377796 1.15553849918548 0 0.11994584191677 -0.442711990620755
-0.22827486203829 0.947764414330354 0 0.101178276496005 0
-0.514791696858496 0.431024410135864 0 0 0.0760928097316404
-0.786075345260597 -0.474074002473574 -0.167682500592763 0 0
0.841937343102732 -0.958238624641701 0.171832851363332 -0.56440862112449 0.39417132211947
1.10281297760883 -0.875530979682529 -0.226274778374265 -0.227357047163904 0.237830839280972
0.919316115219357 -1.00699073269475 0 0 0.120295389592709
0.753381490558765 -0.98311830114807 -0.0568177954784936 0.404094872583475 -0.325255252102659
0.610007617753505 -1.03191947715475 0 0.172275443851839 -0.558660010151844
0.737965695564391 -0.727073889838591 0.0310265642818454 0 -0.634025853273941
0.329778207157658 -0.180068462768518 0 0 -1.07109647547064
0.251580904218372 0.204230880231543 0 0 -1.15386449136228
0.0938932207962854 0.576459754730914 0 0 -1.09361738123439
0.0499846553519969 1.01757571021858 0 0 -0.621051087636101
-0.139972990253118 1.11275146825281 0 0 0
-0.142934727379301 0.845195997964748 0 0 0
-0.165613760076208 0.531249081681126 0 0 0
-0.25671830462792 -0.139434611135286 -0.342604161204807 0 0
0.366959099751382 -0.702894234503871 0.0984120171780678 -0.17435289714657 0.201022049662119
0.279789157475461 -1.00124159082457 0.00267883559286971 0.0179315177032892 0.00412814847121198
0.340430649293146 -1.40787867433571 0.0967062280287612 0.229458531186527 -0.171942973661479
0.383480551575299 -1.71928765020886 0.0744846414466034 0 -0.477647780477455
0.685779588760956 -1.66456239687514 -0.00495719140904222 0 -0.622146480376477
1.09799083967867 -1.24201086559368 0.190166617628273 0 0
0.339822387267343 -0.68407845064859 0 0 -0.433234092697555
0.294074862230129 -0.227887984821686 0 0 -0.750578359803792
0.189420390439954 0.233498662367648 0 0 -0.332706002111086
0.284636122496795 0.676223002076134 0 0 0
0.139037183324949 0.759463117355156 0 0 0
0.384382699137999 0.794455613318898 -0.477007578718594 0.330398941432713 -0.390052600116671
0.29988463917698 0.38750028181267 -0.594663647423901 0.594671186170203 -0.160526811543461
-0.00554289945573901 -0.693681764748446 -0.653340898147697 0.457350668829322 -0.126239269089763
-0.0548656280978184 -0.965251324173133 0 0.143455893558664 0
-0.149236543259707 -0.980820458101102 0.307393990271948 0.0520522679766753 0.141031965677679
0.102205931390637 -1.42887106239538 0.132604200132655 0.203010201693249 -0.264315121781114
0.393131517535491 -1.9275749434984 0.131000021543765 0.258995246243648 -0.555324601790827
0.596738516122437 -2.06347363329236 0.143736754907611 0 -0.471886069213294
0.743066370948625 -1.74539058523919 0.207987460649538 0 0
0.377046829411859 -1.27843108731806 0 0 -0.705476852509547
0.382430552067295 -0.698155647442976 0 0 -0.879039791798615
0.344093613500303 -0.231009329770766 0 0 -0.701390250119335
0.519256250716107 0.0501770269789871 0 0 0
0.325371398706091 0.576860612733134 -0.421959366002033 -0.250466605559022 -0.339712218360305
0.371176693171095 0.373357247627576 -0.605944389308815 0.138261001864089 -0.383181834926896
0.35616974434112 -0.313328519559314 -0.602797202565555 0.364246071921629 -0.256966539117468
0.373327178483591 -1.24720422477692 -0.820706476871884 0.588897614996632 -0.327607968638389
-0.421067605334861 -0.646753858666508 0.488188292206965 0.161652829140835 0.402620410715993
-0.298874857049522 -1.01665981531617 0.284049855588459 0.316721342282534 0.0824830742374477
-0.109845001483243 -1.46905012719335 0.167551131037233 0.441053735183958 -0.149071114536344
-0.0704977182637193 -2.03410591923462 0.327847791524783 0.443915331930998 0
0.318942085642628 -2.09988551703689 0 0.529137615683363 -0.377212500423913
0.950315687975026 -1.96551125504519 0.25895789331458 0.200485079167676 -0.767910962282802
1.00157003877168 -1.71586456545495 0.417799833553353 0.180036376554442 -0.690785793391149
0.207424074314222 -1.33791189042364 0.0823443890016028 -0.416031491790802 -0.925571787473793
0.0495143512447517 -0.708099421045192 -0.0478024183833977 -0.604171123838224 -0.819498390192444
0.166894620802893 -0.30433093343123 -0.0155492409162131 -0.456761069340568 -0.412833664980395
-0.254849198690524 -0.0074930960321833 -0.639648054733621 -0.388154097564735 -0.757389260671339
0.0958648344105547 -0.430725332509504 -0.625653146659102 0.266271880005542 -0.777906222863992
0.51061417888481 -1.38309999897136 -0.641292895055864 0.770453046045951 -0.717750042555653
0.648005331353994 -2.39541032186152 -1.06282167658876 0.844518414733643 -0.947233926923213
-0.412977457084302 -0.912832355863842 0 0.710090120504697 0
-0.388055278055177 -1.18468653689239 0 0.861601526715296 0
-0.213957571014528 -1.41626641221383 -0.149612422674215 1.0195670978262 -0.0237497865072917
-0.199408447648839 -1.87879751722902 0.346055138058477 0.916675747125529 0
0.191449024778581 -2.04264671633034 0.141098836831687 0.857670022036304 -0.322718648485255
0.475189063710179 -1.9739722557244 -0.0673258619407637 0.790975142489258 -0.256024214290278
0.634165673469751 -1.82800559381388 0.0298943634594455 0.391729592234876 -0.349590676636918
0.437026766211586 -1.58476954337992 -0.0124590702324867 -0.117941610020027 -0.570288307042695
0.618236675067274 -1.4398799332748 0.254092584483034 -0.299422803604739 -0.417694919834054
0.411248081400442 -1.05316124330667 -0.0934156481847652 -0.289926989735602 -0.555380777387927
0.347084006707556 -0.862391388367518 -0.490139015138764 -0.0741132690835332 -0.632534120799662
0.164847115526633 -1.38324849197655 -0.748069960619575 0.60837138203896 -1.19894099263188
1.00989611388196 -2.48145601648686 -0.692738411074428 1.47692604033483 -1.14163323896251
1.34618274326299 -3.26180631221111 -0.903768483164013 1.77913916015293 -1.13940104028746
-0.498650616010846 -0.825649161387234 0 1.33024174892917 0
-0.278436981429741 -0.895520459206133 0.199511411515205 1.61492388337343 0
-0.121026792683697 -1.23386733963881 0.237922674381238 1.50261402292897 0
-0.0814309445707331 -1.60556390180253 0.22377370394098 1.26273358336072 0.059561298258108
-0.00505106887999182 -1.76541427480467 0.113223506124293 1.14567301341758 -0.0134579009231166
0.0875513211866541 -1.86091638579907 -0.255780760665271 1.058239291276 0.0430741381198574
0.442493795961755 -1.82134119285663 -0.359891215862583 0.864643412117187 0.061898029658032
0.628643087038083 -1.73562800649083 -0.274736075987341 0.387641936145517 -0.020098337533321
0.843225957178507 -1.71416588164079 -0.0868318525413391 -0.0134450781271521 0
0.964609685621726 -1.81211686988769 0.0121280472487277 0.0198806453389034 -0.650746722783123
1.02226766291694 -1.64885712468463 -0.230344285196535 0.236296010764704 -0.744637420005622
0.999759012729581 -2.1990391845764 -0.44550076024259 0.991840682878083 -1.22681846382219
1.87593361629738 -3.27193376675935 -0.496108991919985 2.03070497772489 -1.17894448824651
2.56435829076068 -4.22875841913428 -0.698925431129431 2.75833590131369 -1.16789379022567
-0.40099132492533 -0.829524568384965 0 1.80340821567751 0
-0.30982217193248 -0.937319531125247 0.227614850015519 1.89198825476927 0
0.0550734428107978 -1.0650514232772 0.33974219622752 1.73494536096315 0.36030317336826
-0.296675039245263 -1.43579508649761 0.205107088475215 1.5075156464131 0.318944216967526
-0.217016852060595 -1.51273834113545 -0.114729789867035 1.4438248224118 0.217680344039023
-0.176005126969463 -1.61019755578347 -0.541003811572911 1.43379264974333 0.291360809840383
0.197033417651339 -1.62339920838822 -0.681891609769341 1.2409874940177 0.475190098735412
0.539651361389422 -1.63420380537563 -0.636167735208762 0.881832638540904 0.357989821527989
1.04076069974621 -2.0450068857187 -0.421494206118354 0.565596260974293 0.0141763076492006
1.5442049271288 -2.46799879304688 0.051557249988022 0.678715351735603 -0.667584789081496
1.81217438587451 -2.49272157400973 0.005324467537443 0.784632874814311 -0.698659535678166
1.50995305376503 -2.64609837790594 -0.653711168090191 0 -0.584773634712377
1.53426719504733 -3.41813325976603 -1.10171545785191 1.34516993674424 -1.12065576666662
1.99394344455666 -4.16946029026939 -1.37686895890849 1.92167940203696 -1.27414132996191
