"(Intercept)" "X1" "X2" "X3" "X4"
1.01203099806331 -2.87403550188461 0 0.269343822009549 0.879122584005736
1.02623099967816 -2.50578913200748 0 0.283033158799579 0.671017813174502
0.940474850915472 -2.1639913691088 0 0.271476558491143 0.415907878091508
0.593008605913273 -1.85856031180913 0.300660897832269 -0.276492897927089 0.178679098028585
0.296506029987405 -1.51635781247098 0.362674057998526 -0.561669009173317 0.06942200799864
0.0976361825376566 -1.21921157519022 0.400576958931802 -0.669398110427316 -0.0149751879542172
-0.181586051405424 -1.39716983106514 0.542785860279149 -0.338858375200783 0.301828874985119
-0.699130921601694 -1.5938294826728 0.792980878407611 -0.147769269811835 0.460861848830258
-0.762112535264282 -1.5684708750007 1.04173447040501 0.177954039670893 0.560785557831784
-1.11399768954569 -1.53315765875652 1.57528352190019 0.481457689619961 0.877563115380125
-1.1350414482282 -1.51750174284897 2.04747448304941 1.04001810385198 1.0216985192818
-1.20852796986087 -1.54692369811343 2.50865671184823 1.38268483876401 1.10985426977959
-1.42099060747153 -1.54315018595363 2.90071366985555 1.54210272201055 1.19997890851336
-1.70536891431087 -1.58762236135078 3.19680307554016 1.65946013113202 1.31439909220423
0.960307764551418 -2.75646233348853 0 0.269347596002535 0.790639674598536
1.029400540955 -2.35427450621069 0 0.316477685523064 0.606618270969249
1.00047875554121 -1.95706486488011 0 0.30047740452052 0.360114660136378
0.959673807320604 -1.5740044880827 0 0.305960673446721 0.125049541768003
0.316022253206128 -1.24255116134407 0.169144897797244 -0.325081906340452 -0.194216687762764
0.0412399750503498 -0.885931085980737 0.220053678272784 -0.480816097468234 -0.342699940576072
-0.115704552719352 -0.644773159350926 0.2917405697151 -0.456166939487399 -0.410875039384495
-0.229543618957452 -0.717824482197539 0.394197262330386 0.0332102061855998 -0.25271126187664
-0.774086446566037 -0.781000850920194 0.745510294214249 0.136031826049654 0.0518584511400796
-0.773753120832258 -0.899810291755096 1.06279835806761 0.508274120697739 0.294213585437871
-0.621736693068652 -1.05532628503672 1.47221858455707 1.03246756406715 0.548770884667078
-0.848049058512113 -0.974293974152603 1.88999973966607 1.19406564894888 0.723023339192392
-1.12096204214252 -1.02077108246943 2.22119224871227 1.33008450747954 0.911517416568634
-1.41208511080494 -1.16379876185056 2.45253342924053 1.42706901489748 1.11770078701715
0.758603617640545 -2.72064843205526 0 0 0.556871049277157
0.921340450377911 -2.27802390794097 0 0.310760471716044 0.4836677330993
0.997478671522778 -1.81199314090695 0 0.342615071644115 0.260946217911161
0.986961735352712 -1.3781776720877 0 0.340345109016154 0.0110158791638473
0.454393111014812 -1.01873406804892 -0.0495368905762577 -0.00452384229742456 -0.420672032937428
0.092097801187946 -0.607105520401314 0.0105575830307066 -0.170024063554674 -0.650967406607093
0.0906337177036701 -0.244719654576518 0.0367768083510777 -0.0662581055142693 -0.806202250570491
0.20835162505586 0.0552220659557088 -0.0262752196319351 0.149816990557435 -0.99658580499352
-0.225985320146437 0.101021670382429 0.234613541558836 0.299570468322479 -0.712101401253257
-0.376976787354229 -0.252561079824865 0.561595481520225 0.575386400745364 -0.391925058214205
-0.354429536900871 -0.412984102566301 0.897986458862605 0.804055453103959 0.00101382048677154
-0.681037509611196 -0.377033826053528 1.24109891775381 0.892740150472572 0.296195370825111
-0.920261370189777 -0.526399395780284 1.4779112699963 0.994621571195012 0.597944495350909
-1.1526843640169 -0.793559092883111 1.57578664746032 1.0502546492694 0.861456691522309
0.754978072768233 -2.75226239415745 0 0 0.537854187396886
0.824829522553134 -2.22532681865679 0 0.281544579662542 0.356344743050368
0.88524713739191 -1.73421080104895 0 0.327484751184419 0.110811251051109
0.867937811934078 -1.27229306663343 0 0.326249982867409 -0.162198069895469
0.658048289075173 -0.858492684817448 -0.209096032060771 0.308145547317535 -0.537974482691334
0.331997667782961 -0.353994502446383 -0.259007592279553 0.253909440583198 -0.822274352924452
0.335552005525537 0.074260673399609 -0.23289457240184 0.453345425758764 -1.09925738316086
0.523489068994665 0.404077600288593 -0.289888656440746 0.505106882618701 -1.28118438924748
0.379331020465773 0.742727579365991 -0.212517587777644 0.35915589921968 -1.21807553420254
0.331485314500174 0.740797762172191 0 0.335759724426242 -1.03913247384827
-0.186827072280109 0.333504233330795 0.394020777080631 0.616604014765917 -0.560066793347144
-0.455525829476444 0.181806945449097 0.628147788496587 0.638918069548413 -0.120977201304563
-0.776669759963438 -0.0727045619234431 0.751121420322017 0.594347068148906 0.236676244639482
-0.89632019861873 -0.486105681234466 0.661913125391027 0.521066658216265 0.362508513296032
0.800476504253016 -2.70648282352062 0 0.302316350409999 0.577753972356673
0.787398275765566 -2.23869576975395 0 0.325136025618118 0.270086930622691
0.796389108214019 -1.71306139357226 0 0.323473231995111 -0.0356452429902924
0.740421196191356 -1.251502908596 0 0.296012522417359 -0.336518341715268
0.782649770458952 -0.757246609319784 -0.301072152394834 0.493888545988516 -0.64085297149238
0.544291087787793 -0.229785842225299 -0.309458141155825 0.455024017790935 -1.00762336285486
0.478156921317503 0.337145955106398 -0.410676339766803 0.746615104283078 -1.20857726553351
0.699370310961748 0.601001226779991 -0.347404529034594 0.756686530679234 -1.2306431227957
0.643202523201348 0.940808558597627 -0.333055735389969 0.518732805640471 -1.16470454277926
0.344715784924442 1.35038792762578 -0.201999138066273 0.377423783275007 -1.21223870183648
0.309105801968856 1.41075660764924 -0.258417281425277 0.41059632178147 -1.09623990258778
-0.251222086484966 0.928457831068355 0.127768314893652 0.383546179564939 -0.496239653373148
-0.600500005918066 0.354477635133428 0.138817386767214 0.245715503791504 -0.147646620923051
-1.25506397174484 -0.540875691970313 0.0692771872778924 0 0
0.917213811039731 -2.60547003291367 0 0.0921654632466887 0.510871256497619
0.909896552876595 -2.14673130218426 0 0.179975261267599 0.149743639776489
0.922315786753672 -1.6910178147611 0 0.239978799791404 -0.208030708105866
0.780322137177622 -1.32092335686701 0 0.288321746668441 -0.592173878094633
0.634333315344392 -0.834125343705339 0 0.31846702494061 -0.948692700845445
0.332550779210154 -0.273355250243205 0 0.199429011172233 -1.2570671719362
0.500142839347627 0.266539754743665 0 0.3918424228236 -1.45718525185942
0.573314815252478 0.754169534121956 0 0.419899171714554 -1.24397608627153
0.552816941144153 1.12838462989699 -0.261044216876176 0.45874515517851 -1.00557660372817
0.388040957162533 1.5372343201386 -0.217347182101264 0.402062079736675 -1.03701315182324
0.242572523420727 1.5931507652423 -0.263435386563585 0 -0.828984601711164
0.291330153241981 1.5311133225337 -0.380801433453234 0.303869564988738 -0.71085320239704
0.104197078047271 1.20508351518867 -0.537527790129996 0.285901483454901 -0.430776875256676
-0.881329056786141 -0.113722459663012 -0.445621640603176 0 0
1.08655268749991 -2.04940354450527 0 0 0.532711078051837
0.85725321904041 -2.09293451797817 0 0.226815115558342 0.148419385701268
0.972409609903743 -1.66012516724357 0 0.147484165983383 -0.307983638498704
0.856473167306656 -1.34204487370012 0 0.254863453084422 -0.764812874167536
0.573614468605035 -0.925890541970365 0 0.295173205828579 -1.16818470141645
0.181661660285236 -0.287458814279229 0 0.15756556878868 -1.41094062677196
0.499639171102928 0.575942623745791 0.159977675995832 0.554182521517988 -1.43930070979531
0.535379515874695 0.963646377532568 0.203543777401397 0.601726439196219 -1.34375550627451
0.339695571692961 1.2544177232152 0 0.284881301989026 -1.18787645820752
0.275529757177944 1.47504064907057 -0.178776247949895 0.0734382629086161 -0.83587862630067
0.239105333303788 1.61088002311193 -0.365584785369507 0.157636573903113 -0.637997306564
0.235657033557461 1.48505059282961 -0.446532790526394 0.240971572357209 -0.573125293110292
0.105349756550387 1.12833700585702 -0.59907532019908 0.45397653886337 -0.403171826286146
-0.0236045044150407 0.734880768547198 -0.813702981697623 0.585388799842491 -0.173493679340401
1.19180615083381 -1.46800625939485 0 0 0.559624791671969
1.03411054180429 -1.49162162321087 0 0 0.21461307854213
0.867613231135506 -1.69481095764748 0.226409290757818 0.242285025056335 -0.193368844130851
0.627311305778018 -1.60704850167905 0 0.222986036142333 -0.803464087676216
0.426103819579448 -1.2649175072712 0 0.0648692006031097 -1.1273353769336
0.658662498639624 -0.750862651736225 0.232056702125678 0.0264137328160713 -1.22440007198043
1.05617334621466 0.0847633864430837 0.26884527216121 0.530957755708639 -1.19339995189497
0.838440268877025 0.418060417220125 0.326471763559487 0.673135923457759 -1.07654542525219
0.0432792430247369 0.748238442560813 0 0 -0.724143451833234
0.0148691187419329 1.13739242226823 -0.106845503900755 0 -0.595837174722241
-0.133969189501135 1.26581381487917 -0.412797878754092 0 -0.347506130628899
-0.0903134103543465 1.10711391258373 -0.569149427156255 0 -0.312058807097646
-0.130375048333678 0.719355004814338 -0.67306439732102 0 -0.243486600209716
-0.0150748822093036 0.313514936716746 -0.986264481907669 0.745995407155032 -0.223599726201921
1.02422524147045 -1.47602276050222 0 0 0.400401663102048
0.922481792674396 -1.53110437442893 0 0 0.181301297906068
0.796822627074127 -1.59270626213816 0.330535492251293 0.15439198790014 -0.0481583173688303
0.596061519821904 -1.6179958083819 0 0.206466517955954 -0.59105125272006
0.728657511946595 -1.65916310614278 0 -0.280768684611039 -1.05563624756574
0.665738130435807 -1.23462101802194 0 -0.149167608850776 -0.88778249444487
0.572715526786292 -0.707440050307244 0 0.106996721252844 -0.936651435586599
0.252581445166747 -0.319901679739516 0 0 -0.764091862909122
0.0895177678585803 0.19083801939047 0 0 -0.663642038431191
0.291085578540878 0.657851155595014 -0.00604853005418311 0 -0.529644155044414
0.192630328528833 0.84107976988258 -0.244434144123953 0 -0.318997785140769
-0.2769868975862 0.712639047020012 -0.635899051007591 0 -0.173437989874064
-0.14774727897833 0.0585212348300922 -0.885005005945626 0.406295405433249 -0.342455291614607
-0.146970779626473 -0.3212527226587 -1.11441073334211 0.618632630363364 -0.280606100166462
0.942336153653028 -1.61699095861626 0 0 0.402076242189098
0.833249813976625 -1.6462621959398 0 0 0.168669219203812
0.681028818317832 -1.69270147536108 0 0 -0.143829835083038
0.499638417954284 -1.71601854001504 0 0 -0.537934988126176
0.759177412375758 -1.87488403160496 0 -0.112348982439137 -0.785385805101634
0.910120527303297 -1.77085016690894 0 -0.331502130602796 -0.80397567772497
1.04545583444953 -1.30775811952441 0.113842983312727 -0.0321353268664808 -0.788299474485289
0.617634427324372 -0.868466768728667 0 0.099733078805238 -1.05574531314621
0.354297763341912 -0.444048773988983 0 0 -0.796999626827858
0.472759267208571 0.150377233714995 0.0563680584972821 0 -0.510819272670636
0.586452106120049 0.325154515662471 -0.308220317677014 0.267693940824873 -0.288899491117983
0.221436103277236 0.138880867413068 -0.710642488079853 0.363843561314855 -0.2129173383024
0.0768410155176518 -0.410319126763101 -1.09704876905626 0.780306403950721 -0.328050928371344
-0.0410148971976754 -0.858740148298091 -1.36850880495979 0.983227810159848 -0.36919819243934
0.928752924373969 -1.71116078031345 0 0 0.445933708980234
0.832834123867696 -1.76498448496486 0 0 0.215095365326827
0.690330002396892 -1.83197186981712 0 0 -0.0939011755345674
0.589805316935042 -1.92186793146954 0 0 -0.425279044197928
0.856643314460249 -2.08099026127854 0 -0.256989151226903 -0.591912747736103
1.06055554109063 -2.14473750737922 0.117914232858812 -0.218574189666746 -0.600720601057474
1.31492983502864 -1.90653314912099 0.0608001274860904 -0.224521354641315 -0.630769945254194
1.07269326155026 -1.440991258012 0.0876999470119272 -0.0688879454616029 -0.797370118336815
0.802191527809296 -1.02061004349298 0.0873688854952451 0 -0.732589492691635
0.662153869954028 -0.415462888549148 -0.0668616533267817 0 -0.60945531234109
0.515068371911964 -0.113890411555115 -0.37957695049363 0.125023987666931 -0.376679119553362
0.429024863223728 -0.49133883850735 -0.756646173975545 0.507087123274284 -0.298669358166389
0.252808365262382 -0.930079068462591 -1.14183631661068 0.945816313949778 -0.319918325200629
0.151124734572013 -1.36148686530544 -1.50142361105345 1.42169144987711 -0.284060055711154
0.93099005546085 -1.83446358336108 0 0 0.482569765035429
0.820732775640536 -1.89703870015729 0 0 0.220156080465054
0.762468557670027 -1.99436165251287 0 0 -0.0117427690420439
0.760779856140853 -2.10189083571218 0 0 -0.241986328165069
0.785964235272912 -2.11528382740219 0 0 -0.411242768613079
0.871841798247816 -2.20942221411345 0.252672169351624 0 -0.506544037314081
1.32001090650067 -2.26437765334943 -0.0270368747105301 -0.13926813707926 -0.293861400734522
1.34693772582852 -2.00786433443264 -0.0448934198228883 -0.176295642920241 -0.574973886090235
1.11040822800595 -1.4825432598254 -0.116515155089962 -0.0409005360300096 -0.636876018191729
0.785029317722978 -1.0861215176336 -0.302837395792635 0 -0.511537676407755
0.419001015203368 -0.751273523987101 -0.465363538596132 -0.0159298050811739 -0.463594274448695
0.452449380993114 -0.880965741797822 -0.786230563421832 0.363629020398962 -0.189514037738425
0.399939048981572 -1.4186658910386 -1.12324118039353 0.93651092249622 -0.306133870193095
0.278980986079229 -1.90055329768022 -1.581716088452 1.43795140102097 -0.313287969773531
0.902025574357102 -1.96576573568201 0 0 0.466250320558993
0.869855539012838 -1.99147068458863 0 0 0.256290569391138
0.881086200481768 -2.19455872356454 0 0 0.127329999700118
0.896575437965639 -2.17929653181193 0 0 -0.0555598576028108
0.749993060766104 -2.36048634918371 0.30053141630352 0 -0.197803997554015
0.907305775548536 -2.28883083201368 0.0900509184806254 0 -0.171645105658638
1.19696053077436 -2.26879213039034 -0.201844950770766 0.0225299358850227 0.0494153761634094
1.46952183524147 -2.36287423359995 -0.248396532656673 -0.105155907870303 -0.230837847661343
1.28701116770915 -2.06972290831398 -0.294870285254787 -0.0646728499978945 -0.517600067927185
0.962520802001199 -1.70419093057684 -0.531125617749727 0 -0.348360219345659
0.626473828093689 -1.41773113899956 -0.696467139509383 0 -0.132711284920095
0.420993872813185 -1.27142466846883 -0.894299609622437 0.145319818745495 0.0461345401998789
0.390612790075365 -1.41228900957876 -1.13795400411558 0.572887569889425 0.134682765376575
0.259598724457299 -1.95453985300134 -1.57297354963925 1.13445112246729 0.021040857225444
0.898601025205579 -2.10373335373671 0 0 0.462723914022258
0.920070300142466 -2.16047866016109 0 0 0.330260086911322
0.985164190860013 -2.39072752765713 0 0 0.291802455659044
0.69000953400422 -2.57019909840696 0.291283556025057 0 0.191138848632949
0.75922065847487 -2.49402150496584 0.124792815098467 0 0.143287347931613
0.886346365331829 -2.31122183734515 -0.035295745032716 0 0.127575697250718
0.96531289693871 -2.18639247473812 -0.0262073830011489 0 -0.0538100807391054
1.36082613370671 -2.38206617833198 -0.501810787267452 0.0866777278153398 0.220638575688863
1.43687027733897 -2.39122395709581 -0.567173643355773 0.138330876260067 -0.0738442174779729
1.18790906486344 -2.2403064209356 -0.738754234238125 0.125187564863531 -0.0896328969141486
0.799683253725439 -2.02316755523659 -0.895701598577643 0 0.0352193015589102
0.658297066789257 -1.73235586209627 -1.02098952914614 0 0.399513036855834
0.44764251692139 -1.62889752304565 -1.31547561980399 0.378371698566525 0.634887983153156
0.0818035004932731 -1.73927737916207 -1.67907391417633 0.571091838076446 0.690817224778561
