"(Intercept)" "X1" "X2" "X3" "X4"
-0.596332379546065 -3.31144138267169 2.55537868375983 0 -0.62986196317299
-0.36227029910811 -3.15827808872403 2.28443237138388 0.301448092120977 -0.751240254591287
0.0566982866891605 -2.93655279332225 1.70777052091023 0.398015637800917 -0.569382495247548
0.344157078238489 -2.64630291427043 1.25394282031555 0.3856092326562 -0.472779288913334
0.468331397934648 -2.20977535516896 0.489452279749363 0 -0.025829504955238
0.827548876770807 -1.70775883315721 0 0 0.406191255746487
0.833766661676323 -1.50986207645958 0.212096572824638 0.216328099034766 0.788411657944942
0.249378785028948 -1.29968062435502 0.407239844129984 0.113756002701574 1.13553739085133
-0.101090312801741 -1.12140367550772 0.648009056760477 0.194770896909683 1.10595683500253
-0.514168739654796 -1.1017704199673 0.992677191312015 0.319058604968764 1.3288780785269
-0.647625964536545 -1.1648497737265 1.39897252177764 0.683494807450227 0.759001828615588
-0.725752841959873 -1.19871152083354 1.86331728344605 0.947200568450536 0.0314619047604071
-0.634855134214708 -1.20423157200839 2.27895800775478 1.07696202539072 -0.758747894613076
-0.647052949895141 -1.01970665142919 2.42248611889513 1.05491608414746 -1.23616224898089
-0.506420778058866 -2.92676806706866 2.26496609517487 0 -0.652317726616071
-0.305475396697522 -2.71345623337454 1.99911590599193 0.210345304139199 -0.802831917921736
-0.0471379729232734 -2.48579046969046 1.49592687647807 0.241133361998535 -0.747974657637862
0.213249504280431 -2.19739533353389 1.05350294120439 0.244251777771344 -0.699544876261755
0.84796618419668 -1.75689363611556 0.419589091708558 0.419938360153359 -0.203492085645989
0.656305162947386 -1.23906598735525 0 0 -0.00686152626371947
0.796544813540705 -1.03285969215142 0.0149977414858598 0.330837234765769 0.144324913471044
0.413155451055343 -0.841182599738232 0.134730998316294 0.352836426384949 0.202664116517862
-0.0988443384989051 -0.717941257014667 0.49604982977315 0.523222338216072 0.5835061643478
-0.225993131248029 -0.754429409131152 0.789254918533671 0.671595964207213 0.388170893255808
-0.333622584088688 -0.821758832541975 1.19827697829616 0.87484261473536 -0.0828882176744919
-0.404819235441451 -0.854440536067629 1.71840607764405 1.0286573986564 -0.634301155736001
-0.477181631966517 -0.80184745784076 2.05667259336498 1.04891916939972 -1.08236886170823
-0.643328575608106 -0.756223600476457 2.12323112140436 1.02118149759129 -1.19781687553389
-0.355831148433577 -2.64764058535915 2.00352210469519 0.133113986923026 -0.826129811885892
-0.153308235552304 -2.27480976885378 1.65153799585211 0.137163712912292 -0.805636636805377
-0.0857230853200785 -2.03571913516711 1.22607095046562 0.109081687410766 -0.859301257535351
0.037533998134239 -1.75184965645808 0.827515286122938 0 -0.905259620424494
0.436254365608081 -1.29802382303702 0.332946216609515 0 -0.685595913606584
0.837013786351826 -0.969208259382426 -0.0885132536510555 0.346220540517064 -0.370226553480456
0.746833535116551 -0.635368832227023 -0.181215309562445 0.445902095213693 -0.425152116437859
0.536880772027822 -0.407851304470571 -0.0365009463711405 0.690841889104798 -0.343687274291073
0.304080573818513 -0.249518514026464 0.196614367323866 0.796303552017313 -0.45895362953321
0.127129434929049 -0.356262031763197 0.510677308371736 0.885199377516986 -0.63349341388934
-0.00651611005105925 -0.397955092553117 0.966046012142232 0.935833538479859 -0.871199016563956
-0.135737658962491 -0.407756109724488 1.43118404160875 0.94950097128269 -1.23725681039983
-0.401454520685366 -0.409610303417566 1.62770800913253 0.917379097901446 -1.28499823427242
-0.683788618358893 -0.569817317031411 1.73198119666403 0.92120394269725 -1.19312764211092
-0.214695422694037 -2.34885611797303 1.45262820857227 0 -0.532830101665291
-0.0395831794961995 -1.92319970441708 1.17478025045057 0 -0.605880302858284
0.0486753834085744 -1.57481356167863 0.841901511561082 0 -0.718780665444476
0.313093346179736 -1.2219905914384 0.452246939144333 0 -0.587920252229513
0.706047832535489 -0.922891234985273 0.0340236133232259 0.254678032187236 -0.555409473538024
0.84668948890829 -0.663495416562176 -0.276989041059614 0.426758652916526 -0.593393327046608
0.740572602924772 -0.246483292620385 -0.391510637838188 0.515858490966083 -0.867943009647537
0.694286740782412 0.0928997671305533 -0.359367351484659 0.428766747190863 -1.10266921294739
0.464633625387391 0.219820177511763 -0.117016136017689 0.628639151420267 -1.01590743258338
0.329920668256415 0.207923902073451 0.259054901529444 0.687192056161521 -1.15419721855727
0.0938945049453571 0.106584124808422 0.708711978344201 0.721153379129372 -1.33116055207822
-0.130064770869792 -0.00882897041732036 1.16046970028657 0.748847293883987 -1.60285831198268
-0.577870239979501 -0.180898075260406 1.12739275090724 0.699292249990156 -1.15444684171398
-0.778801539070488 -0.5732027847676 1.21006756367115 0.717772368900516 -0.961564296011069
0.0251372958346994 -2.11572072492451 1.17128180802805 0 -0.392128436486183
-0.154383077140537 -1.84636355440564 0.841472218568275 0 -0.596864543892935
0.0720421093071797 -1.38944787539611 0.462323165131559 0 -0.58704435742594
0.395326084393399 -0.951011046641482 0.217705219645162 0 -0.387752630674794
0.532268219703709 -0.569482767921105 0.000108807559865676 0.165230159797944 -0.530570732710059
0.584475330940921 -0.367280387265658 -0.350295061255675 0.288478033499804 -0.764641941363794
0.464374625406459 0.0198213367076104 0 0 -0.84235808050731
0.600154037438346 0.328762805454527 -0.485580836121171 0.270996253441001 -1.20461955696722
0.462923518482145 0.634447747525543 -0.297116497298637 0.268165733353815 -1.09088642114039
0.061001263784419 0.751499788247674 0.264461062762685 0.611394335431539 -1.2485816564065
-0.178386561384112 0.634835552944262 0.694570608000901 0.63610396960007 -1.4667208905245
-0.414410791768394 0.439016265188812 0.781437866890276 0.507088716223006 -1.38932623651514
-0.638558306490748 -0.00665514985760116 0.738456186323365 0.505656565276637 -1.07314167635046
-0.847448914125163 -0.572630917773786 0.827681011004002 0.564328833143846 -0.813707435923346
0.948650876221171 -1.32335297861417 1.03162419199148 0 0
0.707088439710581 -1.34802596531998 0.619182946679346 0 0
0.560045744098915 -1.31286887074396 0.220506947525252 0 0
0.272578005180748 -1.03404566345372 -0.0117790663546962 0 -0.383131153408795
0.133179764514339 -0.55972791973074 0 0 -0.52835304631999
-0.0145422884533627 -0.108986786379904 0 0 -0.847256686381284
0.225348440045932 0.198794812791358 -0.276987950431612 0 -1.2677444224214
0.327357128368907 0.419675560153153 0 0 -0.702639860969114
0.222969309298213 0.709190008433424 0 0 -0.765628146007872
0.0835500352861367 0.99036263188725 0 0 -0.960059510035551
0.053584989204607 0.911179710836147 0.240148607153132 0.576022268792769 -1.32101513085454
-0.352571061169366 0.622489413652278 0.310828357611067 0.536753209719967 -1.0400226298555
-0.908505451918995 0.187196177484496 0.411152781661308 0 -0.612388087982603
-1.27326890252079 -0.523957435147982 0.402127237765179 0 -0.446507064526908
0.736627343732047 -1.23794412806284 0.606641057887683 0 0.337269537864415
1.28956169990246 -0.848616442449796 0.979876761402188 1.06734013604843 1.1539018812035
0.709768361059328 -0.834686091012999 0.950941354527097 0.730162080454394 0.697947327465904
-0.143605764515954 -0.810990229016265 0 0 -0.635545437036684
-0.207308801624102 -0.608700900039508 0 0 -0.800419629236282
0.116475319411209 -0.286721508817021 -0.443645791949834 0.302255491920001 -1.21960038044718
0.126074516604703 0.192343645168033 -0.145714446251235 0 -0.880911832180925
0.308498534561951 0.593664722259451 0 0 -0.866306394537775
0.191356141833745 0.762971682694311 0 0 -0.651519629596191
-0.0705983420820465 0.982810605892336 0 0 -0.690112464195764
-0.204839810209108 1.06960559994251 0 0 -0.504076591050609
-0.340292051208886 1.02881364477996 0 0 -0.342411623683518
-0.566033174499027 0.708361484039485 0 0 -0.273496044356944
-0.793390699349785 0.14118734983597 0 0 -0.257415407263146
1.73096373072181 -0.457656010266231 0.976594700902865 0.839984813744679 1.33334189346388
-0.289326262318884 -1.22316328043695 0 0 -0.44326236072301
-0.0803240025984934 -1.20772557628943 0 0 -0.584412784774706
0.0865434288607765 -1.18520422021239 0 0 -0.727003838138012
0.0741224492281451 -1.12430636859996 0 0 -0.871318446598137
0.677351480756949 -0.778649155654567 -0.25882045899867 0.370904251895408 -1.29890378863797
0.509411572593769 -0.253441523494128 0.0692802125906012 0 -0.855114848793501
0.378732292684032 0.178295815023442 0.0909113782466192 0 -1.04977018421757
0.183876834170187 0.559638190990322 0 -0.145342033503516 -0.954962642535298
0.273490138463261 1.104663608383 0.172682925870757 -0.168127282242448 -0.52089206516044
-0.51201638385157 0.801246635111552 0 0 0
-0.0765959124675019 1.15484145258488 0 0 -0.334671254386177
-0.566985339964862 0.476431156648985 0 0 0
-0.422179328545722 0.59889166265765 0 0 0.0469770480806203
-0.34544659473806 -1.00736508282476 0 0 -0.315371948627552
-0.15528689255127 -1.23906799926525 0 0 -0.418951774600488
0.196986362917989 -1.37924014756979 0 0 -0.566319614549316
0.305271268016784 -1.53512224301252 0 0 -0.720799971444182
0.576749243683395 -1.73324052361008 0.0936053456920737 0 -0.93784055704976
1.13988557640808 -1.56831532542849 0.391256757874407 0.209741068168087 -1.13814793104801
1.44340064244182 -0.880436428016568 0.424915582192747 0.277225471611813 -1.02790044569946
0.33185784310508 -0.450953736728602 0 0 -0.891309360479017
0.28236208287164 0.0646883452047243 0 0 -0.505313721840045
0.20581695237968 0.871942587290282 0 0 0
0.576775316742094 1.30747890972043 0 -0.28538390358777 -0.383867671229491
0.232435473950072 1.21584492699956 -0.384133471836053 -0.132784906830178 -0.302228577390925
-0.171821447682854 0.610527105509867 -0.808830518278614 0.564625375136175 -0.0581454907905526
-0.354279491538034 -0.0886863086345456 -1.00664809206218 1.37393646072146 0.433294500574243
-0.217531169613907 -0.881146947942169 0 0 -0.160683768379806
-0.0513107192567499 -1.17925529006929 0 0 -0.288542512534023
0.398647875713207 -1.37045831417745 0.203553624917261 -0.321868901857617 -0.430734792605453
0.529501068061617 -2.00514833212747 0.111039336205041 -0.11640249996749 -1.02879146993954
0.967857994927766 -2.28167480384649 0.256943098272207 0.175297807815034 -1.16883748995447
1.33767376622619 -2.02591335086655 0.443706577011104 0.196139744190873 -1.14487908852114
0.853433013520579 -1.27625767133212 0 0 -1.19267638826563
0.469556384935684 -0.94863708392818 0 0 -0.985798973000159
0.484878007228728 -0.499654818177076 -0.0156896389880349 0 -0.731525161710636
1.19726793347935 0.0298149708816448 0.19150168999466 0.160835554779674 -0.316357572044807
1.16060535890097 0.737087495724408 0 0.200217041157935 0.138528124240249
1.07304680578853 0.794251027391693 0 0 0
0.79036885261304 0.407503682033025 0 0 0
0.636820400841459 0.00209639206033041 -0.881821902087123 1.13604755268371 0.465155982521553
0.135878334224853 -0.58113849141984 0 -0.537629372403508 0.216881965896115
0.265977820501543 -0.831480040057046 0.145421595151869 -0.517163724558504 -0.0244773475799469
0.178910523255106 -1.45510003215053 0.512020996491054 -0.103199711558562 -0.199432959447601
0.334616513898339 -2.19821292611435 0.359238500870555 -0.0629363238967767 -0.74085939467504
0.639592569047333 -2.68927238814211 0.334341433004326 0.193209212908356 -0.947786606457194
1.09476301995613 -2.44209351529333 0.50717159125307 0.02498579050854 -0.842777879918381
0.851573100468403 -1.71388608250432 0 0 -1.19237781851026
0.338714943282743 -1.54055268853267 0.0722162454438748 -0.183337086587023 -1.07402590779981
0.308704924026147 -1.13341227654382 -0.0811369808576426 0 -0.728756438638879
0.609943309711777 -0.572867767104209 -0.168929614166834 -0.00411405893410473 -0.26688461285472
1.2647479607366 -0.220785403091353 0 0.190060091946916 0.0663453335038684
1.71664704050414 0.144395012714727 0 0.397740702135726 0.567618384133205
1.65103236842888 -0.0680367776740323 0 0 0
1.67366909828089 -0.299406874450753 0 0 0
0.285150149554886 -0.0868229781690577 -0.244995844939668 -0.631353025276668 0.113783113456133
0.28522487404354 -0.612235035261971 0.128765282675005 -0.0233040866308322 0.172988554401379
0.39223376753181 -1.3900258897801 0.254803409727384 0.277725114336407 -0.137301788883124
0.398335006088626 -2.20091849946004 0.13447400995188 0.409640099436955 -0.500689162214371
0.348009484072211 -2.72738270404447 0.26595446555645 0.303767797844055 -0.240236200534472
0.99235688288869 -2.46406369176449 0.283356284682017 0.475414787471 -0.202254180727466
1.10995678972907 -2.21915255544271 0.374728870675058 0 -0.76815694336201
0.400564038891501 -1.92750446287111 -0.0139133334840075 -0.122482575450026 -0.853913528176479
0.25515605007768 -1.80114280788618 -0.401716233659172 -0.0570717331867508 -0.403438160913398
0.722024743234472 -1.39033674337684 -0.149683143825755 -0.0507577594934611 -0.225679162149261
1.41667523755469 -1.14224624259715 0 0.234648061031487 0.0575842491954334
1.8787993500123 -0.89914485742401 0 0.497988233611164 0.412593177401215
2.5086057819193 -0.68965920436581 0.0632703574589157 0.928833573392539 0.994763524522044
2.21881775699681 -0.844326196996972 0 0 0
0.159840636247872 -0.22798403754234 -0.098458071010674 -0.0964999263806493 0.616083551955876
0.368425744962064 -0.613067427243618 -0.0170515469504626 0.520236918838612 0.529568304281114
0.489751837556974 -1.37505873860068 -0.104319383320141 0.646875090890685 0.128477118163334
-0.33711430389456 -2.57897770601436 0.154378907983184 0.318364852378271 0.339133504731831
0.205857080326371 -2.46508794877082 0.0272956705948192 0.487521651637581 0.205788726988425
0.630084780818413 -2.45316108859513 -0.00806873980297033 0.609867517978723 0.388513521876838
1.1465121163442 -2.28003292609391 0.32098393479727 0 -0.408581839795399
0.650926628369718 -2.3268180190932 -0.141085209938134 0.0795748385519648 -0.232270277724614
0.663115700979521 -2.33641119762522 -0.528547735737445 0.164857772472278 0.331535872837887
1.32105648877271 -2.20407652287041 -0.374588007688748 0 0.45113058197218
1.75271317322092 -1.96641411071658 0 0.162767062263854 0.254049601585323
2.15358048337616 -1.7838043047313 0 0.559014251225296 0.502628051912371
2.58510390765269 -1.62130018897329 0 0.763464965308858 0.723502209864233
2.67298458951679 -1.71483166863042 0 0.905062056637114 0.436660465857159
0.0800660695557606 -0.523629250313986 -0.145881432171896 0.548700987495266 0.808079986855374
-0.038192868654539 -1.16938362283212 -0.0491720760524628 0.574265359765602 0.610543023980845
-0.259501758440756 -1.90669858462741 0.077431966092547 0.465664390479545 0.610839097872851
-0.37691407124193 -2.20901256822163 -0.0328131986017024 0.492041193062168 0.665572818849483
-0.130121403391815 -2.36510637165747 -0.199635923314682 0.546282490301134 0.715726877899685
0.120555793235149 -2.42289830336025 -0.311145144067169 0.553905639146597 0.910394897320682
0.96404032001065 -2.33597670311238 0.262077164768512 0 0.0272857897647617
0.581145862199663 -2.59145675399496 -0.531892365714195 0.505844937154845 0.801880904787388
0.88541566576472 -2.74806358721598 -0.677327687229463 0.33203730072525 1.00115668151713
1.38733282711261 -2.85088602186964 -0.768487712184663 0.280013437481005 1.45964292276118
2.22417105730353 -2.60280154697911 0 0 0.71905767052254
2.68682929399992 -2.47479864801153 0 0.218514245173947 1.07145980197452
2.82728007888492 -2.25546502020157 0 0.677481500703739 1.05650222483705
3.05015747879017 -2.04945614575698 0 0.814236848454515 1.10417714929245
