"(Intercept)" "X1" "X2" "X3" "X4"
2.17658100958374 -2.20697514647257 0 0 1.05508018718311
1.6798568183769 -2.30879402774341 0 0 0.784857585252759
1.22428071512903 -2.48241744856355 -0.00833581508718207 0 0.689081187248209
1.12592121075093 -2.05342777871863 0 0 0.340410405536713
1.02076195592151 -2.12949371494903 0.25854383338846 0.116888520517985 0.570195465368007
0.664608674746077 -2.18814368977317 0.38528737475898 0.226595843792392 0.541450829741458
0.296424715650508 -2.21479647544192 0.493094665267901 0.298482525667235 0.378992102616811
-0.0169469498371761 -2.09650982798139 0.541244317673164 0.389203466280073 0.102539265201053
-0.269215184821517 -1.99927355574728 0.57949119501059 0.486473729305963 -0.153452906097599
-0.517251025757156 -1.89348616670458 0.560741932782499 0.531908285290855 -0.370197820837738
-0.742105629036414 -1.78832340858356 0.615010725004406 0.577733184044552 -0.599559704903226
-0.999721882779314 -1.76171184308398 0.674663883606777 0.6399403248441 -0.71835740628333
-1.27084123907762 -1.73877686543395 0.71802330732837 0.694469446707623 -0.814157855088064
-2.20926043637883 -1.80374051743617 0.405867002373469 0 0
2.09887520632285 -2.0836632420577 0 0 0.850971984261304
1.64956098083052 -2.07744120926256 0 0 0.65681064239198
1.26882516348387 -2.11028779136913 -0.0809053596079656 0 0.517436476352565
1.1121599775265 -1.75209692570102 0 0 0.244218475029873
1.01752972243388 -1.49561822285438 0 0 0.0637119642580004
0.770920257882405 -1.48368308551402 0.256002391138276 0.202002066925828 0.147396209021044
0.462164130967602 -1.47529060980444 0.396670253881952 0.365505383717479 0.0627021457572546
0.156995406396881 -1.45551955798641 0.476979558499499 0.432575378064849 -0.10592272779454
-0.0970822309746684 -1.37891714665588 0.481763099698757 0.484521216353076 -0.269187602471477
-0.326699488481881 -1.27154794548203 0.455742101845815 0.510069045118004 -0.508094193709104
-0.561128504874511 -1.28163326001281 0.520325526173919 0.578113490989923 -0.605627986209497
-0.850796799995372 -1.29079723475049 0.574548701913432 0.604394585554724 -0.68588243446125
-1.15529049685184 -1.30246737798781 0.652947836191584 0.617765023165791 -0.742964666512683
-2.06829635822029 -1.39031687633882 0.43051207252436 0 0
2.12277972134149 -1.92664553879472 0 0 0.72646617669546
1.62635476027239 -1.86482721768865 0 0 0.518061871237825
1.32007877513478 -1.6532560541228 0 0 0.400581563159603
1.10136290008393 -1.46483184202217 0 0 0.201472605762082
0.98781938121282 -1.21257306284879 0 0 0.000897663284852179
0.811834114532491 -0.986224237781106 0.0498031235759181 0 -0.153234329057617
0.593012510093872 -0.909879831528925 0.20589100920205 0.33263629486319 -0.185821493451353
0.27834059678301 -0.890764072183727 0.356226940850171 0.422006519868122 -0.275062104769253
0.0376108991640942 -0.806410785328563 0.320767977432167 0.436363051235176 -0.386630669350151
-0.124877000742394 -0.774092663212776 0.370064471167334 0.537253199211039 -0.576052926106014
-0.432735496760971 -0.785871583019354 0.437273044705086 0.564969928971468 -0.592880959445439
-0.743656308891434 -0.808813034211335 0.536858358126523 0.549360386707744 -0.648349133367875
-1.06356932439867 -0.864021997680724 0.665946498809805 0.516670892476828 -0.647566524814005
-1.35275668722126 -0.92403034060272 0.784085608815034 0.493128114343072 -0.575214802595006
2.32250111032657 -1.63498649732573 0 0 0.751988927486256
1.72530435257296 -1.64604926669162 -0.163463157908576 0 0.49384278034367
1.32401023544118 -1.43553271264742 -0.162738191421982 0 0.262423085984107
1.12497842355845 -1.18360642278067 0 0 0.236682726423155
0.99379526161862 -1.02987949030459 0 0 0.0758462950123524
0.734864118724663 -0.802531701870611 -0.0379889242484429 0 -0.241891596832961
0.56015394778357 -0.526898782300575 0.0374722171643845 0 -0.353899455396702
0.337023786332797 -0.372626483625446 0.21119356208562 0 0
0.198116644167296 -0.381605791915217 0.171117710443638 0.418283181421748 -0.514477739017059
-0.0295991740162181 -0.333373432890486 0.249413758416835 0.534649124187744 -0.596643160229326
-0.364393214297604 -0.331385821331561 0.385902727560417 0.53133619878572 -0.531878322890159
-0.718750252734142 -0.35953106907128 0.544482402439259 0.443498776829005 -0.525492524421926
-1.04568351823039 -0.439681845669882 0.701699549482849 0.33300098896366 -0.487063182834694
-1.32923275779214 -0.530355551121514 0.835688039362499 0.244922576515616 -0.391638228693463
2.37607208916463 -1.38478231381099 0 0 0.824561251211194
1.80588325209054 -1.48297411362053 -0.134540240523044 0 0.538218616158371
1.34085558628487 -1.31058335781961 -0.164025400506364 0 0.210481193177149
1.02878395665743 -1.12199207879597 -0.165238761139053 0 0.0607385431011427
0.817915640226326 -1.03524389076783 0 0 0
0.714926372917029 -0.82992860854512 0 0 0
0.442633063496375 -0.413710298786734 -0.0956041985718565 0 -0.541453485525828
0.459585759383327 -0.143259789217063 0 0 -0.412856156148487
0.269174202802224 -0.00808064596026051 0.00147971003825006 0.280345027417024 -0.690695204083804
0.0315714128709872 0.0188537621853047 0.130834596285248 0.47927271025735 -0.624376906512573
-0.308465941367192 0.0509400791849861 0.302289877703124 0.481298780492371 -0.50509778144586
-0.661030928474475 0.0168684381350219 0.479115972149139 0.366114601458974 -0.438995912057047
-0.960845559136599 -0.0807890937282206 0.629700009020912 0.191105003598245 -0.372659475594321
-1.26611206509394 -0.306069174253761 0.789842579708387 0.0889751687616642 -0.341713043150518
2.1649069534382 -1.44679179980018 0 0 0.896735582447476
1.71393767488172 -1.44617310661 0 0 0.563236944405515
1.61218857596862 -1.21529186624902 -0.215814133858778 -0.0246491595715076 0.104291748092004
1.18968440675811 -1.01671937311695 -0.239490936993986 0.101248099902605 -0.190696780096986
0.849510080682036 -0.834495781921051 -0.212385099648615 0.146384911711326 -0.280493796941654
0.491784163506811 -0.805939452004526 0 0 -0.334540267458962
0.319606703311445 -0.453179081829734 0 0 -0.558599698614179
0.36321941796812 -0.140379129668035 0 0 -0.691848168333117
0.402216503882299 0.133697718423579 0 0 -0.742197141397192
0.216397483967408 0.342661246917797 0 0 -0.458239595396173
-0.297716690431198 0.383236237245721 0.0724160188621893 0.33709186555059 -0.611417705368199
-0.569629944783625 0.296192745105242 0.263291147664722 0.28364872189547 -0.468946842039936
-0.824580325364943 0.07708191904957 0.481257441065133 0.122792548929039 -0.382003810152844
-1.07222695022017 -0.205267829551196 0.672115537860021 -0.0450190534286172 -0.347842471509769
2.18416411175831 -1.56912268017685 0 -0.178581966882647 1.10776121708807
2.15426088212112 -1.5152073064559 -0.284356756319611 -0.322135444562326 0.62461715031787
1.62223123575326 -1.37184879612457 -0.351446602264949 -0.137278913414427 0.136007550539113
1.23582396146443 -1.19797317065497 -0.402982561604652 0.0671688632068245 -0.225493156565352
0.767407696495399 -0.990273743074007 -0.340091238901369 0.13569957966109 -0.460162213893547
0.26505749294984 -0.81871492948762 0 0 -0.278671140283839
0.11760988856389 -0.3777574714183 0 0 -0.742676828354369
0.194886714482987 -0.100709650771679 0 0 -0.704639305675147
0.314956315315874 0.0779125118912183 0 0 -0.593278685901674
-0.0153013110642601 0.398162017398992 -0.213533664493007 -0.147651960660344 -0.77180721894444
-0.0594462228244976 0.748541869245847 -0.264086612174524 -0.202882490828027 -0.592374427025825
-0.280854322751937 0.519529420770739 -0.0614965844938534 0.0429731407968901 -0.488160839240543
-0.621743693233255 0 0.12000961733023 0.0835182700196325 -0.312438875267167
-0.948965077495901 0 0.173677975974208 -0.0171888287549287 -0.213899873811384
2.00064218775009 -1.61585938881733 0 -0.302346974167161 1.00729908593536
1.51884258138748 -1.67138051094603 0 -0.232834876401352 0.611189246565182
1.03327258033452 -1.66457044339993 0 0 0.0949103552766475
0.810299544253978 -1.57186209200705 0 -0.109336915949328 -0.235722756357032
0.44991048391458 -1.3445067423368 0 0 -0.570622704111261
0.324774899110721 -1.02477978870042 0 0 -0.483099698706894
0.194971138185515 -0.64594822418874 0 0 -0.478673686207878
0.236134546670419 -0.324585620753102 0 0 -0.62877385923901
0.362295832839349 -0.128091973953738 0 0 -0.592304752460296
0.279527605496708 0.181850075425847 0 -0.189231933979026 -0.592107531963822
-0.0414139559599105 0.552053356056773 -0.326582438992863 -0.373419525624259 -0.480212117294209
-0.0847124972990029 0.450674204457209 0 0 0
-0.423151900387749 0 0 0 0
-0.717730266806012 0 0 0 0
1.19510949571272 -1.6514479752378 0 0 0.508565145594343
0.985162940042213 -1.70847339501066 0 0 0.245729398853484
0.935877009783283 -1.68817275209992 -0.112031397964823 -0.151300228034953 -0.138301069516529
0.615456876295811 -1.69967722396791 0 0.137678090114792 -0.475728628842776
0.685296863517538 -1.63710761824943 0 0.161618668988377 -0.711680216704049
0.551456584606833 -1.32048921941236 0 -0.0359176604478231 -0.683254174785684
0.401531442772787 -0.951580886925949 0 -0.0839665541332244 -0.608775823395526
0.347500568554651 -0.651889100863344 0 0 -0.402427221719265
0.416407764143653 -0.350605004623391 0 0 -0.525607191716232
0.450681402444328 -0.12667779309847 0 0 -0.442012077723943
0.428562668026412 0.122640489882983 0 0 -0.336716935794285
0.373602273461216 0.352129369544026 0 0 -0.296791656258484
0.27210854672496 0.486955344528067 0 0 -0.24884690091309
-0.566614300628906 0 0 0 0
1.16434320293151 -1.39891652925762 0.086210767869879 -0.462778787186272 0.72361982483478
0.815028840324663 -1.57879157237212 0.0652349712439163 -0.331364492810445 0.169946750801121
0.551395139421282 -1.76137669664083 0.157214211339695 0.0237796600411211 -0.228615242074948
0.615897652631539 -1.97218854038663 0 -0.0143759545095981 -0.583248111383481
0.744460197107267 -1.97690466993877 0 0.0306977401140154 -0.719606378457407
0.800357044430599 -1.71055997140033 0 -0.111968702406078 -0.746190467131163
0.663876080242347 -1.39710438984553 0 -0.139880221730484 -0.635320728238249
0.531863830311496 -1.00260843023432 0 -0.124379837035616 -0.561450457183911
0.584083502555862 -0.690918675105248 0 0 -0.45116094022454
0.582542444298068 -0.426581719795561 0 0 -0.355432349190209
0.581683865024829 -0.161064636831064 0 0 -0.325707042208901
0.521011501600736 0.0674027578174346 0 0 -0.280329290294282
0.435621911915411 0.259669497889931 0 0 -0.262299421706039
0.353531952048287 0.434639303254815 0 0 -0.253306261881784
0.768687369125455 -1.42058365858135 0.176471672736997 -0.510864962878249 0.462287414484649
0.420288159129186 -1.70745963764726 0.368872610163573 -0.331453899065736 0.160603909652091
0.559746523600912 -1.97729784434432 0 -0.257959427315924 -0.323901002493984
0.686226831981989 -2.24065534148091 0 -0.136877793686401 -0.556753792317809
0.948823782465369 -2.22065225808512 0 -0.145919760177244 -0.706228219667981
1.02171484314372 -2.0752606044669 0 -0.219707541694842 -0.703697632846007
0.933023334388229 -1.79307755963042 0 -0.257816081618824 -0.640044609024471
0.731870480389781 -1.47244363673495 0 -0.189904823685642 -0.549648982199415
0.772752919424333 -1.13264892993158 0 0 -0.468409255252277
0.771801265840086 -0.801460855150542 0 0 -0.354238357703431
0.772260974594094 -0.50945728862763 0 0 -0.288265741771985
0.69966700955894 -0.227151301597848 0 0 -0.272981591156734
0.579923656445416 0.0264297748187348 0 0 -0.251417949510802
0.477815815346151 0.250595084771072 0 0 -0.252063208567287
0.419442675024464 -1.75009097954393 0.405743121596477 -0.716510796465852 0.387722986483452
0.560608552949187 -1.91466424125859 0 -0.528870872544177 -0.071366445023938
0.672013330600022 -2.21782450483965 0 -0.411602026394136 -0.298786846764036
0.921386691585775 -2.38783845280794 0 -0.344989983720871 -0.501847735149429
1.14679798435129 -2.44608924216776 0 -0.337264747319129 -0.630159121835207
1.19397753716608 -2.34615411246057 0 -0.360302802375846 -0.653568818141278
1.15075093250153 -2.15348401911891 0 -0.375933059247779 -0.548671688296002
0.969931785047795 -1.87600097490342 0 -0.299687135757233 -0.493762013480754
0.768501152013901 -1.62838311259762 -0.214772174541964 -0.302945438511831 -0.57278153240061
0.633805468873298 -1.24933485556016 -0.351335656490694 -0.340305399219474 -0.489693751256051
0.496503688324675 -0.860820889884923 -0.457128010152206 -0.440682046619102 -0.366681874058798
0.887268444530238 -0.533503530260348 0 0 -0.25370360436663
0.748329202151292 -0.238133569643279 0 0 -0.233208572823514
0.606250816391899 0.0291601041017695 0 0 -0.237041204494774
0.284135120995251 -2.12871436194899 0.514805283048141 -0.914707773401288 0.319347883656404
0.663674164523028 -2.20692043223167 0 -0.71276487464487 -0.0992117124933794
0.869995164520215 -2.4326054568429 0 -0.613832361481509 -0.285485469162838
1.10723859759436 -2.61486743699602 0 -0.570757666463397 -0.446739215595011
1.27575531480164 -2.6668581738933 0 -0.52720531902452 -0.565141495119497
1.33584487624361 -2.60633132353532 0 -0.5068720104329 -0.573156860877322
1.31347094904405 -2.47731862575175 0 -0.504688826790278 -0.430062035378328
1.1979370174292 -2.24200332598454 0 -0.39700017147848 -0.461845065923332
1.03849927140097 -2.06513876127231 -0.249128133607778 -0.396518817694507 -0.439432070276882
0.863477876021594 -1.79821028638026 -0.357031028878416 -0.369328171169887 -0.552231823398349
1.09268810658637 -1.4110074223913 -0.265920706134399 0 -0.353439975745014
1.05485689274373 -0.995401020989771 -0.189710860718459 0 -0.259990365529778
0.954266186787497 -0.495250456825016 0 0 -0.217138756401313
0.784680375562087 -0.168612347293005 0 0 -0.206012710409839
0.579658252779345 -2.20433200441799 0 -0.69711297644984 0.00270344990399683
0.744056566982373 -2.54880915477888 0 -0.931645816558507 -0.125102886362407
1.01002201514229 -2.72827656015434 0 -0.829363168728726 -0.254622034532809
1.23011279759942 -2.907541566422 0 -0.767409909315475 -0.407872937539408
1.35463378672639 -2.95403275310453 0 -0.67095270081734 -0.505313405757587
1.44301360772541 -2.92944056372119 0 -0.642727322738045 -0.451159110885627
1.43374252838835 -2.8167480188112 0 -0.628212022892654 -0.404679613787908
1.40136321136693 -2.58891190922134 0 -0.481377082105369 -0.429363457939733
1.35911465199056 -2.28352702434055 0 -0.315305272906489 -0.287498166047244
1.26883648104917 -1.87769374055119 0 0 0
1.26698453243783 -1.4490856675098 0 0 0
1.1512536011802 -1.44899910107873 -0.380378385634609 0 -0.253640621932975
1.02008282542743 -0.985168059684087 -0.348082193540167 0 -0.165591894597607
0.917235726986384 -0.600020755890689 -0.289710675545288 0 -0.150931268766147
