"(Intercept)" "X1" "X2" "X3" "X4"
0.766964039579187 -2.24173173448465 1.13458546807542 0 0.403676880727735
0.788340006190392 -2.06010025703018 1.05540601429869 0 0.198985108253504
0.818106938954851 -1.87842751379996 0.879040691118705 0 0.0536094000814488
0.830682845051042 -1.73141061912938 0.687999276457499 0 -0.0570439967136963
0.831712819473655 -1.53992780166363 0.454762083721315 0 -0.0856560825002143
0.751013185192379 -1.30808102860609 0.225813654401613 0 -0.0227677739901671
0.897762849898696 -1.47400118061261 0.402676080851661 0.649448899341931 0.502829155586555
0.621026312702691 -1.35228495780226 0.504893330884553 0.695608337273967 0.449954741381781
0.317527308030607 -1.20534487846787 0.651575092013615 0.738104488621794 0.347137724573741
-0.0225351941248042 -1.08000690367597 0.828431234044318 0.729254269633676 0.205915995290779
-0.270132230161104 -0.880320474783368 1.01916471263869 0.640201212573561 -0.126831551346186
-0.478473878962328 -0.706029563140251 1.12950328991563 0.545780255485178 -0.522773385913927
-1.22950326819035 0.00929504479151651 0.479522124051909 0 0
-1.54619857157385 0.114551966483157 0.543049074164134 0 0
0.611992675541328 -2.20097588371467 1.00412693051489 0 0.282231081456632
0.656083760064879 -1.97769807658184 0.944802829676897 0 0.111618769483017
0.717476927072118 -1.73412534610571 0.785336366320321 0 -0.0329715824793825
0.758387889377397 -1.51461970260503 0.585766425817189 0 -0.158000753893474
0.771146202933692 -1.31926532554684 0.347870859519291 0 -0.211161268144482
0.779536182479306 -1.03927524823003 0.195771071169807 0 -0.280133457782638
0.916187675575758 -1.03829936384907 0.202603692321845 0.586725242434527 0.116938802466522
0.658950039319631 -0.932516534680762 0.306573044276104 0.653727676834312 0.101993789947305
0.353935369287101 -0.797258112525489 0.462084973806041 0.683711801335061 0.0221820239276512
0.0607884101315057 -0.687899325716544 0.652126058824917 0.665662780201695 -0.181452850145398
-0.158828730132966 -0.517262994576916 0.82920951039048 0.569750499916686 -0.502574251562697
-0.690998658982665 -0.120389317046963 0.671304614770918 0 -0.454940907945665
-0.895783418679847 -0.0405632358509917 0.77786844306424 0 -0.534647631768866
-1.16932040762457 0.0640071044245414 0.79245701031418 0 -0.422951594136459
0.600648263119182 -2.08266584961086 0.851236762835229 0 0.303476319017661
0.622169934706209 -1.86065233130763 0.692144996507252 0 0
0.679897167498964 -1.60469217339408 0.58656137531579 0 0
0.704055601833936 -1.3210312106122 0.440886225662027 0 -0.187236760960185
0.747975709023191 -1.04856215872575 0.252391196704573 0 -0.332687848862654
0.751711240332377 -0.818181495887607 0.0305039606177153 0 -0.355899298817299
0.693370390944554 -0.52328685836251 0 0 -0.35459480587834
0.690235384620819 -0.516085959397319 0.11092802883456 0.570151014202217 -0.249604794953045
0.392502054725718 -0.384194558055211 0.260295669646672 0.594521099278389 -0.350844549704115
0.124983055519243 -0.27655074218551 0.483455722578147 0.595990468507726 -0.558251186908399
-0.34749001584881 0.109540490516029 0.417051569887785 0 -0.630727556305211
-0.576526071064619 0.0971857112227263 0.589478000714567 0 -0.697993674948866
-0.84144711507921 0.15279459119524 0.654674414002192 0 -0.643337622907654
-1.1628212997981 0.257884430621041 0.617131864677808 0 -0.452328542301694
0.601670129492215 -1.9830455794625 0.675962918154994 0 0.41695410596166
0.541061606737128 -1.81563453226751 0.557878537341754 0 0.138832350237877
0.58313962219182 -1.52545786483686 0.447991303767036 0 -0.0363671840458105
0.635870948584495 -1.22471578391264 0.271058551306052 0 -0.135305434440867
0.727235190947865 -0.90740202358323 0.0513411819817448 0 -0.297728815951583
0.809967939543915 -0.644968107295874 0 0 -0.266217059006904
0.71810648803085 -0.314165999254819 0 0 -0.485202389339622
0.540766638154929 0.0150904419724015 0 0 -0.654587912489986
0.441033938196159 0.0192895945868266 0.0484910288816956 0.469360756187713 -0.749909429786819
0.21146300996247 0.129864573069128 0.270602776525086 0.508705308270059 -0.954154603888022
-0.323130116053235 0.371930406567903 0.315884750718424 0 -0.713355869340171
-0.604683073733869 0.334948738255635 0.44421182278904 0 -0.670032571706763
-0.920257276463076 0.347145538819465 0.455925723342562 0 -0.498383069262758
-1.21622887985658 0.402903751754024 0.406308354722776 0 -0.380699315181803
0.636366894475146 -1.85918326879854 0.567591034946406 0 0.532541633155619
0.57340196878451 -1.72696185587406 0.400486692362172 0 0.244880360107336
0.561371044503125 -1.4983448874353 0.244048263833528 0 0.0244568318122412
0.606460269033695 -1.21796887261658 0.0757712248208252 0 -0.125410125860399
0.694739797758898 -0.954449931231987 0 0 -0.156581515164904
0.730188267745914 -0.579279393219271 0 0 -0.460344328898365
0.720265407412243 -0.167562568655632 0 0 -0.715093218009219
0.575361128866495 0.218547348453325 -0.22890647597502 0 -0.995888777977571
0.352647087170279 0.462591657376502 -0.150917414081616 0 -1.00814992068661
-0.0048376750086233 0.604710374012746 0.0396076581343938 0 -0.823175476138282
-0.364172826163038 0.612290195798513 0.176212418227997 0 -0.678909723141737
-0.654654005419361 0.562243228541441 0.252187674256455 0 -0.540281918625238
-0.899372572946853 0.531118916149944 0.266419602987725 0 -0.415767927707144
-1.14645820766237 0.490912487566744 0.251485188850195 0 -0.288672710965683
0.762488520750497 -1.6844474172132 0.522855934669301 0 0.709405948664365
0.669059426793354 -1.63023464409703 0.276957673732235 0 0.365398538909645
0.605345810689342 -1.50446412741317 0.0908569286874929 0 0.0850521006375173
0.671651953977111 -1.31281387542437 0 0 -0.0985121881882393
0.512916751028359 -0.955060209875198 0 0 -0.40674613873996
0.405163190264043 -0.452669887019606 0 0 -0.879802182404942
0.4262452009534 -0.00809992888820376 0 0 -1.02004564573782
0.575230295466912 0.356386931947984 -0.225265345941633 0 -1.24344176605179
0.397788631830853 0.515474820658647 0 0 -0.913758907847654
0.0937510945991689 0.723358157281145 0 0 -0.708298502830898
-0.363274008777734 0.753600778951434 0.035930725410571 0 -0.62717285959362
-0.686799939734575 0.54253218898912 0.177979873795051 0.306085296473015 -0.60556572845842
-0.83941172161752 0.333522263445651 0.251545939864953 0.358076244812263 -0.346266974274546
-1.05078149400325 0.549718192890532 0.135216471152969 0 -0.131030953721304
0.818711090075357 -1.54786761194184 0.492851846680775 0 0.945917894817106
0.676497010220278 -1.56220496979471 0 0 0.493683451712425
0.619070525337619 -1.56657168045545 0 0 0.139334197423815
0.548331662026748 -1.36586523661933 0 0 -0.255213655044616
0.0959361733755108 -0.817938687651473 0 0 -0.808281210164203
0.0726331460845414 -0.407581164151285 0 0 -0.908663981222332
0.228549222905963 0.0569372607246894 0 0 -1.18612884710018
0.335483145573142 0.360576909569786 0 0 -1.2436742058357
0.228650927867601 0.517339143206766 0 -0.247840020385412 -0.992834785419007
0.182119702470531 0.673157387543404 0 0 -0.773693558924486
-0.151046495744577 0.645828490210368 0 0 -0.481971541711607
-0.513787966558833 0.712226017892383 -0.160710937606409 0.158253688793885 -0.545966100218269
-0.72238400391371 0.641358763704382 -0.00744676557774571 0 -0.100085425313764
-0.814344989216274 0.214024662146073 -0.00426681416780619 0.443995457597789 0.129123540401208
0.381963653496202 -1.5672430628005 0 0 0.69308140934052
0.449993943899731 -1.61659445605218 0 0 0.402653941358395
0.389192822352421 -1.59746707327681 0 0 -0.0367230678809885
0.0589655389348936 -1.27252480214193 0 0 -0.72706651914138
0.21372438067237 -1.16804251561288 -0.0369589358963325 0 -0.889434201290339
0.354058561570181 -0.805477379127274 -0.121523359624293 0 -0.981841648047734
0.318781607537412 -0.240908931749469 -0.201186048833022 0 -1.11906734475331
0.0792410456097485 0.144745533260632 0 -0.360031188494636 -1.16862534345519
0.173835077548985 0.389008915648345 0 -0.331788420081505 -1.07417592950436
0.318791574454093 0.559400900333292 0 0 -0.827579480053351
0.112064244128323 0.85081827676141 0 0 -0.503078631766335
-0.0857163177424563 0.895457628695884 -0.497718521985084 0.149876229849475 -0.500909706278241
-0.359946048420101 0.616768749483561 -0.410274707095002 0.272374816159129 -0.0848135039311728
-0.512809593401979 0.332934124313381 -0.347348995636975 0.462534829304252 0.268814782110312
0.143505922168128 -1.65896869332777 0 0 0.609203668276679
0.205959431001502 -1.57602361414815 0 0 0.198672877930702
0.0810860789924932 -1.37290745428161 0 0 -0.475514702266164
0.198347353208945 -1.58765989791703 0 0 -0.705192036961634
0.42282417234384 -1.60970204809158 0.109440278749653 0 -0.893937662612355
0.66495705639235 -1.21732978515605 -0.0268956752769951 0 -0.993534146772953
0.481160661660574 -0.802857679323884 0 0 -0.722686553095954
0.280008187669768 -0.35644005962363 0 -0.194470769982017 -0.687760366601871
0.269897729669878 0.0212150125718697 -0.110695958167453 -0.252900226827599 -0.928724511172494
0.486438201803113 0.335172045079212 0 0 -0.622303704874855
0.587861189922861 0.644526237566871 0 0 -0.402137289813504
0.319198352801977 0.648232580660323 0 0 -0.15322879851247
0.14457276750647 0.791461612292679 -0.691801419471803 0.213435160325575 0.0935593694802021
-0.179426632336143 0.495525837014291 -0.594990751218653 0.338220594994899 0.514814355567773
0.0976779150089691 -1.53206673489972 0 0 0.507943933860161
0.0388752665507177 -1.19746973277916 0 0 -0.146061815761666
0.119421789927032 -1.56090759195219 0 0 -0.340890710416025
0.368541320941199 -1.87001858026446 0 -0.0157414361196447 -0.60048342543002
0.830255659053652 -1.97285616465206 0.108123097180887 0.0738405880997107 -0.848682678139304
0.957886592666209 -1.66389566461679 0.149051491345417 -0.120478560235642 -0.965283125906831
0.655562917508953 -1.36911123669556 0 0 -0.516398505134402
0.558611556994942 -0.839736244219184 0 0 -0.774019170701692
0.537758931421344 -0.432421910611194 0 0 -0.601271160894401
0.856873635907495 -0.0577693364436613 0 0 -0.362392351741093
1.16522595157263 0.311826747310445 0 0 -0.102130250897161
1.03574377999964 0.53701994169176 0 0 0.112638892573062
0.788219668791643 0.58471785867907 0 0 0.365017938184468
0.392214607747039 0.472328292528552 0 0 0.592363219374018
0.0509780314529744 -1.03090718668715 0 0 0.222952283986448
0.0729466001349404 -1.37792779092496 0 0 -0.104139914769791
0.190156736828144 -1.7477504354839 0 0 -0.218276154294933
0.337887950920768 -2.09697893861144 0 0 -0.409462944083706
0.894988887335211 -2.29341200842897 0.206315720653325 -0.0830216570573266 -0.614083314906338
0.98333684174629 -1.9443734608356 0 0 -0.626897068280059
0.848859946093961 -1.75800526693358 0 0 -0.720202839109566
0.671458853682724 -1.40620311174719 0.039724797936137 0 -0.871681385024425
0.767069287680454 -1.05699096092012 0 0 -0.601456796167647
0.933116525042542 -0.665688330402233 0 0 -0.197831624384095
1.43060502221237 -0.223303014728574 0 0 0.166726252923464
1.58759427709276 0.106492938954128 0 0 0.445687094689889
1.37446844209584 0.363662837931332 0 0 0.636124315818136
1.04479209617327 0.472023778708536 0 0 0.934588477150112
0.0979423260261005 -1.30193001201039 0 0 0.371273208591257
0.190672646783104 -1.59610757579132 0 0 0.181388804719053
0.307500961301534 -1.9401304037771 0 0 -0.0336636120783312
0.520931622805158 -2.22292911908841 0 0 -0.278841834273569
0.811802596673596 -2.2898949785238 0 0 -0.531865088393856
1.14415182471752 -2.2290047470432 0.3170412743664 0 -0.583348678077206
0.992958737701643 -1.95312175635767 0 0 -0.713461681011712
0.915341134428339 -1.82556826107612 0 0 -0.726126657874044
0.96286615730616 -1.63509876169374 -0.0946175158378987 0 -0.427279739710192
1.27962690412053 -1.34266058185359 0 0 -0.0992915924513221
1.56056833098113 -0.896185719559003 0 0 0.277689802533808
1.97986109237859 -0.456499931516022 0 0 0.755206430014086
1.83750995076111 -0.0392410390445923 0 0 0.92417061116652
1.57626797644989 0.254011451543953 0 0 1.18314915103422
0.179239380407244 -1.60248791835974 0 0 0.428954049230018
0.314672476510032 -1.83578205370099 0 0 0.240899620161429
0.470527759093252 -2.11373408251464 0 0 0.023047007762857
0.761059602368452 -2.27774613602258 0 0 -0.386045755406701
1.02163122171805 -2.25258264812546 0.265412846283389 0 -0.503861344157797
0.95718422081465 -2.37480647148621 0.294502729668886 0 -0.37937753621893
0.846366160311903 -2.34980239416974 -0.109985122670208 0.0861356875212919 0.126722378739376
1.04333464936016 -2.05699798450062 0 0 -0.576865389936433
1.22708888539138 -2.094520851286 0 0 -0.381139403368982
1.54212441608782 -1.9321837208992 0 0 0.00275707065221841
1.77555557956286 -1.56635410197947 0 0 0.379218314193217
2.17102091630839 -1.03929374043603 0 0 0.906086343765208
2.25636979369952 -0.531764199790665 0 0 1.2051204090519
2.08662363684515 -0.0722394210127632 0 0 1.39342482036402
0.295919203727713 -1.89333764446071 0 0 0.26413257004547
0.514592118463446 -2.02045396180628 0 0 -0.202383677131296
0.766856382992358 -2.16432760327322 0 0 -0.317073152736237
0.879915871450193 -2.30041300273758 0.191998668670289 0 -0.369654415767269
0.865902388662303 -2.51237696898342 0.311196403209535 0 -0.259277115596483
1.09420029638025 -2.0912017106296 0 0 -0.474387181785694
0.618206169942512 -2.5115887559262 -0.428519093485986 0.400047157986374 0.694089387519748
1.103483177168 -2.19468674456218 0 0 -0.439960625276539
1.21832521789712 -2.37429098706436 0 0 -0.304679784454103
1.57692263438143 -2.34768788350363 0 0 0.0340048597669668
1.86482857216891 -2.10542830474186 0 0 0.380757672900875
2.22015402955815 -1.60668874441499 0 0 0.860976650579862
2.56696226857517 -1.09163523937149 0 0 1.44530287468668
2.40264334628254 -0.489734116203962 0 0 1.53221698824902
