"(Intercept)" "X1" "X2" "X3" "X4"
1.14352466207706 -2.2734943298941 0 0 0
0.707424454116127 -2.44721678546781 0 0 0
0.428093819120154 -2.42073807829014 0 0 0
0.00528559227751429 -2.69360242762985 -0.600162677144973 -0.431943841269236 0.646966121489223
0.127115480945248 -2.33147648156897 -0.433607520338691 -0.31071154086135 0.665994073981363
0.121098698020668 -2.14192562221419 -0.405723121381816 -0.114648302111726 0.526604956426521
-0.000841469196098987 -2.0589287014622 -0.337431469536593 0.142228422289979 0.266100990201283
-0.174567226085902 -1.97093641476615 -0.277640265024102 0.34012026067952 -0.0813386892206456
-0.380688937542424 -1.89379583803699 -0.27477959115371 0.48337812252807 -0.368617915713914
-0.546482795002223 -1.82532110661156 -0.151281135417646 0.523448526364384 -0.577817956809053
-0.676300401923613 -1.78632170928333 0.00285295741564792 0.588760263312124 -0.815472992941579
-1.35722307003219 -1.44532339211979 0 0 0
-1.58067889840409 -1.36556432644142 0 0 0
-1.85727502197606 -1.30043353940211 0 0 0
1.22173622207943 -2.02887064103964 0 0 0
0.807322322316421 -2.15413500400156 0 0 0
0.579778593213188 -2.07225235859112 0 0 0
0.308164592987421 -2.09897470322993 -0.473415330687187 -0.35840872958968 0.493122929314328
0.361465380688842 -1.75947609520489 -0.374092175233538 -0.184564522462117 0.395466471115762
0.378622299228402 -1.3451950942741 -0.18658085601673 -0.102793214244376 0.340128678101977
0.233497185176738 -1.25226972404149 -0.141047940753293 0.118328569002144 0.133682530062665
0.0540117452933496 -1.18811036918888 -0.11777717492157 0.289321334214855 -0.0929067455139489
-0.149116272766634 -1.14183875192545 -0.147049009309514 0.401616758986464 -0.344668553417634
-0.321369566695165 -1.12118320175493 -0.0601444690486798 0.462058986900656 -0.502484416518211
-0.868682611045432 -1.0263391704801 0 0 0
-1.08963854180556 -1.00962354505137 0 0 0
-1.33226378834863 -1.04090875461391 0 0 0
-1.64017358397457 -1.053981982057 0 0 0
1.48124683474877 -1.63984792832432 0 0 0
1.07633854844701 -1.72882217759494 0 0 0
0.77334462920767 -1.68928795898483 0 0 0
0.837093841197525 -1.31523571596607 0 0 0
0.878821265130224 -0.945346173811295 0 0 0
0.699295346467702 -0.749567417605803 -0.176277946760709 0.0673216155403738 0.193876503954992
0.605283263699155 -0.422656696033551 -0.0367440725311438 0.104512144479585 0.178079792346163
0.213319719735173 -0.371889655228226 0 0 0
-0.0772895347635853 -0.32652216453934 0 0 0
-0.344595055931287 -0.332185701333412 0 0 0
-0.595183117380613 -0.393926362480248 0 0 0
-0.824690883878813 -0.534898021990438 0 0 0
-1.09678192036376 -0.731362683149443 0 0 0
-1.46979754053149 -0.838065245909514 0 0 0
0.752539787900805 -1.86935654260182 -0.323706794892371 -0.983498808582424 0.467027340443921
0.698324719641749 -1.70634616501338 -0.340044508439733 -0.78252306804503 0.28565377009748
1.17235303360452 -1.1825478522148 0 0 0
0.912856414863254 -1.09968704343489 -0.421888611151586 -0.15629894095106 0.122058179312615
1.06505725142149 -0.593036011924959 0 0 0
1.04855621503853 -0.290556742502121 0 0 0
0.850108945862595 -0.038754104685373 0 0 0
0.575237298232312 0.14910436905165 0 0 0
0.227162421105138 0.236932319336993 0 0 0
-0.0706441269915668 0.235436979068925 0 0 0
-0.344688634326064 0.0861293350016465 0 0 0
-0.583346164002886 -0.192018276094116 0 0 0
-0.942261674602194 -0.437769287489471 0 0 0
-1.34001163523691 -0.599951776279389 0 0 0
1.0946897188268 -1.58936381821777 -0.339789601255587 -0.893364914478865 0.440474939471999
1.06291801651372 -1.39428239154636 -0.36389668303908 -0.632042020965577 0.193687656153931
1.00855323111437 -1.1917569199791 -0.400550889269006 -0.417295202245134 -0.0105980049336346
1.06999578964296 -0.977440853295601 -0.423077295270173 -0.163282527098745 -0.12788130072977
1.29961948959404 -0.478798763770535 0 0 0.069620565767993
1.20711042539515 -0.218500055500885 -0.217066794270473 0 -0.117940122739721
1.08479829360178 0.123544365054634 -0.130175765901977 0 -0.249140738434734
0.839681490943506 0.429532407977432 -0.0454024878761186 0 -0.303255784121982
0.435722441144445 0.570261186600963 0 0 0
0.102501151174987 0.557610257883301 0 0 0
-0.173619898077892 0.301320162916081 0 0 0
-0.482630879690174 0.135219040582508 0 0 0
-0.854537542569467 0.026149593451346 0 0 0
-1.2898989342467 0 0 0 0
1.29314146434626 -1.39119856531038 -0.417837348319739 -0.860992565750353 0.503511213660154
1.31558669063029 -1.21182468817872 -0.436717276259386 -0.517899727796047 0.156989071358411
1.2689266799626 -1.03790335689608 -0.435994608546205 -0.211985517564458 -0.148343402792342
1.20207670627967 -0.874863094117483 -0.402912750492244 -0.017514095009926 -0.341671563847455
1.08915987880746 -0.58222665246633 0 0 -0.152541909495618
0.982234719939021 -0.260676889056283 0 0 -0.420132121755918
0.984239759974157 0.0858906999309342 -0.156482189947003 0 -0.61191853712303
0.917856013171268 0.438185824549203 -0.056130344247204 0 -0.61689410415015
0.593931481684989 0.629633839458022 0 0 -0.542982877231155
0.239708060435101 0.673468890088045 0 0 -0.450895843840907
-0.0743418085664213 0 0 0 0
-0.37728238489906 0 0 0 0
-0.668803507021867 0 0 0 0
-0.959285595400752 0 0 0 0
0.951246463721646 -1.29619371845621 -0.132586314269721 -0.822570173361508 0.594839212234668
1.17960100641958 -1.16902080988183 -0.342704527229271 -0.473874231433768 0.25687811228402
1.32187266914347 -1.04816130912889 -0.474032325741578 -0.181429958327454 -0.0795159407218844
1.14401256904643 -0.930834951618206 0 0 -0.122975790343313
0.752300656750758 -0.625820247786111 0 0 -0.497262300190656
0.545793589657684 -0.287797710543459 0 0 -0.830993512452319
0.518848172705578 0.0267556237595704 0 0 -0.879486440681755
0.485525781716613 0.303873702445296 0 0 -0.673776240997913
0.424437701698986 0.562999897397709 0 0 -0.842490461513722
0.251356235698175 0.702339137890373 0 0 -0.675327682761281
-0.0113683380349753 0.807673888813629 0 -0.0130599490624565 -0.516458908621068
-0.143000676915219 0.721781582515544 -0.079094215220617 0.217720903436904 -0.533573731043516
-0.235434610121988 0.331564309643557 -0.112641729431377 0.334601936807536 -0.30627527432679
-0.379399534822397 -0.149686890350086 -0.152865815755699 0.351887569264372 -0.107445306927535
0.524521214317356 -1.1592647462332 0.0226670138150616 -0.710880943356535 0.598847664403155
0.864500741611071 -1.13568357612635 -0.18528318634911 -0.337145272523974 0.286180615449063
0.974510297484495 -1.22624359517382 0 -0.0666693371230096 0.0717452564665696
0.802311214626082 -1.1080533825576 0 0 -0.209247178594271
0.650097054011234 -0.848677832309357 0 0 -0.562950926355799
0.549729331809184 -0.525303942750779 0 0 -0.8271514735476
0.321260748244675 -0.210479924201095 0 0 -0.962342040425109
0.168378458974726 0.136336212783867 0 0 -0.754666851931109
0.119481389830885 0.500223829989229 0 0 -1.03567860821437
0.155774262303757 0.819403816359372 0 0 -0.828098008927233
-0.0801463655581918 0.958050712489799 -0.175719452412166 0.00362853263718988 -0.64915502087551
0.0545427613586447 0.85092481652462 -0.349240957435564 0.148119197311582 -0.424567663734123
-0.127298899648874 0.483213747805654 0 0 0
-0.302921765428379 -0.103115032465255 -0.312148476303237 0 0
0.24552316277465 -1.29274916562988 0 -0.229858193959594 0
0.464165425106152 -1.31828974636111 0 -0.0699095916516305 0
0.522837179376973 -1.29323329416322 0 0.092234976601614 -0.08243779670841
0.57727915701443 -1.37647602454304 0 0 -0.275382027179692
0.571251721268371 -1.23798731616455 0 0 -0.347610267198289
0.541217318937258 -0.908630119046416 0 0 -0.492897100010644
0.3455152015905 -0.614771249334766 0 0 -0.482288948094591
0.215582937513937 -0.286132621816307 0 0 -0.382357818490524
0.323570262251428 0.0773648825276851 0 0 -0.781499578440374
0.366545116290973 0.487108068566262 0 0 -0.494217195034558
0.253719270223379 0.762521159030551 -0.264815624549475 -0.0264863833356886 -0.45355888231707
0.173314504275015 0.602706824675618 -0.407972825748967 0.110004257836663 -0.245766242500328
0.23327346596921 0.157142935074635 -0.517284789785195 0.487571886302547 -0.133034894532516
0.219811668972466 0.0527109624132815 0 0 0
0.148030384190796 -1.28581890508011 0 -0.0118463414382708 0
0.0911094580337276 -1.22664786959942 0 0.115350455783105 0.0668321975628495
0.184065907878536 -1.46799629350664 0 0.247788547918795 -0.00745684989533059
0.467943945900559 -1.67718835343288 0 0 -0.164180891920132
0.680732503038711 -1.64316448011014 0.0577262672492917 0 -0.346332323950135
0.922834354396588 -1.41392925300166 0.108388609944266 0 -0.425229343400364
0.466356018267375 -1.06074085341932 0 0 -0.513525924161258
0.357759406998371 -0.747402523235238 0 0 -0.53786912464287
0.412606403703032 -0.328210390491114 0 0 -0.736647075530114
0.609920679966039 0.03416151814298 0 0 -0.380717603290893
0.28298536568866 0.375451620348532 -0.275403110611576 -0.188495856852424 -0.141111514713236
0.339882852303693 0.175169896117331 -0.441823050146217 0.152123051278652 -0.160431546493306
0.491568547538346 -0.229368355537904 -0.555098732933145 0.55810952599275 -0.0959095847816372
0.553555617750784 -0.745541486404026 -0.681570963446391 0.790083674859677 -0.0743099659877869
0.101824118602926 -1.34770124130942 0 0.223147064846425 0
0.0608115414900742 -1.32033070045757 0 0.319873398528928 0.249211279774967
0.227274482055696 -1.61920491306609 0 0.30643291316946 0.119595955560037
0.282319970559873 -1.78281777310016 0 0.35533167546075 -0.0231481913130411
0.493830707682739 -1.80140545403177 -0.0893942886640849 0.261585897460588 -0.188050198968974
0.764098914386501 -1.71955998664992 -0.0354816846369675 0.309768417977133 -0.382807252659192
0.518635017492474 -1.49814119733234 0 0 -0.392637463143065
0.438415131827794 -1.23156380747561 0 0 -0.432762138564146
0.488224829319178 -0.82662359946648 0 0 -0.676123274620993
0.524308945284394 -0.474882053925935 -0.101189146931944 -0.327131118954494 -0.353166784599808
0.554167907770005 -0.266490391943353 -0.208262323166365 -0.0655865884163773 -0.221688284480463
0.529665727564669 -0.375282791429502 -0.424026440396605 0.292339841643587 -0.335832575995047
0.668423024488875 -0.819677529829045 -0.574368611699639 0.693853220998663 -0.328681529763668
0.893646795886717 -1.28864327251777 -0.722160033020172 0.951035109669489 -0.195678942823001
0.0523527173106119 -1.27951651651293 0 0.49394422944897 0.394202369852524
0.040113420139488 -1.42353319318748 0.542430486746157 0.552843209446658 0.55547958877216
0.0966701843516557 -1.62591993932384 0.45448009066502 0.583548537976552 0.352355859136701
0.225150728519671 -1.79644594602086 0 0.57327784553351 0.119793563106049
0.32973232551019 -1.84137899255724 -0.199929486981669 0.572998133971222 -0.0535178691255754
0.543385809959802 -1.79318795589959 -0.214211288945989 0.591299498834568 -0.241376853797549
0.640319913586073 -1.74715804015656 -0.108841982681431 0.340404437077717 -0.348042320861723
0.48100761429474 -1.57118134556751 -0.053062692451086 -0.205708426596056 -0.55680284830512
0.418238366864997 -1.31353789920846 -0.124997069946864 -0.329642065867515 -0.480339396482138
0.623902667841896 -1.11904119494621 -0.0672172515655206 -0.267809784840606 -0.371161450321598
0.772331124432768 -1.02339163880754 -0.209276478764681 0.116706248705603 -0.359601490440435
0.877353865351562 -1.11025503506401 -0.364868917033583 0.50438186907117 -0.40793133163034
0.930709338445374 -1.37098260644776 -0.539752122699319 0.647294779638772 -0.411372208348951
1.05596592960778 -1.66044987451384 -0.696733670008967 0.806984738137145 -0.345549479272254
0.140467972667537 -1.47144499368124 0 0.592677280361285 0.734944656861774
0.270223383556999 -1.58861187146033 0 0.537880522916079 0.462572977499086
0.188662104620213 -1.68213245402453 0 0.727727419537905 0.299231257348699
0.240291700571214 -1.75966218032095 0 0.773348183931207 0.190460339983034
0.1597580587531 -1.8123087985066 -0.354354499933923 0.909665960066492 0.125248740555
0.26340821549699 -1.78225116602177 -0.498700277992327 0.943295944956854 0.0462709069616518
0.363779134748423 -1.72682192720021 -0.502105855202466 0.759332537722643 0.0624495188049824
0.614081795510783 -1.64393918671883 -0.407383469277029 0.382452884206478 -0.00990525022352391
0.865588440487729 -1.69188776959559 -0.141500987299929 0.0652944168541059 0
0.845752387007318 -1.68780932253597 -0.148532227893393 0.0665788640530065 -0.425783293717121
1.08724248489277 -1.737451224328 -0.210218919403498 0.431892894266639 -0.542837776421349
1.29818641148178 -1.85987208683809 -0.341377724120539 0.847537469191435 -0.54326841337332
1.32140638837414 -2.04399880824414 -0.536907687875161 0.989502810227451 -0.529537153651588
1.33051975462472 -2.22761165663306 -0.725502450167845 1.03725369468221 -0.483230317255322
0.230564316396702 -1.60080254572952 0 0.847488204132221 0.951962149208654
0.240324697882037 -1.63889608194037 0 0.92643001058753 0.674344298085509
0.270009232117087 -1.66272764505466 0 0.964023663330651 0.34971060615125
-0.0109770227583871 -1.78374221972478 -0.327140976588287 1.23488981861865 0.428156811747241
-0.0718527868126913 -1.81960448804434 -0.616776919284332 1.24971153429456 0.388168465327245
-0.0941556239932669 -1.74214785244984 -0.807384335063561 1.28803780131819 0.45667008505211
0.088328019878583 -1.65678338416999 -0.935256800522668 1.25209846884077 0.478312302502926
0.416311654631488 -1.59935547735439 -0.852543915880246 0.929869191489736 0.333386655063238
0.777001288085263 -1.9300647432468 -0.560380923381385 0.408716596623842 0
0.874842818436519 -2.06919408744621 -0.525493160921006 0.497511408143768 -0.374793916344307
1.33741038230252 -2.32488783064304 -0.367470796710494 0.811518225560928 -0.635315983003515
1.65758542538798 -2.51639062157606 -0.361803910552504 1.21097707790761 -0.70696196282646
1.80560842069082 -2.69156717450994 -0.501285977996744 1.52165389301445 -0.676508433114416
1.66053651151928 -2.81556035745367 -0.72931631925146 1.47034918741775 -0.647684014838588
