"(Intercept)" "X1" "X2" "X3" "X4"
2.85416948794243 -1.70492562196565 0 0 0.976791930516463
2.30627968003098 -1.76777912512155 0 0 0.685081004455519
1.78720517640708 -1.93034645165871 0 -0.0930878146260456 0.865259895826839
1.39955561673027 -1.85593995368539 0 -0.157803831169136 0.747998359238501
1.35266653933686 -1.54356022683766 0 0 0.557883765705435
0.492779924103335 -1.96866655817148 0.112926995824853 -0.328718167447287 0.796636067730075
0.136476572155621 -2.05612279761317 0.356918553034667 -0.0965807707127933 0.620461570494698
0.00117462505134485 -1.98733280685668 0.642989757582337 0.185195598642742 0.427417185851562
-0.0084405348585835 -1.91625316186016 0.885305695322239 0.457628449262626 0.207225606060476
0.00197190825070224 -1.77585994127137 1.09490744784288 0.672578350982002 0.00518579522511164
-0.322467796205927 -1.73973905594867 1.31356656267056 0.492219034881581 0
-0.500139204751975 -1.74705467308843 1.66475249745244 0.689216272361393 0
-0.640168667285159 -1.88677883901634 1.75978186412593 0.697291874907337 0
-0.803215407326964 -1.84534960778384 1.87082878143229 0.853807262775105 0
2.89333486067827 -1.43530286096307 0 0 1.08076584437246
2.40285808421403 -1.45659516968752 0 0 0.786973697714571
1.85337295280606 -1.61910670869186 0 -0.00256545883233963 0.795397423303104
1.52631505765867 -1.51609648862736 0 0.00148594742307839 0.665582769810424
1.2079630861248 -1.37651993357087 0 -0.0124027942686419 0.52428698987076
1.05191143585349 -1.10616233677974 0 0 0.356870127074571
0.245264994014781 -1.33476695844874 0.17077927062827 -0.0777427406228826 0.203513325714517
0.111875955615209 -1.35769281265441 0.400672652436031 0.263188150291488 0.0597486567081727
0.061943488995497 -1.28159433562908 0.586454356467216 0.453650094707413 -0.145663426556413
0.0395941444727172 -1.20630436922427 0.791709688591823 0.601784675256261 -0.228378305653983
-0.352491607028049 -1.25410435742108 1.06295151103529 0.45527926475857 0
-0.548052507944114 -1.30514273952858 1.38939526156896 0.552080650675625 0
-0.691932695313199 -1.3923597118122 1.55972000102946 0.632540836785561 0
-0.836912468257829 -1.37447070380887 1.63792501107255 0.920353946522755 0
2.91659706348844 -1.18209036591624 0 0 1.22265016231623
2.48270261729809 -1.1574950681427 0 0 0.936305678105207
1.86351491221883 -1.3258606413542 0 0.0326952388652989 0.720615545029034
1.50864028903582 -1.24391619685774 0 0.0618466909722275 0.554892275221006
0.966568061459475 -1.20220109902721 -0.200451841706004 0.0196867333370864 0.281119145181756
0.943098144804187 -0.894935913148461 0 0.080852769714301 0.204612845252557
0.743193518773488 -0.615483147570951 0 0 -0.00014233829638873
0.289864951444444 -0.68801200191159 0.119127240558463 0.303083413608187 -0.225666471327899
0.126426900290529 -0.654370736927135 0.309567485526767 0.413517879514944 -0.421888512768108
-0.307377453782459 -0.591932904412591 0.576783442890524 0 0
-0.537994758930901 -0.618304671890915 0.770435167579074 0 0
-0.549290645941796 -0.841916669883892 1.07936820141785 0.46179734112673 0
-0.689276331321932 -0.887466872680378 1.26104480503703 0.711768421630319 0
-0.873177878517648 -0.905369987615899 1.29685914309523 1.02151518191936 0
2.76569875712617 -1.10728237539643 0 0 1.31134102685432
2.36954659547962 -1.01505555471501 0 0 0.971245898502487
1.9306649753177 -0.968896523404203 0 0 0.654420940758905
1.43528816769736 -1.0199795330662 0 0.103391823600167 0.433497563278816
0.991333173134893 -0.875266941517722 -0.27898016236313 0.207400470684586 0.054754561947368
0.770285542537666 -0.690700018254347 -0.273778355109116 0.333880285332802 -0.197520443010434
0.641299324119524 -0.416540197542283 0 0 0
0.572534264127445 -0.0419970307040899 0 0.0542154937862027 -0.274685592650803
0.249570628317492 -0.0389390307958752 0.0109551900985309 0.325439792953569 -0.609392794379503
-0.244062166654508 -0.0588735430112519 0.41755885206044 0 0
-0.470954340588759 -0.111476041196527 0.589354368633198 0 0
-0.627794078217656 -0.322791604015648 0.745970250730957 0.339137703929797 0
-0.74592996150873 -0.426067164192397 0.863497331402033 0.791215152535052 0
-0.889756773023105 -0.484864494220527 0.833236158934808 1.25862650759148 0
2.59583097111592 -1.05804502985801 0 0 1.32005107966646
2.12606261097374 -1.0235278557055 0 0 0.925594635595538
1.61265321246547 -0.985066684551318 0 0 0.544424599849492
1.20723319144523 -0.89022303951965 0 0.0768477497521901 0.286667020700777
0.915117250229339 -0.638641311155708 -0.314690001936141 0.332482815181541 -0.139712229939264
0.606565567014228 -0.484370541007448 0 0 0
0.446714142196381 -0.240209936549129 0 0 0
0.464538268468239 0.144520673113651 0 0.151458169843098 -0.453823451202065
0.490233562701818 0.521626217892882 -0.149874004502653 0.187261087997359 -0.626627875330657
-0.046333826921555 0.449718137834839 0 0 0
-0.331163546616941 0.428903823885193 0.360982765742329 0 -0.21253030084833
-0.292661003559591 0.326510618513624 0.398463216256155 0.62139807680599 -0.528110660284974
-0.847219173039137 -0.0666252035217724 0.492834426856836 0.738745642079349 0
-0.946501715610589 -0.23506889791056 0.446961232338776 1.21497910330725 0
2.25300812625297 -1.05345088428643 0 0 1.36267402341241
1.82502951456318 -1.03649198235823 0 0 0.87679191688054
1.39797625481056 -0.997290206117405 0 0 0.445577234241654
0.975110019399235 -0.929730623976279 0 0 0.151189173618929
0.588611316238569 -0.714004021786578 0 0 -0.0153442528564427
0.279363928244726 -0.342392551833003 0 0 0
0.279962421392949 0.0239304190763499 0 0 -0.571719867286247
0.10403773681677 0.258568470147222 0 0 0
0.404246542770754 0.709988015835209 0.0675823507704221 0.139601082289555 -0.64627404544869
0.0517157730508952 0.856906216527762 0 -0.0377004023235792 -0.489304515787342
-0.143229589379566 0.961717433909699 0 0 -0.411521573278506
-0.358296632699904 0.671781303476755 -0.0104979006660233 0.522901758226053 -0.500461697354358
-0.395529605295037 0.243776464045532 -0.0956046499763275 0.872208775520348 -0.343334419648416
-0.444856847698547 -0.184305071737888 -0.158476916167252 1.25142351024727 -0.150884731452301
2.09302303504882 -1.18167864234018 0 0 1.37702104099171
1.61710286624374 -1.17312392699026 0 0 0.860483911504861
1.21065959972834 -1.25195411927497 0 -0.264041794974865 0.368146756391498
0.86506123759279 -1.097252276264 0 -0.230773732170748 0.0156133495960131
0.415074834717824 -0.734990833566718 0 -0.187641110413216 -0.250450450190759
-0.0182771163442005 -0.289462747120079 0 0 0
0.163500030696312 0.111955977013333 -0.0326235520488149 0 -0.821277183718078
0.10857350994669 0.408170228157336 0.231278344827711 -0.277747903436667 -0.830880287225613
0.0140088584665858 0.723101746156404 0.341791018342534 -0.299445881639236 -0.6620870349874
-0.14411425476233 0.922233279179305 0 0 -0.404885762149208
-0.181010108400716 1.01936408356576 0 0 -0.450889152075192
-0.272617507629147 0.938624588371376 0 0 -0.281341509517717
-0.362348394809356 0.376825837222436 -0.347772361596348 0.41985311650062 -0.180845344559866
-0.487116097268651 -0.284622776347267 -0.413959396052999 0.943910786572221 -0.0330274677035336
1.66081638037771 -1.27647501123863 0 0 1.05697428134035
1.35286095141737 -1.34288133858327 0 0 0.690508019367462
0.978011971693966 -1.36597538035643 0 0 0.297559047811931
0.516332021724876 -1.2599861654316 0 -0.219601895042101 -0.112660073958123
0.242835141582476 -0.93609403697243 0 0 0
0.260547932930503 -0.507765612037971 0.0268264830929136 -0.156843247716592 -0.452360338291392
-0.132691577040621 -0.325890954801674 0.276490459844304 -0.320534886938019 0
-0.0493838370169636 0.0865568166602422 0.360193127161921 -0.479624737569796 -0.655467342250319
0.230541278959081 0.509143450038523 0.488183164099592 -0.350601925891474 -0.778003355861533
0.188155204801293 0.83838503653869 0.341928775665536 -0.417737710588644 -0.610581786802843
-0.281618574045247 0.591281577645171 0 0 0
-0.45542614748794 0.746039212948477 0 0 0
-0.592674143226562 0.773100237997921 0 0 0
-0.735235704984108 0.661794002826221 0 0 0
1.274487919103 -1.36348912309674 0 0 0.694849773104707
1.00073002876664 -1.4143469045734 0 0 0.420343973177706
0.560693453949245 -1.42269927267768 0 0 0
0.497445030624989 -1.42101765818977 0.218846503216931 -0.187310671867994 -0.116868466784686
0.501951599767063 -1.21680399583694 0.203926664532782 -0.196693984586713 -0.406976663032669
0.384918087221831 -0.879788975318246 0.116781082573526 -0.232084306899912 -0.441955216117671
-0.019049733366092 -0.780891811037332 0.268140588369364 -0.295942050072596 0
-0.12023180635618 -0.244739705451565 0 0 0
0.076872541346319 0.0648994869411212 0.437237076216792 -0.566656485907662 -0.56857422840042
0.19125266980734 0.567605226181003 0.376161128987361 -0.621715995894074 -0.387778979401192
0.152417742075705 0.724052811419292 0.100888021764131 -0.544470162940382 -0.25856311072155
-0.018579748745549 0.470701841539517 -0.223245394397769 -0.290686477709318 -0.2104350240743
-0.15771325871084 0.195037406088959 -0.418031570310034 0.0376214017084032 -0.128207880735889
-0.250648174273621 -0.0762681822820972 -0.588955992764872 0.373652114373758 -0.0134670702139519
1.03518091323044 -1.29162283738934 0.0848239978826379 0.133476356980732 0.695320554863811
0.564651609008528 -1.42470220777904 0 0 0
0.388865240074326 -1.53919214964722 0 0 0
0.32619974018119 -1.556136247723 0.360213944947214 0 -0.242371946041545
0.496509411562993 -1.56258751981565 0.334911463902213 -0.294579114543948 -0.313620448148035
0.356015641857209 -1.43233832163268 0.327105370131622 -0.508166009416762 0
0.194926350582317 -1.23738322477134 0.265958827039854 -0.429949080460147 0
0.0179396540393682 -0.834530060962113 0 0 0
0.294630650844241 -0.332266535012026 0.268915734460796 0 -0.277782701716108
0.200511201625779 0.182643698816827 0.274575811846518 -0.597121376672718 -0.269772539846166
0.17850138483973 0.447961541982909 0.19248763365741 -0.855266510198058 -0.272592024300523
0.161286676074387 0.247549885738613 -0.116859214531205 -0.535444697932032 -0.177395760442083
0.034616184666706 -0.0267966819382643 -0.365084681078684 -0.144672997398135 -0.0829675162736708
-0.135764161333682 -0.27132451698464 -0.583256480322273 0.185800743738817 0.0269284476348055
0.552818577756906 -1.4546623263477 0 0 0
0.429763821913475 -1.49048376548335 0 0 0
0.340030226452392 -1.68070155825941 0 0 0
0.31171088678043 -1.77031297777954 0.344819467785042 0 -0.179061294570768
0.570714736175428 -1.72645701291388 0.414124493663145 -0.290569854084711 -0.295312442805996
0.566714355012088 -1.47029293543018 0.449917372404034 -0.533376091129086 -0.369284254992755
0.583941702830522 -1.40264220301715 0.306632053285613 -0.552214650016305 -0.325303082087695
0.596853738771491 -1.25344718509429 0.269247801531498 -0.311490665318252 -0.190082659594583
0.148348644216292 -0.954601754295917 0 0 0
0.132765092430236 -0.447636969025659 0 0 0
0.20691593382634 -0.0169607031088376 0.0649241302989756 -0.777536625530235 -0.318313024600363
0.219762883676175 -0.00687662352147481 -0.140144511731834 -0.762050398880582 -0.197230656762468
0.111101435534841 -0.170038356113228 -0.348038404335444 -0.425599509725792 -0.0573456626222028
-0.0192658837321314 -0.373949475884329 -0.530218343832771 -0.0609314184098914 0.0775379598926404
0.503490175196422 -1.52037091567083 0 0 0
0.431250232505448 -1.64281198645804 0 0 0
0.246335340281236 -1.83278663230014 0.263798642698211 0 0
0.359631715963379 -1.87231786737862 0.32297298899712 0 0
0.729303517216299 -1.69441915942809 0.409388911558909 -0.200027894111647 -0.32905883406296
0.780950693051125 -1.43961624158131 0.509384541866054 -0.494718517958129 -0.393844285338709
0.751121264405058 -1.55457053591545 0.300408052400959 -0.597993792118801 -0.0586542547139579
0.738580833749047 -1.47222927859558 0.26461573037709 -0.500432466910918 0.00636388600592575
0.336773066213953 -1.4725881433178 0 0 0
0.300138725725399 -1.08237669872407 0 0 0
0.355725583035542 -0.565529965300352 0 0 0
0.169834131441319 -0.348992063424816 -0.171192524752507 -0.819756631750717 -0.207743951162226
0.122512216209577 -0.346097393695556 -0.329890661520678 -0.622556042676811 -0.038541723899145
-0.0162869121495951 -0.436746329274985 -0.501420370968037 -0.310743990753546 0.129207530504949
0.31964260998987 -1.68257305876975 0.13732886872103 0 0
0.551490654671344 -1.76193401013443 0 0 0
0.351040550927742 -1.89032451950785 0.278831823825804 0 0
0.694146898769854 -1.73546092035432 0.190744516095949 0.114822544240716 -0.221496316784113
0.876919116111209 -1.52091676615161 0.356560712352341 -0.0803581411782398 -0.382745595098207
0.884139197541686 -1.43004194761699 0.513707021065345 -0.441604349181734 0
0.909288656999324 -1.56722727570662 0.291361686562661 -0.470006757803043 0.145801134537659
0.572086847512841 -1.82854970716841 0.274692703040339 0 0.260233000609864
0.481079042947321 -1.65577268025747 0 0 0
0.421481528869545 -1.58370731331816 0 0 0
0.405674569341842 -1.21189349009926 0 0 0
0.110775222984386 -0.84433795359904 -0.270556597747575 -0.780746214181256 -0.198072172306175
0.0431511759236632 -0.538113976309307 -0.278086352119195 -0.757300335978901 -0.0128719847321125
-0.130541678733349 -0.459987386291822 -0.387332096695358 -0.546362739103624 0.151472931239443
0.367212725261477 -1.8103659995347 0.165584740607116 0 0
0.743692600075014 -1.73603774035178 0 0 0
0.681148470148274 -1.7085795429147 0.0626441583497249 0.29311950488064 -0.151261023149652
0.83891448457311 -1.62067159260567 0.203518438536727 0.233484913954291 -0.306317451316419
1.00949489880537 -1.45335192854856 0.216588740055381 0.13307828118104 -0.389829060047683
0.990316385832227 -1.5370629726109 0.24971299598451 -0.0796062479935553 -0.0231741631496682
0.764889001307384 -1.77180253220447 0.267786533844512 -0.327344395417849 0.21931342595903
0.470893518920038 -1.86729696876224 0.140010788926314 -0.480491562001943 0.35058020072979
0.566811980660496 -1.75163811832763 0 0 0
0.495745191587617 -1.84954141039361 0 0 0
0.467030043524117 -1.67921403085704 0 0 0
0.427891029257436 -1.05060311002713 0 0 0
-0.0860931019973639 -0.88299453662246 -0.365132360203318 -0.756241216787206 0.00349709186515409
-0.314502658335507 -0.540147833931989 -0.382055900811219 -0.722997730698148 0.167021663085003
