"(Intercept)" "X1" "X2" "X3" "X4"
0.254348324722777 -2.76815206641481 0 0 0
0.179128902602874 -2.52964431139195 0 0 0
0.135387374016542 -2.28597964554747 0 0 0
0.28269977893218 -2.05679561691175 0.508093646765592 -0.25451514489608 0.159745883308058
0.174624200428457 -1.7326451447044 0.531693351368584 -0.416162669054685 0.126439638554624
0.540025290921708 -1.43810373245038 0.432555843701127 -0.182512000327819 0.124311237948116
0.113773470701282 -1.21936662431178 0.513526881291949 -0.470451687681904 0.15875267747251
-0.366514760410689 -1.42701963612789 0.83838303935905 0.0513842420200776 0.480707006593703
-0.802268896586413 -1.48385194168537 1.27454696255381 0.597990359888152 0.802067233292264
-1.01165072479997 -1.46691895832353 1.68774292561521 0.985761557469963 1.04448668298361
-1.05401556259898 -1.59100620453526 2.29064979574317 1.47205007443237 1.3377115621012
-1.09139400302327 -1.5663851141665 2.81764624040157 1.73713219634385 1.6212560753367
-1.2294199857451 -1.64045944304829 3.1409219227221 1.94351474105131 1.8445084406431
-1.44087713260074 -1.83546380315629 3.32749219683502 2.03263397291346 1.99185260442688
0.612797257857272 -3.06901031353436 0 0.303414082429718 0.773149120019396
0.417215624293948 -2.28478844837879 0 0 0
0.377404436952799 -2.00193177306722 0 0 0
0.435244951516086 -1.70841429231556 0.273908022825738 -0.012202129383241 -0.044084316905472
0.248460954309352 -1.34730281168786 0.236842757905729 -0.256651865571335 -0.0944871140003531
0.292528486565708 -1.01193458409943 0.22027390851395 -0.25880565708321 -0.150569852338464
-0.0521204862184182 -0.609485487584005 0.280765992614266 -0.451797958564129 -0.368009726695824
-0.342019075393854 -0.499507385459225 0.348264006747128 -0.218090485330744 -0.463710741602782
-0.492933350898999 -0.715259337275584 0.56588322995809 0.32659548745001 0.0533295522381827
-0.447048939100272 -1.06627885890818 0.986721489906963 0.982095997832762 0.526594168509333
-0.664166625031027 -0.942761408722964 1.6108768025018 1.1861321073577 0.715896803262584
-0.849301122954783 -0.952926275343694 2.10670859333025 1.40884388567714 1.00659479120987
-1.09330921001344 -1.11723420093117 2.28930313527306 1.52632697490337 1.41490896711023
-1.20046353687637 -1.48125227040717 2.32656145164331 1.53623563078556 1.51693726988675
0.574402208271427 -3.02034220967243 0 0.281809750760135 0.620994602796795
0.63860833466038 -2.48083953620174 0 0.244824662852283 0.416056019811286
0.542422087330405 -1.92377790051233 0 0 0.0938076334295266
0.850584367888214 -1.36342047533287 0 0.277783137861121 -0.0502331030508854
0.304635213367734 -1.02351363533938 -0.0357221881725636 -0.0784625441782616 -0.387911925098079
0.190331631839993 -0.6624457648814 0.00356599912285281 -0.154659447006966 -0.429845577609058
-0.0220096519311912 -0.22473763630146 0.0597377800064384 -0.0569690767979701 -0.743525323080491
-0.00618918088909468 0.184227460389143 -0.0198148596697945 0.00459515491687979 -1.08190331874564
-0.287638219020858 0.282735067668561 0.0822195420433398 0.146804008822403 -0.950474113599089
0.0221780354349873 -0.310783627925042 0.339197284198248 0.702325797202524 -0.19039911281094
-0.275335144292826 -0.332031734478485 0.930963632362397 0.947093103498403 0.0513230341891291
-0.587816601509973 -0.354604932561294 1.35842968984687 1.04717802852601 0.366532928328538
-0.879085263132651 -0.595651422977456 1.30943998918889 0.863436502445293 0.55364250472709
-0.971588251584889 -1.20318057777406 1.24858577224431 0.897514831719835 0.732102835417576
0.654252995879874 -2.82859315887291 0 0.173980313363395 0.494800972163174
0.547354275357235 -2.37534757991568 0 0 0.143367048951466
0.548635333283485 -1.85393233035806 0 0 -0.0151514298132356
0.886546941934731 -1.2424058078607 0 0.355130580225515 -0.202232057029767
0.448236676867491 -0.827956935122351 -0.32724031379689 0.201512788881115 -0.703550736814236
0.24524647202815 -0.339003580683526 -0.261846998726732 0.2936640867189 -0.871585170719957
0.297081823043232 0.093232539314981 -0.23780235673434 0.563020556947752 -1.07534124305189
0.274351852615725 0.484103397991217 -0.201019127197458 0.542186584222777 -1.22642344618889
0.152340778719021 0.843064512618206 -0.234105968339849 0.367337045999445 -1.29354265592492
0.196617704157773 1.08128005913676 -0.164266758793761 0.408776286715906 -1.36856436527293
0.11392682591081 0.549580792065648 0.199979451259333 0.56424164744121 -0.702201926648284
-0.685557721944247 0.370083468954149 0.703668039204294 0.565346094464691 -0.0955654392782698
-1.23997957248894 -0.140481453028501 0.46010571232667 0 0
-1.44867402696523 -1.01172669959361 0.330101949100872 0 -0.24585799515838
0.787336324076975 -2.65370730394337 0 0 0.504482408222224
0.77635159014474 -2.16287842278269 0 0 0.243015886743157
0.698013798647361 -1.6566388501753 0 0 -0.0770531228175828
0.693328571670308 -1.16934534357695 0 0.321322528779465 -0.427776290435073
0.778275876635993 -0.687101126686064 -0.435150963828416 0.547416997725882 -0.723589010681989
0.405681634187103 -0.0264723154643263 -0.528145615626447 0.75703042895661 -1.23968162590772
0.500419794093502 0.399240630709348 -0.448261789104063 1.02154830489745 -1.29117537188019
0.507017945464602 0.78498807508782 -0.35061999789644 1.00893439189028 -1.12210176965172
0.498389552050775 1.03311207219048 -0.330899257970314 0.523860398176975 -1.12650248186126
0.274466580690044 1.42334048606346 -0.227620746907005 0.397267264183993 -1.27986334887532
0.230124379092297 1.51327374859665 -0.198197421895878 0.406110176663469 -1.16445944445301
0.185919611047627 1.5389950590139 -0.357394126084275 0.223331018902833 -0.798106667914987
-0.857695623254042 0.289659340733287 -0.00714585387620614 0 0
-1.32240677756378 -0.78531456180365 -0.158532348987598 0.40765849654989 0.234848431793264
0.897356692122249 -2.23378129471137 0 0 0.433203326423619
0.89226903153834 -1.85917099744496 0 0.325153908471283 0.306042169758307
0.96733351085848 -1.34951491456365 0 0.389007645170158 -0.0752817248834221
0.885182408410324 -1.06735334160063 0 0.431342788237203 -0.526849096426467
0.482610048876998 -0.673871254022846 0 0.315689268757661 -1.01172909455321
0.192643921831072 0.143607366262328 -0.159024813062912 0.541762524913723 -1.50727375062872
0.183065979857065 0.65211411876899 -0.124022733562008 0.662714605951482 -1.53379020512833
0.566067878338455 0.961821730234829 -0.226819191158373 0.999944293145062 -1.25252581237525
0.583510814287612 1.23216446762365 -0.311071889466679 0.642554775735829 -0.974643636358852
0.308755741349291 1.64073653799554 0 0.313413341462836 -0.951843432706232
0.296737216159229 1.62298940005598 -0.27038993532975 0 -0.888145614313834
0.158926706709091 1.66632046858485 -0.0802363356463743 0.224633262600925 -0.699021468467645
-0.0627003497279637 1.15483156147921 -0.459473753759076 0.185544335130691 -0.451801730384861
-0.268159684578636 0.421131752557341 -1.16645708687276 0.324792657280025 -0.387275325928533
1.18063631387179 -1.602282778273 0 0 0.611069019745649
1.13593886482919 -1.53723133751446 0 0.160760210432755 0.341267806520052
1.11528051149899 -1.24643303792324 0 0.18311352417726 -0.142690245177625
0.879839798293987 -1.03508412973363 0 0.285518325386196 -0.642893261479953
0.617646809958283 -0.778872570515782 0 0.264196427380629 -1.21697771864972
0.371985385238758 -0.194683940455345 0 0.291467676124891 -1.4380832499585
0.449024009859344 0.858236037746 0.00428587838480801 0.854160863123245 -1.41324318437856
0.522155031955614 1.2565869600767 0.234787116978414 0.978120947291822 -1.23429858071132
0.528411854111804 1.40639437534287 -0.0912057439004418 0.675076689357546 -1.19955657897515
0.514645387154785 1.84622415467065 -0.248966358046258 0.485285604190922 -0.587682086068635
0.291016307896069 1.82665280710195 -0.310464435947295 0.100807503369073 -0.56592397621633
0.18907270019309 1.6522765503885 -0.251600848972028 0 -0.425371854894788
-0.0863768354562062 1.46274218948168 -0.298702550676655 -0.0508244963352324 -0.18128471052496
-0.226387160640535 0.711234730484784 -1.09732636074202 0.315270222602492 -0.291374573009647
1.25232197100875 -1.64748892295998 0.21426673906282 0 0.844805559415368
1.04645808663443 -1.4882414962306 0 0 0.297286284064425
0.780045628494872 -1.50016607711492 0 0 -0.208391193386826
0.731002309485989 -1.26957036132278 0 0.208707299607539 -0.725312940587392
0.861654322855037 -1.01059404812182 0 0.129449420555045 -1.41748173850351
0.822824946189885 -0.556373499854179 0 0.208414827544096 -1.28935595080648
1.32268826676316 0.434378753560451 0.0325323282493198 0.974511651669861 -1.30089517335201
0.989602148363653 0.841607216682027 0.250457668640368 0.882017223356461 -1.22149318132054
0.267129281389115 1.06119673839869 0 0.430658204676018 -0.947585187632545
0.227029946783516 1.43240262633688 -0.130511971119569 0.129774210492777 -0.426718974288356
-0.200323195589784 1.57960266561234 0 -0.0646632063288329 0
-0.284595466166388 1.24557846804833 -0.525896952782129 0 0
-0.0996999439198336 0.882352438402194 -0.758420970326706 0 -0.25675205289676
-0.0866217303886265 0.471627215267406 -0.934110091766436 0 -0.24582697721566
1.20212272913286 -1.25525685523319 0.287672589371267 0 0.854130206706363
1.07855585946864 -1.26692683429595 0.250721847753564 0 0.456981724544761
0.755837369563417 -1.26076386415205 0.391169968364704 0.388465932898482 0.109424913072998
0.602998207807005 -1.64888824332314 0.150229207671672 0.157822734236615 -0.767888533025284
0.782461134593968 -1.62467805800558 0 -0.142804963187766 -1.21155929260021
0.94532736897309 -1.14656536043134 0 -0.0868723103118338 -1.00001070600075
0.860930294532485 -0.532744942913272 0 0.277143240877826 -1.07723538925565
0.349057438106561 -0.354287228983053 0.165650646272133 0 -0.771311936195561
0.319187464108514 0.277275109636177 0.200495401409913 0.236352395214077 -0.780359544316721
0.276127264132094 0.85943713084117 0.15062356636157 0 -0.369579875500472
-0.0484988426641706 1.07792998407229 -0.396378580114604 0 -0.260080639802067
-0.16400319230127 0.586701770887165 -0.311942745739778 -0.0159506582865092 -0.202599520094262
-0.127922193598495 -0.0451721613254827 -0.798067817766565 0.35271845867762 -0.359552471309947
-0.0985040546525192 -0.551998181658729 -1.11210504962295 0.609392162179031 -0.405241130440607
0.986651719365912 -1.2537477235891 0.271204103551746 0 0.668384720192693
0.690832101022719 -1.21723014648431 0.500930379087967 0.258638520605259 0.540903677966566
0.598823273351712 -1.36921108467097 0.332005551208171 0.198877662607194 0.0659947768028777
0.563155486093555 -1.73914975432332 0 -0.0758015473607563 -0.539316649748554
0.98153700400032 -2.11865040615834 0 -0.290559272560744 -1.05251302479908
1.09545464127815 -1.75785960303344 0 -0.256009725699811 -1.01627842149325
1.00858093426651 -1.16785822622182 0 0.0317586964724537 -0.890189647916396
0.544981452395496 -1.01781200532011 0.224319789936891 0 -0.880889915448288
0.622653590898958 -0.370802031405192 0.285438950876405 0 -0.612964083170668
0.762457245749634 0.305182529450262 0.169968207487251 0 -0.456985055273325
0.569984555133254 0.513988596158513 -0.349600724524105 0.26242562176114 -0.339271874848849
0.126917440058096 0.23393531696446 -0.684192410693226 0.340913459869783 -0.303432317341081
-0.143823245424833 -0.300647750960884 -0.674024974446954 0.349819680630017 -0.287104691022756
-0.0140047034582378 -1.07839297394846 -1.15457708568663 0.805029518485537 -0.433638435387805
0.578067493282246 -1.49574219810678 0 0 0.208470466505631
0.514523499945889 -1.31876530122902 0.524335472482616 0.150415197033838 0.592384972763455
0.576119040442859 -1.48436749579056 0 -0.112189954443326 -0.0949070343482177
0.742963198246534 -2.06910100040563 0.153019496554322 -0.14934685402024 -0.44515807095965
0.530136068725113 -2.14172891777806 0 0 -0.742593926954911
1.6177887446891 -2.35325979699196 -0.0221236262379874 -0.239149491041748 -0.802173445132721
1.52666597979933 -1.93064883493102 0.0888577324039729 -0.0361415806944778 -0.642210007124224
0.952378925234475 -1.5754731466219 0.100496586593835 0 -0.898154257940357
0.83933725294892 -1.0131184641533 0.16226366440518 0 -0.875526278487045
0.790185685810919 -0.324755332804988 0.0657569038639384 0 -0.598229683547153
0.588911241569816 -0.209239662914427 -0.368512761270261 0.251948959942093 -0.463207201787999
0.269211825273628 -0.083106001576268 -0.74966996852211 0.489635339569422 -0.110888121080367
0.255084112519585 -0.519561238372969 -0.941655994423281 1.01802154525927 0.0872573994358215
0.259825518386245 -1.17934252982553 -1.20843663303391 1.38039151951845 -0.119918205808183
0.463051421339195 -1.34484608509234 0.731075365270898 0.0244244965915229 1.00970525452095
0.578499187409383 -1.57557805872259 0.501553974783493 -0.176385967170102 0.559643411327789
0.780228040877557 -1.85581212687396 0.109341619857699 -0.225816391907467 0.0200378787616633
0.862001400729578 -2.30021711291304 0.0377580919783114 -0.0175712862000503 -0.277224054369569
0.752412903681278 -2.35101292378353 0.243760785366303 0 -0.478561953077829
0.716525217570512 -2.23817304694091 0 0 -0.655162539983417
1.54541385251909 -2.48226858871102 -0.054336789694314 -0.215333891223664 -0.52803919288702
1.32216892117515 -2.00560559023588 0.0117279016792562 -0.194146262197021 -0.686014901084156
1.08883559088893 -1.64516182735897 -0.0722829057560553 0 -0.757343514317957
0.675989253447569 -1.05338262698396 0.0133267927776646 -0.0384977997193088 -1.01358989716867
0.455653252925329 -0.907326495203044 -0.437069771664125 0.131666104955291 -0.591848884763953
0.373040483089936 -0.963726727920283 -0.816659863200758 0.510480344190348 -0.278974893545182
0.479283110227568 -1.05847871387485 -1.08311057408245 1.28183680916202 0.153278793381789
0.642543127652847 -1.33928000568563 -1.12577052824502 2.14981816747213 0.347403939278461
0.414359995479806 -1.70873339494628 0.894724380683213 -0.278903080238765 1.13246818656072
0.765833403766417 -1.75014408730202 0.207558214596892 -0.442948261740756 0.493405216232366
0.705083681674207 -2.17681661127062 0.273797153870364 0 0.145083120473401
0.806575158789366 -2.34035646100603 0.168209694922719 0 -0.0300161554196032
0.843052877845712 -2.34815240009288 0.135523266777814 0 -0.152769891932499
0.794497557246983 -2.30674205658433 0.10908733492901 0 -0.216970523984158
0.933360588793399 -2.43565494260314 -0.0473735626349264 0 -0.291321470643267
1.46847411140637 -2.3061087383609 -0.272714990612062 -0.23298018967908 0
1.2159776357027 -2.11177143310887 -0.257353625803674 -0.0829673719210089 -0.704468234602013
0.72570477604088 -1.72957603451167 -0.432608672008751 0 -0.603585211676244
0.327271978738087 -1.54917183594925 -0.524106136498069 -0.127800039783554 -0.671968780241021
0.33262920517044 -1.66266536935559 -0.867465079904813 0.410106481434675 -0.385333209896549
0.281547910025938 -1.74968753290047 -1.24411559926307 0.874573207741475 -0.0679007639568355
0.662336561225916 -2.11080839385734 -1.46624465437893 1.77710263776219 0.0949956256732099
0.669366716421478 -1.85210659794545 0 0 0.328026195747457
0.796152126106854 -2.01011801442131 0 0 0.263046099322799
0.75287127159258 -2.29618289160799 0.205252866424083 0 0.265273795323728
0.76435610233293 -2.21699437275286 0.128961141343307 0 0.0807888977204109
0.767076080492523 -2.29518938811064 0.0856773775981951 0 0.199272144698402
0.783657856943132 -2.25237406423247 -0.0368683567268766 0 0.237567121111508
0.905191314729283 -2.15897637014737 -0.247995718663258 0 0.200526790289487
1.43945552362091 -2.42237456389214 -0.577326970328137 0.12663225404527 0.102312593823107
1.38763094295667 -2.61055288436147 -0.523311552802567 -0.0108334807831339 -0.563881221162922
0.836903512915853 -2.25686883282609 -0.632259123417113 0 -0.514262149617426
0.55579105396441 -2.04801221515046 -0.901205046591003 0 -0.176247913397946
0.255763175800499 -2.0929440283932 -1.05481804426654 0.131495385307767 -0.140590702562784
0.114958715609303 -2.220689309084 -1.3220790743778 0.546622462235354 -0.0198086366741812
0.733287538696755 -2.79725135872917 -1.54120896261495 1.62638301765189 -0.0684480573221939
