"(Intercept)" "X1" "X2" "X3" "X4"
1.12572345366579 -3.83702601463 0.391882682584171 0.662752213934929 0.457622314275186
1.04180575983487 -3.36838377366682 0.465668723652021 0.582281137178498 0.331207028104673
1.01068342790585 -2.85739380816995 0.570226004069326 0.460856544426921 0.247836106749389
0.870158743887183 -2.48644998849443 0.642501196189124 0.221931772061689 0.319505727130986
0.890219600849951 -1.95821230019188 0.680547984088261 0.177862661098601 0.306088162959498
0.396466465735006 -1.63921887064695 0.751364199442501 -0.119586283272401 0.258137647865156
-0.195357001792408 -1.52807127819336 0.955956676986995 -0.232324213811431 0.348690838914337
-0.523659523286658 -1.51271808116231 1.08457354067231 -0.193896179912267 0.310075754526467
-0.87829931721003 -1.45719649071057 1.19749681565904 -0.306304056295578 0.355435212892672
-1.36566005371816 -1.41332242032181 1.49388178411459 -0.428923919850349 0.401238879215008
-1.67985200409672 -1.38556361175315 1.71107490151334 -0.418734813326994 0.278478087643921
-1.81340721145973 -1.43350128094614 1.86006228208984 -0.356930331293156 0.13095923158556
-1.62638918942506 -1.30473780950386 1.37858584144422 0 -0.27503689655161
-1.97283362571839 -1.60257602870555 1.5028434145489 0 0
0.919206091178804 -3.70386812824263 0.157662161929341 0.623295685538713 0.319097969287695
0.894789675254166 -3.17181930606212 0.197882391282872 0.550389330255113 0.200030243192877
0.916357358261003 -2.59322830606851 0.269540597845807 0.455509304652806 0.0878835847410475
0.825884816651118 -2.12573927047395 0.311327739557635 0.286813632425866 0.0254428258400425
0.814211400575243 -1.57792370311112 0.342752771456433 0.263599020309912 -0.0414125629451824
0.568808221219468 -1.02424001914819 0.387565080096847 0.138616377823508 -0.121453181533099
0.101001089645999 -0.838423457622009 0.546041290491517 -0.0711321303402889 -0.15599726090435
-0.214781812243681 -0.899687553166382 0.629150831847613 0.0606929602155276 -0.0167372551538726
-0.643349118681259 -0.827159797749553 0.815481416590434 -0.0841555851855953 0.0448268145329148
-1.01992078554011 -0.806445058641371 1.06212258148811 -0.190593361750609 0.0384408591630705
-1.2379574516776 -0.834797486844229 1.2573786723777 -0.181454846663113 -0.0773023918040156
-1.36661087747222 -0.90711518009266 1.41023389398898 -0.112007901610811 -0.178310937097204
-1.38300733666823 -0.928357063474771 1.16214697364539 0 -0.326186735703066
-1.7499542333409 -1.28306656752214 1.26668813418135 0 0
0.80744963850407 -3.53634013371788 -0.0777081627654277 0.577379054542801 0.246420776868406
0.75504750732774 -2.98800528264956 -0.0182775552891082 0.497016661088851 0.0791421797446546
0.827225516565538 -2.35951353584323 0.0321801839508071 0.432262404290632 -0.0568934659244118
0.929701027404532 -1.70935031355007 0.0317670373545196 0.381775257943872 -0.172144742436423
0.863942453047199 -1.20120625138151 -0.0330685207896023 0.398888656830676 -0.291738494611426
0.630656094874416 -0.663911491582466 0.0188804853011074 0.383796008390938 -0.446914380651091
0.357589678251065 -0.346840556010254 0.162331882458954 0.231650149733155 -0.522072473324694
0.103047086832012 -0.292814748065496 0.186858813195747 0.32063500857904 -0.470850750848808
-0.338216527404723 -0.216024009603019 0.413584269337804 0.192243330390468 -0.354476851768708
-0.638935299005261 -0.228430464174664 0.625798335004733 0.0923891560521547 -0.378761031691964
-0.80966729731573 -0.302273366559414 0.809653261056751 0.0916628018024677 -0.449813482925169
-0.943696447425591 -0.315062170916449 0.796290958138904 0 -0.458797765610715
-1.11913492028698 -0.513411541842601 0.9509898605033 0 -0.417587366087417
-1.21571506317764 -0.780686887070519 1.03468097056684 0 -0.36342428271268
0.906533853524616 -3.27343170730799 -0.252868046632371 0.494291270046201 0.222043691382697
0.800620514641692 -2.72904438867173 -0.175052465889773 0.4359283360512 0.0611140608226435
0.909973510229498 -2.05037079253275 -0.128009338317118 0.400461942410194 -0.094722951979948
1.03237030959669 -1.37556178126874 -0.1516344200995 0.448136850589273 -0.273821816309825
0.94496236578354 -0.834804031510801 -0.26866290396932 0.514150970457704 -0.508768118940724
0.797017808394704 -0.356564122726072 -0.351995058432624 0.671086990984784 -0.703537674620636
0.569941943374088 0.0229944113457439 -0.222501506770953 0.590707737068639 -0.860953274645535
0.435701603199145 0.176008338131423 -0.120255923022937 0.501736401693798 -0.867071900716229
0.133828313506987 0.294006535229244 0.0458488033557451 0.483838170129958 -0.837424509247713
-0.210372191389906 0.258910851045348 0.256422996673379 0.402463008227591 -0.794592720812422
-0.617655532200687 0.332019327811838 0.462227799604743 0 -0.68585564937515
-0.785629913729669 0.176975374134276 0.613361761439185 0 -0.599548511503488
-0.900111424721661 -0.0818193122440367 0.681672447134017 0 -0.405304450599321
-0.968817066719296 -0.498001469506605 0.701673668382625 0 -0.108642578488073
1.32919901195044 -2.84737806685317 -0.33012673271217 0.282024703732131 0.374880398264074
1.20008039015455 -2.31667669194014 -0.237193063114117 0.312860014417186 0.147244313990096
1.11518910533926 -1.72686503516518 -0.206402886941867 0.376982118157229 -0.0862420724725337
1.04182746693561 -1.12822876336058 -0.243364844270662 0.426802111209343 -0.334955939700235
0.883101597669128 -0.621309029253049 -0.355835404792327 0.484997236251358 -0.546865954871088
0.778127905864728 -0.163570812167553 -0.451780505787741 0.625179111900882 -0.77856846107051
0.640377059594169 0.272513150033936 -0.376383065068912 0.598142130995801 -1.04619156696213
0.512505011443946 0.486844327772146 -0.288702024635838 0.420715019634549 -1.09268850613014
0.305974947997214 0.62390194212131 -0.219342641902238 0.561040184969498 -1.18241095180832
-0.281294750864334 0.904773807071878 0.0678927299324764 0 -1.05818859960355
-0.549905134498051 0.85020459120354 0.298072493398696 0 -0.894254351196301
-0.615858214970485 0.616324663432913 0.400531563204083 0 -0.669946052913154
-0.660680482238719 0.229376369141512 0.45571874103183 0 -0.369025809405887
-0.761982294232526 -0.314381573334151 0.460383926322016 0 -0.0914136951080344
2.00191379863596 -2.4860829694279 -0.360542506318965 -0.117800106980428 0.719822189849284
1.83810499425105 -1.98285158349517 -0.246495578715705 0.000842807188955701 0.349636855176248
1.58331378907554 -1.50571291806328 -0.186390221264592 0.180662135759565 -0.0354881541191563
1.19066012909106 -1.08612702613088 -0.193541616240878 0.273121167445906 -0.423000456741249
0.759207725835042 -0.637030977615115 -0.185938925752968 0.281457608309219 -0.749039219100648
0.343304614782839 -0.221093474897367 0 0 -0.965306170374183
0.236760925899665 0.324749470013749 0 0 -1.2041105753063
0.44675321269563 0.629352247188149 -0.351644894588251 0.430398143837898 -1.46936365549147
0.401801316926694 0.768860204533973 -0.323312408158665 0.524705166320002 -1.53285870687462
-0.0931996603189227 1.07158082958478 -0.247600556606508 0.395503453060167 -1.49637285283337
-0.204010390255904 1.05740236442295 0 0 -1.03335346705136
-0.376623387795523 0.719633062040185 0.130583086868574 0.334554600910523 -0.724119204086771
-0.435614150008835 0.226527332509971 0.231596830700779 0.158360362807646 -0.341148173363903
-0.54922700773508 -0.335893958969607 0.338050379006992 -0.108055381435199 0.0526860256182046
1.95354720077371 -2.18893324119717 0 0.0447830619356327 1.09543813892785
2.25586496840246 -1.97523255675652 -0.281615295388538 -0.275480377923275 0.606286301435946
1.82036246546043 -1.53573726331108 -0.264309390092446 -0.0602802939503468 -0.022735103058577
1.34234230236353 -1.17181639159591 -0.239701185779212 0.106687622250922 -0.535698596811343
0.717183095008744 -0.73564664966113 -0.230437521911117 0.159047405822339 -0.917049119302822
0.0841465772920826 -0.301355844910631 0 0 -1.15792659572874
-0.00685029540312692 0.185589787253389 0 0 -1.28324363602212
0.0544676274064748 0.462344800004239 0 0 -1.15807648396703
0.19395875405754 0.637941770058702 0 0 -1.19902720811928
0.0179682504863917 0.849301524121397 -0.227400614790952 0 -1.26929849510405
-0.151239197305346 0.990283547867394 -0.331137219788914 0.354940984906281 -1.21157350503776
-0.0924448527675996 0.847636351663077 0 0 -0.766306623868797
0.0105847693196401 0.522311160859296 0 0.278868964584745 -0.49814102854787
-0.0547776130644857 -0.17067399270274 0 0.323367457331217 -0.321549176048123
2.13631829612059 -2.19099773362529 0 -0.385669989011126 1.22663764858939
2.02858461820369 -2.01946572273499 0 -0.211733677040502 0.768098020423033
1.73775962519857 -1.79074914993334 0 -0.0698214766199034 0.226436306679843
1.2744043702479 -1.44561569020231 0 0.0742839921938521 -0.388413796581523
0.646942467468419 -1.12825539295248 0 0.0676512412516906 -0.83198554731308
0.326886311918264 -0.84822896124725 0 0 -0.982679348459977
0.218384931198324 -0.390723989349933 0 0 -1.13567552791477
0.154214478253985 0.0432002690977509 0 0 -1.28175892792947
0.12605385362272 0.338410754966095 0 0 -1.16136734346162
0.234738051780523 0.49882145662849 0 0 -1.0474815203754
0.140958290066343 0.646899089377484 0 0 -0.869575706274591
-0.000123653501579567 0.724093732495053 -0.257741767928744 0 -0.736042318052325
0.0773582923229087 0.40064892821074 0 0 -0.560397331076954
0.140806863938098 -0.234257105139622 0 0.286198433011769 -0.355386390559759
1.83494519078652 -1.9827776703775 0 -0.358461803746123 1.03307785625983
1.63755756257802 -1.88590467136865 0 -0.164691001731096 0.587609542008388
1.28704062309087 -1.75111513984132 0 -0.0141022219352305 0.095861723332001
0.994364068979735 -1.63067227694815 0 0.0996974275099073 -0.336101311034405
0.873564229557411 -1.49243398038899 0 -0.00650350254393403 -0.733091020864056
0.632485787537148 -1.2265608583917 0 -0.152722323884346 -0.866082732262603
0.396632767975071 -0.900825209584409 0 -0.13265089660532 -0.917972327210839
0.340696465027858 -0.532457567317323 0 0 -0.996456033885051
0.285782126816092 -0.147689857022351 0 0 -1.00636203150644
0.321213529665493 0.23196417790209 0 0 -0.898859617607259
0.340296658079963 0.373164708841901 0 0 -0.702590976277284
0.187196873158132 0.319708694533327 0 0 -0.582031703251973
0.222274313218135 0.164073240057225 0 0 -0.592970710160345
0.308965013614352 -0.303123307884408 0 0.27694244790006 -0.435739913632118
1.54953676755355 -1.89625787094862 0 -0.302529797858858 0.856698307805033
0.922265203630594 -1.77420647892751 0 0 0.162923472435601
0.776169476670786 -1.7673692891845 0 0.092491627863901 -0.0968046366425938
0.65203227140259 -1.85187703255157 0 0 -0.416338474156598
0.745931117321113 -1.8383433619659 0 0 -0.532372754649033
0.812304998449831 -1.68014855907324 0 -0.250371737549286 -0.745561120012476
0.727339159204103 -1.37121075945371 0 -0.151482444518848 -0.858733881056432
0.541785662656069 -1.02562185050825 0 -0.0295166806197677 -0.895031680615518
0.468168630171562 -0.628852439940309 0 0 -0.741239434701204
0.603644185671234 -0.209920570999323 0 0 -0.657004273724536
0.597344524952504 -0.0140417207267827 0 0 -0.521870893887075
0.629199670170745 -0.200944667455505 -0.523166049844798 0.453440637493227 -0.488218305976238
0.563956047725141 -0.413461828029549 -0.71261054511946 0.699355652985884 -0.428545731881377
0.546321142593178 -0.650115786236926 -0.771802050166198 0.909855497412136 -0.264219936758861
1.11971438940057 -1.79246295939201 0 0 0.494042506515053
0.699974429717998 -1.82035022103174 0 0 0.0688036011807845
0.603118290662025 -1.9313282759027 0 0 -0.106561620790726
0.688837009043256 -2.03021275712715 0 0 -0.284997577381292
0.903243454565037 -2.00107908598066 0 0 -0.400618217577135
0.973415487310573 -2.01162719842315 0 0 -0.524505086496584
0.934688442868909 -1.83327165951088 0 -0.211871902784237 -0.791320792936238
0.817791021692917 -1.45003079759904 0 -0.076538338739385 -0.843151388693346
0.729464289902669 -1.04116827482794 0 0 -0.746245551151208
0.771261246927943 -0.690449817612088 0 0 -0.552501668055151
0.849901563094266 -0.610579350669222 -0.370508831503325 0.238712706836612 -0.461133347751557
0.91064459301142 -0.920209741392141 -0.62904696633229 0.521849762331752 -0.350957784988206
0.908949539700342 -1.17832296389872 -0.819173327040458 0.803168555512161 -0.33754492276922
0.736110233639766 -1.24895355753239 -0.936525595291096 0.958932380443455 -0.239545023380408
0.982341589989819 -1.77971238375624 0 0 0.430916895873167
0.650832112680452 -1.86709356758871 0 0 0.0498241551461792
0.727901132213046 -1.99686334283964 0 0 -0.0324315599961466
0.832764857629267 -2.09695625558207 0 0 -0.168673987682434
1.01273385060948 -2.16398014810068 0 0 -0.266008626065764
1.13984637595295 -2.14680260624905 0 0 -0.420864082745233
1.01925385184801 -2.12001955358158 0 0 -0.578111959141203
0.915975699345948 -1.81033965118334 0 0 -0.720503356152806
0.815583459373082 -1.41442652785305 0 0 -0.636934923722121
0.917132968374005 -1.1394279029877 0 0 -0.384407643356929
0.914570527053615 -1.21199483833662 -0.392480068800154 0.231300197038981 -0.486056285879747
1.05862154112701 -1.49022969563294 -0.622942437976561 0.538494788131957 -0.42533611056933
1.20971292026633 -1.88249672984012 -0.876097340973754 0.87675953233189 -0.37773044703339
1.14152723928828 -2.01063781768502 -1.07269976541623 1.09636642397809 -0.244980252147332
0.849242163289302 -1.84139248048721 0 0 0.354739319446354
0.775974604410386 -1.93576963635104 0 0 0.148156904535493
0.831359383907149 -2.07117942267992 0 0 0.0191132081122574
0.984372930221164 -2.05531798023084 0 0 0
1.09615813029665 -2.23300586752323 0 0 -0.188918864462296
1.22243117877239 -2.133300573551 0 0 -0.29245765849191
1.18022986859187 -2.17392901395181 -0.0162754373277946 0 -0.259528004901065
1.02003195262768 -2.03496233766816 0 0 -0.454393401408033
0.908123603249462 -1.73038523382349 0 0 -0.528126057497465
0.878736377549162 -1.5615939872863 -0.264726775570247 0 -0.454703225411061
0.967686131972155 -1.72519502258662 -0.505026751899764 0.24730088464435 -0.421297194637402
1.06234456933946 -1.91145765340665 -0.669071325414816 0.49206792033858 -0.418998148347798
1.17180754655786 -2.09908177080965 -0.883390691310106 0.777311310447831 -0.318257297304457
1.16580531476323 -2.20037630401069 -1.1423338093988 0.96685452368553 -0.0766079400373728
0.551133575772692 -1.73896849738546 0 0 0
0.734177741955651 -1.84665853904415 0 0 0
0.912443733287048 -1.95273666155503 0 0 0
1.09358347819269 -2.05258366727841 0 0 0
1.16305970635066 -2.28124647136091 0 0 -0.133842505403408
1.17533661473001 -2.20870988305063 0.102144551905572 0 -0.15581987470063
0.889464051914382 -1.99863709846405 -0.490329944729422 0.539620411141732 0.323585132825971
1.07488850578725 -2.03005097901803 0 0 -0.265910798549854
1.0720609380278 -1.88231198315881 0 0 -0.365796596381458
0.923099071789806 -1.89597204425794 -0.306784573961412 0 -0.423081419996251
1.36106632948119 -1.28417806968251 0 0 0
1.01294483982847 -2.17187573209352 -0.779192107806388 0.394831373530395 -0.282296786699223
1.15367622335141 -2.33543840483556 -0.926594139518109 0.653273055020009 -0.196561181061202
1.10523173872031 -2.36111500815558 -1.16273118777412 0.81104640925663 0.0416237738118572
