"(Intercept)" "X1" "X2" "X3" "X4"
0.631644970046338 -4.57469200084642 0 0 0.87250331704927
1.24589740784216 -4.76749512395698 -0.694465753471806 0.827517354092998 1.25198447199092
1.62810953381386 -3.81208985568038 -0.343411723989952 0.629535915050728 1.15059640411242
1.1645273546273 -2.94611741235229 0 0 0.717687577595584
1.09159599653196 -2.28428897793154 0 0 0.290739527589392
1.12376303540033 -1.87305475995785 0 0 0.0969842794808606
0.53228302869505 -1.35783543275125 0.407411438308997 -0.407699278872505 0.286955059343659
0.206016540015696 -1.26164653034811 0.498787136226716 -0.477484634008479 0.298593694194216
0.121103952449722 -1.2427537408477 0.562970837940606 -0.346181949607225 0.30445053224346
0.015002237139322 -1.28699098791881 0.640260615336664 -0.216975876103291 0.275530522959385
-0.0671207403516809 -1.36439557977673 0.708103946368199 0.00369399997735684 0.165741163445945
-0.301257548223014 -0.810250368609265 0 0 -0.519803794796318
-0.614076634896819 -0.880701700782676 0 0 -0.500934057827155
-1.01003859030853 -1.35125821656825 0 0 -0.322167406287827
0.714818681124704 -4.15688274535556 0 0 0.602703590180816
0.423916583482239 -4.52669119420868 -0.784371077819288 0.716992214208801 0.760379559580631
0.747748818752063 -3.67274933899523 -0.492487194610448 0.526717803892744 0.525352488376108
1.12380079552375 -2.34878999307231 0 0 0.437306666878216
1.09538556387983 -1.72945322319686 0 0 0.155407943372455
0.980290359667201 -1.2002187872181 0 0 -0.18069049495028
0.966970951238559 -0.839740852135331 0 0.20486147983513 -0.339462750592271
0.815456019394779 -0.578781780918116 0 0.148087764166693 -0.465786323712173
0.751413685771113 -0.572373731134313 0 0.276707471090616 -0.472478766502469
0.124177070832392 -0.75405707823296 0.459891573106228 0.0982319779801409 -0.193904956308242
0.0235669565598532 -0.337140193801755 0 0 -0.593552083652848
-0.577508809086237 -0.864954168730399 0.606390785910358 0 -0.319912327591935
-0.641209610087716 -0.518598690070627 0 0 -0.516308681937961
-1.17153279987546 -1.28160638403295 0 0 0
1.03535395937066 -3.61584583192457 0 0 0.671717149864674
0.994597139823182 -3.0112794804266 0 0 0.533603884715685
0.561745677174699 -2.83710041016531 -0.182195417016063 0.206783706908784 0.194698852131156
1.14242506410472 -1.79641452840259 0 0 0.190364718798788
1.03864319211477 -1.18182130773714 0 0 -0.0699652750395232
0.737321881546373 -0.583383694587842 0 0 -0.58339743622354
0.752773028237682 -0.494040347734657 -0.0869854064592341 0.418632288772606 -0.66260030698851
0.924746059226914 -0.184041385812441 0 0.493485091850456 -0.827735060570308
0.698023624386489 -0.0634247016842086 0 0.454035609743522 -0.859835200048679
0.657159477104394 -0.137956547141199 0 0.550514616735525 -0.764720933406195
0.0546743895330853 0.0869618948140515 0 0 -0.700312148167669
-0.428893269171446 -0.321799998892084 0.431652499950187 0 -0.529101732547942
-0.657027084400302 -0.260786273917586 0 0 -0.462157176273684
-1.05758167831637 -0.644951511782456 0.137371000575686 0 -0.39858819024582
1.68120868599969 -2.78832382751819 0 0 0.975558359348231
1.33814938290305 -2.44809976101824 0 0 0.669595131468189
1.23079922410608 -1.86839780052119 0 0 0.452312322949265
1.10831477126545 -1.27617669687041 0 0 0.0624466517101564
1.03152101516714 -0.832332983249185 -0.368697856978202 0.238105368172511 -0.41666620982584
0.968208766953536 -0.527374762415009 -0.330080081193557 0.417603075618514 -0.796942484821254
1.17248294406082 -0.13206784540112 0 0.623489575969755 -0.860223302076714
1.13888965055371 0.10223124146573 0 0.647307797596862 -1.13405123693683
0.85121298593117 0.272677309454597 0 0.592037884301765 -1.1873661015994
0.567563102715028 0.287394240091114 0 0.560711485231322 -1.09328758508476
0.0832295239940498 0.507045279482745 0 0 -0.884789571306035
-0.193081705872669 0.41509243445851 0 0 -0.750053534886633
-0.612402036541569 0.0403739536478745 0.176888648430824 0 -0.497126547305593
-0.85890268488175 -0.251615274748413 -0.0667487328393072 0 -0.224066920738458
2.24884447200055 -2.0094695912766 0 0 1.17510616084156
1.7808753147323 -1.77073320051213 0 0 0.776533160784825
1.46608853229814 -1.43486190930492 -0.0533374922603464 0 0.380257184204301
1.00588769761788 -0.969941305830012 -0.133662662827513 0 -0.133885297895027
0.856420733739352 -0.621882350374029 -0.382987107115249 0.361514343090191 -0.657528749172339
0.913960992204237 -0.283704567586383 -0.464790352305904 0.574462817396229 -1.04290663492684
1.21650109933921 0.0830324575078938 0 0.590791244749095 -1.11035198557532
1.19554234829159 0.360093255337351 0 0.633763994999569 -1.33867000140716
0.801918479880742 0.644945237243665 0 0.448124867950027 -1.33696669221
0.48479689431184 0.807751318823411 0 0.511450394503766 -1.37734146761193
0.365499244991991 0.800340117508345 0 0.462371013768825 -1.31301481283135
-0.298234855964445 0.609661249831174 0.309503728716988 0.0773361869973932 -0.828638391009303
-0.494962520536186 0.300237992618363 0.0617556707769003 0 -0.527877035055678
-0.755884191063593 -0.251446041836266 -0.12362027528066 0 -0.234326440221921
2.37854791328909 -1.85354491851556 0.293200874276466 0 1.47179003076349
1.86094760969232 -1.61272792880833 0.0597060375148208 0 0.845992578714169
1.34187707838309 -1.27412110410376 -0.15999885503175 0 0.348542093860374
0.946031325633266 -0.914519183537489 -0.174333318699978 0 -0.3084750995778
0.692972188412154 -0.581368444697526 0 0.120181851794105 -0.942455451523677
0.667147267913251 -0.270585044968025 0 0.328992699737251 -1.51733763388326
0.839490244179962 0.133310795438785 0 0.369753273913328 -1.68247397230626
0.996229004843125 0.498319157794048 0 0.580932460249625 -1.72878425761265
0.843149370775414 0.842769355570608 0 0.516363214664836 -1.45878998673808
0.539362540759183 1.13115265636527 0 0.479047557605538 -1.49932102002159
0.384248815233998 1.11833139475018 0 0.54421613623337 -1.44364352153709
0.00915524072075976 0.881591960186092 0.0359353677396333 0.175471568041375 -0.931595429607964
-0.403225944874585 0.177830217938416 -0.138104309723644 0.247778864683859 -0.438245031430063
-0.456012163718696 -0.140524816021825 0 0 -0.379221239788687
2.25626540783391 -1.33472331105064 0 0 1.23311172075639
1.77493154019975 -1.29737833629807 0 0 0.839818541896652
1.41831742187239 -1.22483508289327 0 0 0.178265596451062
1.04122687233311 -0.991892810508683 0 0 -0.503756059071302
0.726116132587234 -0.619929321811791 0 0.18907599905066 -1.0867087726857
0.265842986785914 -0.307506111837739 0 0.258412326478709 -1.52200564729513
-0.00874424811712184 0.0402481451429154 0 0 -1.19420073471474
0.62720600714876 0.515935276782648 0 0.412371134925055 -1.8714916219613
0.923776173174711 0.869770504134086 0 0.565103981458677 -1.88453073831894
0.641506863665672 1.22835973588484 0 0.380407523284746 -1.44727391463438
0.358226611369752 1.35844754995605 0 0.0996260310926661 -1.08803341323137
0.280168670311458 1.07732811528042 0 0.0532222568616152 -0.885370347121059
-0.178818972627297 0.344992137507314 0 0 -0.421675436930914
-0.351173489806503 -0.227761135612143 0 0 -0.249581031939286
1.9105297931863 -1.21115514235353 0 0 1.39391823128791
1.6163566774707 -1.29152179603404 0 0 0.677740657426024
1.3089693878352 -1.33639162197441 0 0 -0.0407287315525681
0.790387550141119 -1.04931413673239 0.198098655097081 0.26819044769763 -0.379475102841669
0.487966991807852 -1.15171934801763 0.270244708110582 0 -0.962194918798516
0.0645498533326524 -0.867251280312651 0 0 -0.920934226126114
0.645285986576297 -0.220640852947791 0.249694068207397 0.32972997644226 -1.31092459004587
0.317448414353842 0.107614999423013 0 0 -1.47830653615974
0.487241619634008 0.603135387335023 0 0 -1.46412377181104
0.352065630277037 0.993633967833133 -0.149649675131592 -0.0620086566394771 -1.27977167949099
0.0992803349711908 1.16454529727463 0 -0.205285368202761 -0.707404223969495
-0.0653184300317278 0.917892894646591 -0.0784093052460949 -0.570141493779429 -0.598265752331831
0.268542510410005 0.457698512926036 -0.224818331922601 0 -0.487952530744525
-0.0786914594747521 -0.17768163195723 0 -0.161054720597215 -0.301890348556099
1.3813207120571 -1.04359491038153 0 0 1.14419381022041
1.38109310855971 -1.34447699872261 0 -0.283398939676018 0.536378118264721
0.748202008983728 -1.29487999355042 0.17096745167562 -0.0164768846214049 -0.146711881856576
0.338440392828862 -1.5767123355816 0.301131804569358 0 -0.575233272409421
0.341876999396063 -1.67920576316754 0 0 -0.737469588011694
0.401532811112193 -1.42761499786431 0 0 -0.99105811158114
0.372106777769599 -0.918221842647503 0 0 -1.09926069079177
0.257775557910222 -0.521999590633358 0 0 -0.881886673369
0.000711106884329458 -0.10859881410968 0 0 0
0.357042044472792 0.58350738428055 0 0 -0.511787890755851
0.214536005243594 0.859782120503746 -0.35964682260671 -0.351819337161565 -0.418761770838276
-0.0402456756796055 0.56275317112486 0 0 0
0.175142592143402 0.0944059984681975 -0.382225649090125 0 -0.368857386530257
0.507634511371122 -0.34114732379102 -0.712514618957793 0.315057556222022 -0.20240696702391
1.64648302806322 -1.39502703341363 0 -0.56660925406298 1.50272882980556
0.587249442600464 -1.09061010082577 0 0 0.17327552962322
0.189565901484666 -1.35082264276139 0.270035116025019 0 -0.227598891320158
0.15585496216181 -1.79432394445913 0.140785857519649 0 -0.397718499692193
0.61760026996501 -1.95389167035004 0.103827764681567 0 -0.720035765191303
1.01159429702578 -1.93872155366164 0.163315301604209 0 -1.14392595348767
1.00041577227622 -1.51342457118713 0.178959609183807 0 -1.32721656496275
0.381677195898509 -1.09488576897034 0 0 -0.943447015907033
0.164967954706637 -0.788607415601431 0 0 0
0.533093519799063 -0.0474488348203529 0 0 0
0.812700967057987 0.509053231184867 -0.21544676629344 0 -0.371253528752625
0.329654652642379 0.331870385861991 -0.661551555941175 0.0891258644902973 -0.487963782383517
0.250203399583398 0.0295716457590651 -0.956606457612127 0.0822342614597734 -0.173133908121928
0.602870321939366 -0.527696972193693 -1.06940392155591 0.381769415691734 0.121526392880815
0.631365929352227 -0.919909829326151 0 0 0.968518567549571
0.267661366838729 -1.14050149750062 0.18881257401184 0 0.506547682268257
0.171051694740535 -1.52480225414642 0.124061167870129 0 0.0776814788929924
0.228935569961765 -1.95411575527254 0.0860807650631396 0 -0.210010054173179
0.709506910411964 -2.12319254406699 -0.0311384431020152 0 -0.501425682992882
1.2516332752319 -2.1238338785995 0.0761779145581682 0 -0.876838317448252
1.09754672201921 -2.04669865383753 0.0855477585825269 0 -0.957859283344257
0.650253075409261 -1.65220624205197 0 0 -0.862502954282076
0.504504930327343 -1.1445182635923 0 0 -0.653690085967413
0.934912381806798 -0.488495986791553 -0.284582023395853 0 -0.413333319020997
0.899745472610006 -0.274033817655309 0 0 0
0.523724220632707 -0.176647446789084 -0.841605212584463 0.100058964284493 -0.250229798517111
0.27525104442877 -0.384926092695157 -1.20823857597771 0.24371423224569 0.0291440529410253
0.520900195675366 -0.854903124655528 -1.29776968139801 0.365378926109403 0.36189170963663
0.345566780058618 -0.929002043833164 0 0 0.955875263927509
0.121100565288205 -1.21871868175612 0 0 0.309118819529298
0.192093403572883 -1.66221574683887 0.102449905069332 0 0.319051607422823
0.354720219400496 -2.00562650346557 0.0175212511930212 0 0.0495999120665173
0.758711913760624 -2.1481492839272 -0.116249951822394 0 -0.180266655590118
1.17960637549141 -2.13607411904503 -0.0988394312771402 0 -0.369308446687257
0.993999313481329 -2.53147417529912 -0.120720413979422 0.345756042165067 -0.260816729686456
0.753672390127479 -2.28673772427667 -0.33593915696232 0.0731623633607168 -0.407080807081884
0.757201042789948 -1.61521966023061 0 0 -0.626483605182126
1.01118149034536 -1.11405197844396 0 0 0
1.04112429486818 -0.93873094049662 -0.208766073010657 0 0
0.604810449263513 -0.922754601826331 -0.973440988280984 0.164792747211441 -0.00212410847499482
0.709278160197429 -0.911137700485196 -0.745354490314058 0 0.0884592465060355
0.89170818840726 -1.0472697146851 -0.5733036912792 0 0
0.0167260554855873 -1.03047017264385 0 0 0.68158886412424
0.0756985409168702 -1.31574194511356 0 0 0.373499724511428
0.196678763121033 -1.70405787877082 0.0830029960976887 0 0.471082740116941
0.418109721506611 -1.83571013384452 0 0 0.00632770919978807
0.615201998820494 -2.14516314861342 -0.237537209920659 0 0.224357382252267
0.859633845514635 -2.24277084723874 -0.429925334616394 0.22182310822948 0.459450127074258
0.719610913778702 -2.67359885827005 -0.434709048209634 0.484020550696043 0.693385892703558
0.750284122134639 -2.59376987546637 -0.52675160528245 0.323045232340026 0.40547477644111
0.961272699339966 -1.9980110572908 0 0 -0.430160804659415
0.529526975049061 -1.79357042007941 -0.789048946621492 0.110130697570528 -0.00194640523087296
1.20278404996674 -1.57076343643012 -0.355593730504969 0 0
1.16922806115694 -1.50782984642911 -0.511375631576202 0 0
0.805916729653564 -1.55411604248749 -0.971058866990489 0 0.160626055613575
0.809811476763752 -1.60701124131925 -1.09712648874508 0 0.307389210812615
-0.024426431167294 -1.12513336007357 0 0 0.703740845423683
0.0588885807904576 -1.40116386225597 0 0 0.501298975461925
0.159114464183885 -1.60894943387389 0 0 0.171580782223115
0.416340514428696 -1.66442683157811 0 0 -0.165861611471025
0.566888739443396 -1.76372794400222 0 0 0.16779627830739
0.455532930606789 -2.24156428575803 -0.619462956507317 0.237201946710315 1.00126083485309
0.291861141281986 -2.64827369772463 -0.710897186885472 0.620441095264827 1.3097079441654
0.483330174767068 -2.58699404398005 -0.806835061620532 0.657264062468079 0.960198896777159
0.358657073822806 -2.51767209773206 -1.0079941070958 0.380292992089917 0.361716976037482
0.377118190066197 -2.25311594582708 -0.946828289832223 0 -0.0528982219050945
1.31448806881697 -2.02130554261526 -0.382312235730852 0 0
1.25470583406688 -2.11951105136325 -0.684872985202873 0 0
1.38680893481971 -2.07533249313409 -0.681565894997972 0 0
1.44013620076251 -2.07565005494068 -0.696198036868567 0 0
