"(Intercept)" "X1" "X2" "X3" "X4"
1.95026202808272 -2.60313247468586 0 0 0
1.81628697652092 -2.27853256482377 0 0 0
1.68914177296905 -2.35023970596196 0.449997086832496 0.879701641392763 0.603546840861885
1.58187914789754 -1.9698213265997 0.442290520031244 0.574480892156523 0.666812097530225
0.943556287520697 -1.62503756684932 0.600621322155218 0 0.0932967050532223
0.792067831257947 -1.43988467381146 0.455100527757338 0 0.0482697030195871
0.393046314727174 -1.22079857342538 0.605986405765681 -0.0467047266363809 0.238376077782105
-0.125404818285106 -1.54400411886369 0.817509418740084 0.251747140340528 0.852092672393671
-0.845113718643633 -1.34635829201949 1.32152716702599 0.486217532768823 0.889326683973822
-1.27023049026329 -1.21111343225044 1.7040798594792 0.715114525768354 0.73643778449517
-1.48406921515337 -1.17752171614846 2.03201756863355 1.07958239668371 0.458758591987092
-1.57002353831041 -1.32686853503145 2.32354577385988 1.32138413001615 0.260334097772062
-1.40130067884323 -1.60733152963924 2.74413005008212 1.08475625834578 0.187686909603601
-2.53846061776755 -1.51233233380718 2.65404154145954 0.348577310322893 0
1.73168259873638 -2.52784593710864 0 0 0
1.52580346045739 -2.40942065662206 0 0.655523286180231 0.391161013769351
1.36397972608128 -2.14239108266439 0.2472634807902 0.778884104567499 0.362259258491601
1.14684796291793 -1.70580489649468 0.293414108907023 0.393746916063771 0.278429880754936
1.22605108099217 -1.24572562890532 0 0 0.0466158831165209
1.07586998467293 -0.871569311842 0 0 -0.232848762641957
0.632830389615572 -0.518552165750285 0.281347847172136 -0.0667667163356917 -0.314921901685262
0.100861109188078 -0.655124806338457 0.553568877227399 0.172475081371182 0.133360365975308
-0.580648053477739 -0.741953431611646 1.02635435566923 0.249697355683907 0.366817902059745
-0.683665637399874 -0.743098614560024 1.27602392560084 0.576243777409312 0.275627877190096
-0.862670818889308 -0.818521147837552 1.63868464807169 0.889844992279772 0.102224293206538
-1.02332609727263 -0.902934732157791 1.93515992914454 1.11893464052744 -0.0230601671621622
-2.05422767386327 -0.969825953198278 1.87576026031537 0.308864185419396 0
-2.1477517647545 -1.51350710921413 1.88791397035164 0.364793334162159 0
1.25119777623444 -2.60039749399086 0.479417637657185 1.44641251083661 0.398638765456188
1.33126423367581 -2.25193125642978 0.249701416228604 1.04360663069823 0.393245952567136
1.09161611456134 -1.84273912176227 0.125320516742312 0.568260560403101 0.157158104706272
0.872500565075791 -1.49138094861239 0.221911930419629 0.260467224533683 -0.090409857679007
1.05829285418439 -0.896729975877319 0 0 -0.126933704124894
0.996108289709115 -0.475565111042057 0 0 -0.435864641734381
0.927176047567983 -0.151271218435252 0 0.0682789150020087 -0.642480102876959
0.68696037683721 0.129362132492044 0 0.0334860267393441 -0.887243092064147
-0.489927419732164 0.0322002346911002 0.770420729351986 0.228956683047943 -0.342003026676467
-0.365350434855566 -0.146460269143518 1.09443691361924 0.445247597412965 -0.33888476964017
-0.343436965851203 -0.339685820114083 1.23919222835815 0.68617238820179 -0.289559318913443
-0.774318767897254 -0.446686384913409 1.26956663123295 0.773252838485951 -0.113604036495965
-1.51120522174877 -0.951510742178678 1.27812693584562 0.457990171374984 0
-1.71973452551184 -1.64478470711103 1.13187912232838 0.44530006102598 0
1.3453120721888 -2.28568717792581 0.201809155128918 0.745941297491678 0
1.0579932847738 -2.0019478532665 0.161570072755553 0.470922184810447 0
0.979211686479966 -1.55291309640374 0 0.123937279354917 0
0.766933389839966 -1.03748660132715 0.000499940385947475 0 -0.306396449530304
1.01899769048224 -0.662797423679315 0 0 -0.304769586959922
0.805803162203906 -0.23266010244694 0 0 -0.733575879864935
0.866447548201919 0.12144854618353 0 0.16468698828545 -0.893266202672861
0.857419259504494 0.40807370380297 0 0.218044244854045 -1.26438829839405
0.528650793050389 0.666369207843041 0 0.308959949896601 -1.2838617727071
-0.0970807251607934 0.845802161617026 0.834196084138484 0.249920134824614 -1.07890779724949
-0.339869367214795 0.392377156951962 0.699813587597186 0.513273934298875 -0.568131641365061
-1.11668143038156 -0.0975998239731895 0.814033857734017 0.345912767665914 0
-1.36510556474758 -0.755634875469598 0.77012972881394 0.450214584255956 0
-1.5558449292 -1.45802432348646 0.601099216944379 0.399167462318108 0
1.29720694850785 -1.80624491204104 0.710039924327611 1.22963106990303 0.657582131875538
0.923891696090342 -1.59958760592046 0.416386890021967 0.715074574994208 0.37295817205748
0.97778772804791 -1.19739046178435 -0.0400317656423745 0.204249476291401 0.106065697025214
0.990997130486503 -0.947905866628381 -0.271194763856262 0 0
0.244894256551175 -0.427701455963123 -0.440767025687662 0.147132421834405 -0.695141560725943
0.445473113818778 0.00842634039427183 -0.372074600771689 0.261127860326916 -0.854011382345916
0.709704456415916 0.365064239932982 0 0.256796449087664 -1.25681394096247
0.952321533345703 0.596412297917372 0 0.390962404979748 -1.49069847567666
0.759396980740329 0.872851274528619 0 0.417949347560778 -1.40718617083389
0.317182804505611 1.30907643726025 0.228096535768717 0.185235177433281 -1.47003882745918
-0.01496940542679 1.20357797887096 0.284651581800689 0.464789098259553 -1.07873981170187
-0.320149891005647 0.777359658476754 0.379127846426646 0.618119170623804 -0.74497891330384
-1.38263466182696 -0.272965108749948 0.365439912362033 0 0
-1.6508692921659 -1.11398627121307 0.0859309188025451 0 0
1.44248877454374 -1.57918798471228 0.573654627190688 0.951043046974402 0.80467989776862
0.976094666416368 -1.40494686199634 0.324450839673314 0.583537240093893 0.48713530298918
0.571677570730379 -1.1040156265738 -0.0995531526396896 0.267564082673409 0.0791357641396322
0.872166392200315 -0.726754776606486 -0.364441929701637 0.27216457578586 -0.198591125598352
0.0433014328205684 -0.442690088782996 -0.649328893149447 0.26305206378731 -0.938126006548056
-0.381645850994833 0.20226093118239 -0.549488380198132 0.391183479432891 -1.15988679047793
0.0422000246795246 0.673483918945448 -0.0827380411910303 0.441620152802709 -1.40673093202119
0.974799143937969 0.667953202928065 0 0.514525009806238 -1.51787968132997
1.11754928064742 1.05991142505403 -0.11489775717262 0.272000752343968 -1.24625867228995
0.70170806295837 1.31198666533951 0.0352581818793032 0.465857582237325 -1.34416194585308
-0.0359308078619464 1.36900981684162 -0.0950280553919845 1.14253328272223 -0.980928083367441
-0.114179708165833 1.24861689614016 0.0270340593540698 0.863938515938535 -0.760823577496874
-0.271137688058555 0.564648841860602 -0.227854455152163 0.525185128388544 -0.474138288870942
-1.353556389054 -0.93935718381254 -0.330587885227411 0 0
1.40707842220908 -1.23725236015157 0.537164429082882 0.838076599237593 0.95543691180917
1.17325345438933 -1.11153846376746 0.225375784130618 0.595697888639403 0.802655113108855
0.990731969738656 -0.879769670284414 -0.0277116061129472 0.608688274903924 0.552737594706568
0.225639014109316 -0.969910713899743 0 0 -0.233229693467233
0.168844531355997 -0.766162693929283 0 0.310100119610859 -0.73641132194216
0.437069343527999 -0.1044489947493 -0.281499942850393 0.465133666669961 -1.16935327055662
0.500766253772784 0.580565227018095 -0.0151295011790927 0.786941960763504 -1.43108741732473
0.979823566625574 0.520755822337739 0.357683679674969 0.698159860023013 -1.87219908444286
1.21460309560722 0.932635333357458 0.343590142111353 0.695739529199686 -1.5090599846646
0.886180376264246 1.094731574436 0.0623058617784744 0.435235114522486 -1.19485619171004
0.571572298236935 1.13571316886903 -0.288179350911187 0.774867606088212 -1.01076295014094
0.120482985140139 0.798309167381284 -0.36944074603059 0.621695909939307 -0.573314351462709
-0.381346573310171 0.333121406218544 -0.402593865591741 0.257885450465831 -0.195004599840857
-0.303526114033536 0.0798310547681944 -0.801568335864625 0.493417189116855 -0.144504766188306
1.08346259601307 -0.965693597785662 0.484414557607661 0.945192822990953 1.00582936712674
0.872543602696922 -0.95573125225863 0.168372818344567 0.630097822806959 0.613218526324163
0.308886045358385 -1.18708696479304 0 0 0
0.0442107845683487 -1.35385277524231 0 0 -0.139629528774862
0.1713243370177 -1.23082577318697 0 0.236843493740323 -0.600150084832104
0.552559071816231 -0.863163416278469 0 0.44819527271031 -1.1374185743129
0.914266253668883 -0.629088627839844 0.303078188223967 0.60983823780302 -1.14315494543084
0.759719881747648 -0.146926575791483 0 0.501820668044407 -1.36429594468184
1.38197261205336 0.187641837215551 0.525932526005918 0.558880572364438 -1.29468124477401
1.18651993597596 0.529169152290526 0.421105596467427 0.381961150939312 -1.12150724517584
0.257021400182171 0.713656624587494 0.0358188151138666 0 -0.649462120774541
0.257164565967753 0.493266305661659 -0.200970796970057 0.257091004332602 -0.593838836435715
-0.131221373624499 0.135785881623759 -0.474911776471193 0.324503336262916 -0.245316027476425
-0.627464509799531 -0.458558128528619 -0.612852116737959 0.229496853484248 0
0.384815422551464 -1.23693123857765 0 0 0
0.26524357690446 -1.29590345656144 0 0 0
0.181754872424213 -1.46094935140384 0 0 0
0.0446153148230465 -1.66210370689295 0 0 -0.230616498787992
-0.0833613345738998 -1.80035369589496 0 0 0
1.00899560046782 -1.37924792970596 0.363392453047345 0.607457894663375 -0.742883193355267
0.833272806831577 -1.15713310498285 0.241467121756632 0.460236166519416 -0.800752140052726
0.731772255327632 -0.6521959689978 0.202614480119198 0.352126789420641 -0.809716989322477
0.239487817000213 -0.158217625654815 0 0 -0.573167143175678
0.870227907066666 0.202011878929574 0.181476764745056 0.0259759932576493 -0.758142261469112
0.8704688531391 0.330430840665645 0.131721777840272 0 -0.693766661968959
0.0598368021909744 0.193956449314357 -0.30754616120556 0 -0.420931115391365
-0.0333990966430037 -0.221469437948503 -0.623307274039079 0.269290611049393 -0.342334269462971
-0.438833350848298 -0.459363956727411 -0.81540679998512 0.143431259253933 -0.0110388230669692
0.219099177811987 -1.28360188606805 0 0 0
0.220797601041636 -1.38358447659808 0 0 0
0.215896647485925 -1.65215122690526 0 0 0
0.0400994663149773 -1.9374092105888 0.284971599783339 0.217746560518724 0
0.172334710864106 -1.93795386887596 0 0 0
0.194135951084178 -1.871890774519 0 0 0
1.01167573272003 -1.5341479938232 0.254375899591907 0.331460443914378 -0.785325115549367
1.13206310575965 -1.23943402907025 0.233708640457937 0.264747430187782 -0.999959100419698
0.940648463428547 -0.568936296287454 0.0327238090412651 0.220001351372275 -0.83053627040071
0.930448066543673 -0.162219456208908 -0.0805778365361665 0.0998664161802285 -0.631247556852133
0.524888964495521 0.036464182276984 -0.0501997251128299 0 -0.190743459608413
0.383471617853869 0.0370939613521246 -0.337720118686469 0 -0.242971371411948
-0.0740092661010274 -0.195693577448768 -0.764897329520817 -0.143323927569471 -0.310183247261499
-0.213258935464538 -0.566690967197865 -1.01165628805915 -0.092317423826854 -0.172123393046332
-0.263089028783219 -0.919923972963967 0.557710840953429 0.253911284373386 0.377261312968161
-0.169226615837328 -1.17973916456505 0.431951017965238 0.349514926227728 0.178521122044303
0.110606821905894 -1.56742202779885 0 0.405274822271505 0
0.111283717384216 -1.91650571652151 0.316315460603722 0.434945085125963 0
0.433117920848217 -2.02295839189509 0 0 0
0.513319732127262 -1.99997658225649 0 0 0
0.78817661890302 -1.91952114659529 0.312965822297032 0 -0.389060116887082
0.89725037368055 -1.67209206298047 0.281965478198905 0 -0.429381034464456
0.526491870424654 -1.13488483749075 0 0 0
0.552168174075436 -0.749892947560914 0 0 0
0.623112155021086 -0.465353824768958 -0.185971675059737 0 -0.280463086958051
0.53100011182322 -0.409623277483601 -0.412007015888897 0 -0.263909699805451
0.35418206477287 -0.466680118691222 -0.749301625793464 0 -0.225839686826547
-0.0328095670579126 -0.650340894142097 -1.13757314188469 -0.270039631313562 -0.258963091616311
-0.386460294472148 -0.77570815912905 0.664158791077839 0.548529252562384 0.58393019092144
-0.0849213492918606 -1.04062777411814 0.536032393071428 0.584875025832243 0.384286293471514
0.0554538760612404 -1.49889985417289 0.430860496177554 0.620218264055595 0.112605415250222
0.0250596775808818 -1.92125913059526 0.402997028818689 0.553091257153473 0.171432409795427
0.302528036213603 -2.02389085845924 0.31417541787404 0.491820097055146 0.0781739054483384
0.641754493829762 -2.15037615230292 0.194908556320751 0.482337429788988 -0.105647015508211
1.08326157962408 -2.11063007152995 0.236732463781417 0.353906374000849 -0.181274690982805
1.16093029116943 -1.95533550271901 0.272469980866618 0 -0.369441929556103
0.840673235417129 -1.4511163869893 0 0 0
0.804903343304747 -1.13474135258059 -0.100540234229114 0 -0.338350434458957
0.310796379806287 -0.814187277703912 -0.290721278621761 -0.418647085902749 -0.370223120621421
0.177201354182084 -0.679472533145161 -0.503884413867456 -0.458164487959148 -0.336213980504027
0.464479931696039 -0.769835865157119 -0.783060505449472 0 -0.271290730433926
0.319685954216578 -0.792459289485657 -1.07860304519731 0 -0.222266767016756
-0.336841822967584 -0.695983324436443 0.661083184341194 0.874385839477812 0.711606459119969
-0.0972554887834646 -1.04109175081454 0.504354408418261 0.886103076505565 0.545571181415652
-0.0746078445345602 -1.49452214562134 0.579334059749371 0.933951437826093 0.36650527447122
0.0611371285810527 -1.71555353626425 0.527421508346093 0.853394005543153 0.256084356727698
0.221910923277215 -1.85792298419769 0.227220063346933 0.813415990703107 0.072439113759275
0.544617010239211 -1.99456877907395 0.0595416887574697 0.634001727864304 0.0733641393982272
0.769613917184162 -2.0794480462655 -0.132511134752544 0.599907244887262 0.164492134749741
1.20921247383967 -1.99161250943469 -0.12174606649353 0.449806508770237 0.11210199405888
1.19218728482862 -1.67822585082558 0 0 0
0.474729528074292 -1.39867540381458 -0.361938405970759 -0.214905495030732 -0.412099734017141
0.336320411344376 -1.20284897770619 -0.53729317599355 -0.224206852015117 -0.475053225766416
0.179250085695505 -1.04169069562788 -0.728540090785592 -0.304838855114313 -0.460330565079751
0.0219597630245751 -0.957642652109195 -0.937597008263355 -0.446541915091853 -0.410084265622503
-0.113103135830107 -0.919919702526501 -1.17498500393019 -0.558559808331985 -0.331538508851669
-0.303547438321051 -0.743106089803604 0.777491370233265 1.44730588947999 0.698708619597893
-0.205878786044166 -1.10779536111065 0.7501741883624 1.34556093644884 0.639720323662337
-0.0639344066972516 -1.36339872907809 0.794485324541373 1.27249907865703 0.581804729793046
0.0420310065760545 -1.55264149434422 0.577640278099087 1.13719435369175 0.432048996211583
-0.0822109172742867 -1.72190481756188 0.288541910395483 1.13529199574901 0.368502307764976
-0.0617887463763185 -1.80590303737579 0.0630938757675329 1.08025718619303 0.368973930246883
0.391060602834581 -1.95013053374136 -0.360621293533078 0.836848474919466 0.437604091906912
0.5747779877442 -1.95587555717361 -0.574245719674016 0.672755122794018 0.277485078850511
0.52153015433355 -1.65212622145912 -0.763142476561749 0.458255101746946 -0.199673627583712
0.494224808007134 -1.59886730033969 -0.774186164475137 0.232667474856933 -0.464657726156867
0.448390098030251 -1.50945859268518 -0.933410461629135 0.157813409114437 -0.510967132600356
0.282060866628187 -1.40144699898216 -1.05487103732816 -0.0216607815438568 -0.58499203615058
0.135101010656172 -1.32085472453435 -1.14002965448986 -0.241054223757518 -0.585457559047846
0.00786414024643712 -1.23683349722511 -1.33629787280469 -0.358623394574952 -0.501036585847887
