"(Intercept)" "X1" "X2" "X3" "X4"
1.96926496619512 -2.98942875022653 0 0 0.900696685778205
1.66801940634171 -2.87989064694342 0 0 0.579377835456014
1.58156214836801 -2.55463104661251 0 0 0.0516774307098734
0.537409077350719 -2.73625287753916 0.0316586219718459 -0.472201946585954 0.128420935582962
0.329804474725932 -2.37784366299371 0.188890876161643 -0.488759150592434 0.0763810658270055
0.259410546388039 -1.97429053697977 0.345615525131493 -0.409149004190413 0.0405405683807068
0.362006880489229 -1.64737298067017 0.560523790614467 -0.26120786944589 -0.0608549698297189
0.15054757401526 -1.5488477838115 0.597756016139667 -0.208682584996162 0.341071611711464
-0.172025121779544 -1.60438443567938 1.07239553428524 0.0149441415783391 0.786765708520723
-0.424879779131954 -1.33575158039298 1.19186708508907 0 0.33953435316477
-0.574871174301196 -1.21791727002361 1.42251848063245 0 0.00410827832079865
-1.22904357965516 -1.45240843066067 2.217332480757 0.317206973420826 0.164083098497611
-1.73647851190655 -1.20559707459315 2.74663063547969 -0.0570019362998619 -0.100964405923911
-1.43245710463671 -1.4012613110447 2.46217185399374 0 0
1.85010547501447 -2.80946636183913 -0.116457471724069 0 0.907827918104413
1.89447628135657 -1.89469075230573 0 0 0
1.42673025935267 -2.23982441603163 0 0 -0.000223037993473244
1.14916034524732 -2.0855680497045 -0.240788699740939 0 -0.513400298315344
0.471684182707431 -1.92963672968437 -0.0501085131563741 -0.252994754765049 -0.220947654936141
0.327686442789106 -1.49667572533616 0.109007973637461 -0.207453765267736 -0.296059553230462
0.421471082335593 -1.18235186186655 0.26315917657219 0.0239752168985139 -0.26212244536909
0.171461329242336 -0.801761123528893 0.161604841604034 -0.0148593159129254 -0.181249713766823
0.0490930149357878 -0.65479300835954 0.351327322297155 0.0725528495923013 -0.0893322736167328
-0.194528895041896 -0.971295952472573 0.652051832346381 0.464873517872588 0.211879540110265
-0.56642712799544 -0.958808057131062 1.13338978180274 0.442686266182207 0.0955915630887949
-1.08467195378677 -0.710537750228169 1.71844604081403 0.121796764834727 -0.0839212884147751
-1.6340677794081 -0.508013000578602 2.30480011198811 -0.282444147539689 -0.265234515474727
-1.45350818776144 -0.961894640003287 1.9495255551364 0 0
2.30769377732956 -1.9745738301478 0 0 1.31481226242292
1.75196382192842 -1.88258886027349 0 0 0.136017532318632
1.35209685003629 -1.93377077698864 0 0 0.125405984587831
0.934184720035702 -1.73891641360743 -0.315854663115247 0 -0.58061993442284
0.434848186625993 -1.44935158442585 -0.378884783120875 -0.10542969066331 -0.375382143032375
0.468210099767803 -1.02555752872144 -0.159186057764833 0.0390342689470325 -0.563216285857182
0.508193631101732 -0.726667518418732 -0.136323395470384 0.376580023408923 -0.465375826612531
0.26172815091006 -0.310919112867314 -0.15182250934134 0.269533797407184 -0.458890923191806
0.235153512461244 -0.0721619952979398 -0.147172286161504 0.254779565146851 -0.48633806263171
0.0884430648459421 -0.0650993088270839 0.038936818901644 0.323081827101891 -0.414596585965913
-0.36463284116306 -0.142856622528134 0.597886482922878 0.240841406458182 -0.230257319958616
-0.997730327465979 0.011670913132201 1.22144916768747 -0.122503991565752 -0.253369198899511
-1.59476284300238 0.0632210750024196 1.86245325039054 -0.490865979865632 -0.383665684094084
-1.64438679476881 -0.595152604134454 1.70651273764312 -0.331297783265036 0
1.87494233997159 -2.06912298335912 0 0.0476345151476938 1.36220203968088
1.3867802608635 -1.8520751439034 0 -0.042984952441988 0.586050514378351
1.444021288936 -1.39868400787981 0 0 0.23539668683553
0.903294568162416 -1.26520015086812 -0.402564727164963 0 -0.581164448257775
0.575516563871265 -1.00286995504197 -0.657928465488289 0.145168273523944 -0.647005525511359
0.408791319217199 -0.502697578682809 -0.530830313084318 0.193166388243852 -0.742891816476381
0.671146080990154 -0.185188067258014 -0.51042268514003 0.671785549511218 -0.800698549004994
0.499306920648066 0.0584697007485325 -0.451459667607525 0.654731188472192 -0.766532783950341
0.213374296335696 0.446758774668625 -0.545203076206092 0.469827674455632 -0.664633474429107
0.232377652213862 0.658003292353124 -0.247938628750024 0.314802768858182 -0.727366603655295
-0.0655869237297452 0.683189099018045 0.126871893938364 0.158922317937931 -0.608931868285247
-0.757804477118753 0.546451996335379 0.780314633375862 -0.162186418283891 -0.488512606096012
-1.33028721049416 0.0162524367426223 0.889468466931348 -0.221240620500557 0
-2.17411893609393 -0.592321157005189 1.55563424534875 -0.79008717958797 -0.0490186385430732
1.61327611284821 -2.44031411688698 0.0819715249087628 0.259885130559387 0.976321397206601
0.904452761681875 -1.84685157067619 -0.136692664998363 -0.129863528610814 0.339673739680226
0.610689597606947 -1.2979485186145 -0.547181082463267 -0.168883729489222 -0.257880805239778
0.868538061368118 -0.818190462170687 -0.34555847497903 0 -0.522801339973871
0.836578713528401 -0.584428439186827 -0.746893968278454 0.398114479521005 -0.852570607213844
0.45278049007908 -0.133889323998497 -0.820329932723091 0.332917081486904 -1.00572579358624
0.847046873591131 0.255991495209831 -0.906802088988666 0.629018201486431 -0.866352362357244
0.854257687332701 0.456441575874004 -0.788536094375567 0.505574341207355 -0.739063913939103
0.550057740883615 0.901400123869153 -0.642945999189667 0.432747648607839 -0.696241678583642
0.237349598154275 1.47237336306285 -0.404783771942273 0.306079656051462 -0.761491292778526
-0.0259341722460532 1.32589228284486 -0.21793574263254 0.264377115670053 -0.657357968561547
-0.547174393228544 1.07812783952624 0.0909310276082001 0.140558476648503 -0.433888186823636
-1.28209047442097 0.152916158236431 0.638287886546515 -0.298229195527683 -0.182342701401882
-2.09171135697721 -1.06442189402212 1.05005647978641 -0.761412112277125 -0.0218141995315761
1.89090695207007 -1.90489671808672 0.36983026909023 0.56627733804157 1.22804781122024
1.29666097125081 -1.41684684104839 0.135654596830086 0.169113155059621 0.781061053654034
1.06933591037827 -0.932969441911241 -0.350824748844037 0.326353146615876 0.185443670143818
0.614837836097014 -0.654829018875514 -0.613868664738273 0.241597743907941 -0.728158197167887
0.612209223853661 -0.392542694319124 -0.839587890441206 0.610234796707768 -0.949987761389156
0.267234071860535 0.0464848503102369 -0.916104863611837 0.54897882175765 -1.08024306682896
0.120443858355461 0.240893472764442 -0.694360465334256 0 -0.923349819395957
0.582189959734087 0.570017670964876 -0.719931119663194 0.222040594154399 -0.99882107023818
0.758982226836284 1.0905169875066 -0.337786640894981 0.155774633452783 -0.945693873433092
0.634386208969195 1.51066961148256 -0.116076540849452 -0.0236813501387668 -0.903680688980999
-0.322787538135629 1.1345276970642 0 0 0
-0.743624501999277 0.984144092412446 -0.00894080585510282 0.0382066024835844 0
-1.03205589842202 0.0857284428656113 0.216287037654492 -0.216839181327214 0
-1.76461994133174 -1.20054339440829 0.40695207792722 -0.473271133341088 0
2.2902975698569 -1.45631598375419 0.588511831069343 0.775587929960541 1.91083248323654
1.5629891477629 -1.03419033077861 0.185224468172066 0.661588181887984 1.04503617138406
1.08383569764366 -0.689007093098146 -0.394561247351344 0.796519527800258 0.177159112145796
0.543134753530309 -0.45231563977605 -0.264810506866263 0.442145578105219 -0.458246639910002
0.532154722219436 -0.361599481207982 -0.298832689653556 0.351274711089972 -1.07270405338741
0.0717335153248169 -0.372709540695694 -0.463142877034075 0 -1.05773196185964
0.147312841331941 0.0538146757212383 -0.505260431669647 0 -0.996761409992047
0.134427715121839 0.378677854039503 -0.440028845876076 -0.0908681312683955 -0.899857712549812
0.694601454948961 0.919351836545347 -0.213178547010104 0 -0.84406509965075
1.23614226901482 1.27110026932932 -0.447708475156279 -0.284537868837772 -0.702056251507014
0.234696087678682 1.59110567298677 -0.73299491323391 -0.121291267456126 0.0842167930801497
-0.5128141397644 0.771097737921591 0 0.0352101138865314 0
-0.626447752242555 -0.12572127098999 0 0 0
-0.710510524520383 -0.698744908145754 0 0 0
1.75305427298882 -1.38916985687395 0.749163097815736 0.719716972348148 1.2443998111552
1.19640115025006 -1.00386909567134 0.24681812302781 0.659327379113309 0.645352155776032
0.816682756697684 -0.623009780530743 0.00643039573870723 0.760298157068317 -0.113617880233982
0.282523881318261 -1.01989729986117 0 0 -0.768999556642831
0.650789408964632 -0.771064521803629 -0.314108115755873 0.446126272500847 -1.32025203796282
0.497140923252714 -0.877248195750892 -0.0876663091710113 0 -1.00111896623814
1.22954050546359 -0.264794208798167 -0.112820945569048 0.425960505489597 -0.924429664643466
0.160527320403824 -0.0832759590036881 0.0941043135942522 0 -0.366692791286386
0.285470200392121 0.869803916974996 0.184269403577486 0 -0.0619635887806147
0.185095962509059 1.66866331895941 0.132791121371633 0 0
0.178663166574944 1.8067602239088 -0.530024623716271 -0.018433648655735 0.0341586519058363
-0.0988519196559546 1.36940716202502 0 -0.0719730146165214 0
-0.226242420484661 0.542710415893896 0 0 0
-0.420720888376254 -0.191116983428321 0 0 0
0.903854174292249 -0.581765955183713 0.101483936966278 0.395682140933851 1.17327970367937
0.558400243447749 -0.552786235608096 0 0.559651366102933 0.498342935177627
0.356198415185951 -1.25976034210077 0.25084397816113 -0.101567490113194 -0.704269538698057
0.577162652729956 -1.39867359259573 0.448670971002759 0.0221652780666568 -1.20252904232396
1.11274588803904 -1.62528212375722 0.817992077887185 0.31831249191661 -1.23867365342562
0.944133530693377 -1.36829509777995 0.273039925279588 0 -1.10403001042271
0.989026644380772 -0.464435707311218 -0.284833714066216 0.216083407734037 -1.03670788541287
-0.0367731013207299 -0.376858584871323 -0.132538104037812 -0.162815008204135 -0.572242158095919
-0.0178170978797346 0.187032800496293 0.221808462783501 0 0
-0.155550617340105 1.14581690508185 -0.0980747570118078 -0.482993062747252 -0.303836114298868
0.449866306295039 1.61384176416515 0 -0.205787134420797 -0.272698535982913
0.483914884300237 1.81897288363285 -0.832925153964265 0.655313120633029 -0.294908648516829
0.64886223136432 0.918208540502 -0.965718047610044 0.585749280015847 -0.359352244075073
0.700532576390068 -0.0586033928174048 -1.13596718779258 0.562083891687889 -0.415040873670896
0.50071669614674 -0.344649497352472 0 0.197549381491029 1.07258402094389
0.484823729659129 -0.884801163434809 -0.100033951018825 -0.602721748845296 0.250039621407066
0.453684583480904 -1.42363715579444 0.272576606074306 -0.249062265970535 -0.382841125786547
0.385500369997244 -1.63401543836134 0 0.107935150916833 -0.802738907774018
0.785139691848134 -2.00088812476533 0.0736433423027506 0.23258856357994 -1.15763502310466
0.741427796562089 -1.81635671803021 0 0 -1.01035160111025
1.10266521843313 -1.56498171864387 0.614333764724339 -0.150234597124285 -1.1696679846237
1.05654921440258 -1.53649531686384 0.704138106730296 -0.526247365535842 -1.15834530520923
0.491761787926584 -0.444628004857725 0.235109319666666 0 -0.392785327489493
-0.235148105125609 0.553765845261203 -0.0603725121062596 -0.826679573808668 -0.601344435239819
0.0649286999436891 0.784055392172365 -0.272654311660014 -0.549753703833732 -0.640173428647662
0.361236654478935 0.746800869032102 -0.644133424197901 0.466022145317818 -0.418462652155784
0.694150861672496 -0.0303505472134213 -0.817896295635918 0.550490048763691 -0.109376898617815
0.257346168191973 -0.397155706712822 -0.825597677559138 0 0
0.795051411321601 -0.696957082357457 0.0111678514986438 -1.51524309377932 1.22833227550347
0.783371709928964 -1.27258893993497 0.123317057300716 -1.22228370362169 0.417060339775327
0.517575328460379 -1.35895427445327 0 -0.0488981925377648 -0.239882580545004
0.417038428655628 -1.81478389636564 0 0 -0.529224932540314
1.03503851170189 -2.00745385030543 0 -0.215513771420874 -1.0229543451247
1.17622837413985 -2.33922006955408 0.37071697345207 0 -1.06533305793383
1.38432063141487 -2.19643656302694 0.705630098575878 0 -0.940259557500244
1.34192692627816 -1.88686941824937 0.717401390617607 -0.290132481567668 -1.04977018137179
0.448452957935224 -0.91363322656905 0.300945126623871 -0.537318322549855 -0.847240929390252
0.223167983195714 -0.400192203420748 0 -0.410528221658139 -0.825896038389501
0.534568444195913 -0.0946264369586052 0 -0.0336122687913637 -0.801596834966423
0.368966547270614 -0.477532033995952 -0.360955581948254 0.586249841088825 -0.680399225432316
0.386337268869055 -0.671065718157353 -1.16081973903487 0 0
0.538153380060525 -1.16035992249603 -1.4976211409578 -0.246145344859599 0
0.440527782067923 -0.461121946869349 0 -0.180285549762475 0.52971677578853
0.339004840580688 -0.938915677851207 0 0 0.0572915446421754
0.544916250922676 -1.3212508128189 0 0 -0.161108871268346
0.490844944538046 -1.62099211723278 0.0163572286174653 0.124935984128209 -0.611675540429578
0.997590564736063 -2.1294259999103 -0.108690697990611 -0.179300155355335 -0.674740721394045
1.28374409595195 -2.11613552116695 0.025531041436786 0 -0.947921009252259
1.33525216536818 -2.35405952023829 0.360601389488659 0 -0.796200880049057
0.7964655967506 -2.04338325897664 0.238661840903106 -0.218214949069288 -0.827212361319969
0.307696799070472 -1.44414335501039 0.222347921436193 -0.602152811359665 -1.06521126471031
0.16480194242293 -1.05603859832565 0.0896811891958369 -0.312639166164233 -0.904377521454262
0.639888910597176 -0.962593142149156 -0.373371615355806 0.0133046263161458 -0.626742101492054
0.232563378111916 -0.760077269935947 -1.0242461074414 0 -0.245409394346334
0.385366413150475 -0.964822420554042 -1.22893405040937 0 0
0.541557491259097 -1.56686592534705 -1.70528557418201 -0.367005213461145 0
0.438344625965146 -0.525225778158856 0 0 0.421240697516034
0.507880173893414 -0.896135746306054 0 0 0.179165374233202
0.585934836385046 -0.661103423654107 -0.14131690365094 0.537993736705845 -0.162238060672747
0.47930585752169 -1.48560144369096 0 0 -0.380990346038518
0.483370099153008 -1.90085947556038 0 0 -0.607256232496078
1.08079252123801 -1.96628067620895 -0.387394944203941 0.204245705394331 -0.3605430270205
1.09743210406104 -2.47315977042037 0.00352685684580804 0 -0.517710498769669
0.665893478898372 -2.26232913991687 -0.0955212299361813 0.13601365194656 -0.451659858275862
0.580455611482794 -1.96527460109465 0.0125224793041748 -0.22468395252544 -0.823230270431022
0.736672463137335 -1.7721018922669 -0.0675336769086127 -0.101062997343734 -0.876243947783026
0.643306968588921 -1.44800999832595 -0.462687961567833 -0.0874966600912593 -0.663662543658282
0.669005900064823 -1.54363451771248 -0.986554167947132 0 -0.21567361235918
0.499318979593602 -1.53386846115852 -1.6228355760792 0 0
0.590179130395875 -1.84453326739183 -2.08176547642444 0 0
1.87077688139946 -0.738057952664346 1.0969636906676 -0.83585371831565 1.88271979414828
0.457636329411268 -0.801904429943636 0 0 0.202505963746989
0.482219958699745 -0.2867232591012 -0.322141876424675 0.769912530635923 0.00525654879837443
0.0963247345643722 -1.3652029110433 0 0 -0.450264017091955
0.523946633102544 -1.44333915300584 -0.197587655789314 0 -0.253747398808864
0.711474506697056 -1.77684125530855 -0.309862603358724 0 -0.135843601635128
0.985588158346323 -2.0316789318414 -0.331952824713467 0 -0.0748942887484025
0.610252022744063 -2.4255116218992 -0.404594237620276 0.4991769378048 0.0323998355017814
0.798308385407113 -2.34394810062329 -0.30700129074367 0.260287816780472 -0.340418222858656
0.79045919372388 -2.24002653997859 -0.234106667350929 0.145258848797901 -0.815485766492237
0.711213133577522 -1.99581339526641 -0.542083911147582 0.0349889769247245 -0.717879868051884
0.215429691330037 -1.90715862077727 -1.24001136362327 0.0921217461301149 -0.540822016234669
0.530643358083493 -2.07579685864752 -1.7730884829224 0 -0.158681298248975
0.674586308576632 -2.19594959212799 -2.2867313212168 0 0
