"(Intercept)" "X1" "X2" "X3" "X4"
2.41495623201075 -3.05066689909735 0 0 1.71548074560592
2.05400007380937 -2.88030050410241 0 0 1.38539261772646
1.84185990224591 -2.53266254267041 0 0 1.06263379465086
1.65347595560484 -2.08550373729343 0 0 0.656691074045558
1.52625414268213 -1.56801690614463 0 0 0.277537967164439
1.57831755120436 -1.22793697998535 0 0.174469281080717 0.169983301524996
0.998528928343877 -1.12501356944948 0.12785652695155 -0.12061011114847 0.232691623972759
1.08500717298189 -1.0699708417894 0 0.249340786864774 0.0240213381750461
0.937993261771553 -0.984519312762909 0 0.294963747876703 -0.0983193961772886
0.786603202838395 -0.988164254170146 0 0.350230710327592 -0.181438155689426
0.562063606189777 -1.02031781641962 0 0.348005890328067 -0.251728104759902
0.263963520998443 -1.01141133452419 0 0.3170720866498 -0.346408130528289
-0.454791108994404 -0.942290818529218 0 0 -0.389231016627399
-0.680251867925162 -0.633132740013972 0 0 -0.419597502802329
2.38892280316476 -2.69472294395625 0 0 1.56336186302668
1.9669686631537 -2.56271778477262 0 0 1.20352541028194
1.73201551069386 -2.23660179607516 0 0 0.878854461551179
1.56100690159989 -1.80148154744905 0 0 0.523141612462387
1.38395992423675 -1.27774780499531 0 0 0.0752144252589226
1.22443507221635 -1.07790700656416 -0.149797219132291 0.0748011809635427 -0.0335996111373755
1.36272431951126 -0.634137534818514 0 0.308008015548989 -0.241549662749135
0.96204580410249 -0.663865511304039 0 0.299551389653483 -0.346971308047393
0.818926104649956 -0.596543544568771 0 0.3553852339591 -0.437893466971317
0.68100686140571 -0.605767770822933 0 0.402003198837738 -0.474791670620744
0.508579218974429 -0.631767937911104 0 0.416301390975698 -0.475127082915448
-0.173259467302952 -0.397547056492804 0 0 -0.538459732727068
-0.452270628297893 -0.465838626617248 0 0 -0.464177078928508
-0.668382473735956 -0.201193768898565 0 0 -0.486125361751188
2.3549101897462 -2.35743880471254 0 0 1.4546172534023
1.90657727045025 -2.24844677536432 0 0 1.05822053326366
1.69642486994779 -1.88838465425896 0 0 0.72115108968873
1.47151856495915 -1.47329480814711 0 0 0.358168281878934
1.46848145757129 -1.06546346017485 0 0.225153561046076 0.0690288840179057
1.19453300272729 -0.785034643734155 -0.2606991662227 0.257422691779031 -0.366677561893831
1.19334158759461 -0.367749813946248 0 0.338626620912936 -0.54829189423478
1.04791709241856 -0.187273716610633 0 0.366260361779368 -0.7089665648662
0.788341564258705 -0.206333713912723 0 0.452925792521454 -0.798519860200478
0.62955424314928 -0.200019580019125 0 0.482186678540214 -0.748476209938945
0.458096381577289 -0.222719816810134 0 0.479757506616638 -0.70496114254735
-0.186376542250673 -0.0488035755979176 0 0 -0.585492248481236
-0.400187034632189 0.0144545358264698 0 0 -0.533822440483475
-0.619005762495928 0.133093407536811 0 0 -0.533600682268138
2.42698022854486 -1.98067211695873 0 0 1.38441400674868
1.99885177827795 -1.80884617089457 0 0 0.972555593144206
1.69874593163391 -1.50878912444977 0 0 0.591583738658952
1.39741590209381 -1.18698882164935 0 0 0.200541507141384
1.26869966100835 -0.899808927035547 -0.309679957222023 0.31984076876708 -0.255200135523032
1.15445590335122 -0.540388442288537 -0.380386633199276 0.44555646527556 -0.637399349468912
1.01150104154076 -0.17192379956685 -0.295873368901987 0.458667401423364 -0.912244299418707
1.0654870134404 0.0747649883061267 0 0.448114346691954 -0.987505156592058
0.866575447708202 0.153091235138328 0 0.557643439023566 -1.11893567819541
0.617366378856955 0.20858168750129 0 0.538400694770044 -1.02811513006918
0.39691635683476 0.238291500157446 0 0.4714094334521 -0.951409066725759
-0.137887089973472 0.375452641397043 0 0 -0.665361293343021
-0.332571912289831 0.344783695045272 0 0 -0.563792485167882
-0.558325160404437 0.268083053824638 0 0 -0.371607584289402
2.42003182917712 -1.79057797007765 0 0 1.56290777730482
2.01905563471262 -1.50076115169616 0 0 0.911844019934179
1.6425829306705 -1.20526190185938 0 0 0.475725282964117
1.28238592161374 -0.991433399531508 0 0 0.0330814035470741
1.32829170153996 -0.736262791358168 0 0.282732980546701 -0.375690128325977
1.16885208932919 -0.417072665584125 0 0.31893340960152 -0.862565310309693
1.12096457576042 -0.000477543372322319 0 0.354104848826838 -1.17386518159647
0.909372067072831 0.358503409168403 -0.177072248924653 0.460905889137276 -1.22973073101433
0.863303313815144 0.469507365063572 0 0.497724495558674 -1.30190427286345
0.632708578029616 0.610388817800358 0 0.537660231501209 -1.32545904036559
0.0442349761662988 0.768266467537055 0 0 -0.85629667845141
-0.0648608197270525 0.74516371704945 0 0 -0.782041996932754
-0.220030669420586 0.690586579017082 0 0 -0.595373752924034
-0.410604280217441 0.505824843673115 0 0 -0.287334422572069
2.40731181925507 -1.62340183626964 0 0 1.71259709028845
1.940357005715 -1.48487306253603 0 0 0.92588397898514
1.55448043854242 -1.28889702017864 0 0 0.293836420127933
1.41306595002981 -0.998167392632385 0 0.0411324006338431 -0.250562519502467
1.35356147302625 -0.708369732129996 0 0.247478271880592 -0.789658718412898
0.601678795475659 -0.461870797144997 0 0 -1.21944622866595
0.644243758294931 -0.0655247510072744 0 0 -1.40024546835734
0.929980296363802 0.385309223793803 0 0.314123283884067 -1.64661433228159
0.928771608258839 0.684039527283879 0 0.429538526419143 -1.61648512296554
0.609116535545873 0.911758889042773 0 0.463389803469307 -1.45014478283885
0.201313665979529 1.00770772981747 0 0.254602316030576 -1.13779930708697
-0.131947966516735 0.768559885777031 0.0171733576297099 0.126375984244513 -0.740103515268099
-0.0594373255109616 0.670311910291815 0 0.0295702450311251 -0.508279584794033
-0.246921394856677 0.645611179283057 0 0 -0.26571842657338
2.4936723716436 -1.79500688294813 0 -0.371972073137316 1.78020066997668
2.03611962805121 -1.62553758861759 0 -0.262151480379454 0.929899744072459
1.62022968858882 -1.40107023723595 0 -0.173471020536814 0.165443641502181
1.39869773000108 -1.08405023307652 0 -0.000378607367598502 -0.393496682068234
1.16560762430905 -0.728854776701692 0 0.197217436816622 -0.95486445461639
0.578307273310421 -0.405025538558588 0 0.185005088891387 -1.35926269673021
0.337130078034389 -0.098075315127025 0 0 -1.56629389897844
0.468299655039197 0.29499899715243 0 0 -1.61007445598641
0.760747542259959 0.712819449827849 0 0.280733853838597 -1.70403349737258
0.554638311320429 0.906901945644786 0 0.215483388510648 -1.4004605957518
0.333989359197405 0.875816133159273 0 0.227311838939402 -1.13137319906881
0.196475335627893 0.883644441181345 0 0.0703969098848178 -0.849778247246077
-0.00493505679963988 0.705405332966129 0 0 -0.406374819012006
-0.145564683825807 0.270611782964605 0 0 -0.26497672261369
2.34656963052828 -1.77411425234695 0 -0.552058238458223 1.75833982017132
1.89423667686254 -1.59657479402131 0 -0.404446114377385 0.841984616213358
1.52187774608647 -1.42383756198974 0 -0.268036722746206 0.0862936736016428
0.959733164709851 -1.25279443307922 0 0 -0.524658674133336
0.694921880562481 -0.999109431715313 0 0.151544265416141 -0.848912822499298
0.270494015352732 -0.797432517649753 0 0 -0.868928149883232
0.206282054756269 -0.426245514241136 0 0 -1.23573001710865
0.311225954183939 -0.0139621659555698 0 0 -1.3191335235523
0.337920500989275 0.345759339662224 0 0 -1.38440402455199
0.449741736662925 0.637122913724702 0 0 -1.18576303365042
0.17422019278951 0.82069110825282 -0.220840239373325 0 -0.821378864763635
0.236548810876387 0.776643005398323 -0.279270553135075 0 -0.631890764742523
0.089170765163302 0.411478661589305 -0.310008483789305 0 -0.342004861432937
0.0028009960271774 -0.063714789056979 -0.331487903918424 0 -0.139979154901393
2.16030580173872 -1.71543119180658 0 -0.677420906062891 1.59458163759138
1.63999261121702 -1.63112337779152 0 -0.578289156324697 0.795215905358403
1.16843059156669 -1.48108257067666 0 -0.365965489688981 0.131489791347064
0.721637252550016 -1.30727722332322 0 -0.00940791861920713 -0.478358494556114
0.605034895771468 -1.33085576760004 0 0 -0.867243390898952
0.467206715422455 -1.26328346051642 0 0 -0.799766915830686
0.236451454668275 -0.959034612386728 0 0 -0.612945886534109
0.338887885943842 -0.47322818868493 0 0 -0.978968836370725
0.397532924032202 -0.064298373922532 0 0 -0.980716884068197
0.550363954698907 0.31771021877124 0 0 -0.759266129774798
0.324666684191405 0.569008868033444 -0.324740292259771 0 -0.474128079971155
0.219358886305102 0.423913647238354 -0.538869288849539 0 -0.417786225721784
0.223306668566656 0.0785269675254121 -0.619273581224857 0 -0.369916149590976
0.253695824497854 -0.215689493511505 -0.429746254094386 0 -0.188366840143086
1.27280666717341 -1.26647568687163 0 0 1.0327784447103
0.949603859877473 -1.29928695677589 0 0 0.427463291485565
0.427652140985995 -1.33322036866888 0 0 -0.15165499338236
0.441083838858672 -1.52300552451717 0.182176106451893 0 -0.501842470388426
0.976523382599852 -1.62544805597241 0.0849964782411811 -0.224169615366685 -0.609406222462281
0.775343064193601 -1.53027284982666 0 0 -0.895968532155953
0.55232753426893 -1.42215040074622 0 0 -0.932608146696639
0.575117509986171 -1.04286376814063 0.0765029958035934 0 -0.876823571321022
0.37793017766867 -0.590851551647993 0 0 -0.639971885354699
0.634675744583061 -0.100850485134744 0 0 -0.310360366648629
0.594918571627344 0.179837373939954 -0.406737333178167 0 -0.171928546449014
0.381299417415178 0.0568703037429163 -0.613520568061124 0 -0.116729776010323
0.279554654267924 -0.205969285162211 -0.968953688476166 0.110497128207491 -0.0673627428489282
0.342660157195429 -0.522241036092407 -1.12408225840408 0.363207696703153 0.0544697919878538
0.94119910784035 -1.26134402248251 0 0 0.886760135007519
0.541451354211972 -1.26212559460501 0 0 0.386480014098762
0.363471196963199 -1.42060702407456 0 0 -0.0775596827229008
0.472988001664353 -1.65477911927425 0.133874901089373 0 -0.30595832167098
1.02689630564789 -1.84872509628528 -0.0481032257801212 -0.325348414919614 -0.389755073740323
1.08325518860423 -1.80183721477932 0.0515543786771618 0 -0.672173232992534
0.876897163838437 -1.75639452127916 0 0 -0.884014224187874
0.759510130320045 -1.56759681797821 -0.121618074468428 0 -0.717574803576294
0.736713013035522 -1.13992719886918 -0.202060245775563 0 -0.472804219819966
0.830014719244241 -0.609613848376065 -0.289297245441534 0 -0.336389198204696
0.748015442396272 -0.319870573960469 -0.428714373113818 0 -0.146147212569516
0.700282855852342 -0.415222287678992 -0.572016565094208 0 0
0.651420463684565 -0.474690044590284 -0.45705947464028 0 0
0.327725082829515 -0.720232069785578 -1.23378414457289 0.205457230471896 0.327619975256951
0.636629945353001 -1.24653591316639 0 0 0.713437535699475
0.352240730950688 -1.32173390837039 0 0 0.405318456738055
0.316270744003843 -1.56957189861611 0.0757026078318169 0 0.151716690995711
0.569168845660133 -1.73230500916046 -0.00226798333403382 0 -0.118441688786343
1.06349593540702 -2.02573531154504 -0.215654266696413 -0.378177013824811 -0.122481914001788
1.08193814779906 -2.01246326707808 -0.0603831860676032 0 -0.296045396562412
1.19168147906791 -2.15988975896261 -0.208182670889881 0 -0.218333682827162
0.92070662641941 -2.01565386550578 -0.323366697538091 0 -0.293524805202817
0.865286975477825 -1.631358916296 -0.419805271759109 0 -0.240627726847116
0.848096108991054 -1.2225785911611 -0.500839080868876 0 -0.199401037030386
0.800247366823557 -0.938279041710374 -0.474931595503632 0 -0.139201587266165
0.691392389441904 -0.961110440509738 -0.920159040440794 0.105628464972386 0.125140404102703
0.920128727672952 -1.07243221312327 -0.769570922159023 0 0
0.896519470010083 -0.977225648475212 -0.494550962629063 0 0
0.4139271339982 -1.2416511930071 0 0 0.52851609165457
0.29056702416853 -1.35998871617377 0 0 0.165574949324243
0.305234977253775 -1.65272786120588 -0.0388914510430545 0 0.209558892433362
0.827079145774181 -2.0578878119833 -0.376228113668158 -0.494987515671644 0.287908456483751
0.925893552278985 -2.22009216379815 -0.335779412414356 -0.431453315068356 0.204456284781259
0.886253701867475 -2.18301938760056 -0.196797639399767 0 0.13325975310211
1.05522282548341 -2.25838236132356 -0.366851400102347 0 0.290766383792587
1.11413972525997 -1.89965481457229 0 0 -0.40560255605561
0.873462430183161 -2.0796386407087 -0.560784564884066 0 -0.0291221942360617
0.786535355625342 -1.8259111439919 -0.661004376995598 0 -0.0182980333615707
0.777051984098027 -1.56336983577451 -0.625243536319017 0 -0.0376746307589655
0.62595863677652 -1.56334911358332 -1.09031295879069 0.181440583332921 0.317581292027227
0.605536493288862 -1.48661544644945 -1.26150495027681 0.279623942635413 0.429899269875021
1.12831050449263 -1.25471306328688 -0.414493895440475 0 0
0.256951151295424 -1.25144402235692 0 0 0.298458228519184
0.345107348241156 -1.32064625978095 0 0 -0.11525675687677
0.594745933606088 -2.16587592368225 -0.557592122716624 -0.655058979538773 0.704431058905887
0.690488951987028 -2.31564998777804 -0.500538207036128 -0.581975731843955 0.551948817982753
0.727365975633071 -2.42934276701713 -0.451994246352753 -0.434575879709805 0.509044066193953
0.747600410965569 -2.24719250789422 -0.257314760483315 0 0.394749308634197
0.960090421967822 -2.17084782207297 -0.322499575686365 0 0.404425394972686
1.18355789278966 -1.75527748576541 0 0 -0.388922454363689
1.1321279702306 -1.83337023547466 0 0 -0.363019388713886
0.753845293047309 -2.26152461946425 -0.725371678018045 0 0.0664053607266919
0.678897032790473 -2.1362130508101 -0.840146198078709 0 0.136053518625238
0.790556351545457 -1.9256980582139 -0.780430738265262 0 0.181285631367282
0.507959326918118 -1.98156764192722 -1.45689101913967 0.316643304932175 0.6970901346158
0.848306914359499 -1.68498283518396 -0.9183105470788 0 0.354664729362547
