"(Intercept)" "X1" "X2" "X3" "X4"
1.77258909093018 -3.35811269074779 0 0.656761568876212 0.853104852790993
1.56818975863769 -2.97594838575573 0 0.495063982026606 0.923570053684549
1.41872027704584 -2.63750736785198 0 0.136141528786289 1.01326795051708
1.14891331300166 -2.47033158279955 0.327058910360292 0 0.824119253133126
0.702926398079886 -2.4319869975473 0.558745486983501 0 0.555365748866752
0.558433169318819 -2.2280162893888 0.414769821018601 0 0.418978533759338
0.0838584183831948 -2.22445842482964 0.657082825722696 -0.0928687559346088 0.381303769949699
-0.114405691044615 -2.30182967716851 0.70390111437868 -0.0153350698224621 0.694514660771522
-0.386925941611346 -2.12917626978669 0.693403396964255 -0.208419972343216 0.715409966387721
-0.602921646771509 -2.20964697653526 0.946170629962361 -0.135516768565796 0.734725233502146
-0.698479826635969 -2.33633547570983 1.14525283255393 0.012581719680305 0.510300289998771
-1.10877613225718 -2.22439196492207 0.872602961983885 0 0
-1.40952814548326 -2.4422327804174 1.0753525035151 0 0
-1.70747385811192 -2.65239826904177 1.31954249294727 0 0
1.74466305918087 -2.95154908351403 0 0.469767557654287 0.639673139510688
1.46578331132776 -2.57435866091739 0 0.302132574908229 0.649707766539328
1.18922644480583 -2.19289331866652 0 0.108253322089097 0.719609281733759
1.27617398874159 -1.72902751793414 0 0 0.695124389045109
0.898470936775846 -1.71764383034535 0.182581657302732 0 0.402752967109354
0.739175634794398 -1.45155225491241 0.176405182828339 0 0.159443644429761
0.179437121336149 -1.37360618009445 0.380064454392909 -0.0352101850353445 -0.0430175824206793
-0.0887480377697534 -1.4543662914373 0.347807886766642 0.231460175334292 0.379940980722793
-0.297185031655306 -1.32128917452896 0.378170908203192 0.0971628373326095 0.374421576434841
-0.417962004124529 -1.41572636091197 0.553418323635678 0.108808703780279 0.314227812605953
-0.728090989702028 -1.35266779825533 0.477520813473614 0 0
-1.0178084149955 -1.53023860831426 0.741919672490947 0 0
-1.31730391877365 -1.74404457765077 0.940829673716806 0 0
-1.58581477226688 -1.98745948363717 1.09438293586769 0 0
1.53542343006682 -2.58311684267526 0 0.141943683317274 0.454662291632718
1.40562514055662 -2.16939838186555 0 0.0963453621315164 0.401460860912576
1.0246721544725 -1.78353700895249 0 -0.0616981984732927 0.398525369196517
0.791046071365686 -1.38781141477309 -0.189844736045452 -0.209675344794604 0.438848665958583
1.00778852796184 -0.983735415127409 0 0 0.295859382933942
0.832549201738306 -0.796650037577988 0 0 0.029420391994214
0.369558903827503 -0.777603852430031 0.0900322002603127 0.251875983884555 -0.290862796644528
0.120711592965848 -0.701041697615986 0.0668039483223754 0.54654643769171 -0.171647171145237
-0.137842621049645 -0.490206177979892 0.0901622001362309 0.439878769639755 -0.102686569102085
-0.284474548870216 -0.67837934207678 0.254619226639611 0.407852810049129 -0.125313171849083
-0.678129252772104 -0.661277228815501 0.351570615137982 0 0
-0.928611426069929 -0.824914683217897 0.510360934110759 0 0
-1.18422142257405 -1.04276960804064 0.664561599463419 0 0
-1.41877411549293 -1.31975331726536 0.768159061533795 0 0
1.45812281901485 -2.34483755465859 0 0.0142475522900109 0.220273987793779
1.21518948424169 -1.89929083883608 0 -0.132269780070342 0.173699260299763
0.867641550451322 -1.45407115259121 0 -0.289986833277429 0.106253085136807
0.794506060460025 -1.00479235454775 0 -0.24072485898651 0.0597320593691343
0.934964068411468 -0.637416302301756 0 0 0.0672953077910313
0.818548030867701 -0.504106091017814 -0.282860100377508 0.245403587083858 -0.204919349395834
0.898508920128639 -0.16599189425821 -0.225168163442028 0 0
0.6484345827043 -0.0424500610495501 -0.486640688236228 0.376067002928915 -0.189715813296795
0.216419583939266 0.118128439102573 0 0 0
-0.191366897923816 0.185742894833117 0 0 0
-0.633497651780036 0.0370977102222677 0.258581177095432 0 0
-0.934689285515392 -0.157357343198069 0.342283645563683 0 0
-1.15169691997815 -0.415469934878371 0.342835984663982 0 0
-1.64183583051912 -0.920286519076663 0.370352346910288 0 0
1.14028157285302 -2.21401219989115 0 -0.212144975246248 0.194050037342339
0.998380524246943 -1.71277027331797 0 -0.420133920802555 -0.00349982933724322
0.881349221367618 -1.22349566600341 0 -0.473573785041584 -0.0107234245368792
0.626688471386948 -0.770418547573033 -0.0927683098139822 -0.338586462658933 -0.292083848844161
1.01150409836715 -0.595169053625557 0 0 0
0.982274217309835 -0.248500329660583 -0.322066157655304 0 0
0.873760864420028 0.0276899858785652 -0.450194499522887 0 -0.103980008578445
0.706242068481355 0.325518054036095 -0.479409865556198 0 -0.255099073250651
0.433340076803383 0.438470545938715 -0.180887416931231 0 0
-8.12793686462421e-06 0.518041657028787 0 0 0
-0.554487798910827 0.545127868189953 0.125916448678236 0 0
-0.98405234897659 0.354141793261144 0.291434574877455 0 0
-1.07497962798348 -0.0938714208886876 0.193007370817846 0.280373279800117 0
-1.50437106401219 -0.7014850164802 0.175593976440245 0.0656609940778903 0
1.21901468347856 -2.20572101699537 0 -0.404966880565899 0.334468334601122
1.06835342788222 -1.65376564155892 0 -0.544209351852598 0.129232279943018
0.910631641081939 -1.20360547989684 0 -0.616770977291341 -0.0524935846509555
0.892010742608867 -0.931208154599596 0 -0.544446270657257 0
0.778074929091118 -0.633364150956667 0 -0.391577396473744 0
0.14886655366686 -0.259395991128229 -0.385094595478469 -0.218482958303227 -0.457132827600948
0.601525669174853 0.109660704980538 -0.488346414547852 0 -0.35087006604403
0.576961379301464 0.464673433413848 0 0 0
0.378491350293386 0.722544061928496 0 0 0
0.0270450766154148 0.678299904867943 0 0 0
-0.299521467957479 0.672828788405915 0 0 0
-0.709876308021212 0.626886906899317 0 0 0
-1.30111022630199 0.186958806842972 0.188811761800984 0 0
-1.70978121442814 -0.518322889787583 0.228423394851496 0.0636679340634919 0
1.56949874667703 -2.09367105026695 0 -0.688108957170452 0.643827586864023
1.33045304984336 -1.71656698295764 0 -0.717022266516108 0.282208012015236
1.05925482283291 -1.4046502869156 0 -0.633250229394045 -0.0056372019298286
0.809337818283192 -1.1068962988901 0 -0.60001438657679 -0.195454391625051
0.590807919851762 -0.693006847488329 0 -0.418401359516787 -0.317802670842791
0.219661768011154 -0.433684109917536 -0.278159528228699 -0.141026010942353 -0.632545283383552
0.316614095581618 -0.0712051105713911 0 0 -0.480567753040047
0.381023571239425 0.319507254748716 0 0 -0.39285154536462
0.33473176225655 0.796215520459111 -0.357890137463952 0 -0.542776267693353
0.296012033990146 1.03242879380608 -0.481369823762874 0 -0.466932250845557
0.261696047384619 1.0915551517517 -0.81652126859579 0.514915978303081 -0.597288954428492
-0.513324502863228 0.588134840629479 0 0 0
-0.91341471728024 0 0 0 0
-1.45971768147024 0 0 0 0
1.5817968354364 -1.96037720813898 0 -0.776487652283371 0.697517464087341
1.19873732490884 -1.6703751684801 0 -0.606844009982424 0.268945445052777
0.96814047874529 -1.53948367241207 0 -0.606114226529302 -0.0437125560240605
0.795860937004784 -1.24539727694656 0 -0.426861734639449 -0.347904374384541
0.657520489850397 -0.993371364492065 -0.105258993371324 -0.176173032915387 -0.582309631555601
0.407758896915419 -0.808369463709786 -0.149810643253263 -0.118638510432617 -0.707052669498837
0.169542531415052 -0.522506584140764 -0.253973995431949 -0.11519956175052 -0.756163439240769
0.285761464507045 -0.14199429890288 -0.363825770924702 0.220562095438068 -0.699097120045967
0.294296391324921 0.448781884139694 -0.52421085086016 0.391384718192618 -0.592944364606526
0.265482399261222 0.819236370657381 -0.623982747393896 0.15360137456544 -0.585453569030627
0.0271333110098743 1.09637793504643 -0.669618167061092 -0.143939004770972 -0.427087813629644
-0.0769824580112617 1.10464267568436 -0.786239404854747 0.0763607903295098 -0.409585900985945
-0.0758634369148449 1.04114190246366 -0.722098914973591 0.170832974255034 -0.339437106212572
-1.03065092152004 0 0 0 0
1.38239437820342 -1.81694795814197 0 -0.764218382242299 0.585468773412539
1.01919371006156 -1.61608204507815 0 -0.557507166186532 0.149581096535221
0.802832653127808 -1.5989648343187 0.110582747500301 -0.489555500885171 -0.156256232707204
0.716203142087452 -1.43208580133786 0.182969245397866 -0.196769441211738 -0.421256351751326
0.68849737949923 -1.31466881259138 0.0807300392184069 -0.150530778537853 -0.643341799250565
0.394530866951822 -1.18448252738263 -0.052720541678598 -0.186800477818934 -0.792570142859973
0.340105799971023 -1.03359784655537 -0.0715852127214553 0 -0.661105863123475
0.228207634036284 -0.707151154358198 -0.405837641322809 0.256152352044719 -0.844572853017578
0.202746559532241 0.0295184904043608 -0.541970218081381 0.212633037144416 -0.668597007396837
0.126759297512107 0.494906140330866 -0.630844485643452 0.0436466323340545 -0.605553677614431
0.343835291964882 0.510203719399692 0 0 -0.344479474864971
-0.188355666043623 0.927263333038661 -0.655803022960641 -0.462864510116854 -0.391062792509942
-0.236211831474207 0.576305347414361 -0.236082495624637 0 -0.239567875512867
-0.19394081407501 0.898878451310351 -0.710679968077037 -0.133047717813692 -0.0812694182571826
1.03452537417519 -1.66971756620387 0.0698630229900642 -0.733934882657419 0.488445600933791
0.736882131890428 -1.58038944287524 0.153843176989053 -0.51010154267607 0.0890743096332344
0.528979536438193 -1.59361547098853 0.324152129675211 -0.273270032909826 -0.199858813264618
0.576129610655371 -1.63508587552427 0.291368510523778 -0.381902155822295 -0.488830027057569
0.593423800201473 -1.5205360146322 0.176895581435739 -0.408198209335023 -0.675526679390775
0.404548519662989 -1.56625807646936 0.0452919683092677 -0.255895615512317 -0.845363276584754
0.333556839368897 -1.51958479769042 0.0380841715618762 -0.111040761108419 -1.01853891872016
0.358422796274137 -1.08410055267419 -0.168553719580851 0.0648629342843308 -1.01086615462222
0.160775802676517 -0.341086962987899 -0.41026078904349 -0.0329273541554708 -0.83095086424117
0.571363873324264 -0.0488871718801031 0 0 -0.415526894312906
0.523310833750738 0.0901916395296801 0 0 -0.259617670349194
0.356824938111833 0.166373704152786 0 0 -0.323167557444756
-0.320260108109441 0.663153245393711 -0.723558104017777 -0.523465126679645 -0.221218525553647
-0.326968533567458 0.676036739382013 -0.782959093873388 -0.32222094910331 -0.0198980436648664
0.681786805150817 -1.58968926569902 0.119129418330261 -0.541914471008893 0.278385325742452
0.478401444150785 -1.56156923644133 0.282620170904239 -0.273562728033454 0.0140237310231793
0.457229732680193 -1.79313120584392 0.302779085895966 -0.397209116136497 -0.32435503760388
0.593276437830976 -1.82395883676793 0.350694254720246 -0.490866418867068 -0.509219897786483
0.726313487375747 -1.77779629935277 0.303723984394672 -0.476853021752509 -0.665004302531558
0.618712936962891 -1.75342452480771 0.259713544153951 -0.387773363964176 -0.882754666758506
0.43743155233373 -1.70032795191776 0.215050489594477 -0.313644209772014 -1.0036601105874
0.334811877360935 -1.43598816122422 0.0653448823648265 -0.222387965103939 -1.07653493916332
0.630555276027372 -0.80947859666538 0 0 -0.617971082755606
0.0405759901374414 -0.430663954680509 -0.426708696308573 -0.391487098094639 -0.812792554114428
0.414192420662944 -0.283455662309705 -0.279178164008588 0 -0.470795110885838
0.310190868364674 -0.221012944384923 -0.331926614090484 0 -0.374524992575349
0.108785479207614 -0.159323878444772 -0.435627572527258 0 -0.300590486419469
-0.0739934199768422 -0.078977625517403 -0.493683737259468 0 -0.226384283931937
0.434871920011038 -1.66102816639064 0.207241449806343 -0.420937388894021 0.167072968500604
0.413530679326435 -1.77352713528266 0.233202559026182 -0.411546441717144 -0.139154604529104
0.452845910617291 -1.95754462265438 0.313919988994125 -0.478101683689195 -0.383614403136232
0.551553692562919 -2.02848078323752 0.400452808808115 -0.572342604096393 -0.548273171924454
0.608323630786609 -2.04927297090516 0.445409993708669 -0.599931196286621 -0.721635959102501
1.07352082216974 -2.03963871466082 0.580986993835568 -0.11163904588702 -0.652612696705188
0.66683794006552 -1.77194898101447 0.37077012095051 -0.399572762458349 -0.844332121791782
0.648693952593585 -1.81004435069541 0.22403646205664 0 -0.820493767146045
0.0568491691978673 -1.28572112474995 -0.121213063151725 -0.52930102503665 -1.11395415391223
-0.0198160533183329 -0.992312992880134 -0.301148378118084 -0.5570046556919 -1.0458345405903
0.378282049116965 -0.82164319926376 -0.386111390626174 0 -0.545364005302055
0.26119746663855 -0.699238687324192 -0.486162662851931 0 -0.436684256959878
0.109986347371781 -0.621569735734049 -0.590608684629302 0 -0.322008702596167
-0.0548777874606931 -0.531889293462778 -0.67023931025701 0 -0.229636581446282
0.202883768571684 -1.95795346297947 0.279398467091926 -0.508640632603151 0.00354585767393597
0.285992538006441 -2.03997527638143 0.233912900198612 -0.527705437313456 -0.288426769989357
0.321287143843314 -2.14838434606116 0.324588554747387 -0.586263510591389 -0.470461873252935
0.355237386236503 -2.21598243942428 0.438992765645739 -0.737795995124276 -0.63878085995025
0.412569155547255 -2.14946759472871 0.4802532968364 -0.695346360199199 -0.674673067933792
0.673425937095346 -1.98840397560506 0.372048450055651 -0.246348322416977 -0.429091229041586
0.563120462739186 -1.87458156743297 0.318105231828902 -0.389216392139648 -0.620314838863817
0.337983864059113 -1.80609081317074 0.281751637984783 -0.709130667752714 -1.06510724904384
0.405114664374322 -1.70513751064645 -0.175429462876261 0 -0.765620915008713
0.35189581370588 -1.49159306107995 -0.369978238017404 0 -0.686427774892578
0.336406047088455 -1.33368053050174 -0.426367354147468 0 -0.597089368107029
0.189745254368002 -1.2023740591863 -0.556591769912759 0 -0.506246530671391
0.0583426027307784 -1.04830722928202 -0.710924546597169 0 -0.333735976809331
-0.0990910510430458 -0.92290273704351 -0.831361918345717 0 -0.210138303396631
0.0269054421484832 -2.30481505902598 0.289749326843279 -0.633657552872156 -0.184875619401783
0.125978921176464 -2.33027294852654 0.232346149587937 -0.625365052352263 -0.427939632868735
0.138078025108672 -2.3721159860194 0.315790191059264 -0.719720084741724 -0.579611810730215
0.0844635930166145 -2.40091771746722 0.473038062468824 -0.906643828369028 -0.708373055440374
0.103243801410463 -2.20007230565802 0.441322496190056 -0.919981251854709 -0.622145187333323
0.165377787372193 -1.9459390892813 0.218669688542283 -0.598726852389932 -0.305894174786595
0.284215811875972 -1.91887676251062 0.156835475230991 -0.478645605323492 -0.461202483040244
0.394498573161725 -1.88991683765595 0.158690857392287 -0.645836983457549 -0.862130373001934
0.521312376707486 -2.04537634881632 0.164488782955597 -0.68037575668497 -1.08433385815452
0.455323942710522 -2.26873094450965 0.1507395719273 -0.569684466994467 -1.34078881389339
0.340531168406916 -1.76295412202099 -0.424270323906833 0 -0.580694183574039
0.184578946325925 -1.66144206179961 -0.546113492194062 0 -0.523691353217648
0.0115273289174467 -1.44533328935523 -0.767376938144963 0 -0.334857623079607
-0.138929261157223 -1.28428687813728 -0.924146504942328 0 -0.182410551993064
