"(Intercept)" "X1" "X2" "X3" "X4"
1.34751088920918 -3.68917621754191 0.405006499105187 0.640113225759469 0.547221199476831
1.24498148671172 -3.22524523318563 0.478714377477403 0.574945229241934 0.397760626537286
1.1916152982884 -2.73225095524668 0.563998645203405 0.487377928147289 0.280523670280323
1.05940394596671 -2.31981952771342 0.62900044081164 0.302893367011223 0.261258459384635
0.869340593930275 -1.94412654384295 0.672049893375566 0.144158459820298 0.264218060443931
0.427431645195346 -1.7037719888151 0.746762941772046 -0.0611249289712056 0.26782360273769
-0.17221371326509 -1.56183762364293 0.950385386467483 -0.198027398601089 0.384047894277293
-0.519828422158969 -1.53041096251242 1.08667357301367 -0.176032563050992 0.296943755418464
-0.86481013561667 -1.46263379143695 1.18331903193135 -0.306574881539697 0.339219193367177
-1.29125402246522 -1.39224397100649 1.42090644489386 -0.385773347229413 0.324273255078956
-1.63999484199962 -1.37456440458872 1.66594579972388 -0.42314695966824 0.255016542404092
-1.79317406652379 -1.41828613477858 1.81933084625115 -0.366108721075479 0.123933260262545
-1.56228254640108 -1.34220783525413 1.35197946988254 0 -0.272704377142293
-1.9053193906184 -1.66625647070137 1.51673961945699 0 0
1.20012220226947 -3.52414859554152 0.180803003121111 0.608397583371721 0.434524401452159
1.08633007658497 -3.04173155628092 0.238590332789386 0.54658350769176 0.260106782534782
1.03684779379616 -2.51674069224882 0.284557009051151 0.469944361830397 0.120063065036023
0.982757974820258 -2.00918730867552 0.319587720150492 0.35420399222673 0.0218024794650441
0.834299345976517 -1.54451975848915 0.349327961098394 0.260814025284331 -0.0656146949083127
0.557753967725773 -1.07166808764029 0.392915771871625 0.141520703552505 -0.135776803380703
0.138970757319764 -0.936430585993269 0.537182135623762 0.052380849657096 -0.106420206129675
-0.187012728393685 -0.939019164111819 0.638426560096334 0.0979734234663079 -0.0441097267885538
-0.592273469411788 -0.852342870266133 0.792605016652173 -0.0551953515595984 0.0193555791839717
-1.00517839938438 -0.801279811568537 1.05353654112656 -0.181987434321365 0.0170324257738172
-1.21056472706988 -0.835156019542247 1.23940796468946 -0.17738808655992 -0.0905974453891296
-1.26229575942059 -0.913632597728504 1.34109274131427 -0.0560241142819426 -0.175790728774733
-1.35036336380487 -0.944946044973166 1.13212704222063 0 -0.31121101523239
-1.70058417222993 -1.29186684212071 1.2252836873352 0 0
1.10967114697403 -3.33580828053721 -0.0241449686090559 0.553629424054171 0.372515202261357
0.989061959741053 -2.84191164754461 0.0250462789531683 0.501351094419962 0.174125698970018
0.97859003798482 -2.26701831957009 0.0567776367903055 0.44553225603666 0.00478143266305895
1.02702963020925 -1.65240279269438 0.0342124870113916 0.42164041078205 -0.136070008968618
0.866954758807025 -1.18773819477936 -0.00561610475765893 0.40398002045339 -0.336512578037246
0.63616141803269 -0.679530098644101 0.033731721222391 0.382185306615019 -0.477953584553687
0.376054184327255 -0.370163298835964 0.169009933892311 0.236955499984387 -0.515037577879322
0.111538278298326 -0.334695997551072 0.194261378598827 0.348255467070459 -0.452102701090872
-0.320317375603482 -0.243324453229831 0.424236289352363 0.1991683381596 -0.355067195817865
-0.622183104668622 -0.241996548349751 0.628016930947628 0.101925867528979 -0.380164010434659
-0.701228963019751 -0.332974802855453 0.794793027398263 0.147054806957053 -0.420741611135219
-0.928120251452296 -0.332364473235095 0.788101166501372 0 -0.441009742077979
-1.1125907030343 -0.542653086744775 0.92994159869912 0 -0.387189363628064
-1.19177985946157 -0.801450839183676 1.01137932751694 0 -0.341331686896639
1.18392463171443 -3.0821348913472 -0.183373259752579 0.483005235773795 0.340520717418903
1.01373710586931 -2.59761125911268 -0.137196205246689 0.455415516549303 0.149708498982016
1.06383755312935 -1.98293045940089 -0.108435143064377 0.44513003275948 -0.0320167178277222
1.07715748412402 -1.35519443866518 -0.134600674428813 0.457597297200604 -0.230951499734055
0.971326393225944 -0.842555044801116 -0.233164307131188 0.507019884723004 -0.452969289108756
0.785927742316752 -0.365048846193005 -0.324114848490175 0.636340318495251 -0.712666625658425
0.615739205141255 0.000943558848034739 -0.217805116086453 0.590972366406075 -0.823381100202076
0.486847868505047 0.146962386011482 -0.113639815617268 0.535222950411879 -0.855867468720736
0.150177175260409 0.258107102021154 0.0688446709055268 0.48884379784256 -0.822170593511656
-0.185534322581118 0.243061595470948 0.275146178044732 0.397046274970619 -0.769146143033665
-0.613518209898426 0.317832098075153 0.463950323175871 0 -0.698228213675237
-0.762778486375457 0.15912322643736 0.598946271802094 0 -0.581521898074533
-0.874152988735332 -0.10624890032749 0.682030301169055 0 -0.435265216407021
-0.981115057496163 -0.510447406364705 0.720995485301322 0 -0.142297917760099
1.51387540459809 -2.70527985427355 -0.277773536863607 0.278886356389095 0.495380772133536
1.35739438611187 -2.22494583849923 -0.211358122167007 0.332179816202653 0.223460538962498
1.20039353519777 -1.71540177199731 -0.203910184640056 0.407824292070984 -0.0464517836786236
1.06626508452986 -1.13770817026798 -0.237191906705662 0.427132726504195 -0.300721030214439
0.920684725000403 -0.650236286658889 -0.321339803563637 0.482072995749591 -0.525279069126184
0.797190361170948 -0.211375748939292 -0.394821162006439 0.578363695009835 -0.753888894241041
0.697062147840193 0.230795369671131 -0.347996978632086 0.589061645446013 -1.04722858808367
0.563834818082998 0.436335464667104 -0.273502646463048 0.479898429463006 -1.10729670651716
0.343451145094851 0.599368498317577 -0.209661469176481 0.568832928795239 -1.16414587766028
-0.275331811758343 0.871298034568287 0.0801618343194205 0 -1.05121780770394
-0.542072323419717 0.812505880994477 0.294445100129484 0 -0.885762458278398
-0.631910671390328 0.578257476742372 0.413537778943034 0 -0.657272886278379
-0.701765603125398 0.171871666758605 0.461092356743235 0 -0.356522779043558
-0.788933984780266 -0.33829595394183 0.484432892017615 0 -0.0759925175481821
2.0377187318364 -2.42482440917216 -0.315645216516673 -0.0930721192895743 0.76644671766392
1.8438073365012 -1.97127667377471 -0.234934043030084 0.0357701617535271 0.370710283541463
1.60234500189062 -1.51410117802323 -0.181482020066736 0.194584526325306 -0.0230475263189409
1.19998603288972 -1.1067150510917 -0.18488363148738 0.271475642693018 -0.396807385141348
0.794774672744202 -0.66393781772195 -0.186715310206125 0.282207238189533 -0.728694264459589
0.442857197362326 -0.269942569990492 0 0 -0.922963434173942
0.320466116744638 0.263278375928823 0 0 -1.16636943490713
0.473489476735167 0.585641179248899 -0.309314056300925 0.400299232552478 -1.45432091656574
0.418699251431064 0.720059943835401 -0.30298333837286 0.536342150228713 -1.53075342447458
-0.0889541148772301 1.02340995598595 -0.255890625409154 0.388466444401197 -1.444876859167
-0.187168616259558 0.971694823527971 0 0 -1.02424039824262
-0.359406388857161 0.760771024525433 0.154393705785907 0 -0.752708589357784
-0.479908755809416 0.17582611337643 0.25823820694151 0.136139603132617 -0.325704949556226
-0.564891407076761 -0.352274918802514 0.366053354613574 -0.0975246198572681 0.0683734733550408
1.94724207494194 -2.20680407979294 0 0.0397264516221871 1.10852345063096
2.29660452555201 -1.98551733017318 -0.243764867482369 -0.2533094900278 0.650913041210315
1.81988687179236 -1.55486704850659 -0.260789238096636 -0.0428736080961563 -0.0167135493866548
1.3344367736603 -1.18138991149793 -0.247260657970029 0.082783899763538 -0.522265670100888
0.750478825036606 -0.76284226247745 -0.249203240330363 0.156262066291547 -0.890744032861631
0.127473606724671 -0.328123841900579 0 0 -1.12281966471068
-0.0226700978195108 0.16445001655532 0 0 -1.35545603885397
0.0882393807142648 0.411191729195484 0 0 -1.08584494613995
0.213003394608703 0.601556162752943 0 0 -1.18127345369258
0.148636973587739 0.716799887216657 0 0 -1.12444553920396
-0.159793467597424 0.957090782269561 -0.340117680467115 0.322749884653421 -1.19622956883174
-0.111350760126876 0.804292185911576 0 0 -0.737498217090787
-0.0247562944731974 0.44684059368271 0 0.296061313616525 -0.481142663387895
-0.072800221938965 -0.142889021728004 0 0.322214813982581 -0.313844422758846
2.11620534689377 -2.2109413787707 0 -0.384179988969586 1.20896204944044
2.01065152922266 -2.01288078962643 0 -0.203921050096113 0.738570701597639
1.73423342332213 -1.79528240137994 0 -0.0534248466937647 0.228321459308059
1.31177929717818 -1.46305504321476 0 0.0605153156430956 -0.360938285675703
0.654244381526833 -1.119164689 0 0.0545723895464277 -0.802589527845616
0.331930886576006 -0.8491065439927 0 0 -0.944542153026648
0.210290675573647 -0.401486505000315 0 0 -1.14176352003554
0.147274394535364 0.0262685695058784 0 0 -1.25648213991625
0.152776494215112 0.312388981587355 0 0 -1.12761696591368
0.26396000274168 0.46598514815723 0 0 -1.03676100924421
0.171887186815427 0.582844050331471 0 0 -0.859779073283564
0.0223650844000211 0.622339361455491 0 0 -0.672099586035697
0.0488010377470607 0.36135582862239 0 0 -0.563431743900607
0.113157298026449 -0.186142303352038 0 0.236824328698843 -0.414583287593477
1.79607649671328 -1.98455317544302 0 -0.357903512118542 0.988498788737847
1.67657149128495 -1.92126976146472 0 -0.212346879903812 0.592971524591625
1.36609314511205 -1.77187258825576 0 -0.0428929194685718 0.118293667806732
1.04599877276194 -1.6277690576263 0 0.0810673200653961 -0.324070926455496
0.860140712356554 -1.48557628556739 0 -0.0208922446423304 -0.727972784158405
0.635834692083239 -1.2111685317267 0 -0.161291809554486 -0.861556800542643
0.398922974701414 -0.889136053172341 0 -0.146360918476072 -0.9133577058166
0.344073195541714 -0.536876146457612 0 0 -1.00076054795123
0.308976986990351 -0.151324579136638 0 0 -1.0029609831897
0.324726022288888 0.215471892083489 0 0 -0.883784055201306
0.368507882184079 0.328877221246305 0 0 -0.713428621863093
0.200974499166851 0.286769420601679 0 0 -0.576896088598818
0.346984431725101 0.0609560064373074 0 0.268822457270793 -0.5506454176656
0.316016734604742 -0.293686360414198 0 0.311712202953881 -0.461062885616014
1.5561969262562 -1.93841481692871 0 -0.377760989334406 0.85223465499467
0.735535146139053 -1.68735219702421 0 0 0
0.940684345016492 -1.79182386903151 0 0.0210404853746643 -0.0200694696998518
0.701711070475781 -1.81964048821927 0 0 -0.405110764375645
0.772866233433251 -1.80325827687667 0 0 -0.53591803764538
0.814828812656404 -1.65998499065357 0 -0.257909453155426 -0.730563955058041
0.715179258616441 -1.3606564325476 0 -0.167324644751682 -0.831211395098396
0.555785605511118 -1.01173141838352 0 -0.0316550827334645 -0.870906353220377
0.49927004506052 -0.633714888859625 0 0 -0.756272487468333
0.601567478108364 -0.232690321327026 0 0 -0.662918312021047
0.595902037944735 -0.0138727333803615 0 0 -0.549285175185575
0.621430206616012 -0.198348115155429 -0.492447817740131 0.444628197653412 -0.468110536970173
0.569365845176877 -0.358397444909573 -0.618324507861143 0.616118399207204 -0.403781203644476
0.57665355932544 -0.574875054520603 -0.685004398104635 0.841830988318301 -0.252933655802818
0.592661096427331 -1.71474445979686 0 0 0
0.763780597230486 -1.84251074036478 0 0 0.088784314679501
0.673560121409816 -1.92548079562929 0 0 -0.0989804726916702
0.738764491344135 -1.98720278263665 0 0 -0.282932309762529
0.89985160757412 -1.99282282662951 0 0 -0.395692920049066
0.976428939578801 -1.98221194975554 0 0 -0.49577248896307
0.931724368703347 -1.82036258988486 0 -0.220427816887881 -0.779097871276893
0.830482703685711 -1.44991468730441 0 -0.0709616275672609 -0.818485843440856
0.745884228927084 -1.04167970654718 0 0 -0.738901495839923
0.753950455878555 -0.694050731941592 0 0 -0.558101383730122
0.814505471577449 -0.588070325729758 -0.385270072641892 0.215585038103732 -0.474407010618214
0.83630647990497 -0.76640965679388 -0.626436549573262 0.408007636928372 -0.335017164100333
0.887473100708663 -1.12186612085314 -0.820228192561381 0.737089198756947 -0.317902977166095
0.68334790785846 -1.16128670277574 -0.939840225757634 0.863893278644391 -0.228036538609445
0.945601998412534 -1.84382682069172 0 0 0.390173280319724
0.71707522859712 -1.88421545621221 0 0 0.0810330957472408
0.758886786714912 -1.99589397228539 0 0 -0.0405367331782611
0.855697663614447 -2.08438261519147 0 0 -0.169566151455116
1.037996368032 -2.14242283683107 0 0 -0.272502490022253
1.14739957750183 -2.13069457237236 0 0 -0.411019718870019
1.0325007300672 -2.08695700493143 0 0 -0.548712595090276
0.895651042407917 -1.81888339815857 0 0 -0.700535757834825
0.847543871717246 -1.42535371010114 0 0 -0.632181300476481
0.915559825855596 -1.15525617011453 0 0 -0.390959934557643
0.891839897679509 -1.16368086022545 -0.391939015223259 0.214409364746057 -0.458533215732673
0.957473977718736 -1.30662363852859 -0.652641443233552 0.424503760616946 -0.350236852986212
1.02287553668633 -1.52481612193293 -0.892839238681069 0.687158783754038 -0.223665348568927
0.908545205039899 -1.62326085047088 -1.05756537772129 0.900791185278108 -0.112060202339864
0.526484812987092 -1.72435141257993 0 0 0
0.755059680393243 -1.9719946464029 0 0 0.115212554394864
0.839653474244345 -2.08247947403217 0 0 0.01043714498748
1.00433405595358 -2.0186266198623 0 0 0
1.11609759460256 -2.23427744153691 0 0 -0.188887135864772
1.22574225556752 -2.18889497663319 0 0 -0.289506236299535
1.18543227612495 -2.1389572102847 0 0 -0.321835604675301
1.02227435566016 -2.0113081183739 0 0 -0.451341637539147
0.924671266824794 -1.75338141127245 0 0 -0.536489810934917
0.888102232062435 -1.56227961766957 -0.26312917241015 0 -0.449468843286688
1.22115046393052 -1.12080868897884 0 0 0
1.02228686037423 -1.74887199120582 -0.670114392408045 0.413181659043192 -0.31411288119506
1.05253667090838 -1.85526672262679 -0.896148699315841 0.625240795698119 -0.178221710072632
0.994163685291434 -1.84731414671055 -1.11142279686126 0.848242184586093 0.0731193544791562
0.563056261495863 -1.74298270684482 0 0 0
0.739020154166209 -1.82549126397238 0 0 0
0.931850006195547 -2.19274272673053 0 0 0.066853590465955
1.05455616017127 -2.27953871231373 0 0 -0.0721616124017058
1.19235012776249 -2.30700620283082 0 0 -0.126858199027493
1.29404915379542 -2.13606023569113 0 0 -0.221021070325902
1.18181283678876 -2.18976565395955 -0.0717815087071018 0 -0.0117389926898233
1.1064652800592 -2.0177738573451 0 0 -0.283869052163189
1.09411864072363 -1.86024805445109 0 0 -0.37613521391916
0.960959163618005 -1.91062310446764 -0.279175112087757 0 -0.425202019887483
0.988123731889087 -1.75797056231766 -0.335133917032026 0 -0.367571877494623
0.967856922096327 -2.01146659162118 -0.780345377482513 0.300564113226399 -0.173915169438022
1.04746059250651 -2.11344231828403 -0.928592725912103 0.514461741179004 -0.0727472461769018
0.996029595224854 -2.09196285520139 -1.12769209112057 0.742711896831991 0.180256432225596
