"(Intercept)" "X1" "X2" "X3" "X4"
0.563000498224365 -5.02346514582601 -1.86700730703507 1.43441192718682 0.44365923147548
0.0410019124229884 -4.57305291003522 -1.35769967007239 0.877584784503981 0.595064487038056
0.00595799546208944 -4.00942511851253 -1.09008893652596 0.295167448201548 1.10102938196389
0.530185233670232 -2.70455774634701 0.239847949425817 0 0.701285928395701
0.723258994295536 -2.55931211031681 0 0 0.508296875989007
1.03259948276599 -2.23103147215703 0.468094237957534 0.0690046641309018 0.39789674657744
0.595027760715989 -2.02409669366152 0.507326402205648 -0.158145672280631 0.462525970907054
0.0547465794713042 -2.05763086068325 0.734437782498722 0.0574836563776586 1.22111360265408
-0.513694252277487 -2.14889113694002 0.84379026355008 -0.2724211500837 1.06647663611033
-0.5098446951819 -2.64659051590235 1.06489637401354 -0.178318259949862 0.871998199206861
-0.269269555021636 -3.03881897955081 1.28204377179943 0.0916756161363317 0.574887357848309
-0.120644938708754 -3.34119861028948 1.75793194858778 0.413706421247404 0.632449286881377
-1.6080314192454 -2.15034219437844 1.04281072427648 0 0
-1.96560343053908 -2.17047807405599 1.82326250463578 0 0
0.912213050311898 -4.38770139418075 -1.53293077977951 1.29363662672081 0.169577785606929
0.334987345744381 -3.80972099438223 -0.85702756605541 0.699994497499415 0.213085125881732
-0.102790805536523 -3.21497789785366 -0.366622965957035 0.165267942435536 0.276919234432713
0.167056600175273 -2.71660611140474 -0.0176639823243399 -0.0757266496720044 0.717555268880929
0.79274723503801 -1.90121403340094 0 0 0.530616125001799
0.696981155219388 -1.64199941415316 0.280798402663386 0.226719010533828 -0.129768896564719
0.510222411375901 -1.07887201353118 0.257374223433553 0.10072403306666 -0.119992008111145
-0.0699989569249338 -0.930170434748733 0.461088959588663 0.0236065416970765 0.27497366398956
-0.843463500182101 -1.34026600132134 0.939403180324354 0.122000305230252 0.721742409326508
-0.703674818486887 -1.63588730208522 1.01238550613737 0.162676043211918 0.214497895357813
-0.37512715157957 -1.99180915309271 1.27809907633833 0.37433914207556 -0.284174738998536
-0.244147022922843 -2.24264310584332 1.64754482769958 0.579728415821635 0.0983067018113901
-1.51326342397536 -1.57534459949247 1.05354003593897 0 0
-1.77537173278309 -1.59770039247315 1.65056013533802 0 0
1.32488382265963 -3.89092726775382 -1.23153772777438 1.17528513964628 -0.147869448767035
0.708523125568234 -3.25213146622552 -0.694846819105117 0.537858083863731 0.088101939738335
0.0918310443627788 -2.61614631139141 -0.0784975123998382 0.0424174824188566 -0.0939838601908273
0.0155106215602371 -1.88761326135921 0.342380130759348 -0.179683454894694 0.0134289227469737
0.598136184496147 -1.38247010898287 0.100740279154268 0.0872243484495511 -0.132663002285263
0.472822491192756 -0.961445330454566 0.226580990504291 0.405356181492969 -0.165851620216123
0.406284118181925 -0.397009235765467 0.101839313034165 0.417236702583815 -0.464798876217654
-0.0746035907395741 0.139478838726798 0.115411032904014 0.320080923289378 -0.792978269688005
-0.999683754296229 -0.256771901700496 0.653233281012664 0.370685910069327 -0.246483024946009
-0.648654356597924 -0.810385439396444 0.813529184874934 0.553244626190866 -0.592417221905658
-0.566133213351376 -1.17314052094513 1.63057195997819 0.631200369173893 -0.702915112995288
-0.872317631718069 -0.723954723423069 1.30117232309024 0 -0.464633199763414
-1.33455773929138 -1.01537094548588 1.19974487066625 0 0
-1.47816773483111 -1.05786803687914 1.29694405395941 0 0
1.16720921686781 -3.17612983610127 -0.479925316782752 0.360043632577126 0.303553825976489
0.963631435832352 -2.67887384081741 -0.163586491131078 0.149121836109249 0.17606903493939
0.901508147940884 -1.78307715127966 -0.0412841513002773 0 0
0.838541700806576 -1.19048386732137 0.179218636952604 0 0
1.05915400640777 -0.871323649269899 0.0233253184839182 0.342746879995693 0
1.04053246117079 -0.5834413617585 0 0.704765059258678 -0.00277260350449162
0.572646965045398 -0.189039938341068 0.0160720017326405 0.72855748089702 -0.335839115364414
0.487676494270032 0.0722582041968948 -0.0339307815907846 0.677849020458532 -0.640806144237667
0.28509544167214 -0.127732436102646 0.00337486210180318 0.675331656912073 -0.732265746136406
-0.427494322899573 -0.810867590495567 1.34816104592994 0.626951273164256 0
-0.671582435591128 -0.523771209107681 1.37749473449727 0.308089249976132 0
-0.987022514788326 -0.316290977952391 1.19786239925132 0 0
-1.09825127926169 -0.38633086526623 0.985010036392305 0 0
-1.12740048755681 -0.545732569302542 0.837504565982343 0 0
2.54945825493924 -2.49901221186841 0.0301266277580582 -0.173595797478537 1.21806530749646
2.19440315150317 -2.03660644247956 0.171360933309199 -0.249810363009787 0.668767077250272
1.64972038280916 -1.46456745914863 0 0.00845164837367046 0.310066453308259
0.875324736315546 -1.05218191398639 -0.258298075038588 0.45271690913555 -0.745811844642667
0.789124504806196 -0.506920970967194 -0.319908015215057 0.671547714637995 -0.719975342912218
0.803754048438263 -0.0970200054234441 -0.306823171306207 0.74373140478313 -0.0239120966513649
0.897118143611047 -0.329627130300013 -0.0385113281658708 0.932825750664856 -0.376276591477648
0.832160572114558 -0.311535852038939 -0.0999641112874711 0.663523094705102 -0.367202021106949
0.645785008860426 -0.613053967762296 0.507916202306859 0.630703242419655 0.0903464367718403
-0.0410364222791743 0 0.740223156631521 0.310589005461034 -0.496885441777277
-0.488372529645108 0 0.672514054667307 0 0
-0.854461858065211 0.055875579049078 0.84194770335467 0.32234158767681 0
-0.79475285329898 -0.0257425916992545 0.656737445599232 0.319092182216142 0
-0.934428782656512 -0.410165988313857 0.612025152168605 -0.0241297779488601 0
2.68564530195028 -1.89431058903369 0 -0.319117978802209 1.47583245230113
2.28388484584532 -1.69293522364465 0 -0.257596881804026 0.930813345375345
1.90907544043721 -1.42560833506647 -0.0604238151993698 0.0289468898422333 0.358345456091443
1.40718597127665 -1.05371657035382 -0.169304023395023 0.351795886036071 -0.204051534571124
0.660135842274385 -0.651150751694096 -0.342373602545858 0.657688598440221 -0.8041729289395
0.483740276667961 -0.206657103354529 -0.14286662599847 0.560578941645541 -0.450747258197881
0.72259372282358 -0.421122417245373 0.0594673441151464 0.638458480700712 -0.0705647058848032
0.627259530155298 -0.470803516595616 0.14884143307051 0.696296441213175 -0.0729640134127826
-0.134671288615134 0 0.373889895130498 0.454097976496156 0
0.0584119917618022 0.369092543521322 0 0.144206231950672 -0.833899024766078
-0.0131834663622727 0.94613445426649 -0.569051032774329 0.407741849014022 -1.2603217317082
-0.538837128569619 0 0.523324972290398 0 0
-0.669762031883515 0 0.628056696048634 0 0
-0.92492403212009 0 0.622412525935737 0 0
2.80943391421907 -2.1524964413951 0.362197222606471 -0.747142000481365 1.92398022483492
2.16820708953693 -1.7152116475065 0 -0.39941587282859 1.13762285367996
1.86588298154314 -1.67835049297568 0 -0.351588489524426 0.650227125656008
1.36527252345993 -1.31764713042511 0 -0.0460407787007248 0.208268160120349
0.818972819113459 -0.910205266452876 0 0.164576462394836 -0.495191965656358
0.385654725762226 -0.473957444644498 0 0.415971893804031 -1.08678315357912
0.388481830592583 -0.140530706121592 0 0.590026896565252 -1.42684013891853
0.405222405470406 -0.0486032997979721 0 0.668688618949034 -1.33334866926536
0.0987994098865722 0.171500382768154 0.11473357063385 0.526780303704475 -1.36460908717552
0.0853278138384021 0.142536092549764 0 0 -0.679344142133743
-0.0343322783057834 0.692651149897214 -0.46456849362794 0 -0.897325846241056
0.1002151474258 0.804793163679954 -0.258521034264719 0 -0.571952192700734
-0.31634716475199 0.498109331105466 -0.0615977635757444 0 -0.144094645216364
-0.686984661706577 0 0.296027085551339 0 0
1.82867623132203 -1.47470702401831 0 0 1.13782223239306
1.60677318675132 -1.50620216746656 0 0 0.796060475626214
1.33727665989572 -1.53602911495247 0 0 0.415414326473227
0.888561978474429 -1.41204355063968 0 0.139346377299094 -0.105339423986277
0.781240547491812 -1.15988066605731 0 0.312776290755615 -0.668521210686767
0.89621256377381 -0.93369955703754 0 0.442582757646171 -1.06036389481513
1.00805177218645 -0.675158303946224 0 0.505351489776523 -1.30238803738513
0.960352961156796 -0.413160045497902 0 0.546480988099471 -1.42220383634682
0.668085535435104 -0.115311419811369 0 0.537950966444819 -1.52465538643825
0.286546545242297 0.0159461167106618 0 0.286813004221273 -1.01360161185453
-0.27718379671435 0.373652489434736 -0.541470460945469 -0.108773527086861 -0.93122179545979
-0.119084596439425 0.848547118714858 -0.630009846895838 -0.0373466028904833 -0.645245930171594
0.186804896711343 0.711817902551928 0 0 -0.0811033487773923
-0.031909946693613 0.617797368941978 0 0 0.222875071991802
1.50169637593395 -1.53413869782867 0.304055422816701 0 1.27501466345163
1.22808476146701 -1.63866900609733 0.293201551792971 0 0.725797188388962
0.834365706919763 -1.66900570924594 0.422424871063757 0.132957873724048 0.0354969934956894
0.666189980534025 -1.64211501101913 0.368177386911047 0.247848290498668 -0.370868833377361
0.850271852511764 -1.53300178931366 0.233218786804974 0.329491114269191 -0.760643359855874
1.08277269174564 -1.31432441871566 0 0.316652516478486 -1.02415529667817
1.00576724231757 -1.1551513186146 0 0.267065570914161 -1.02332849415518
0.737779200176536 -0.805373771777846 -0.191779692547996 0.0193610911682121 -1.38119857974594
0.454409489574804 -0.644980404050641 0 0 -0.884560293019932
0.455917840187603 -0.303419717681128 0 0 -0.832467663244121
0.472909337283495 -0.0217869715602177 0 0 -0.565442267939805
0.343659437436437 -0.0039731687433052 0 0 -0.299820606235518
0.275960250869043 0.163111924834043 0 0 -0.0782880729986298
0.233571287132669 0.435754592087176 0 0 0.210531326064874
1.00895807423684 -1.40409874764535 0.357362129175874 0 1.01875418963836
0.555515473619259 -1.32483905257393 0.452720550082807 0.371711276519074 0.284779677743152
0.277867798451918 -1.65581416700051 0.555743512165313 0.263214459722877 -0.115417540546752
0.532389409786875 -1.90690270304883 0.469365078341461 0 -0.354482768038052
0.855316148110414 -1.86779087867364 0.368838131916514 0 -0.829465187393152
0.890087636243382 -1.59380932888692 0 0 -0.936809764801341
0.870376669697813 -1.6558132565238 0.158092141534924 -0.213887884863094 -1.25637661846202
0.816685470155036 -1.26656198062261 -0.127898404816917 -0.174065683893671 -1.24116213121652
0.483447352453727 -0.882817953160668 0 0 -0.531497789677759
0.721180289940601 -0.6520619485365 0 0 -0.619708572477373
0.849947071532222 -0.424423440046594 0 0 -0.452415604302783
0.821313034068886 -0.224143831916264 0 0 -0.228015588576578
0.724049074944185 -0.027688974886997 0 0 -0.0215357708888734
0.589414339335499 0.138025256171553 0 0 0.173148062300926
0.471349081140212 -0.907539774147482 0.417609086670584 0.652927165957239 0.507417570668958
0.205122933868432 -1.2009621347495 0.536684960074513 0.65135143679408 0.0510296386868404
0.0706917787219088 -1.58287182842643 0.600712647486432 0.591280526774414 -0.205946788955618
0.466530998737441 -1.94737118738493 0.516778048409006 0.252809639848145 -0.451436430618125
0.959082788724791 -1.94623848860745 0.278937229361563 0 -0.730442779389475
1.14117353012939 -1.97732410085625 0.294306280053244 0 -0.975892005765673
1.19551747845619 -1.87327861140601 0.214135857627716 0 -0.928340990619301
1.26547777993615 -1.65446116816267 0.127896362171799 0 -0.926116540607502
1.20548273761717 -1.10698183937435 -0.132022760361274 -0.23867249017439 -0.981084038883826
1.02737143648447 -0.98971204803517 0 -0.188160807945057 -0.656286022717213
1.01693931986557 -0.751972427224067 0 0 -0.292913562468732
1.61250496513009 -0.414821304516796 0.29876179372173 -0.304873496719199 0.0738850758238376
1.75541529711023 -0.325527465189739 0.331130899779412 0.0276940336879731 0.385977287383955
1.00467035114157 -0.204767837086988 0 0 0.236111993166591
0.16147431096736 -0.849234109117156 0.551748514973189 0.982604241032649 0.276019040064917
0.0684056206752917 -1.09456359199623 0.572754728422466 1.11350531910457 -0.077219736399865
0.117726704755397 -1.42113309921648 0.531589965405589 1.04983733096881 -0.317085763871475
0.569084233329588 -1.7245895323953 0.39088084029098 0.54921363934064 -0.60183854488897
0.684507745330406 -2.12948859089146 0.462107104364858 0.195498567420652 -0.646230576277006
0.950050659105184 -2.22267363124234 0.224562034421809 0.188508995343729 -0.606207704783511
1.17016843137255 -2.10696315368447 0.106410438597957 0.00550817639881806 -0.761995635700592
1.41708845439651 -1.75314221028523 -0.00583354506439861 -0.165985894406211 -0.860754342081507
1.39630265443965 -1.33710558675535 -0.143281501898248 -0.350679236043757 -0.871436389931098
1.31021703573789 -1.29787942981969 -0.292055404842278 -0.291956511214927 -0.773508050069983
1.66167166195714 -1.23576987364058 -0.072198053042725 -0.221841742541052 -0.367787439323677
2.21511177712033 -1.04413807500221 0.408077831123223 -0.250822583400012 0.150065403202206
2.62701649701167 -0.676496833541904 0.891325083859771 -0.36520297742899 0.681819697212232
2.3889008650847 -0.630575965802983 0.591308018201762 0.0864292132481822 0.871817377317546
-0.0787475533797923 -0.714446878397161 0.626113478594597 1.58394492913008 0.0313954277326626
0.0166654952737632 -0.993802411309575 0.554397493619223 1.61155587564847 -0.186819375469229
0.206159063830589 -1.23818347945604 0.380597844048849 1.59433682915141 -0.421210232744089
0.306209869177925 -1.79518778713325 0.355373996389325 0.865818000750526 -0.470341678403519
0.483170098678372 -1.9833084340849 0.339583335079796 0.401958078289103 -0.433267897835155
0.863320948169952 -1.85457465820586 -0.0927184259642177 0.34683349066682 -0.263353905806215
0.817034561866174 -2.17147744929481 -0.184497348609073 0.405540717242716 -0.25833006469308
1.27492367703981 -1.83144305560332 -0.264905497714367 0.120132318623345 -0.467345804760518
1.4648087714158 -1.70150527133817 -0.175654518131188 0 -0.510100864190475
1.37266172198091 -1.59751606406217 -0.313711477054356 -0.401169352970425 -0.635568747341019
1.86275465198604 -1.64856594521343 -0.0711419638407105 -0.275113986406864 -0.306594116086914
2.74565352774685 -1.60864418880319 0.472491133465146 -0.106279039046416 0.228094468600026
2.99934145675673 -1.39090206947124 0.705165222389602 -0.131431028037583 0.59146078669092
2.48973250733377 -1.15815723858079 0.43570645223214 -0.214823254358368 0.73832829278636
-0.117522173545782 -0.700929159993658 0.608653512081263 1.83190056398744 -0.0394522746220123
0.0558561608614889 -0.915615766843772 0.468894744934487 1.93870735856222 -0.294747665534022
0.211836430019106 -1.32478724737146 0.301824588283466 1.6352243103113 -0.40114911940202
0.190988534222803 -1.68310920863629 0.411622784230061 0.745221597171959 -0.414984376874351
0.234907577725236 -1.85489870363558 0.283269435793616 0.414392476758276 -0.23860417217625
0.576808384954909 -1.58294448960504 -0.0143841733441189 0 -0.0548144209433594
0.873555129456517 -1.56700430174462 -0.181700825416481 0 0.0261075374589315
0.968495375212509 -1.69316710709241 -0.613258111799752 0.391877517311117 0.113002881117387
1.38584579401615 -1.86227525386623 -0.272332862561724 0 -0.271821681117414
1.622984705338 -1.77637146022458 0 0 -0.244312185788001
1.83927927050399 -1.67098139003773 0 0 -0.133274389431797
2.05410642753336 -1.61586446322692 0 0 -0.0264045123875428
2.21921443066682 -1.74557666614851 -0.194169505516719 0 0.241566913496523
2.2478242502503 -1.35250175346594 0 0 0.25164906078598
