"(Intercept)" "X1" "X2" "X3" "X4"
0.120523734829621 -4.32247347566286 0.200665924091074 0.472243490908118 0
0.283827280042639 -4.371725134405 -0.200178155625891 0.864423106863338 0.326617220880141
0.513869138981331 -3.71353594975045 -0.0529501560672695 0.485323374951341 0.66239364721936
0.60470325271804 -2.88827298980029 0.290572430830246 0.224934585481606 0.652423893554472
0.645011451524077 -2.1074302094761 0.60678074966297 0.00278569819015764 0.452141846177486
0.241182199774829 -1.45912699085953 0.727055647047808 -0.402604755231778 0.256699143587557
-0.243396508690354 -1.32109504801585 0.897142240074925 -0.591346305895431 0.0937744465437235
-0.532732525794204 -1.44452710843357 1.08612492060679 -0.267824947027311 0.485634493354869
-1.15108306436018 -1.38388746613038 1.4441797321443 -0.273664256602997 0.590359282771586
-1.48632285803167 -1.30758726894658 1.6869678849988 0 0.533688116899781
-1.69497480931536 -1.29440118191216 1.76051036948414 0 0.279234085208659
-2.16837709470457 -1.41549625523898 2.09714558285728 -0.303173421144177 0.210758485830157
-1.93551822846983 -1.27938473682441 1.54192993871857 0 -0.27829146115897
-2.12599993492379 -1.48780706690651 1.63012228371094 0 -0.264217396642746
0.153754869196751 -4.12933079237018 -0.0263223628286904 0.556607535821989 0
-0.186934695681832 -4.09062865106134 -0.288364394585505 0.703300053542528 -0.109141731720731
0.0637084970565301 -3.40769582099111 -0.177499138843233 0.388370032840368 0.0552031914962344
0.462592096790411 -2.42879696233469 0.151903454311024 0.203111362040139 0.178410470481296
0.689136629055708 -1.6395368168661 0.287351098826589 0.172503084773098 0.119937009499404
0.363995992104344 -1.08469514299686 0.399635093923509 -0.0036968705971183 -0.11535351580822
-0.071583404045307 -0.604139957055772 0.475626327553104 -0.242012548659758 -0.224770006077352
-0.26274701591061 -0.69216573629267 0.578787487512598 -0.0643224672621443 -0.0756936373193644
-0.760862761357778 -0.746112365156354 0.879174578592243 -0.12124278923717 0.161409499833728
-0.85762069448975 -0.657971900284287 0.967548051493679 0 -0.0116575349773208
-1.23638465566919 -0.771903775051005 1.22631516765444 0 -0.0639667454696603
-1.66254830766405 -0.865216589580125 1.55715982923571 -0.214438721940653 -0.185990510128562
-1.65610507943766 -1.06209982169726 1.63044207693273 -0.0432121599464338 -0.198330404357867
-1.713097471382 -1.27489205285477 1.57476577520248 0.133140058368396 -0.162126880432838
0.234221303369029 -3.91003027009463 -0.234861767210307 0.576158724946448 0
-0.43790222344575 -3.73425176722617 -0.334108336157352 0.501781417252497 -0.379122369621236
-0.144942112236444 -2.88096595774861 -0.168056428710077 0.293536223205585 -0.415407282362645
0.372619964956059 -1.95161580703567 0.0177845653776326 0.190248146440105 -0.349165537630706
0.799283021598807 -1.21934581687196 -0.0704584760148556 0.374146453604923 -0.262589305494331
0.566587645735713 -0.663679786511732 -0.00897207827461467 0.368418663185602 -0.405444370809493
0.0520428733587362 -0.119952577549136 0.137122446120654 0.100685644931017 -0.59381708082141
-0.0845190628406253 0.00562657322734255 0.238583829020941 -0.0839476995478294 -0.524729668535776
-0.469472347884946 -0.0429507799443473 0.381609030728753 0.14314130475527 -0.398259026541355
-0.687544758497141 -0.18851349016064 0.576259088000999 0.0903045953929931 -0.376270015412452
-0.888575228675067 -0.182549324416312 0.728504460313727 0 -0.457175554178497
-1.27591248060359 -0.263711759883568 1.07369010038863 -0.0738275342487868 -0.470805848339809
-1.22456500156934 -0.518515286419512 1.06374335867481 0.0825062732629207 -0.344058374607248
-1.22443221093697 -0.917644393459815 0.777019183305474 0.29418999633572 -0.164403854806346
0.36132227730678 -3.68201414126536 -0.422509753917887 0.504227633438414 0
0.518216910780204 -2.95401734725869 -0.253388547809031 0.372389738664251 0
-0.207570819657992 -2.51866760402364 -0.228490885438083 0.168647565958035 -0.58023832396935
0.433025300884176 -1.50418983486506 -0.103799776008907 0 -0.565423463697082
0.997877707111498 -0.80647867087489 -0.38729342573728 0.616678686374454 -0.649500953320647
0.811001476593966 -0.31478348155904 -0.390877623149964 0.772450993550486 -0.715661079938897
0.376228167145288 0.136804276729489 -0.234665193277196 0.568112327422145 -0.949510972689315
0.233234581908107 0.341651282898991 -0.132745374492456 0.291703074488477 -0.872698931587984
0.00710456772055819 0.446581769312524 -0.0522639774072692 0.412299189030541 -0.890045931144922
-0.470041536017768 0.478512370837571 0.202466063953505 0.334593389808854 -0.970138452819706
-0.675203548118547 0.381793343233209 0.451056817589359 0.257311042196754 -0.878873409590928
-0.771359580799608 0.237087422870362 0.594832264827229 0 -0.586921233793117
-0.818732812620222 -0.0523447981032821 0.550904627731608 0.134030194785517 -0.463159542015298
-0.956233020249025 -0.761772529290115 0.0514356023538317 0.323707040572249 -0.1613722935951
0.562153036023014 -3.31805063993583 -0.498981282262768 0.321383968158473 0
0.373051618781379 -2.88036587630519 -0.454223264682321 0.193862765353999 -0.211404177197352
0.387515669133133 -2.06056910368474 -0.319139112970655 0.0985152650608199 -0.389012938776152
0.929425549214598 -1.11658076386464 -0.286658987305273 0.394281522737206 -0.534957269871287
0.784576898191529 -0.518484234056785 -0.361405605503945 0.47155720618287 -0.733080446734364
0.732357170460975 0.0178332447991082 -0.676606431740884 0.814592428957003 -0.974002746062012
0.532278793244149 0.418598569265828 -0.566776211321979 0.862733747622645 -1.13622064185927
0.367134666055705 0.590799712101589 -0.301700118731633 0.457377753893907 -1.16720118591639
0.07718938240704 0.753146854201982 -0.274999403604927 0.476966750343841 -1.3006681547662
-0.306067428003582 1.07203541506928 0.0183903807209349 0 -1.16130654508405
-0.455058023575542 0.972929786158641 0.234858773373759 0 -1.01123110189448
-0.532561912116904 0.733270843890467 0.376289304324133 0 -0.763205296811182
-0.607697940086135 0.326820855165192 0.327493726336665 0 -0.428739988814822
-0.964315562953228 -0.39201581672544 0.286622481628115 0 0
1.38130170925326 -2.92595502519009 -0.588303534681008 -0.0876642987850208 0.241500553949355
1.29361904135324 -2.25462926086482 -0.456945769834248 -0.0239665503927701 0.0625619042608687
1.25955125830468 -1.58384890743139 -0.381454340330261 0.126317212085537 -0.230142328504693
1.11847415523377 -0.998180078744602 -0.306998092642588 0.29826621809181 -0.611602279494494
0.60150959419062 -0.469845436170276 -0.186677561151546 0.329847264397575 -0.860391686318695
-0.175046558539273 0.130985111010874 0 0 -1.18836144471476
-0.029288313524619 0.62334484492346 -0.403491513350621 0.451810390314755 -1.5801106037319
0.319675466108858 0.771266062276443 -0.491820140760742 0.649537398506391 -1.65637271109848
0.372165525304917 0.967252876592947 -0.458798195772776 0.385535511546443 -1.5227553587059
-0.194811684360414 1.16605296955556 0 0 -1.11685638963484
-0.192608680040218 1.28286863841316 0 0 -1.01023780706509
-0.12951374626261 1.11238796204808 0 0 -0.72670040636002
-0.317400492972018 0.543484241203304 0.211548237851713 0 -0.418394179887268
-0.656054390936194 -0.513299143203433 0.122758805739541 0 -0.229132956130624
2.13195186242707 -2.61559848898008 -0.511789062702756 -0.557829797312789 0.888055380714543
2.01980879935578 -2.01748608172386 -0.428551899458828 -0.337559706948421 0.447743947277173
1.76503147563484 -1.50859665576379 -0.322979593080957 -0.0952604188595483 -0.0251970929654698
1.27712496604565 -1.09468094640617 -0.201573745072329 0.114040669539702 -0.528179841434524
0.321688413817305 -0.752195600466863 0 0 -0.933401590590165
0.0236923303752716 -0.228674943345218 0 0 -1.25666797031834
0.4092644646459 0.50589202190628 -0.346551572306363 0.643960983451033 -1.71873083977722
0.442746967058931 0.816538679641661 -0.21052986449644 0.710364047444222 -1.90454753428513
0.323280956490374 0.905782646939123 -0.274150825023349 0.446819835405742 -1.69691907474778
-0.202832202276013 1.15535556536729 -0.350011713652951 0.069441257527517 -1.45756353384401
-0.116773706962511 1.1153724689879 0 0 -1.03738977493095
0.010938883421542 0.968020587752489 0 0 -0.775298284044436
0.00436490435185032 0.728142222946161 0 0 -0.538119011469246
-0.258304685757238 -0.175296154661468 0 0 -0.145196471189989
2.19269647444125 -2.22861908279921 0 -0.376879011982032 1.3243690834712
2.01108561124999 -1.98267522165593 0 -0.20711536359668 0.836858759477732
1.63476659072093 -1.67298480334175 0 -0.0616147911186802 0.143775583341712
1.01283983471358 -1.28585559994459 0 0.227190913496103 -0.571756925814967
0.64887696057228 -1.16882511638536 0 0.15615961842077 -0.975096777656554
0.335452845308739 -0.849805765708568 0 0 -1.02039109626901
0.348987387551915 -0.308294265660436 0 0 -0.941750114997764
0.19460535905835 0.120015030769605 0 0 -1.32935788706701
0.0470914472108997 0.464752145788391 0 0 -1.34025255094118
0.0237625559728554 0.738254570219365 0 0 -1.18853127320727
-0.283370730961644 1.01172683452462 -0.354385995685278 0.0637924110215942 -1.1002753113182
-0.0114459196094715 0.875362897794978 -0.211265770837183 0.0880842047274439 -0.903709762903745
0.19102877409982 0.538298384103983 0 0 -0.582466936375706
0.0605533720239524 0.128834841638653 0 0 -0.207824595417578
1.53429909714596 -1.74786058624574 0 0 0.785747999273035
1.29140735248333 -1.77577076563801 0 0 0.455326191585826
1.13438100361422 -1.67381162080541 0 0.0924146679742824 0.0661788943659549
0.826126391280222 -1.70761863626871 0 0.0601649917539847 -0.422674918519178
0.560449367256244 -1.62546302861254 0 0 -0.823868515717099
0.611186903306527 -1.40019379456518 0 0 -0.801416097506928
0.428032448574691 -1.0113818404844 0 0 -0.880810273062885
0.287701229106548 -0.549802425784441 0 0 -0.918958598306701
0.192152917311971 -0.127794772122252 0 0 -0.998675794065003
0.325414344878408 0.318204494451152 0 0 -0.948893320971846
0.316744928331997 0.621298507131013 0 0 -0.770814247835941
0.146867178083131 0.636433909974539 -0.38666959317346 0 -0.858261866599619
0.197265426487158 0.291826198121794 -0.346021135886007 0 -0.612680631835284
0.316901903043618 -0.159912346611941 0 0 -0.381379641374241
1.27353961014471 -1.75259307347936 0 0 0.709964121091859
0.763050716140018 -1.65822315957695 0 0.129952500188761 0.176582697236229
0.45415342939642 -1.83711167012831 0 0 -0.234653809728174
0.410997462797381 -2.04553445735226 0 0 -0.3808239539798
0.563398183956442 -2.05112072041865 0 0 -0.590222948992927
0.78298793590992 -1.78453548751813 0 -0.228155213833559 -0.793211742179135
0.760262095945148 -1.43569622871918 0 -0.0859072508580636 -0.955249242917976
0.518769713720031 -1.12261737649666 0 0 -0.982587267016552
0.429601927825387 -0.589422648710551 0 0 -0.882443858361285
0.616056757454154 -0.122098959521658 0 0 -0.628384289180465
0.804566451352255 0.00551710915190116 -0.331330957007409 0.368649371344349 -0.496786950247362
0.625763694904468 -0.073292344629063 -0.550015296644021 0.475651238115883 -0.405028399009661
0.486068694205328 -0.395611408269518 -0.699706326246264 0.658688296719703 -0.433437103477364
0.563622778263992 -0.841911775714049 -0.617320428491782 0.694065172471228 -0.253000977268564
0.42131745394076 -1.68633374058086 0 0 0
0.54015909850855 -1.66904314799063 0 0 0.0500610309939108
0.414517325679721 -1.93244698418043 0 0 -0.100801656804466
0.370831519472213 -2.27794226291004 0 0 -0.204761500752989
0.743284508201066 -2.25736948803231 0 0 -0.406459868122624
0.949527315338885 -2.16452408152109 0 0 -0.669369575967701
0.933947231571977 -1.93239180529804 0 0 -0.833693122253619
0.837064054444817 -1.48025359566886 0 0 -1.0087075132382
0.600630149356336 -1.04430672079948 0 0 -0.750716288326313
0.787657001704927 -0.612774467570733 0 0 -0.562069291547687
0.930997124096324 -0.712910730665699 -0.307168597912873 0.312797898629154 -0.497442177384788
0.944027106359681 -0.848605554941587 -0.517191009135558 0.584930293268059 -0.468783967978197
0.893372501682675 -1.11996203554647 -0.762343503867514 0.942422708969257 -0.320849509068374
0.948935213861973 -1.5356491213552 -1.01554086763052 1.30677125170963 -0.214664770137958
0.421510331826165 -1.60431710071009 0 0 0
0.554217859218507 -1.71061985866228 0 0 0.113981504072711
0.43181043467606 -2.07022171435388 0 0 0
0.54690994625362 -2.39964168293309 0 0 0
0.917006089704029 -2.29748594943889 0 0 -0.277424637115351
1.08587806624046 -2.35924897324707 -0.0390728246584305 0 -0.405873534756399
1.10389766953746 -2.2446771530812 0.0192069213923796 0 -0.663013787553758
0.945840918240913 -1.88610751500907 0 0 -0.686392955209213
0.767125525109568 -1.47572992294242 0 0 -0.591731581531604
0.918318201788129 -1.17445234727424 -0.201118265094209 0.137227505501372 -0.566772398452119
1.14030649484508 -1.53318292464016 -0.350500047371413 0.391882512961173 -0.587804037541874
1.18663090694232 -1.73637098333153 -0.578521900982411 0.69158701291649 -0.563195503106916
1.21835034433159 -1.95125177879954 -0.79212521719145 1.03446953961559 -0.441383333109433
1.32106870456218 -2.24268502236702 -0.998028933558977 1.4466869010304 -0.293527193129201
0.44543208018037 -1.58962195079055 0 0 0
0.492881113236719 -1.84190939620735 0 0 0
0.637961955469144 -2.0692017567017 0 0 0
0.833659377091654 -2.15332145677684 0 0 0
0.591706780136928 -2.08946910283144 0.136224120725497 0.524517151721849 -0.250201582068709
0.696119663842551 -1.99390318186517 -0.135971106352336 0.564946844289935 -0.107631888276523
0.916119929114039 -2.22914821317122 -0.392516284155657 0.336620875889208 0.0939887445235686
1.10554004886468 -2.1145096831665 -0.13286844312042 0 -0.301319726940257
1.07686663669133 -1.72592921614857 0 0 -0.287172743434939
0.860252303613759 -1.66269405615706 -0.405224795516317 0.201098412326221 -0.44207702721279
1.28521262542136 -2.19145210669247 -0.418282885620223 0.48137643559732 -0.677727173655375
1.4663043210301 -2.52986186852691 -0.628278156827593 0.814700670096077 -0.68566581738173
1.53875175308526 -2.79325561350026 -0.849667132941581 1.131278613106 -0.624001077531793
1.72493047423738 -3.09850334796895 -1.02554408683078 1.53749583253727 -0.521856799162864
0.516513257879567 -1.71458065559822 0 0 0
0.62943884214428 -1.87058836836499 0 0 0
0.76224656313165 -1.96524624071264 0 0 0
0.883958070605302 -1.83851770122957 0 0 0
0.459106854960537 -1.89019983119398 0.00956484573925416 0.940251600421208 -0.0501069415689034
0.455297195947021 -1.78253357438807 -0.307898647878934 0.979286977898548 0.22856219373662
0.687766093691414 -1.91779668823608 -0.542486382113923 0.710980202803163 0.393367560934717
0.798296098989399 -2.04732523743708 -0.72682186048516 0.515558607737451 0.281779374315457
0.549161744451807 -1.90576905801702 -0.754184092258264 0.419334107844731 -0.176608237470476
0.716300456857311 -1.68815517678182 -0.879474432673353 0.279105876919147 0
1.22081242394014 -2.52300843255978 -0.611769623102343 0.508255333390049 -0.607368895558925
1.65375413287229 -3.15919722631643 -0.673936864751069 0.932335414211236 -0.815398479619607
1.88337762481875 -3.58843589556162 -0.897729497598098 1.30003591722558 -0.81670760286067
2.09533982374104 -3.89205707917006 -1.05397157162242 1.69495860039129 -0.734493521364314
