"(Intercept)" "X1" "X2" "X3" "X4"
1.76413455859734 -3.14483622020384 -0.541343057161535 -0.0985998992881716 0.542184492246828
1.4604010521556 -2.89586729389098 0 0.0781714328142983 0.249517554423613
1.19730844566541 -2.63535216221698 -0.206649831329648 -0.227091763806268 0.0815720970412905
1.19700749899689 -2.31883711180252 -0.0823326037030728 -0.141701226870866 0.128752795707522
0.888722117198949 -2.22223270777258 0.0998557036527336 -0.175116270713724 0.370184886558475
0.557349041954456 -2.06748575322355 0.261661589867364 -0.23190380532442 0.342035682369989
0.427473644428989 -1.90299621066266 0.456284107055032 -0.166989804115142 0.456398644066053
0.131365336358911 -1.84544529430369 0.718958711784992 -0.122679501519434 0.582294734400594
-0.280984976991059 -1.78308448587234 0.925888512204642 -0.219308410282551 0.603798127849724
-0.628680976116276 -1.75645321541508 1.1051662010184 -0.294577753144108 0.442484160661521
-0.917280001433079 -1.78465947090536 1.31153960917988 -0.316436811118127 0.232963309654226
-0.944842775689523 -1.82678269920106 0.912485863191792 0 0
-1.36780255505101 -1.85011210977086 1.11969537375173 0 0
-1.83020342693439 -1.9000354544289 1.23428164784219 0 0
1.79660721222252 -2.72865943117988 0 0 0
1.68767575702901 -2.30383343074572 0 0 0
1.42521767028603 -2.26058724932385 0 0.229161963896463 0
1.16498355253634 -1.96003857749053 -0.203853675595436 0.0677328379610473 0.00543622357473827
1.00204920654663 -1.70650116807628 -0.0877649177607571 0.0967927840418163 0.0645603739631536
0.773463601030409 -1.43639667866016 0.034210269808184 0.0548369010453114 -0.0142158572464349
0.584095034013613 -1.18463871587747 0.183957652110111 0.0369580348276658 -0.0469771550138028
0.24335480066168 -1.12039803617178 0.399601356013878 0.100831459958967 0.0541141693911927
-0.179676464733527 -1.09394345519314 0.65309827799655 0.0283363692348996 0.159377603431773
-0.483277203578128 -1.09728290027655 0.857874342715125 -0.0580727879968867 0.087803737099473
-0.737076368578737 -1.13680443241874 1.03409509231199 -0.0986082705959489 -0.0714817182984046
-0.923534891077466 -1.26594570963207 0.860110869413707 0 0
-1.37637856107018 -1.37605359822816 1.0328235570903 0 0
-1.81695016281721 -1.54074667441574 1.13420111303574 0 0
1.72505614219437 -2.46900157104523 0 0 0
1.52686528077785 -2.11757342602246 0 0 0
1.31973733013033 -1.87060689906992 0 0.227639665947305 0
1.17758217903758 -1.52605218433024 -0.309567940343123 0.193939735969673 0
1.02616736609476 -1.25478536432341 -0.289776584847488 0.306827808096567 -0.195362705372401
0.889891255164154 -0.917317643460999 -0.190402247883549 0.307195495349888 -0.328242564492495
0.750007083461946 -0.599728701099782 -0.0546015727368441 0.269828938049871 -0.369654141614383
0.45684418255545 -0.41398755035839 0.0604977330504907 0.265045107737979 -0.412551746227585
0.0465914047186729 -0.408982875380168 0.33218738725387 0.251353504663182 -0.297309883499439
-0.279740138797205 -0.467826894652115 0.582681901904979 0.179646406829413 -0.250710336564694
-0.595439743614061 -0.551708343135648 0.769305454148012 0.0682993823033847 -0.270831188563284
-0.937207100554113 -0.75068626032131 0.722537774216704 0 0
-1.40739871841665 -0.951227247803589 0.820158746636489 0 0
-1.8842300253992 -1.13973718095078 0.876299269499208 0 0
1.70561708336297 -2.33824927813647 0 0 0
1.50390720873509 -1.86873001389656 0 0 0
1.33052396796683 -1.39220934652913 0 0 0
1.15677044549327 -1.13938340174439 0 0.312457445511219 0
1.00680976208885 -0.829723175857781 -0.431965655555663 0.444145640291908 -0.196635058292285
0.97613535969029 -0.525053742154799 -0.405967561431276 0.554172506323316 -0.478378126879016
1.01623495588644 -0.117707808488514 -0.400376876930166 0.516314828231582 -0.560333968143709
0.836922311822765 0.133068614231427 -0.287547770026102 0.430620709264408 -0.593240688782675
0.562712545363566 0.247527913980722 -0.130412748425473 0.388699303632045 -0.618215369517867
-0.0402900490043099 -0.0174642799545824 0.264327372566186 0.389000465081071 0
-0.573347913964829 -0.199899802596105 0.504811805447866 0.170999634714486 0
-1.02620743637309 -0.442581583985794 0.695565074469291 -0.0331296871677908 0
-1.37364874464084 -0.632974867618824 0.660077711470654 0 0
-1.8724113627122 -0.885898690261503 0.733079961571675 0 0
1.77007683639935 -2.12286017284491 0 0 0
1.44395785739895 -1.81338795677371 0 0 0
1.17789348700121 -1.31744866100799 0 0 0
1.01481961538342 -0.806825006437266 0 0 0
1.07073712968378 -0.655893236581573 -0.508097706737138 0.62648602570707 -0.15147114242931
1.01650615630019 -0.35663642837031 -0.607924023685626 0.697578102357374 -0.322944607565282
1.06667553000273 0.0781550266161694 -0.545770201508107 0.543129096438746 -0.656674705856319
0.939372600597742 0.402026747192069 -0.475913848552014 0.44047280816937 -0.629874699027618
0.706321160090217 0.474891859403003 -0.358568488724252 0.505472639446864 -0.608350871947635
0.259915807784038 0.534657781743478 -0.175750895507139 0.383275648905325 -0.566673712878568
-0.448773494943132 0.162611855229144 0.279403581934807 0.214526179070105 0
-0.958170359874406 -0.131695086301757 0.476546133571335 0.0137992614070801 0
-1.35077329087617 -0.330870767894642 0.483689282095135 0 0
-1.99767913758185 -0.852454388506553 0.732141854725849 -0.352657886174011 0
1.94328407123985 -2.15319718604724 0 0 0.661942098296637
1.62532793295204 -1.80574045103892 0 0 0.368263145657137
1.27419412092788 -1.39152900481857 0 0 0.073124030983171
0.894326219997167 -1.00957865607049 0 0 -0.113777165834644
0.638187041272983 -0.62243174321485 0 0 0
0.582931773873009 -0.234263903013437 0 0 0
0.739191184129172 -0.00301149074756911 -0.436205301842643 0.266616159453253 -0.578332301858114
0.919115584726848 0.305875204047878 -0.537899337397451 0.415257689686015 -0.822564912516617
0.707561032735108 0.509432232568536 -0.480679307033874 0.361402388101279 -0.839128927761825
0.351138806552215 0.73800638312039 -0.339044566184736 0.255387663826335 -0.736287817742005
-0.178942006211953 0.548176624705919 -0.0647302989319429 0.0592951697487984 -0.477789476209147
-0.934646268168214 -0.0402028839197345 0.301271456718724 -0.309665399851432 -0.189575295211903
-1.43391285461146 -0.497468483400728 0.470303458071804 -0.572901800217806 -0.0601852748565474
-1.86260907580577 -0.894686583315164 0.602590407533066 -0.772800000261636 0.0130342971106455
1.93154100837922 -2.03318984227864 0 0.0631216616582735 1.06989974049548
1.67672126812396 -1.8010475893653 0 0.104336109223144 0.562877138987302
1.27399564791498 -1.57779241557736 0 0 0.0826206599244096
1.01941655246281 -1.25567144320831 0 0.191649266309553 -0.0973173031784279
0.469730360606617 -0.814919666463913 0 0 0
0.250990609989338 -0.436223776284647 0 0 0
0.160877778775583 -0.068495286188981 0 0 0
0.565215739069086 0.198402262103601 -0.303750532437852 0.0712260527558474 -0.915772782084814
0.567739177905158 0.451641541386772 -0.400553802472372 -0.0822749904001396 -0.749626249012087
0.367782319400649 0.665771933775879 -0.466711937248397 -0.120753324016077 -0.674649801387904
0.123341455025254 0.88014571875505 -0.584900335501197 -0.0768113736931783 -0.565891961705631
-0.361239932032012 0.482228625879734 -0.359531313637271 -0.246938139424409 -0.352586069610326
-1.01084760345804 -0.376783038053872 0.00574848526863179 -0.539651479910724 -0.2103165868904
-1.26330802332551 -0.732722724743698 0.0104339507922641 0 0
1.66692444678085 -1.79447196854842 0 0.00558637450459035 1.06540358417866
1.50030702184901 -1.69048148845703 0 0.0750759513842127 0.636936240577129
1.34475367617876 -1.56137080440992 0 0.21472742175515 0.238237000975824
1.0872943323135 -1.3473746665835 0 0.353996004856259 -0.146211390698522
0.62192466301425 -1.18630122381479 0 0.358828966178779 -0.34007767902145
0.240172430833569 -0.863839589193684 0 0 0
0.025555906715607 -0.441948448404933 0 0 0
0.179999203250964 -0.0175504842523816 0 0 -0.517956912688428
0.451527246595257 0.21973281139761 -0.284544545504552 -0.0443367123592518 -0.772584618309733
0.401266649602338 0.546013896339056 -0.513064859255373 -0.255949981270535 -0.594991439828113
0.182505375338521 0.821894552774016 -0.723100078722159 -0.277757430104015 -0.458526966073181
0.131179730385291 0.908425319814245 -0.821061377243473 -0.143783760081038 -0.363263491436776
-0.218636813138197 0.501846325813667 -0.647099394696489 0 0
-0.800925589519663 -0.401264997712633 -0.364224262576139 0 0
1.4678162263307 -1.78335281587993 0 -0.150062941456151 0.969912100322448
1.29515482079355 -1.67601894534929 0 -0.0518765898150253 0.630531629787211
1.12905334891922 -1.51534740709585 0 0.127508214387364 0.229223225531038
1.10803142467555 -1.40624077965813 0 0.312444984215524 -0.173272047342035
0.936362352082253 -1.43417028271176 0 0.226283947215338 -0.426554135418304
0.375691286998132 -1.27836492559827 0 0 0
0.198348503613811 -0.938847721557321 0 0 0
0.278608036221933 -0.567762689480936 0 0 -0.472081642495252
0.399416689426274 -0.145994312093561 -0.312592149371409 -0.0313645814966765 -0.678278826683231
0.352136163466696 0.274272966307835 -0.51098017500969 -0.17781543630304 -0.499809683624567
0.278064804507847 0.63358719916286 -0.653769623622976 -0.328796479928687 -0.339677917346069
0.27172917286519 0.704817189575812 -0.754441822050896 0 -0.291790137800316
0.0524529633336045 0.575060927356381 -0.772998521695686 0 0
-0.0610612106209264 0.446747908347766 -0.976657077602729 0 0
1.22770787676325 -1.70560832785019 0 -0.25825913982014 0.851898645904128
0.981193515706347 -1.63109183579751 0 -0.128953622771008 0.507986796109917
0.870127402505326 -1.57473910506855 0 0.00276421375850473 0.175895234504933
1.04105495955877 -1.61223406271527 0 0.0394660960798773 -0.124712757596997
1.12109216077124 -1.62329968866982 0 0.0263160784859576 -0.379472949480985
0.979725484665468 -1.49064958884837 0 -0.0497023823461532 -0.49949997172526
0.547249433604366 -1.45367402534161 0 0 -0.324775958815974
0.40782851717141 -1.09761310115374 0 0 0
0.458968776746162 -0.627451329696262 -0.249516285233298 -0.0493324853530726 -0.59450453987166
0.310666538459427 -0.115575313742258 -0.441693928156429 -0.102166643946639 -0.472219878293873
0.333491826816073 0.266935650506354 -0.550216944356359 0 -0.320879951126799
0.338949318594461 0.459550074199414 -0.750948808888412 0 -0.308922192978809
0.231685488413371 0.596727839392765 -1.00595818299982 0 -0.259890040484082
0.104629199847805 0.37187526806341 -0.906444930133911 0 0
0.972701259448247 -1.64609688506375 0 -0.41251258294005 0.740290764877514
0.814503646617921 -1.63123319267617 0 -0.318972437600838 0.450485068714001
0.807742138503773 -1.67787020848526 0 -0.213374843600552 0.151788711826232
0.898519552813961 -1.76257636433085 0 -0.148658410683308 -0.09900496205617
1.02886560503487 -1.73032205682577 0 -0.177662230122208 -0.261887840502328
1.14206435208972 -1.67813180114564 0 -0.301574158574924 -0.376496073056259
0.75461719878152 -1.65425884831475 0 0 0
0.664285316693758 -1.63485705616775 0 0 0
0.62502012255473 -1.15544706603952 -0.151737694108279 0 -0.41772664578536
0.551468243591041 -0.683010289396972 -0.308065159953595 0 -0.453716927275254
0.389413468031157 -0.208637813397216 -0.557348057390981 0 -0.450697957768096
0.312276848837655 0.181494000761208 -0.799574827607607 0 -0.347878404063725
0.297824286342121 0.309360219207888 -0.982331285472568 0 -0.330456637289614
0.21375312167903 0.390608855647881 -1.17005467126819 0 -0.299178228766461
0.75826903892062 -1.64279440388104 0 -0.602403683026853 0.652641819105667
0.703116861035228 -1.66551603871741 0 -0.533527441925451 0.394496991610317
0.812913774607888 -1.74911081153888 0 -0.432562212685872 0.146228096660672
0.993206384852672 -1.92598910520513 0.101484854780129 -0.425195764720597 -0.0222613155302899
1.13773627378086 -1.80158346457225 0 -0.446629798995303 -0.140521771944277
1.20575954692599 -1.78866457799255 0 -0.507047687823757 -0.237799657610007
0.986647700344612 -1.70026880761536 0 0 0
0.924470495694995 -1.84125950736938 0 0 0
0.814789342814454 -1.62759129311505 -0.222645484873258 0 -0.462940290371157
0.746021132928381 -1.19587415548547 -0.326766649455139 0 -0.474176152431028
0.60052210384364 -0.789391744237799 -0.522474672042185 0 -0.469661987187447
0.430243287945461 -0.391543624271724 -0.756909381265718 0 -0.428348272669222
0.30408369657749 -0.0648126915021184 -0.990386302419551 0 -0.381816099499269
0.200036990118808 0.168393060671028 -1.20196328344526 0 -0.330706852075811
0.661012819141353 -1.71752090475328 0 -0.862112377788129 0.623811676258185
0.696873825251982 -1.75149802685463 0 -0.79862250369292 0.386270954501842
0.873454127091411 -1.84889151977476 0 -0.73214784130312 0.210159430805258
1.01728060180186 -1.83061276318363 0 -0.606252985910965 0.0499640961069407
1.17183372690503 -1.86178321472188 0 -0.633436151116504 -0.0314340819436484
1.24210304902703 -1.85332219938617 0 -0.63339634614335 -0.104943410121003
1.15753780896589 -1.66566317948455 0 0 0
1.10763418899547 -1.77742637910617 0 0 0
1.18923552380455 -1.90477711554045 0 0 0
0.886147406850967 -1.70083408190242 -0.400106650556065 0 -0.474905109151823
0.724929715352628 -1.31945753776064 -0.564301328058633 0 -0.489527446119672
0.577451787381444 -0.954281695276069 -0.752238106467056 0 -0.460991278609326
0.395158071834808 -0.575591746699104 -0.977906468613451 0 -0.425574228490878
0.304949361652174 -0.254198788458087 -1.10156615077672 0 -0.352412386817114
0.601041491958774 -1.8902157933621 0 -1.19126331104313 0.616211436197109
0.751099538201736 -1.99101026519386 0 -1.1947776880815 0.479627294049336
0.908895463705186 -1.92858906102661 0 -0.935296640884561 0.260340055343594
1.04056390817728 -1.87874062755044 0 -0.770581027085066 0.106862435956692
1.04507642988641 -1.57020146971671 0 0 0
1.1746660754012 -1.60838530114122 0 0 0
1.22396550041074 -1.6364394785078 0 0 0
1.22605825571682 -1.6685427909605 0 0 0
1.28310512547521 -1.78339681505793 0 0 0
1.39776440120775 -1.80881454964954 0 0 0
0.8783829824148 -1.820252116371 -0.593083692689446 0 -0.477964966473408
0.715323600529516 -1.4704036057312 -0.761514747507992 0 -0.472921288294968
0.577738180584189 -1.11142967968406 -0.939514232068767 0 -0.448828367304649
0.337239409921721 -0.671123875366797 -1.14368609009943 0 -0.397257662465668
