"(Intercept)" "X1" "X2" "X3" "X4"
1.22696782179449 -4.63017097499481 -1.03256818239163 0.692034739766055 1.00560117457842
2.2146489392715 -1.82171573407261 0 0 0
1.72931928602254 -2.03593361293724 0 0 0
0.382219075398415 -2.81678941957263 0.0159654114436527 -0.523129925096588 0.0440846125747317
0.185858368685733 -2.4396513244942 0.155266211230356 -0.559253957784176 0.0430513116589717
0.36464662272421 -2.06486447975711 0.357875005322037 -0.326328605515139 0.0864506182969463
0.622182056703109 -1.79186680564679 0.484422471727469 -0.130966841653201 -0.0167717563145799
0.253083481003205 -1.47926221739891 0.57491911250404 -0.196305231088666 0.272125887371084
-0.163597949574971 -1.62594960715503 1.15803123621252 0.165802746619259 0.839616987385371
-0.416721323421121 -1.33885078695441 1.21169675939356 0 0.387386391189546
-0.637831237796927 -1.83961127253788 1.81844509841779 0.679434535213301 0.563693773672779
-1.03716077003756 -1.58513447931951 2.38509482004766 0.346959752012155 0.222890426437342
-1.71410264940114 -1.20329222426291 2.99095522785657 -0.0508734338484043 -0.0906086622205814
-2.26010189927932 -0.991051484847107 3.52892009518541 -0.490879208567452 -0.328957744818891
0.943883761609441 -4.25579290913113 -0.84168010282779 0.480978221602907 0.731687927363032
1.04079085740429 -3.84670550768422 -0.595745568752705 0.506502190152404 0.391006664392375
0.742085704776987 -3.17583986572216 -0.280731359852986 0.119865796573466 -0.216788968800958
0.417982536367654 -2.37309946993508 -0.173070746168021 -0.343809901257223 -0.164826204380648
0.388772842423402 -1.9597078790929 -0.0880023443702333 -0.285287048336508 -0.199669260537341
0.761868995121998 -1.43661973242019 0.16208382955569 0 -0.44771785467399
0.397673796522834 -1.18335013360076 0.110796855216403 0.106928180310256 -0.0483863590062391
0.144265433789171 -0.88726810034911 0.173376978933753 0.0667252479036845 -0.0999038197595257
0.0652711455631587 -0.631571148431133 0.339126139303498 0.10427848190892 -0.0782276119288363
-0.170197982564308 -1.00906374261777 0.613986602728926 0.575987698401628 0.242794461058215
-0.519239949829495 -1.04277198507879 1.13358672893106 0.520225460834367 0.126203528732439
-1.075613720468 -0.750814750724725 1.8055949993646 0.148590802992766 -0.0453821639466827
-1.86390908029718 -0.437201267974407 2.47071662655237 -0.374736837708498 -0.230950585436208
-2.56921163311344 -0.23953361612807 3.02759675566368 -0.868035688938305 -0.399459892453858
0.777467075412714 -3.7035491688607 -0.504300586204578 0.321303937249383 0.562515618465412
0.684252243487037 -3.46612163642479 -0.354292174346571 0.266429003918791 -0.0152869889050863
0.731981234822393 -2.72425420369065 -0.149686452764882 0.0350580558526638 -0.234816638832789
0.800455703300849 -1.89393574831674 -0.233885875650277 0 -0.550201350079482
0.447060338536601 -1.45912713276577 -0.371996759570441 -0.0890607040927526 -0.36175312521641
0.574282636151644 -1.05646336436551 -0.10350742095638 0.133572308331648 -0.549330877302701
0.454329311473126 -0.716824095093544 -0.174079995794267 0.404333595501284 -0.418739122456855
0.138857466481713 -0.284436680692593 -0.160665842920868 0.297163544401923 -0.427622246923668
0.241999078125208 -0.179583035664724 -0.230353262343861 0.358111827120651 -0.405678739875348
0.12920593520981 0.0581379270401268 -0.0279646118139729 0.262534766477705 -0.545429095696221
-0.356533948394044 -0.129274755056786 0.570895053383239 0.280811301934023 -0.233706947606275
-1.18286100581445 0.0346433191629994 1.27420792687047 -0.197598663488757 -0.170869444747023
-1.80429202392262 0.147882217673008 1.92535414430099 -0.623305154052094 -0.317780322125051
-2.45688350164379 -0.15094648915696 2.30482117888651 -0.932584648772792 -0.303048392822267
1.44045471221023 -2.60447852568228 0 0.140449612153304 1.02004832254605
0.317849249406236 -2.8991298110274 -0.0652232899822704 0.00475476465021435 -0.200372975254222
1.36515609685342 -1.4922516160304 0 0 -0.0412211390814489
0.665454449871214 -1.42668896192368 -0.393316696375265 0 -0.785607952644719
0.613259104071861 -1.00418502907524 -0.640419750241124 0.164035498878439 -0.650351779319905
0.455698047448781 -0.499665358910251 -0.520666073692308 0.263566641182999 -0.743926128157656
0.697173483793751 -0.169286441243178 -0.525439129503655 0.709054978150708 -0.72218128344795
0.381166266606797 0.0814251779855673 -0.506142283306453 0.701538021082914 -0.658035265361813
-0.0036528256943665 0.511410064440512 -0.583569015346566 0.484218120603489 -0.685266720849961
0.422165054027012 0.72852566651035 -0.314243411862735 0.25537472221004 -0.924427526685594
0.024146767806463 0.858155744875052 -0.000841617586267276 0.0883522772842358 -0.646048641731883
-0.826126820575065 0.581631744508944 0.738054544135949 -0.212919177412607 -0.430365565590941
-1.43085829139793 -0.0599288599470705 0.863116733129733 -0.230742174430038 0
-2.40149401641786 -0.724922540185914 1.52298042643223 -0.865842422619691 -0.00337140723699099
1.56369017496422 -2.4980625529109 0.0571468954875358 0.293358778744573 0.907034036320545
0.732581874842539 -2.02723988380355 -0.0672198842202149 -0.215722979729479 0.197429277699827
0.274874162699106 -1.37852823444485 -0.530605742197468 -0.401648209222057 -0.330978109374648
0.595312904622226 -0.940172986590789 -0.68650600038118 0.0101117492659505 -0.742388816306925
0.71989722760043 -0.530473175099143 -0.744143014928403 0.398443663997503 -0.981016331683269
0.491093051820393 -0.0972778743913453 -0.840157270135311 0.455825503594856 -1.09508919433373
0.908759163876165 0.297272366412764 -0.930364954572736 0.80402642491639 -0.91579447038751
0.870315111757784 0.547861427849056 -0.731953211950704 0.695017469627174 -0.710400243489559
0.180568421966498 0.959389005590788 -0.677888623052024 0.685082576424393 -0.613140272413076
0.19188240635425 1.5409892203199 -0.45926337640759 0.28357510219209 -0.72177164052567
-0.144270554310659 1.33123582688043 -0.183961046819624 0.274854863199942 -0.648485987078131
-0.357287494712777 1.27537836976375 0.0240474660705857 0.09801787904265 -0.566557204339049
-1.32824273085615 0.0802648190161197 0.387910382103903 -0.164027664645157 0
-1.63778532053912 -1.26335661200323 0.546506866338513 -0.275705326028016 0
1.8407412233999 -2.03955396337778 0.372257588964557 0.559765243935314 1.18473558640818
1.24860078521444 -1.50033072803271 0.236073521334327 0.151695971629124 0.812859264214314
0.915263337620073 -0.998832332720896 -0.341871932015503 0.289117932852149 0.128840325501753
0.357119943107513 -0.715180313066959 -0.755630387853382 0.19379453490548 -0.847334242023764
0.565295710796352 -0.36281972457342 -0.887794860219527 0.572601169318755 -1.08647627233602
0.355039128614761 0.127216826902983 -0.969721689063077 0.699622143749422 -1.14525005388533
-0.401122100309201 0.359173853289828 -0.842218241991389 0 -1.13457097461283
0.13812645634224 0.839478335275672 -0.577973226036747 0.500872956751445 -1.01966175446102
0.509782805041046 1.28373215848593 -0.177929616698348 0.264111678815092 -1.15205407670213
0.666178760259437 1.64513512576813 -0.228040010681481 0.0485408691268053 -0.90754312001482
0.282906356405816 1.82829871201501 -0.352723270160044 0.202071890156227 -0.629262538381059
-0.700220549262534 1.07199473953873 -0.117774962693644 0.0361226076704927 0
-1.1094845092307 0.0350333148755433 0.213768553548941 -0.229714833265565 0
-1.66423636262481 -1.15978125186195 0.338614516226457 -0.407720557709516 0
2.33804568246686 -1.53014781521106 0.63869345582518 0.818119060751407 2.06094784620032
1.39954264022703 -1.11131993054456 0.385607881785908 0.543583126075212 0.969975611873306
0.923559095721156 -0.658133309707553 -0.337947992874014 0.773247441640442 0.022523791667927
0.503323940016775 -0.420909420518547 -0.272903483970729 0.451703196442094 -0.539878523437401
0.466201144359905 -0.336764281044401 -0.26349652288874 0.32752411745059 -1.16679300960993
0.0255233874259708 -0.292648305746179 -0.527903498545161 0 -1.0225890122671
0.153751451399009 -0.0903213956990363 -0.550108643067189 0 -1.00018070847633
1.1135046628267 -0.174379822082522 -0.4109076952563 -0.10258055198682 -1.08863048059903
0.560255216446598 1.0762025032803 -0.186502903820219 0 -0.728689281042152
1.11417892900341 1.41176286039891 -0.471519532328153 -0.289513921251924 -0.495142503975116
0.22479262243896 1.72258197846686 -0.713601733551211 -0.151218437363784 0.188937448016226
-0.394478637785528 0.934805229044786 0 0 0
-0.644106802143364 -0.121324589126194 0 0 0
-0.783698078405064 -0.894624351578096 0 0 0
1.75926473981065 -1.42104031096768 0.835321334223692 0.834949198001619 1.44511904717757
0.869177943883973 -0.66714348210541 0.23105088132957 0.88723995252982 0.651044414960544
0.728633393506983 -0.628202063267937 0.0499051631088246 0.653639632038277 -0.189294248697108
0.289136164265202 -0.96552681800175 0 0 -0.838922447560213
0.623270137643385 -0.767442289529613 -0.297093056898473 0.456511667156282 -1.38761488116879
0.507021351510248 -0.857175699123334 -0.0642003510181005 0 -1.13935939566429
1.35941893448215 -0.218225051134278 -0.0322736373069156 0.549763607362798 -0.926975005571843
0.0210752809296364 -0.0755905280645595 0.156400032120707 0 0
0.462394497246596 0.88109447330803 0.268143818734312 0 -0.110989900284148
0.297748664092324 1.65896529650249 0.165258169713493 0 0
0.28206084003157 1.99500920997585 -0.75059450212581 -0.0410963153161419 -0.116637202850143
-0.0804293396003152 1.55920723318143 0 -0.0070486651793162 0
0.357944250474994 1.18314558242963 -0.740189118026797 0.339840393258597 -0.482985233941508
0.491060434136862 -0.228553817102794 -0.873584654979163 0.339078360578199 -0.637826840631032
0.639205058106133 -0.148105415068431 0 0.572392795740166 1.36728286844789
0.521036812895045 -0.447802542116602 -0.174706720981659 0.278547031666196 0.534966046267251
0.292376945374917 -1.27813607752353 0.327235796783499 -0.202654567011907 -0.832716528725673
0.604242141060035 -1.39555432015357 0.470272582559408 0.0176608657448429 -1.20480576512224
1.11017337887505 -1.46317254927119 0.594953600854577 0.382150901651746 -1.43286421593105
1.46746328834481 -1.48292809713345 0.682121967102092 0.309565490753526 -1.22670993746503
1.55919445753847 -0.632342568691271 0.155436147323734 0.508736965218921 -1.02861905010415
0.18345512396522 -0.720304129356645 0.300861092930131 0 -0.355961371062758
0.0253500482612712 0.227337791042793 0.250285205875035 0 0
0.062384978699379 1.1672238320485 -0.0711435797042377 -0.799170377993447 -0.553954168852024
0.212062982330507 1.59283752860718 -0.380644880452809 -0.346317086058564 -0.452691656080233
0.479153022807844 1.89220888845431 -0.782816744013641 0.600364811459687 -0.307535091629383
0.91069813461326 0.786173842278476 -0.805196711237356 0.690749777643201 -0.469911098825247
0.898956986611891 -0.377987743148571 -1.19652429113155 0.823035652866436 -0.67179295566697
0.394781788829547 -0.379734239666276 0 0.0465475093335291 1.01190711537462
0.405720409299837 -0.961688296632038 -0.209278542699575 -0.62654149041242 0.240850193008855
0.466194935513773 -1.53436915722204 0.289003274506135 -0.345639965305536 -0.415954621298018
0.501811902705595 -1.8321325704725 0.289676514769809 0.199310867671081 -0.890082614958905
0.796364118367334 -2.08275452359499 0.104183758892482 0.316242119965956 -1.19466609315155
0.872797717721916 -1.73923817342985 0 0 -1.22111414798266
1.2570583061199 -1.64792312184806 0.735376762156837 -0.076583034028301 -1.16429313345308
1.26349074089503 -1.62794011391331 0.793900100718161 -0.518517865374234 -1.19951499480962
0.280519947940853 -0.412254568355288 0 0 -0.352347076518404
-0.33253121510048 0.585471082964956 -0.140026690285452 -0.923283404677542 -0.650061880261276
0.30085847469012 0.962232614641437 0 0 -0.439754527085105
0.252820606533709 0.728141834882267 -0.565488209470686 0.403649846961712 -0.3777980396926
0.5426783301192 -0.181605854948603 -0.731767551555723 0.474693894481905 -0.124181986575227
0.262405520567876 -0.715223860473683 -0.976598440586527 0 0
0.51542748875604 -1.01549439589111 -0.753273823197433 -2.46182576141671 0.606083780509487
0.684430296764141 -1.65862334471196 -0.330776775909331 -1.84627487214658 0.0636408889316817
0.828987964564551 -1.93291389872063 0.447563811847525 -0.652501312950169 -0.225534957574774
0.438521954874943 -1.82496276740706 0 0 -0.563422420505958
0.926064263070524 -2.12811556372611 0.237062048640974 0 -1.1251138399568
1.22669149328618 -2.33745226419295 0.396302680087646 0 -1.17989797084113
1.42556194381795 -2.2206276025117 0.793272458174101 0 -1.01139046611979
1.40472799686344 -1.8868506643982 0.750453813628545 -0.256363341846444 -1.01086704151715
0.45539785708703 -0.902955624858185 0.259103387089355 -0.627143285758126 -0.915284526474753
0.200596949277369 -0.407061909493549 0 -0.464998781117489 -0.87879509939512
0.116739989487459 -0.0758144373424681 -0.397416047221933 -0.129475215351815 -0.936833275349048
0.476170960162933 -0.511503282278164 -0.399413834403262 0.595267809597203 -0.623983502391165
0.337163867506629 -0.737329471257391 -1.14069345150186 0 0
0.449826837204685 -1.34107727338905 -1.47009708366259 -0.145002093783891 0
0.00351922741776954 -0.540741959957568 0 0 0.158307760053629
0.395607161384694 -0.84824682047515 0 0 0.110428304625643
0.129779130148783 -0.841788928030548 -0.0209454927488679 0.781135569207031 -0.488876522513102
0.304229489613134 -1.68037188326353 0.147006612314738 0.407364926865826 -0.559974578883631
0.809378502789344 -2.02973760837791 -0.0154426143259459 0 -0.716485035529847
1.15792626408084 -2.14608445857195 0 0 -1.07821604726556
1.2101630771329 -2.5057196824077 0.440598526681611 0.149315098898316 -0.800434213345388
0.97939028446793 -2.09373324604265 0.311284318497493 -0.152673434090836 -0.909709036869691
0.360116157868732 -1.44010675057685 0.218748902810167 -0.587181012698559 -1.08161007137347
0.218302323319285 -1.0437834208187 0.04664079045905 -0.311746306440864 -0.975765298923602
0.62275496570187 -1.11959019893536 -0.154499224952262 0.298474423383882 -0.904157663997013
0.252920167112069 -0.817913877460781 -1.12525165878553 0 -0.284489009395391
0.321121304783051 -0.869596548262149 -1.11978488504744 0 0
0.34616269775816 -1.47006071082286 -1.47751884533697 -0.283674016754302 0
0.316984478183606 -0.450646550172919 0 0 0.384148617535415
0.300418220047442 0.216454603914177 0.12463735206211 1.34909953748703 0.199842932041472
0.299633388336843 -1.25133462535079 0 0 -0.229986245415137
0.54218518656646 -1.4741237087848 0 0 -0.34917887273588
0.496706048388975 -1.82376609796493 0 0 -0.627885250589976
0.781237683132008 -2.00548524123229 0 0 -0.667925505974178
1.00996267429988 -2.41993208895895 0 0 -0.606213456993792
0.880845779059449 -2.22220464835787 -0.0937150104226084 0.221894505238459 -0.470481044803147
0.642506925105466 -2.0573449769784 0.158725698327191 -0.307977661066955 -1.02715407218746
0.797455030942266 -1.92076869167537 0.109016045774914 0.151514367617004 -1.05223732065674
0.803705940980075 -1.47155678667913 -0.379388554164599 -0.0887211144802512 -0.629137674370866
0.501478904196935 -1.50637837051567 -1.11206772191976 0 -0.234513150652595
0.407569672680043 -1.31291810956258 -1.40068168842691 0 0
0.197657133355149 -1.11380501768481 -1.09921016121836 0 0
0.372565973309425 -0.418555049617104 0 0 0.408869527890688
0.720078771378448 0.460303834432361 -0.252648658838358 1.20377706539774 0.343205540099708
0.337363924808453 -0.932975414878989 0 0 -0.0518381038314009
0.528793802831606 -1.1290111578891 0 0 -0.100038346522166
0.456025670473789 -1.42277989144971 -0.143607290996096 0 -0.368224755338462
0.600188472774678 -1.77061922987792 -0.156043552071433 0 -0.309960850715265
0.743990649429826 -2.10443764645576 0 0 -0.28215198198224
0.384706300180569 -2.24395607375062 -0.293960092438728 0.607367400518506 0.0436853945757044
0.610915867347559 -2.18266365442125 -0.358987617574274 0.488767697417729 -0.219698562657486
0.84130327481505 -2.25765503489362 -0.184458072398167 0.19344063039154 -0.82955546269074
0.906572672615994 -1.98525986007901 -0.47838352717427 0.0427511249031922 -0.6307751267932
0.489052694047328 -1.92828907109316 -1.07280328233757 0 -0.425927414921066
0.568478997372455 -1.43833466841251 -1.17567863487575 0 0
0.420792976803602 -1.95799147923257 -2.13020232451085 0 0
