"(Intercept)" "X1" "X2" "X3" "X4"
0.740249047843807 -2.39217116702497 1.24557198370166 0 0
0.356509483252697 -2.48501227725072 1.39894022622313 0 -0.136100865783958
0.410528819637862 -2.32963077886481 1.14803432370891 0 -0.207324581605697
0.610922257162558 -2.01573162361553 0.803273426723532 0 -0.163773636961526
0.810615170409985 -1.71414604357214 0.473387138295091 0 -0.08563673050651
0.860094354084057 -1.42028667145426 0 0 0.184003849465775
0.902847540964116 -1.53363006632818 0.322299204601594 0.477088317379664 0.642291266742596
0.561130011169019 -1.42129391418 0.461772106806593 0.5546039104005 0.610329178244426
0.193176170237727 -1.22220340698679 0.641126305619626 0.6074773099005 0.591060715043595
-0.0656200064903504 -1.09178466089133 0.84135543254274 0.629133886983433 0.300591440263677
-0.235569129261714 -1.05464883461787 1.06359521264921 0.673222278583105 -0.0936153903522241
-0.279140973179793 -0.925045951775364 1.24698936927394 0.591291970141109 -0.757390812201334
-0.921511139057261 -0.396287466469063 0.934563306072852 0 -0.533673405691961
-1.14880172213296 -0.342330006878 1.04091274467543 0 -0.708018902961643
0.710701456680615 -2.21515503830869 1.20327980644273 0 0
0.723033987675258 -2.04344458851816 1.02679788275879 0 0
0.417642167445913 -2.02464153936622 1.01890006312665 0 -0.260615309875421
0.494675448436321 -1.77842934515714 0.741805077784943 0 -0.318068564369105
0.710257983656608 -1.41930499032967 0.386420973293384 0 -0.298771555698287
0.801238160866429 -1.09264049918213 0 0 -0.0750637107752313
0.900090301343207 -1.05314012936147 0.109737561154172 0.440683825486021 0.0361364727938118
0.598425402624627 -0.956788168670899 0.253509727936175 0.589389069263671 0.140017384781576
0.281109815649345 -0.801380768746948 0.427347057878854 0.618598808257798 0.0794233682069682
0.0385404795112794 -0.699242814631845 0.660633242209593 0.640754594850654 -0.157194689655582
-0.111509912175674 -0.743768758376957 0.965795406935607 0.697909978860363 -0.514648950831681
-0.59015894138461 -0.198345812520579 0.701622788345752 0 -0.62209531665391
-0.902998324138691 -0.178172210130228 0.852493367699634 0 -0.602843183631136
-1.16152313273942 -0.116127363375537 0.925050918950466 0 -0.686666895605073
0.633756450675921 -2.09239662891229 1.05418550431855 0 0
0.685843924918604 -1.86862333382203 0.894452994162299 0 0
0.382478767682644 -1.76582684077619 0.86504940890468 0 -0.310293990004013
0.888277181426892 -1.45430304061274 0.505497424333862 0.320515927641666 -0.172338974343042
0.660620006389969 -1.1352162012544 0.259968251485753 0 -0.355605356104501
0.737413013221702 -0.812290642165609 0.021895588204534 0 -0.425846734683653
0.705732072237548 -0.511416359222865 0 0 -0.421644633509213
0.585080422890808 -0.209689369542702 0 0 -0.591450515042246
0.366491606547443 -0.352614749315692 0.235780526112841 0.613407296898635 -0.364757238086562
0.137241530262441 -0.280729339356881 0.483429208401005 0.636652140219872 -0.62581266115617
0.0263518069401955 -0.345036329833726 0.818811959161006 0.671783234480297 -0.969982835033099
-0.632691905416473 0.0577423710132315 0.602878092235209 0 -0.616411254575154
-0.940332870460812 0.0370070494496147 0.696467505823416 0 -0.589252070362747
-1.22551612115934 0.0734630080495596 0.730889826604323 0 -0.595200657451532
0.489770953905236 -2.02406204822927 0.857998143103873 0 0
0.324355835539585 -1.86372075776835 0.859191675147567 0 -0.137073325659861
0.402622433067314 -1.53691347213656 0.616596525199392 0 -0.255798363413994
0.492876259529452 -1.21868630014083 0.392997420143482 0 -0.266235409646786
0.633199754314424 -0.893602533240326 0.174274588414486 0 -0.241038912815849
0.724662514266373 -0.607662485917293 -0.105621887553822 0 -0.413511161404906
0.739835520398777 -0.297689960791088 -0.173374637478828 0 -0.650546866187478
0.574372219043 0.0546214089258994 -0.204127347124988 0 -0.909038101619498
0.325041861788549 0.286205959971605 -0.107977364879959 0 -1.02452873796351
0.228912341693824 0.145497222996171 0.296442265606355 0.569226063139828 -0.962457706158473
0.0402193994512726 0.13405307139071 0.595522938316603 0.525100891119059 -1.1812594308616
-0.639485862875275 0.31008406814277 0.488445022448146 0 -0.658789556712726
-0.910757365025351 0.238643946781082 0.561405901064331 0 -0.598604763276764
-1.23160014900017 0.230095226287307 0.56226761744783 0 -0.473204951975726
0.372278170157483 -2.01131365707859 0.782100986776815 0 0.209618430279152
0.340702458485678 -1.79447921749624 0.599602167737373 0 0.0107727063344946
0.396949953799419 -1.42618592213731 0.424754382240079 0 -0.167276332926118
0.47318473467761 -1.1183614997678 0.194559372983412 0 -0.239648503202215
0.606025297608624 -0.859263448688223 -0.0679898564786887 0 -0.280824258843424
0.724982167908064 -0.515262130639174 0 0 -0.448563411394037
0.688183243075079 -0.108868249845751 0 0 -0.781891737164817
0.509858804274464 0.263683148278064 -0.340703608030734 0 -1.10962147410589
0.350049383707232 0.511901047143658 -0.172407187917567 0 -1.05749213214491
0.280130436645422 0.557916733780601 0.121011132114485 0.454449141748302 -1.13700664336935
-0.334974363357109 0.688349253103285 0.22434261277198 0 -0.79831295448884
-0.670619783592152 0.551548991048282 0.382733552454843 0 -0.676615547806131
-0.989134996798133 0.342115618016934 0.446430589514842 0 -0.495990565336406
-1.21432708368158 0.318343422707855 0.404167629109327 0 -0.341768423963829
0.816409651184728 -1.4829700055453 0.653180178546811 0 0.577010411575657
0.653624970848739 -1.5559397885604 0.368884742111367 0 0.305263479599953
0.594825542928227 -1.4389982492978 0.130037618774308 0 0.077713135756727
0.66550538657071 -1.27216874986125 0 0 -0.0758406003326178
0.479331851146812 -0.896520592444659 0 0 -0.481653525110998
0.180999533881104 -0.292952986518252 0 0 -0.983403154478924
0.288309473487433 0.115789013427996 0 0 -1.08374153088094
0.445078416584454 0.35367441983203 0 0 -0.949505118703074
0.3865834240697 0.608878990242109 0 0 -0.949521586194209
-0.00800334841790888 0.882073003450692 -0.0537830124877392 0 -0.884546230710333
-0.374665760854885 0.899515253019152 0.0217032376435672 0 -0.699578345344379
-0.620550857884374 0.511211557443824 0.231706321007927 0.461714366271968 -0.708834718564521
-0.802836090621057 0.199697755873694 0.344049408700665 0.396307608480966 -0.548397629786548
-0.950238680761107 -0.0703243851575286 0.39248176576944 0.459396246693173 -0.243942409624783
0.855231748055122 -1.3931106369969 0.586764171227208 0 0.782458460027542
0.622426404222984 -1.47647340896839 0 0 0.409600521534336
1.1108743000331 -1.03188391810802 0.415460595511876 0.562243299880525 0.497095810806128
0.417787112255572 -1.25900970395958 0 0 -0.327437569590239
-0.0712263442622563 -0.688627026933997 0 0 -0.819006411144
0.0802047702591979 -0.392122840837859 -0.227653748076971 0 -1.00180709651848
0.236733994953897 0.0881539157348322 -0.176957370131394 0 -1.35869689639107
0.31015945261235 0.436656780764976 0 0 -1.19628039397519
0.278185246660641 0.57993854781733 0 -0.145535994855882 -1.08124297702718
0.128189156649265 0.782067000928697 0 0 -0.799741912277029
-0.197261595422708 0.789868476489304 0 0 -0.49195379659549
-0.374129508924759 0.598350873473278 0 0 -0.278306320114973
-0.674925848600892 0.700156457523878 -0.0346600672988218 0 -0.150949315313577
-0.999513281152427 0.449404591030521 0 0 0
0.195992065536009 -1.5802019556688 0 0 0.533293635804009
0.286941462536666 -1.60391579535506 0 0 0.24396931247319
0.196288511230792 -1.41048802266732 0 0 -0.268533033851755
0.0436058857744348 -1.25515262062438 0 0 -0.717060796311885
0.168807116693945 -1.1673467730037 0.0114061893553021 0 -0.871333369193217
0.442266419028175 -0.838987581541268 -0.0755720358598948 0 -0.955862213984124
0.57524638027201 -0.118803262879516 -0.0626134396730977 0.0525715934215225 -1.05804424802684
0.221982064777348 0.194096739634855 0 -0.155643522145555 -1.06278512942008
0.118615457353646 0.465744883589587 0 -0.274938332645489 -1.14553682678027
0.200848852742776 0.665277715510612 0 0 -0.822467572895047
0.115922909025562 0.94500249220363 0 0 -0.539724339621941
-0.304452194673621 0.756984212276128 0 0 -0.155424355825828
-0.494103221592776 0.554544959849802 0 0 0.0294477535835261
-0.715627800556697 0.321917990693781 0 0 0
0.0299864697551741 -1.60055395023436 0 0 0.489318294236487
-0.0265898176506228 -1.00347721669452 0 0 -0.293642005897868
0.0999628360890939 -1.35689339006642 0 0 -0.468807461923119
0.150379458147719 -1.63220902587414 0 0 -0.71789706632342
0.447368210088482 -1.66688462036442 0.121226398744148 0 -0.920856152016859
0.725842397492089 -1.33249937189457 0.0623310999636219 0 -1.00775939650565
0.553196796935669 -0.785319161992606 0 0 -0.860622959732732
0.413449705164291 -0.278443435192463 0 0 -0.745661781124714
0.159296223135433 0.048752071742724 -0.188608182486537 -0.255398040736506 -0.997639230726803
0.437100758450497 0.490029677326405 0 -0.244926269347124 -0.659643255306591
0.550410621927878 0.766685118748197 0 0 -0.389676600813556
0.166088799592044 0.623298500848375 0 0 -0.186388297223103
0.167914576668882 0.779149370527071 -0.734070089842838 0.303796345563229 0.00562126592649605
-0.00714030025095254 0.460108480943993 -0.732095007489821 0.632285423928483 0.424684680108935
-0.0554038064054891 -0.747872037966311 0 0 0.054997721022051
0.0399765191689354 -1.11670275765542 0 0 -0.107017513107802
0.112208280346818 -1.51083374656555 0 0 -0.31635168626877
0.446172450002504 -1.88860095498171 0.188619736602279 -0.0304988747515761 -0.6484552634376
0.929791855170047 -2.05247533905938 0.130181960225269 0.135205574402567 -0.921039539334705
1.01279362482637 -1.81690615018223 0.20048324908591 -0.00719223785628547 -1.01262164232714
0.697373352434567 -1.35638637920352 0 0 -0.824790858430791
0.412166893626313 -0.863285850998653 0.05719321632772 -0.129403995054516 -1.01060435635798
0.357230744781776 -0.469193370372906 0 0 -0.69941107245244
0.740054764658574 0.0468860740374665 0 0 -0.284562713624338
1.22802824261686 0.406336366747248 0 0 -0.0654189088864719
1.23841296750207 0.546936627380721 0 0 0.0331353277505812
0.768849218169591 0.353981163913008 0 0 0.00720333662487076
0.108459603050841 0.220024164097763 0 0 0
-0.0312445599128558 -0.879463110133325 0 0 0.104532484965313
0.257876574209636 -1.14824785784434 0 -0.3034231712006 0.0748941819410017
0.278222763704527 -1.60884081116919 0 -0.120734511418442 -0.235946457298104
0.464141661076565 -2.11080968503706 0 0.059488115051799 -0.531003457849749
0.558925857304634 -2.3697088764213 0.174066609335269 0 -0.657769970314475
1.30910095878526 -2.31824800929537 0.37452087393135 0.00814660386247567 -0.668736494480552
0.853537009673009 -1.78377487788903 0 0 -0.927182733504645
0.619384591399671 -1.4377552542143 0.0845643455096567 0 -0.93365597128115
0.466850698882132 -1.11010968573542 -0.13422120390356 0 -0.6371560762542
0.947023867052551 -0.653134632899814 0 0 -0.338077537197177
1.26494853165148 -0.173230786755268 0 0 0.0528579787952955
1.58225051350376 0.0741443907388552 0 0 0.374590015251023
1.59319533862914 0.195303843229364 0 0 0.510700572294427
1.36737134844557 0.229778229191665 0 0 0.657305340394653
0.0308312903526972 -1.01000153640988 0 0 0.195837620660651
0.0796535903243875 -1.41798979053313 0 0 -0.080683920373905
0.0633712270805638 -1.92262982269078 0.301413709673218 0 0.0923485297434806
0.414687070767225 -2.27480779944932 0 0 -0.207995340023907
0.740246857411984 -2.47668519297262 0.233531805746256 0 -0.42651016445228
1.18648765055023 -2.25590024730707 0.353451474007359 0 -0.610211092905834
0.955707147513007 -2.19780081501286 0.172147759478614 -0.0819779420321979 -0.390834443991939
0.5255839927965 -1.93695454630652 -0.0595835624545331 -0.174096990693083 -0.656388861793054
0.770700088194497 -1.68109586677163 -0.130941751922729 0 -0.507753242789498
1.24862719978656 -1.4333701407665 0 0 -0.157614195448075
1.443330742346 -0.949613589412752 0 0 0.135184647815754
1.6523481706466 -0.540184148266848 0 0 0.395634425662145
2.06301904506959 -0.264622570418906 0 0 0.952259326634195
1.80787017137201 0.0205712145681667 0 0 1.08024118162342
0.122404077710587 -1.22962474300131 0 0 0.429571554656169
0.193724147724955 -1.62473411011749 0 0 0.2761376787097
0.340933937567125 -2.03374550731828 0 0 0.12503068964705
0.54838090175737 -2.31740922146046 0 0 -0.0921650685011074
0.87571016123127 -2.41415435916001 0.161682342974992 0 -0.252000063665602
1.05781401093801 -2.27876605005268 0.290652692501671 0 -0.309730860471591
0.768311289147533 -2.34963735639805 -0.157823589839645 0.213235103555521 0.231924754798116
0.601706717901576 -2.27691984025431 -0.334536587774747 0.123509181024067 0.0542267912622773
1.17735204071888 -2.16403874934051 0 0 -0.486944912228907
1.59198644455924 -2.04913732481834 0 0 0.0560483764757382
1.83176932611362 -1.7476051320815 0 0 0.433250537508438
2.0102817607886 -1.28414728367453 0 0 0.682357121190182
2.24858906251899 -0.823895232906899 0 0 1.09948250189652
2.22304905211945 -0.422200825506559 0 0 1.41057794116537
0.161977215984381 -1.56204365270809 0 0 0.475195116507192
0.300421248672449 -1.8632403619982 0 0 0.312168029970267
0.466686579596723 -2.16905976585038 0 0 0.175443499720425
0.784355878740005 -2.2697389836216 0 0 -0.277954751742404
0.84107956748317 -2.18901861165515 0.29079514982403 0 -0.221385543840297
0.825179076426316 -2.36473951075435 0.208955632749615 0 0.0549016190859724
0.542403919240338 -2.42507021814988 -0.472062559509577 0.491847608692067 0.773462351957473
0.550560045748342 -2.59907299514994 -0.670979648003677 0.467627911389616 0.909622044120131
1.21321953803748 -2.44946141070184 0 0 -0.362063627335872
1.74893633403679 -2.53536500099708 0 0 0.203748320785676
2.11753020252462 -2.38650431955516 0 0 0.654433474773753
2.30564838177352 -1.98308493840341 0 0 0.949535745634823
2.48539819120285 -1.446267036329 0 0 1.28199467255514
2.70616234678939 -0.919258153191064 0 0 1.78073764393723
