"(Intercept)" "X1" "X2" "X3" "X4"
1.25843137455273 -1.29758046196855 0 0 0
1.11766955669437 -1.54340748500495 0 0 0
0.953460045361238 -1.84947727239873 0 0 0
0.794714210408359 -2.17441853955219 0 0 0
0.773824276425778 -2.2625635072776 0.350517080269303 0.0161133157629337 0.388183340903785
0.538933593784184 -2.07249538249142 0.427591608571575 -0.0560297148393429 0.452632074001466
0.290852066277223 -1.92766140617518 0.556701052359581 -0.0237283948165145 0.450203642120321
0.0195110205103223 -1.84453960027055 0.707632997555422 0.0122929656821396 0.404117875690063
-0.294757702551648 -1.7507832243247 0.86593826433207 0.0332161710208175 0.440916710272307
-0.473226116231713 -1.67009016938383 1.03629740582772 0.147819835413143 0.438417888112364
-0.684130280681632 -1.59247147918117 1.25434919804263 0.236611269560869 0.36516313768221
-1.11606352959138 -1.108708602416 1.08039271186681 0 0
-1.34816146848561 -1.18921597085098 1.27952715783739 0 0
-1.65362571545162 -1.08425682707859 1.46144076041899 0 0
1.1546181585534 -1.24905752926589 0 0 0
1.05807297663951 -1.40670721663416 0 0 0
0.982684934524187 -1.46802812255136 0 0 0
0.852757040942927 -1.61933014525145 0 0 0
0.768271851164529 -1.7085871192417 0.215120253046531 0.145482329831792 0.20081178764069
0.62022789748647 -1.42044577931689 0.179212146912801 0.0964640372868927 0.14104002010637
0.408549901749778 -1.22665875476646 0.271528297792275 0.138046418738063 0.14089918243811
0.0969436002600885 -1.13568998989475 0.395061732132932 0.187881525930067 0.137533149350497
-0.139519838266355 -1.06659506337199 0.49411458457607 0.222076202462819 0.148344964763762
-0.281242844857765 -1.02719303753936 0.636937315920247 0.30859937453575 0.158080017890544
-0.452008899750415 -0.997277236489751 0.886250733226395 0.360265603649359 0.074903268618475
-0.995057914049191 -0.659440713339022 0.889376668123449 0 0
-1.25619814599967 -0.701309270985226 1.062975215926 0 0
-1.5947402593456 -0.700245884126662 1.26743323556282 0 0
1.14807452769275 -0.991027656763711 0 0 0
1.20675078565425 -0.979130592807676 0 0 0
1.14009871445822 -1.00873917883202 0 0 0
1.0078860192927 -1.02836639299429 0 0 0
0.800028119899721 -1.23423083702317 0.0749475423800035 0.253252625956905 0.0823245218898374
0.734687479472787 -0.851772242091656 -0.0595097037117977 0.273412283942328 -0.0593228154558102
0.614917660216522 -0.541129721039288 -0.0708575184477345 0.280045061512304 -0.128023608665489
0.285418183751259 -0.41751887969404 0.0113992403030752 0.356380368042403 -0.0910901801653526
0.0168433307496724 -0.374998599893037 0.0937973064607483 0.419059076397122 -0.135629695405569
-0.0756831787050957 -0.395246032761049 0.185458797948748 0.439676373266383 -0.149068310224123
-0.196799331853416 -0.396574753921407 0.504970471546987 0.417592600570094 -0.161778827617522
-0.858611311866117 -0.200006224372463 0.617786391587804 0 0
-1.17222350852034 -0.271221812316248 0.840366428286666 0 0
-1.49026630910611 -0.394586148275551 1.07654744489131 0 0
1.05391247861228 -1.09427112181067 0 -0.115661309273917 0
1.1111123966194 -1.1603979313101 0 -0.10392010023432 0
0.756987940748692 -1.48233649914527 0.338594382453318 -0.394228370254137 0.135384182841479
0.83557514097475 -1.23378107057215 0.15458918751767 -0.141055382728531 -0.0321941061531842
0.957544171996311 -0.917574046717759 -0.0123996317722785 0.112434000076462 -0.178440795838078
0.81198691881383 -0.483714036451217 -0.15787542400133 0 -0.311148195867631
0.740788352514312 -0.0877353585841195 -0.317068811156858 0.368911144574602 -0.264123936456014
0.518167685392813 0.16004250832508 -0.336787229948551 0.414953049657163 -0.233382138499958
0.20496397793091 0.260915847537312 -0.28440217116341 0.455508712620169 -0.254232200754881
-0.224090704629304 0.297970380299826 -0.00123332027755427 0 0
-0.465657556972263 0.277237551607837 0.212521652397438 0 0
-0.751285369725176 0.225275475176002 0.389364322581942 0 0
-1.06973200870358 0.0191872490960859 0.666866123712282 0 0
-1.41385839345494 -0.0521277477246568 0.738373943449344 0 0
1.11518906845551 -1.18251003164221 0 -0.386926604964152 0.421562659742814
1.03713712178248 -1.42329686204234 0.377635294379558 -0.653184201499761 0.316836172758134
0.967243048313895 -1.26460205659168 0.255872690689178 -0.453782634391341 -0.0144777598441403
0.982104029495348 -1.06239961294223 0.096344531846919 -0.234317815954028 -0.265047802598881
1.0157451754102 -0.829232682462896 -0.0428702330393075 -0.0344764544594063 -0.412254699319846
1.00615502938437 -0.458835964259702 -0.168187937693041 0 -0.439793240153787
0.944090835856877 -0.123806476513028 -0.24942345969311 0 -0.68134511581828
0.689170331914606 0.224279704984791 0 0 -0.435470062640309
0.336136820170986 0.68068048587511 -0.514437212819655 0.38412104831499 -0.343001375430219
0.0146329065032801 0.721457438618202 -0.182322353154254 0 -0.354237562462787
-0.373480942635608 0.619932508070835 0.0739477405938223 0 0
-0.693707018404371 0.481807795318454 0.301261544413109 0 0
-0.957216165935008 0.324336383781508 0.420767325032496 0 0
-1.27011454828664 0.117741191906244 0.530034295587358 0 0
1.03247260795215 -1.21561109607346 0 -0.58636787764674 0.492170972656882
1.32400981967416 -1.29289882767313 0.204993014464711 -0.744780213184411 0.248681240625428
1.19889200291709 -1.13561396828612 0.157102438008459 -0.512846205250635 -0.203967403926107
1.18977851499848 -0.946987013155557 0 -0.169888315165203 -0.496408876403973
1.08664657528776 -0.76664809141331 0 -0.14973229447811 -0.611650695828482
1.05184168748168 -0.501035952006629 0 0 -0.654001126948551
0.951890122337645 -0.174673180891879 0 0 -0.741134387030841
0.942204198067861 0.201533117685305 0 0 -0.932774951721402
0.750752649071487 0.486429831602039 0 0 -0.850837307172844
-0.00913967783561514 0.74423683024202 0 0 0
-0.186284165894212 0.772470640257841 0 0 0
-0.519474954828865 0.734240302968023 0.107575975971429 0 0
-0.777908104875317 0.547442077725089 0.220337387708064 0 0
-1.13273244300394 0.27612237291245 0.295182373772169 0 0
0.965749925288172 -1.26008346503657 0 -0.814523102964719 0.645554332337468
1.07552254762228 -1.23715866936526 0 -0.626475607003568 0.159115413297676
1.18440906709701 -1.17341396393234 0 -0.353547705117831 -0.27126839620689
1.19475755801065 -1.07107060324771 0 -0.212501702959219 -0.649109967664842
1.1222019061158 -0.839086415384518 0 -0.259555886857166 -0.875552220237115
0.835178389570087 -0.55846387158175 0 -0.226755134593441 -0.915765839777083
0.477421164087013 -0.225593958072652 0 0 -0.858423624125032
0.632460045758135 0.224842445774974 0 0 -0.928379690697189
0.875858438269842 0.474459402524611 0 0 -1.15391298094027
0.65963110799991 0.716960070852197 0 0 -0.960037072146626
-0.150624743865692 0.815274630461526 0 0 0
-0.201756360449165 0.493811631164387 0 0 0
-0.527581245146055 0.692122540841001 0 0 0
-0.877184916900427 0.449534249716789 0 0 0
1.00242671756525 -1.29870603109608 0 -0.878544107425005 0.766324834174704
1.07422258081603 -1.27785576827364 0 -0.699864155944265 0.226809672970004
1.158477386787 -1.25774681605117 0 -0.469129596302065 -0.332690894289728
1.23250723645224 -1.20699206627962 0 -0.306238335083089 -0.738345161818129
1.0189915342348 -1.09333192736632 0 0 -0.878708750067192
0.995366289658682 -0.795524880682766 -0.0323164503288999 -0.272886393534553 -0.912110572230001
0.650919192039257 -0.454879401530791 -0.233864938149543 -0.254634732130409 -0.938731946040429
0.540597711911442 -0.0467034584439905 -0.198689306430926 -0.327865281945379 -1.00267174018627
0.773251971492924 0.338176204018021 -0.21892314958709 -0.132777455348709 -1.23023601389102
0.778035087839923 0.648945332934307 -0.209757653611515 -0.219881114494292 -1.0450833766845
0.460906283813637 0.852555441803398 -0.25273606724352 0 -0.638995056903806
-0.196359165275069 0.552728277642613 0 0 0
-0.429993891721631 0.577923202866031 0 0 0
-0.726607518108107 0.561857389799392 0 0 0
1.05748126806885 -1.39023850792367 0 -0.874327963074161 0.920399999566275
1.04295658316558 -1.40796916342292 0 -0.677505487623719 0.384187798133242
1.07264872197882 -1.41505836173614 0 -0.473628471604542 -0.12756151439499
1.00916049938953 -1.35057977580825 0 0 -0.634876291480438
1.17347174917373 -1.38092156300643 0 -0.318086637928142 -0.861069601398827
0.913498755215949 -1.24418425239171 0 -0.436367063577031 -0.823015456183785
0.637080874583395 -0.925874455547238 -0.0549268752897519 -0.372322512240087 -0.82164000780207
0.50657990629085 -0.503563072575825 -0.10782759781832 -0.318222643655431 -0.987884487497051
0.779058631653756 -0.0456036205596921 0 0 -1.03417564526517
0.661945089500548 0.388086697078111 -0.226161072103308 0 -0.881090596630561
0.53071328717857 0.777870705287601 -0.196799007368956 0 -0.671581847200897
0.15399575844569 0.788168076236598 -0.145734763588168 0 -0.472320176177907
-0.26229507717182 0.578443260511371 0 0 -0.228993935998577
-0.627298267802605 0.43672566869842 0 0 0
0.989480931632301 -1.57520862200383 0 -0.711419480629474 1.0043382590825
0.901033689692014 -1.56700646753065 0 -0.487234887360828 0.521864463607224
0.717920079598814 -1.5402782884472 0 0 0.0112558657835802
0.943479629942694 -1.68025529732179 0 -0.306182559250516 -0.396517072827172
1.22828581894319 -1.70585518646989 0 -0.478450641978581 -0.664977928039628
1.26497856382968 -1.62143448895394 0 -0.541527243858417 -0.827222190087763
1.0048084369784 -1.36788042384118 0.0315455115733305 -0.38100228890346 -0.816229928100505
0.708889860813707 -0.936179279993412 0.0619705355174571 -0.22041436221821 -0.84835365727751
0.689769856968119 -0.410333554698536 0 0 -0.840416072062491
0.526446104275684 0.127939857867181 -0.217023424845023 0 -0.814818491863271
0.52012443264101 0.314165297752881 0 0 -0.604671524292696
0.314267000193509 0.450726943413032 0 0 -0.527373637714113
0.0959479584708618 0.409873891709869 0 0 -0.423105530596076
-0.15596226142676 0.359863114313093 0 0 -0.383313805718999
0.814525062996243 -1.6958331193057 0 -0.422876804324894 1.10706230530613
0.534345212201473 -1.64034184035707 0 0 0.564737466917901
0.93137803496486 -1.92205950630255 -0.0416038172398519 -0.509890964574328 0.356981696020677
1.17025456961986 -2.05843580846988 -0.0262175793752222 -0.570807432009475 0.0290009741775148
1.20121911446942 -2.0244498174392 0 -0.436284428328648 -0.398161178445556
1.37585986379873 -1.98315067965319 0 -0.578040538265371 -0.642146357165187
1.12756461566865 -1.78416825502241 0 -0.352529947446053 -0.724427066650319
0.724971174862066 -1.42304652044897 0 0 -0.649107029074015
0.704142145553934 -0.79456079370551 0 0 -0.757818369425991
0.532644437974332 -0.334049092103732 0 0 -0.653684787055641
0.456712637367582 0.0287600208365704 0 0 -0.606636646156103
0.319466069482725 0.193545081566291 0 0 -0.533637742730259
0.121496648188516 0.269283632444817 0 0 -0.48276896621663
-0.0325270051126112 0.313811593499986 0 0 -0.423093663530877
0.37468453547769 -1.71425043708483 0 0 0.953393857230796
0.853344705252156 -2.08036909089988 -0.334323482815644 -0.511231273539812 0.873441640534137
0.944226154199656 -2.24583380831257 -0.318787818984032 -0.507143781810622 0.59145396416214
1.20015243278462 -2.39902692712136 -0.225021524469306 -0.596310778481329 0.316074513218
1.39853503552351 -2.43278718226588 -0.0379223262482336 -0.618314523307521 -0.0385546808855134
1.07867593932416 -2.23817728186549 0 0 -0.310916677203659
1.10017299304508 -1.97695688328335 0 0 -0.495314350569118
0.969495164919828 -1.69344682381196 0 -0.159658741949824 -0.594285293276509
0.670297443795936 -1.26678717419504 0 0 -0.677278037397382
0.50476313970307 -0.807166642402446 0 0 -0.656020625985643
0.345586320557075 -0.389340120293246 0 0 -0.588558617773045
0.217349665270323 -0.107914372734103 0 -0.236573014141757 -0.589952442069275
0.0327839741646199 0.0958845556196886 0 -0.255138783675755 -0.489956593381085
-0.136110808766232 0.228142795300992 0 0 -0.449166205796899
0.310245969212986 -1.92658381091603 0 0 1.03902949291717
0.810603323446723 -2.39759748927429 -0.518994713465501 -0.487440466248651 1.09646237777992
0.893132022621728 -2.61841883697777 -0.541034918851674 -0.493241941205731 0.84282978119263
0.996857249520563 -2.81958273065065 -0.407371965742439 -0.506638997423765 0.572763686193926
1.1843120204812 -2.82159704003224 -0.288223919282664 -0.488792014696904 0.28632139957713
1.2274217459327 -2.59243929634348 -0.222062140651969 -0.288651547772556 0.138170070967895
1.03343724118059 -2.19841762139543 -0.141741545853929 0.0377926861304855 0.0212981163139002
0.678506488194033 -1.75138616377468 -0.10630050397155 0.270730974945464 -0.129183740204893
0.568766680146116 -1.5750076437813 -0.0183949072620619 0.13405369606096 -0.478918494166367
0.383730160738548 -1.22880723568705 -0.105263005530614 0.0879485736029163 -0.538154342200402
0.259123047410396 -0.869464634669166 0 0 -0.486404293242384
0.139551518743698 -0.475136859405022 0 0 -0.437125220909216
-0.0833616389848814 -0.178260044728765 0 -0.146204224832734 -0.449864924204845
-0.236930368638137 0.0498722122223547 0 -0.188720044215962 -0.374173392633927
0.105709458077304 -2.32194790999302 0 0 1.14218038543639
0.616769451407636 -2.86836496085009 -0.579127745104944 -0.342478630182238 1.32310758598565
0.645848512672053 -3.11383766361903 -0.633454348625531 -0.381925985751192 1.09361527207885
0.722741019978747 -3.22374838948722 -0.631211690784279 -0.343698572935287 0.82565867907224
0.848225527747881 -3.14777785514844 -0.596674112876705 -0.209093616942069 0.646779522344357
0.806669155197928 -2.89452396045111 -0.51875827246289 0.0769702900862846 0.528939172749193
0.522549987419615 -2.40517798446474 -0.486968151812702 0.484745510755 0.434605712284838
0.217494093107159 -1.9114840455635 -0.488894509483582 0.77047817297077 0.311980052039996
0.172733911580603 -1.68869901148084 -0.401304397375082 0.748812493331328 0.0766377298607098
0.123228484882233 -1.56489178597649 -0.31622974582274 0.439444669397376 -0.297275531093107
0.161306201455991 -1.26746173866339 0 0 -0.423982816845727
0.0404674899080829 -0.868741246006077 0 0 -0.404331545175183
-0.173256086552378 -0.51910736126072 0 -0.0397050245699717 -0.419857711471815
-0.421041360061474 -0.13174445187377 0 -0.0205087450774144 -0.296774467444328
