"(Intercept)" "X1" "X2" "X3" "X4"
2.58276044869819 -1.50292694462965 0 0 0.587362147980368
2.214155280442 -1.64432010201894 0 0 0.214347268771148
1.83260033307681 -1.79331237001887 0 0 -0.0272321777856206
0.67787457439833 -2.12608494927939 0.0642842550550053 -0.560425886909477 0.3880891826783
0.416079278190269 -1.86683021214741 0.142211073819429 -0.587478361762608 -0.0550654179654705
0.123396639180323 -1.71885367475837 0.307816708519764 -0.56810404515858 -0.165999481114272
-0.0888558947119803 -1.70408039906577 0.574688130071568 -0.386116548796724 0.121029922630113
-0.160501927510818 -1.57604858582756 0.801691399312216 -0.203235833561414 0.238176329450018
-0.251583154931687 -1.49189717358127 0.954470080161468 -0.0706023513125682 0.291955551691197
-0.463421235344549 -1.42533975513622 1.07768647400025 -0.113672946885852 0.199188250080225
-0.479602238003715 -1.09516492757167 0.994893185184351 0 0
-0.684240988572225 -1.18046092202562 1.25909368410109 0 0
-0.952764433913716 -1.21728155286222 1.46826618723455 0 0
-1.29074581519365 -1.36820822919035 1.61322018527067 0 0
2.53636146128663 -1.3371563587218 0 0 1.12384501177157
2.18521816869302 -1.45449476884351 0 0 0.683072747817914
1.79981714696386 -1.51415079658547 0 0 0.213216289280978
0.841185220568658 -1.77631082883627 -0.0580980114620381 -0.388036134148472 0.25805429733468
0.553532488389505 -1.50560369002032 -0.0205814026365389 -0.394581131231867 -0.173500545841346
0.301693202201641 -1.20957118295117 0.0222899532120828 -0.414129505189766 -0.552651667483171
0.214572817568733 -0.965004965267227 0.169778372502786 -0.273985459273385 -0.481970147749964
0.171419737201024 -0.9166193913003 0.405111157729927 -0.0125507856045189 -0.211459227732002
-0.0116102814855184 -0.918129460728976 0.514294061005389 0.137825256523898 -0.00493105453936817
-0.262918538636577 -0.81773504154254 0.670959205160914 0.0523891446779886 -0.0841957385825584
-0.426023627425292 -0.760158421394646 0.889821662288607 -0.00901531630883174 -0.160114471307555
-0.659454732857361 -0.720818325422621 1.01299962806617 0 0
-0.928055552527174 -0.920416982133453 1.26030009458924 0 0
-1.25617950314751 -1.18267863053586 1.43712630818003 0 0
2.46201466303355 -1.26121896344228 0 0 1.40279456658978
2.13544816035127 -1.27124436516617 0 0 0.962196294776015
1.78410066365743 -1.19618444934017 0 0 0.396800303757311
1.0775157978922 -1.37771007735281 -0.16899144805286 -0.165870827466184 0.135687152134239
0.738218732197617 -1.16909904915753 -0.180888244519243 -0.161608372644945 -0.344928677663599
0.451510918602232 -0.825735572136701 -0.24097223234355 -0.206143275894802 -0.722582423672467
0.425951123266482 -0.468377155907863 -0.199031498178184 -0.131564082270326 -0.785901251912754
0.446031962141439 -0.231632386206536 -0.0843669448992489 0.0626004295679352 -0.689142763900176
0.234889250443054 -0.231435680751124 0.0759009385315706 0.253218125665469 -0.425924774416065
-0.0923250545208063 -0.138673158410422 0.279539166880013 0.198568239391127 -0.306671970085657
-0.430128131984729 -0.106749376073705 0.534901265405839 0 0
-0.628865994172681 -0.315430940218536 0.781873141172232 0 0
-0.887327174193715 -0.685519402271683 1.04546722414685 0 0
-1.21055327048014 -1.04244496380814 1.22118285357381 0 0
2.4057516830765 -1.0575838308455 0 0 1.4953012379814
2.06544284150684 -1.0639343382059 0 0 0.970941626867397
1.71091154600444 -0.917637791587247 0 0 0.300262310361987
1.18359069465583 -1.03538972166443 -0.328514113550597 0.00104334863530936 0.051920209139995
0.952778857944547 -0.830512995050077 -0.391418050231157 0.0742239055853 -0.402653284776659
0.584385625106102 -0.503338469571692 -0.490356935762095 -0.0486147125339397 -0.785598535941792
0.507895492547674 -0.110050213983963 -0.422958950684701 -0.051772511146928 -0.901963468147332
0.582552575877961 0.186956186660424 -0.424800870897247 0.128791566629127 -0.856386129207525
0.508367312456214 0.447552709442581 -0.273042280969234 0.220989255580708 -0.781641417991879
0.103308978470857 0.439442492698369 -0.0230815545813731 0.311914605703214 -0.466601461083408
-0.365681871479763 0.320273183779867 0.309536309785268 0 0
-0.605654710302293 -0.0500433089698955 0.556838341171619 0 0
-0.90741866786855 -0.442787154690276 0.734256241898628 0 0
-1.25373320355163 -0.87686052838051 0.848070398948921 0 0
2.29544210879281 -0.84722371250936 0 0 1.5277505916133
1.94682349762396 -0.814211873350674 0 0 0.828090941458792
1.55084309578707 -0.876825465474434 -0.167226813842868 0 0.304429408442458
1.26339417965279 -0.81432593047273 -0.448716925695606 0.188834452223845 -0.0338928745130811
1.01817101792126 -0.588598380147002 -0.530275946223603 0.192569605865413 -0.387511760472455
0.579009210851795 -0.285130324843774 -0.58648995309928 0.000808649073591163 -0.718877012833955
0.54318597999528 0.115475872486633 -0.515756143173235 -0.0365626949431125 -0.899709032318611
0.676864214402808 0.360417144793271 -0.404460522825061 0 -0.81518883065359
0.679665088571394 0.671308676324392 -0.391755867849799 0.251366126539037 -0.874649333015536
0.488839500334308 0.921054833965329 -0.0728486584848332 0 -0.759793457972685
-0.0727263904270838 0.714708797415661 0.100676484239703 0 -0.391068487961687
-0.346640261922774 0.302665288579323 0.37387655207349 0 -0.379340175630278
-0.69232889700067 -0.231920627516329 0.55488996589661 0 -0.278500385844858
-0.976432273021449 -0.774192348310825 0.716200493849805 0 -0.214839990560393
2.23389359171996 -0.916761782210316 0.0355193114570538 0 1.53482020613558
1.88776137732606 -0.916422175385193 -0.0222213197429188 0 0.927810922684429
1.47500275013369 -0.831180625176623 -0.160519646076492 0 0.382298549110664
1.161202853879 -0.660546190694305 -0.306159517125086 0 -0.116850304462275
0.912564060116775 -0.519169581155696 -0.291280783209843 0 -0.458028734471738
0.62862861956399 -0.313174005432486 0 0 -0.701010489243462
0.567120896075442 0.0914552251503165 -0.520249098507591 -0.110442096047219 -0.887349381617128
0.728882063900611 0.37061554813992 -0.573177637795194 0.0353268835425824 -0.90482967261077
0.6326957662846 0.691144380352657 -0.24241355119976 0 -0.811954906149637
0.523298758458744 0.943602540706912 0 0 -0.777260775519026
0.312176490347435 1.06311030396192 0 0 -0.676409774739549
-0.103034076276095 0.776759772192194 0.0651465241829069 0 -0.435117518789537
-0.649029545741271 -0.0108154199344944 0.218508422155251 0 -0.229964171576009
-1.04348446976907 -0.500956792739001 0.244766579427984 0 0
2.03743293402472 -0.771763151759888 -0.0657966996955024 0 1.38892130865762
1.68161574098238 -0.855151460050751 -0.108349038227945 0 0.754486261845212
1.29642611952696 -0.950940391967413 -0.202808596262327 0 0.188918751549295
0.976328379467103 -0.812511955813498 -0.288775260482736 0 -0.35397337815221
0.640035849148502 -0.657048456488442 0 0 -0.759170519071179
0.13534799799609 -0.32079002921467 0 0 -0.929338875123876
0.294254712748548 -0.058445132382945 -0.312375812899644 0 -0.820092724389584
0.596284146119272 0.329529768258505 -0.233184328533049 -0.0227176286091434 -0.93676704684974
0.362780460521705 0.662895072876484 0 0 -0.515307786164115
0.48213153837178 1.02389309976212 -0.0752660713824445 -0.296488022746048 -0.661021576734224
0.274490471141344 0.930596024349684 0 0 -0.529759095880534
0.134817445766457 0.881239810371061 0 0 -0.378066404477178
-0.143490778488357 0.756427978713866 0 -0.133400899529399 -0.184256826165549
-0.633301950854974 -0.0515098228165432 0 0 0
1.7426029672238 -0.737047374189857 -0.156581376276926 0 1.10867337409809
1.42557785257414 -0.840548319021488 -0.213433605196077 0 0.534268314624862
1.05414685406962 -0.953570131878284 -0.257994517949276 0 -0.041439342886956
0.766654922738794 -1.08870763039197 0 0 -0.557075219131218
0.578312245708457 -0.878050649456258 0 0 -1.00531819717663
0.546606582780607 -0.733936390267807 -0.0345896591729759 0 -1.12530439460162
0.570672739776131 -0.343524084101755 -0.16647563203195 0 -0.950303836916638
0.379660722628487 0.0874641088840908 -0.00430200896479821 0 -0.636872167312703
0.481367995077588 0.378522275142435 0.127399970198292 0 -0.626131104933238
0.61399862971535 0.843427692299902 -0.0477158476084972 0 -0.53745947989971
0.40648233809706 1.11661995151739 -0.300195439495113 0 -0.284936842352177
0.238200224627296 1.12636352236944 -0.362809171311165 -0.107387623989384 -0.0675261082291472
0.157202844845857 0.848742216805361 -0.47061195936568 0.115499748733663 0.0243037379011977
0.205308093243136 0.443914750654657 -0.663375734389931 0.537863091428502 -0.000146682166053941
1.02305518650053 -0.88606383848936 0 0 0.70511541758741
0.823287316676808 -1.01618446950941 0 0 0.193027590136321
0.624057365092029 -1.11745123140923 0 0 -0.284232328591679
0.708141492169016 -1.16283077588035 0 0.0677200319381486 -0.740311971067195
0.767835020694108 -1.18956573084338 0 -0.149620186360767 -1.12834032433655
0.653998037849486 -1.08111879361239 -0.161307396188373 -0.133605141466979 -1.03754408438419
0.536435461780321 -0.584737196386492 -0.265396805117635 -0.0990814196914944 -0.809174991844346
0.375981355354609 -0.161461781211297 -0.100302034000566 -0.0544781363210841 -0.567771743086079
0.0592280964885503 0.0829143870613404 0 0 -0.319890748546533
0.134906945550649 0.681681234017037 0 0 0
0.220893729376897 0.931645109508046 0 0 0
0.326863169238681 0.926110418440588 -0.391591252700849 0.0918987559469737 0.0187558369050208
0.101542601018293 0.730963245817874 -0.597141513233385 0.247015409281521 0.20256180006922
-0.0673190520618926 0.515679207690945 -0.783575875093237 0.334425500503258 0.34069379217178
0.636390987521936 -0.909707853776322 0 0 0.344755379226673
0.52708721362786 -1.02931503741219 0 0 -0.00650017180902704
0.558612823881953 -1.15605959243247 0 0.0315801937463506 -0.321011556197045
0.733893233056539 -1.45859190454142 0 -0.290256998199276 -0.745950898832687
0.869802648872452 -1.54082852385027 0 -0.327610755625448 -1.00547951471728
0.854374400731976 -1.56009837990044 -0.0407427140134102 -0.26477697423438 -1.06865507324522
0.544633830635704 -1.48859270337809 0 0 -0.578078719613194
0.481503025808162 -0.927359156644207 0.221573820312756 -0.19831743287316 -0.8262553365693
0.335735704027945 -0.434590155447296 0 0 -0.539241700465998
0.560465500701825 0.105658958450243 0 0 -0.399694116688003
0.51966975290557 0.499158736826416 0 -0.203530605859828 -0.332153956251063
0.489988298555467 0.48196067477419 -0.457360924897961 0.0796841759621195 -0.118889343719482
0.268234064960921 0.498937517596917 -0.793817699703442 0.274398328338552 0.224292160497011
0.0791275456403709 0.45101768528284 -1.02300088874229 0.370848469583749 0.503201062496182
0.420914303079371 -0.934445748831555 0 0 0.212715993020268
0.491414448898373 -1.1690955751753 0 -0.22208439761563 0.0124388194607477
0.656714427018878 -1.4739136852313 0 -0.467410376515918 -0.336664050168979
0.859256700315798 -1.76579272389575 0 -0.614264542293632 -0.59726558708194
1.00039383479012 -1.87895321319848 0 -0.573777927629084 -0.830287343422317
1.13148786924825 -1.95307069087475 0.0650010037525389 -0.38746105245038 -0.939242004055042
0.694669047177491 -2.00582439490817 0 0 -0.704247846868844
0.567991245505296 -1.57547896574241 0.360445966222434 -0.319022817552065 -0.789849293203358
0.399242879244355 -0.955307571520742 0.195303146185081 -0.384120504435257 -0.779047119076422
0.57944238315698 -0.51053613898774 0.0670412939441532 -0.379730013484678 -0.620392473692482
0.573541188693236 -0.247012940571784 -0.15202733569774 -0.199356527931481 -0.371963570221976
0.487090149092413 -0.0423008054755191 -0.472954736751166 0.0407838815960339 -0.0669251637800457
0.414086067931936 -0.0601920933468097 -0.861027603690295 0.282681681597931 0.223429069332894
0.312014105779806 -0.0753088359646752 -1.14693694414192 0.463382819629496 0.496737397779667
0.39509386051419 -1.26215182920137 0 -0.505589831822128 0.220585383523627
0.736607902989863 -1.73162817992437 0.459156125428248 -0.999099513170113 0.471203904329654
0.825786919477252 -1.8289671700971 0 -0.867977147940215 -0.218985891980275
1.02662680303029 -2.07079626822322 0 -0.913896328688459 -0.439032256651258
1.14930554494882 -2.15221660155629 0 -0.800753757154073 -0.684111920021615
1.24826682548448 -2.20676015148021 -0.00486331878590175 -0.527192844762945 -0.827129720142007
1.07801309520719 -2.21220176298488 0.225546070886105 -0.331867347538878 -0.647646952055164
0.698343551764211 -1.99347124358076 0.221454852456696 -0.229454549610862 -0.656374822180608
0.499449609867024 -1.4719836220542 0.0545335500558097 -0.306251982304363 -0.687699161708021
0.554544196237365 -1.09197538639052 -0.0478288959649632 -0.335817053455204 -0.740232880962339
0.597787717614726 -0.835227059611251 -0.315815616375985 -0.0837710598680043 -0.389746652710235
0.575821733145119 -0.6533766769151 -0.601412794018937 0.124155036586838 -0.121611498394189
0.517273799644974 -0.56756817434336 -0.891341915739271 0.291823418328612 0.204098562906498
0.445334389928584 -0.516463918574771 -1.17401189430428 0.479516566094173 0.501868150791125
0.507566517738533 -1.60719123751552 0 -0.982602773587278 0.284779749352516
0.779098140446257 -1.86989649335414 0 -1.13859512568602 0.0930200104602781
1.00721263110391 -2.22778103437869 0 -1.28820603737368 -0.0773384043640969
1.16589773815169 -2.3445344700449 0 -1.18002885392573 -0.317781729049956
1.27848034932942 -2.41535486054154 -0.290657416185171 -1.03477531024086 -0.605488093121914
1.22230945383203 -2.33083980635443 -0.200504560496874 -0.623042046593742 -0.659181141757378
1.12212979988255 -2.25684280829697 -0.117636043768734 -0.216369709106532 -0.359478033808294
0.870725911561678 -2.29209713673319 -0.0081466597694508 -0.109212395330539 -0.462499339294952
0.517066626149299 -1.94707108921258 -0.128325808040872 -0.135804731288908 -0.677832242781075
0.59278969215464 -1.59726381257369 -0.263715665029027 -0.041306043283622 -0.634928351839028
0.653945236628481 -1.37971892897348 -0.475753797939799 0.0923513100726896 -0.509116096366047
0.652208754333764 -1.20968723520647 -0.77155431684769 0.272671422489148 -0.206792841083712
0.567443900468064 -1.08401260248046 -1.0420144411285 0.404588473074249 0.0995050564465676
0.578254648699183 -0.994120908146457 -1.26255316443931 0.612427715917498 0.437403733943379
0.627968566942946 -2.07417245523219 0 -1.54636099806025 0.375528358563962
0.925281961002792 -2.4497668073741 0 -1.72620827987803 0.242087804356413
1.10918053187893 -2.62100669653178 0 -1.59905321707733 0.0242516538250565
1.15671273379779 -2.61601637368404 0 -1.33220265929687 -0.32779396876152
1.21831765821878 -2.72602855843102 -0.337217182090302 -1.22003908554661 -0.509057349312107
1.12689562846294 -2.41141846699252 -0.523649697463718 -0.571992279212825 -0.377103717757144
1.17565404595954 -2.33186553041974 -0.441848523767882 -0.189086384349699 -0.144429291003619
1.15631084836971 -2.41540655856518 -0.255942245033113 -0.0200059116756085 -0.252807608178187
0.614383000811193 -2.3789978106016 -0.35869133199409 0.107650085832452 -0.549780332966896
0.522907551467694 -2.02146504811004 -0.605199281738356 0.242778918053234 -0.528793742439322
0.601409693328128 -1.82643188753742 -0.773822826530064 0.375038567100895 -0.454336944849668
0.653635287163659 -1.69313947873032 -0.946686526493458 0.465918077832787 -0.314389728918576
0.658197014268208 -1.56870903979734 -1.22055736975443 0.621400013427764 -0.0253138900029657
0.717813923849542 -1.46752365426217 -1.40596089771812 0.796372722616861 0.300244452455996
