"(Intercept)" "X1" "X2" "X3" "X4"
1.45957982240829 -2.0851880026589 0 0 0.471607147090916
1.23927768451968 -1.98798297199232 0 0 0.33965351196644
1.0138465155514 -2.15183064911307 -0.20349878254211 0 0.627152279588542
0.546081566319961 -2.23664595232883 -0.238546762564448 -0.332811485546675 0.752003816281292
0.419440504341328 -2.07289525728039 -0.236767571374375 -0.237887188368253 0.653603672630384
0.236070386575821 -1.95682884312537 -0.178410479634812 -0.0677273658975331 0.558851568069737
0.0186713665042951 -1.85963653812851 -0.130907156500309 0.11730988718264 0.373733733847241
-0.167168807937453 -1.75358520201787 -0.0967998473135923 0.285798457887856 0.0957206371862169
-0.485127175604233 -1.66328180577072 0 0.217999801286668 0.00240932230443841
-0.701497104036862 -1.57696248801483 0 0.274504080670709 -0.150488605540051
-0.989969005618803 -1.21588700799856 0 0 0
-1.15850044889945 -1.07994778519529 0 0 0
-1.36433316549271 -1.0431548102409 0 0 0
-1.56213310370382 -1.16124823957485 0 0 0
1.49271151194006 -1.85122328292474 0 0 0.262161554784248
1.31864251147536 -1.77400404157262 0 0 0.314344301934077
1.10851273534703 -1.67898757253511 0 0 0.28852417548749
0.789622888217785 -1.74708270527903 -0.267620478543386 -0.246798933408116 0.577311214935868
0.697141093155423 -1.47113418096549 -0.195466346885171 -0.167790242830761 0.489382178750579
0.591161549081071 -1.27616576784398 -0.136847306721036 -0.0288150305711758 0.406175150518864
0.375247453157104 -1.18247072676782 -0.0696487781475401 0.143311986793254 0.288466466083879
-0.0704310321924156 -0.996432781012864 0 0 0
-0.334554139764397 -0.927287610079896 0 0 0
-0.546852206772708 -0.824007087196236 0 0 0
-0.726181249230612 -0.771534942589519 0 0 0
-0.921606313306468 -0.767405581370598 0 0 0
-1.15442466849133 -0.913106394909686 0 0 0
-1.3837133941618 -1.12190453061795 0 0 0
1.3750162546699 -1.85843360830307 0 -0.189985129146885 0.461404268564134
1.40566324304704 -1.5051165732339 0 0 0.178963796094249
1.264380078372 -1.35757747312119 0 0 0.211049222956828
1.14170502933561 -1.231895284434 -0.202602842141814 0 0.305512437006133
0.928685103576277 -0.917994454652484 0 0 0
0.871714703001873 -0.66350423918269 -0.156054851523705 0.0142226424465704 0.275187284552568
0.591256790605208 -0.487365867875688 0 0 0
0.259313620683914 -0.42548638399127 0 0 0
-0.0393165598747827 -0.344512272632638 0 0 0
-0.282043244924928 -0.305157693182707 0 0 0
-0.504300999569615 -0.38754884093358 0 0 0
-0.724020950608412 -0.541606198764516 0 0 0
-0.969990511436625 -0.834313024097615 0 0 0
-1.26661142280794 -0.958474056278845 0 0 0
0.872890868900696 -1.8102821162753 -0.340474934887594 -0.971101378930809 0.535069429282775
0.88074493160529 -1.62912426290277 -0.345658825715206 -0.756108812733861 0.370483662027094
1.09000596853667 -1.34691051391608 -0.342774179167385 -0.413369528035294 0.283320187454995
1.29389790966929 -0.914406398005978 0 0 0.175557819552752
1.25578286936294 -0.657899389486112 -0.211875868402916 0 0.154749505418168
1.15129939211621 -0.366234441399 -0.182775572700605 0 0.0321888780113922
0.96545567157031 -0.0866081568778195 -0.0934052471140217 0 -0.0491486686154025
0.572100483396591 0.059197716881118 0 0 0
0.23775048552623 0.141065988750534 0 0 0
-0.0677947821340328 0.129322640037955 0 0 0
-0.312200197475362 -0.0554519780606521 0 0 0
-0.575883353022293 -0.328111813570225 0 0 0
-0.871755283523585 -0.560391520884759 0 0 0
-1.21664181845883 -0.66007888302655 0 0 0
1.00552904330993 -1.61614150170596 -0.358051126277086 -0.908751993421187 0.448698635555281
1.07889159394088 -1.42163098244399 -0.386996488041689 -0.656597247296725 0.256617980711945
1.10873361992416 -1.2282439385506 -0.388391794051319 -0.428019928840481 0.0827053517575104
1.31361915560834 -0.837464733258232 0 0 0.111741753739663
1.26969945241391 -0.573353118565015 0 0 0.0451066325814425
1.22905944719395 -0.267264168571692 -0.220702244484602 0 -0.130751349097187
1.09391035142773 0.0579879490137674 -0.122526429091323 0 -0.273493786188962
0.880294526412076 0.317359531614085 -0.0105172142756538 0 -0.322339430100656
0.398663693016357 0.381855583406295 0 0 0
0.0772948392644015 0.348323945166513 0 0 0
-0.194224714458675 0.183011341395956 0 0 0
-0.495820115044722 -0.0481240452237201 0 0 0
-0.864975052368714 0 0 0 0
-1.20539300485829 0 0 0 0
1.21561049138187 -1.49926216108909 0 -0.530044675199147 0.287453127632057
1.16752709983074 -1.34413010408783 -0.35133839063573 -0.564982703596355 0.175873120289088
1.27579200047661 -1.12447373158363 -0.417427881872761 -0.306916482971356 -0.0530760254686239
1.24523700322854 -0.873221613702865 0 0 0.0034232055460519
1.14873177948277 -0.632139144355888 0 0 -0.148184479358896
1.04580343892402 -0.330024056330318 0 0 -0.313209815053092
0.982861536762422 0.0476151382745954 -0.176235519944812 0 -0.560453094987907
0.827330643342622 0.328025658523909 -0.0631207427651164 0 -0.523922679631598
0.579934148713195 0.496688335819778 0 0 -0.449248928253229
0.215996485025162 0 0 0 0
-0.0852858345271918 0 0 0 0
-0.386442107785461 0 0 0 0
-0.681233259191537 0 0 0 0
-0.965252817190501 0 0 0 0
0.941995075845783 -1.50038100455085 -0.105717787462622 -0.781449164056568 0.493222456864321
1.09620205265306 -1.33162262770173 0 -0.379178234351574 0.19788452877302
1.18450421865194 -1.1544756178568 0 0 0
1.12266998115888 -0.966928467763128 0 0 0
0.926433045899862 -0.714065788970723 0 0 -0.359750708890204
0.746435380187361 -0.345174972311237 0 0 -0.683196949340789
0.578081312769796 -0.06759981171844 0 0 -0.66119061029177
0.487142886756011 0.181396413370197 0 0 0
0.443329080943128 0.365295290214471 0 0 0
0.316243441262873 0.607065096881578 0 0 -0.699202870026937
0.0264703915909433 0.476020022063134 0 0 -0.392482564647911
-0.117160715210261 0.48767692057217 -0.0343457560529367 0.216685584086699 -0.46560967424871
-0.218589889223422 0.142740344816634 -0.0955475302455709 0.389426275062916 -0.263296320608147
-0.35709772368456 -0.241104974184854 -0.206762266766519 0.523273322997059 -0.0852159326947974
0.551677408005657 -1.3007661474707 0 -0.460017188005924 0.273020795746191
0.820806504162452 -1.35938998092184 0 -0.328620392312123 0.263213491782516
1.01409074807126 -1.33766463414888 0 -0.122586783439086 0.0740610196498745
0.916657578228211 -1.13918279384459 0 0 -0.158923867218835
0.71729572263162 -0.853875346347722 0 0 -0.532975683573083
0.577033962368121 -0.485122853424514 0 0 -0.807016454821477
0.292530750354921 -0.208384869280203 0 0 -0.731874012035259
0.168780659149322 0.0842953404154424 0 0 -0.658862832906608
0.211482859379728 0.39259946223296 0 0 -0.879230752361735
0.215494935853414 0.699278948697709 0 0 -0.797060248612289
0.114544191834337 0.748112450208222 0 0 -0.427853437031727
0.012285942360526 0.786708929757978 -0.262677722798885 0.0555030473399918 -0.404085038451336
-0.109824517838876 0.392200611278616 -0.300992360693421 0.0927183905896949 -0.153580599845149
-0.311850105326364 0.0901083537710674 0 0 0
0.483286222693629 -1.41269409252285 0 -0.215224855938164 0.499529880452695
0.661511026029397 -1.42786123383996 0 -0.12096742099641 0.341977080780045
0.754273369722859 -1.40206523753247 0 0.0220821990168988 0.100927117388962
0.692757527548602 -1.3021742895776 0 0 -0.193489266683582
0.680044536289973 -1.13964705690091 0 0 -0.434733233613228
0.5723973790462 -0.859026912784956 0 0 -0.542239628274881
0.36312222922666 -0.593302937520216 0 0 -0.516223200811792
0.222442384337287 -0.300494852410559 0 0 -0.475557299438153
0.362612941873851 0.032428038193433 0 0 -0.834879595769636
0.359665900674343 0.387818053019846 0 0 -0.595177785823619
0.33455737759644 0.567582964720004 0 0 -0.267469619087256
0.14381829669215 0.553734469046435 -0.363172186857229 0.0418178176902867 -0.218635828781349
0.211934700737895 0.302561668077315 0 0 0
0.163453693660294 0.0563605243074682 0 0 0
0.484232892899689 -1.5764877508394 0 -0.0317355516540165 0.633713240304455
0.517264932382582 -1.54192951714363 0 0.0520792685506664 0.394057405954219
0.609472699569225 -1.54456832549983 0 0 0.110214001664994
0.59850656290607 -1.53122748693089 0 0 -0.121814134544815
0.770743726648552 -1.48782663342701 0.0793051063199078 0 -0.322460329759988
0.657912160639314 -1.21221385784941 0 0 -0.437773202291563
0.52213212033947 -0.97038279161233 0 0 -0.532376521285008
0.384544289158075 -0.720476047994465 0 0 -0.640274083068535
0.466055121393422 -0.380730423466439 0 0 -0.658804995585687
0.588123612967643 -0.0045489253691476 0 0 -0.400388380286809
0.461767955617314 0.249078016079202 -0.216840067558463 -0.156916576377841 -0.187451925928929
0.450817852720934 0.176286664898912 -0.361525638777842 0.0463736254444316 -0.0684916453392114
0.457778500897899 -0.0903800364085541 -0.510417995952279 0.302387615418675 -0.0332040885787273
0.57307272696139 -0.168420435246656 0 0 0
0.407242669619089 -1.69490233680704 0 0.13142457442796 0.705738864571419
0.410674895355314 -1.64309965508765 0 0.169245998453395 0.476790918476934
0.631410589692622 -1.65320844935536 0 0 0.172057083993749
0.610491026142411 -1.68548343961093 0 0.11017640610031 0.00152400517569185
0.576762146569354 -1.71331116999472 -0.0551067075215514 0.192181721620489 -0.155657955981358
0.709300098180062 -1.59463585842212 -0.0405112875053697 0.185976991858435 -0.326286292745384
0.616504953689545 -1.35190861637477 0 0 -0.563714564241923
0.490844454884017 -1.20599054174592 0 0 -0.610002196155013
0.593967399959792 -0.85813698898088 0 0 -0.583745067665265
0.540186982583485 -0.528453524764059 -0.100193885368388 -0.297678082619457 -0.360789507592987
0.665635338994732 -0.303949518773544 -0.200843837097335 -0.112263083544588 -0.155974312488302
0.705859739338822 -0.354197249656894 -0.324449626327818 0.208758601413146 -0.116898184065316
0.810442566634908 -0.538072717292752 -0.480973652903124 0.415000278029318 0.00585921645993475
0.980050143232862 -0.525030264418928 0 0 0
0.38938651127014 -1.78631183491901 0 0.226361529850728 0.687518677489156
0.410300270813752 -1.73661960969069 0 0.234576896743834 0.575676590929277
0.508600376945335 -1.7085348596904 0 0.307530673812593 0.341872121711616
0.370406190042675 -1.77360717933003 -0.135255742793968 0.465080181114771 0.171178062120177
0.467468756323558 -1.79279859774097 -0.20697559927889 0.430017771583496 0.000183536862918506
0.552279735965419 -1.74039532070472 -0.202703317966352 0.415140249158125 -0.186401480872887
0.600018529079633 -1.58828351630891 -0.150469349988484 0.171250731471682 -0.369682633725491
0.724291885713877 -1.457434354906 0 0 -0.35387846996046
0.575399609299094 -1.30874190203533 -0.132108497975972 -0.247487365885942 -0.429220006639871
0.731595138965589 -1.10043050535802 -0.12197808542157 -0.217529768286772 -0.343119959883739
0.843748804438986 -0.999691617694647 -0.200553701743864 0.0787702654026618 -0.312179766424659
0.9399722666585 -1.05804728861704 -0.339341638444695 0.405007826880053 -0.297923580140018
1.02671879472317 -1.17058651428197 -0.485166232266172 0.661466754314917 -0.232039706231854
1.18284153125361 -1.19492802991839 -0.637059015937543 0.720273779463078 0.0540305190452595
0.468059774627835 -1.85767535824828 0 0.20976767197724 0.714822359600094
0.53991264075719 -1.79117511019297 0 0.283306300646996 0.644337522654882
0.729082311170819 -1.70508418057944 0 0.334328602708096 0.306276216673127
0.260590999399159 -1.86624963172675 -0.318143013594876 0.721369811556792 0.334612744156047
0.271071838211508 -1.87489718390644 -0.402498201054916 0.724144343642325 0.178808943233449
0.298632562144986 -1.78965783637867 -0.453133134011857 0.730587184793308 0.0404987816934097
0.435017617978314 -1.62976537405558 -0.56546505666493 0.705285044239579 0.0524588647662591
0.64501844930702 -1.60062318133283 -0.415718785313055 0.310578572965146 -0.0134058068982531
0.717279879762745 -1.67301147016001 -0.269097383722647 -0.0631082750710849 -0.254396155665707
0.985104759189019 -1.57159817397202 -0.263171036547965 0.0113511567747071 -0.17122754891374
1.09914039842943 -1.65166674476755 -0.263185553592753 0.315269911603814 -0.400292468492224
1.22003357877177 -1.76520623012563 -0.359847984108314 0.694287613498589 -0.482798758577351
1.30499791165934 -1.81858922665318 -0.508572014974935 0.905948417508068 -0.402384702052868
1.47728607425395 -1.78964218186013 -0.647620982595621 1.00383364918346 -0.139558509106367
0.519929595997711 -2.02216576437895 0 0.210668134341979 0.831868261674715
0.748810072170925 -1.84019593236262 0 0.272841423247257 0.612310621894385
0.105113359895706 -2.01359891141806 -0.451040875680064 0.950078593879341 0.669499838708799
0.052220647418106 -2.01271513453087 -0.525216429278559 1.01614130459579 0.523364638680775
0.0393852470324966 -1.95738261226507 -0.592028584233982 1.0457398026661 0.398153964200809
0.0340061749076694 -1.80547834615447 -0.793922076489922 1.15432005097614 0.36613058105347
0.21233629291845 -1.63108110798684 -0.945294349058791 1.10165192130788 0.422103229217133
0.523262056689553 -1.55655277086042 -0.887851533348891 0.872413053115496 0.369138288034772
0.744291464451773 -1.75399473995476 -0.617030051515757 0.410566282896425 0.0196760745980445
1.23266788964024 -1.95325077128391 -0.419078475912876 0.203548677131546 0
1.38679868166093 -2.12556682319123 -0.472475227626179 0.554171231111312 -0.290559908665529
1.49849445561135 -2.26718002513009 -0.521603470557282 0.838129028352168 -0.450268265921682
1.57438679581647 -2.38113020332553 -0.606445487216098 1.09756002444265 -0.497603493317448
1.67835242557707 -2.3720116883291 -0.721322815832642 1.26505117499576 -0.358380398894705
