"(Intercept)" "X1" "X2" "X3" "X4"
1.87121579919333 -3.25566677038747 0 1.53251725276222 0.777505884866862
2.38908336889472 -3.18524769002758 -0.294146768502262 1.83974217867207 1.21422183003224
2.01099440812033 -2.71375435599754 -0.0156462225393257 1.16937148456914 1.0743458242959
1.59749162031965 -2.14386548110798 0.347277432619298 0.590527549623317 0.796359958761008
0.800449374881059 -1.74145550377095 0.740941749905198 0 -0.0510828481855624
0.658922357494616 -1.52805247650776 0.661908505023997 0 -0.065241911463909
0.398555686062169 -1.44942824633751 0.427379829044038 0 -0.055719295231025
-0.396841104593133 -1.39345315758756 1.11014826137388 0.31282717861887 0.744350706919014
-0.859794621165087 -1.27436679717022 1.44899380667794 0.706834574805151 1.02732500895739
-1.23580018443142 -1.20661047151124 1.65392432444489 0.676723073566678 0.723827278058686
-1.50798808808431 -1.22905264936468 2.07482487167952 1.14886575708078 0.539663383526785
-1.76531512114855 -1.38517116493168 2.49599632482933 1.60923916554069 0.484925513372766
-1.71586553993302 -1.40878073907328 2.6945509188664 1.47704567673746 0.0422218889498062
-1.47698703644228 -1.68480669170753 2.74915694617345 1.07652234178831 -0.597580942431647
1.52525485385924 -3.13917249990199 0.276857844101224 2.08240144915229 0.401535126308004
1.52651542271328 -2.80163119799744 0 1.42925083087876 0.514531309629874
1.38374880232133 -2.58084992643673 -0.168734962972897 1.09154311648023 0.649398615747087
1.15629461239051 -1.8111301488056 0.230079513877297 0.454130409573193 0.378051518050229
0.903120864547426 -1.32771538866547 0.292815617390671 0 -0.104889186708857
0.800198687402484 -0.930287044555129 0.303807998225535 0 -0.189906340512063
0.856915972873022 -0.635189762132746 0 0 -0.381416916539712
0.00603415204411102 -0.608805849522014 0.55089801715584 0.10907450187252 0.0375416068490884
-0.45727949553638 -0.814917321202308 0.983900188181618 0.475474485291502 0.596670719779169
-0.672190439766313 -0.740025702954062 1.26467409699709 0.595804553900795 0.237412528287274
-0.948721725465318 -0.868649794917702 1.76721361719644 1.03236652850795 0.283155752880942
-1.1444490225497 -0.839495260606319 2.04802814135322 1.30537616834158 0.030644264031848
-1.32376936945605 -1.17037700204253 2.01133986770997 1.07395196562101 -0.0520440103429697
-1.36151626292732 -1.82952173382493 1.5422207399284 0.741841127353213 0.146527759921727
1.45872055520322 -2.64696041601347 0.437866603592903 1.79405330821373 0.329875999729468
1.34655140867911 -2.3788287510879 0 1.17335413026066 0.290352992962982
0.844446359888105 -2.15088254471595 -0.253314526084685 0.67424005641913 0.255948223786326
0.726637042500384 -1.52843951068484 0.165850653046868 0.265561576918086 -0.0973866283065792
1.01754590183599 -0.951357288570633 0 0 -0.160549013318331
0.936852042707298 -0.491531549087406 0 0 -0.394859261734325
0.894469364937636 -0.152504555774179 0 0.0895204435495875 -0.64775520108185
0.61291751166275 0.179634324595608 0 -0.0270469784508375 -0.921513024771467
-0.69689321101038 -0.023804378636431 0.779698151885536 0.162777159112093 -0.285089988232037
-0.12009300119671 -0.192612045290268 0.798738103142025 0.386915278928606 -0.192868763409413
-0.324976293642437 -0.303678935796453 1.27225495878879 0.707384797434111 -0.250987453813797
-0.646393757033374 -0.347714786493339 1.70227770606026 0.934581373658741 -0.323833939373398
-1.46908572369424 -1.17131426611163 1.48111458623186 0.823331445864416 0.417852717074086
-1.41805233000882 -1.60421165063598 0.824567397162922 0.389435727616877 -0.0990849151446442
1.2815335856391 -2.36390562439409 0.394051880216074 1.06333757157328 0
1.19850889478402 -1.95288315660206 0.195749045735651 0.486053202964798 0
0.89242231170901 -1.57980040918482 0 0.307737561104016 0.111416565539949
0.357659526359419 -1.07986175107183 -0.121563562716032 -0.208771702864017 -0.394627696455894
0.933181730283519 -0.690681012178473 0 0 -0.424391217734141
0.732661141758816 -0.188937662199172 0 0 -0.763625548412483
0.85266808613911 0.136136965685255 0 0.200282032083212 -0.944074615415208
0.783002824296445 0.426852986303093 0 0.222045605226812 -1.24048322820319
0.421541169413987 0.763231715894924 0 0.222301117965291 -1.35545178985486
0.0647487747184726 1.10724421319224 0.522025534340529 -0.00403478276319846 -1.3518918209784
0.121286605963829 0.437312079419549 0.750920226875792 0.31356203327069 -0.781049153832778
-1.09619735771201 -0.113164526903933 0.804848579260188 0.450351140412381 0
-1.27012781626906 -0.651113542371674 0.863184708557047 0.565193559008609 0
-1.28900581846626 -1.21228768411678 0.690317098835912 0.506258644381823 0
0.859460622626684 -1.94174775251168 1.04719624482074 1.78180813115652 0.668073077581449
0.387166835546287 -1.91561586309289 0.543690200104913 0.841087477863002 0.185082982329586
-0.064132010312414 -1.58085666346019 -0.049027344419 -0.218774686750753 -0.525316897495054
0.969875745738391 -0.895868512386253 -0.333619937682811 0 0
-0.314277479150362 -0.546037263100036 -0.494334059781357 0.296652448987546 -1.28217852797394
0.259935679652606 0.00479529595469008 -0.445074481189851 0.297065742973837 -0.97383891864999
0.689726160239833 0.343285270345428 0 0.44092690448289 -1.49069436583705
1.45415752371137 0.422145477410903 -0.0670832498579612 0.324242087647956 -1.46097371994253
1.097641404401 0.952439626170118 -0.323106727378419 0.0202124138544424 -1.63422874011379
0.223245599295772 1.34803312975257 0.196921701300737 0.240424585643682 -1.55223855437463
-0.333589582066797 1.21502799789149 0.592214687662242 0.578224095301699 -1.04531048263642
-0.321668949863928 0.741265333984494 0.442968464125857 0.646060275105917 -0.843708678904249
-1.34137422791052 -0.232562103159717 0.345435912563393 0 0
0.503201242209146 0.739985988518551 -0.799052491877003 0.671944218384023 -0.845907599028787
1.26956066213891 -1.59911658084737 0.754634859507816 1.26615683488191 0.778775957029251
0.865379214894669 -1.47108115234854 0.471703478578977 0.803507288185412 0.559327036529861
0.294809227979768 -1.25342743020041 -0.0211628547418613 0.1725196819611 0.0871816830532723
0.654595386348176 -0.753954626393705 -0.525228614423074 0.097670665193244 -0.233404871781763
0.0421592958125924 -0.45386927934735 -0.622965032824177 0.294748374224623 -0.905187391903975
-0.316430991079248 0.227246070427435 -0.498612912161001 0.340821254736878 -1.17169964587977
-0.542435307565419 0.856607869370566 -0.0368282442626319 0.528838677936682 -1.39639038356059
1.54293137313847 0.203662993679768 -0.579711977423049 0.921331386559894 -1.78574606229564
1.11840231388196 1.03291220863749 -0.366752410355806 0.27633085540908 -1.25013216280727
0.625323409160183 1.43889807106168 -0.0545724059014366 0.299451049331227 -1.22009678938837
-0.0906928081379278 1.39771283617464 -0.126677599892372 1.13693432924884 -0.900567052229913
-0.157612405443381 1.22196026303856 -0.0340762187321507 0.78020611947302 -0.652721954236748
-0.12137335056974 0.814021607909292 -0.2318101128298 0.511985464016352 -0.558985111985311
-0.0383708871731582 0.669027763801187 -0.889562524194575 0.339368847752466 -0.415669583971619
1.29809526120822 -1.24323873101705 0.576564952057207 0.961309114847842 0.991398988656978
1.60503244508865 -1.18898687450951 0.416984010663339 0.783151403293048 1.30979429061693
1.39869496300101 -0.805358789221441 -0.121903049879095 0.669947393958238 0.717678358857643
-0.495463559013816 -1.2125758172215 -0.200015962642866 0.0122531048661376 -0.392509481642996
0.173974122850337 -0.751401125276185 0 0.271474198568542 -0.668793891409299
0.666554201279189 -0.0234804799150963 -0.164479541826202 0.463825637569288 -1.28370281612345
0.471056035908619 0.520279214480682 0.0199046480248058 0.766459715260782 -1.46159615994773
1.33225246659506 0.504947214869336 0.379921411450676 0.773213920881961 -1.77688487101374
1.3947791277231 1.16055756582648 0.379345357973143 0.875683741738827 -1.51347165218971
0.800256762655463 1.34160229281103 0.152737630020449 0.441972117515614 -1.05534137963569
0.650946897817843 1.44227044143466 -0.512341425157724 0.979696276498219 -1.02698415470015
-0.126631774355785 1.022516538791 -0.243764143692618 0 -0.28323965432114
-0.672458847060493 0.416768712212242 -0.336929276454842 0 0.118556708662142
-0.844604343862978 -0.373499743895717 -0.569833908703503 0 0.166933227856565
1.06372270173266 -0.969270078079634 0.482344445870592 0.972417339416401 0.978827278507108
0.840525739046715 -0.96385564452399 0.15780027822456 0.726712787751628 0.677472490668422
0.269727475782736 -1.16841527234371 0 0 0
0.0590134655303707 -1.33245251610426 0 0 -0.183629625405028
1.07963700167842 -0.927350768027379 0.481262732608377 0.315794406589453 -1.44182250616792
1.18857576614392 -0.833033808147296 0.425741485662619 0.277714616381495 -1.66906379600594
0.928761442748715 -0.374752436991202 0 0.687145495501264 -1.37810548840063
0.574800185402385 -0.108355654863641 0 0.389296633357726 -1.32323606140467
1.96881666319767 0.185163290920471 0.514497894897031 0.842575558760424 -1.68717341608328
1.26639993266981 0.581866068475885 0.493065239834855 0.44692543335604 -1.12268386925086
0.389770438036487 0.763922361024821 0.199023454726651 0 -0.733375948971815
0.211913074785407 0.493928081586906 -0.0311709085377272 0.178117873923401 -0.610648704242204
-0.152354710056126 0.255160053931765 -0.443115790015591 0.2875247026427 -0.221979456312798
-0.538990052243256 -0.218738776726 -0.729855046700288 0.0695414738388994 0
0.640536575362655 -0.932444517931802 0.339516247932754 0.923339103324846 0.617491774758912
0.193205869677984 -1.23994236375851 0 0 0
0.177883961883943 -1.42586752031924 0 0 0
0.0952258769175431 -1.65572398649663 0 0 -0.289523633722952
-0.13907629429723 -1.85995188274067 0 0 0
0.0363117537096259 -1.62514621801383 0 0 -0.317953131066295
1.0004202164125 -1.20096318644336 0.377179133596681 0.447649085318616 -0.93768969606283
0.800459962638839 -0.761368856469234 0.137669669899709 0.373484874054716 -0.965140082968238
-0.133844944047955 -0.0730360945803592 0 0 0
0.553233204203258 0.24862154849455 0 0 -0.627418646566474
1.05378828685931 0.280458619776531 0.139914403811804 0 -0.885173573377718
0.241836481888213 0.236315120903609 -0.206334763812248 0 -0.455293050061335
-0.392808208128796 0.07548435413442 -0.470166216006153 0 0
-0.4735637164097 -0.339816667451988 -0.62530913755385 0.0822204297820327 0
0.190395434951513 -1.21254249666345 0 0 0
0.211217091613669 -1.39177697226203 0 0 0
0.246281497919119 -1.76519003669924 0.348783803443413 0.083498340632828 -0.287268963028893
0.312051550747392 -2.04196762270486 0.410254856167107 0.153269069980365 -0.468388738211003
0.104927058536157 -2.0041603864235 0 0 0
0.160184483361416 -1.89733798636038 0 0 0
0.259584613200718 -1.61944617209191 0 0 -0.290681492080965
1.17482164156796 -1.32483397572332 0.248622017905884 0.216526987355365 -1.00721825510178
0.951448355877941 -0.585636564498567 0.0237157839171138 0.202994847409372 -0.821669358747929
0.910689517808086 -0.155794881876546 -0.0944481956997359 0.0936498603043029 -0.613433910496579
0.550294152174398 0.0481581618284962 -0.048521996493988 0 -0.229949271207626
0.343671509835424 0.147429006921304 -0.364702956483078 0 -0.291933022036411
-0.257665767782461 -0.0059595455068896 -0.657441552109767 -0.586626496496967 -0.211227359279082
-0.140244413716299 -0.607437526705689 -1.07918313640279 -0.229501836199777 -0.214153338903633
-0.405770848780191 -0.741117065928805 0.692717196387765 0.48673473205354 0.473313312726653
-0.184665549820045 -1.13097487957819 0.550161162451747 0.4135591544251 0.195251690609714
0.140664502984688 -1.53266369090198 0.48205278934107 0.312500274659947 -0.140692194409614
0.178236491236241 -2.00900676618366 0.486160646336406 0.352768774285323 0
0.447088663873093 -2.02834743006302 0 0 0
0.504152604404142 -2.02811618607346 0 0 0
0.806231815995582 -1.94607360385883 0.344904845068863 0 -0.400938062917384
0.861739141122934 -1.71380206958076 0.277394733469827 0 -0.414599280403164
0.538452659686545 -1.27238753712838 0 0 0
0.554605462629634 -0.71913644954757 0 0 0
0.460468187445542 -0.355123008759136 -0.170599009665487 -0.337185261326112 -0.374790127807312
0.14133282088587 -0.257380926271224 -0.425158113065274 -0.438019660381373 -0.292010213079821
0.230579174999776 -0.440697982912475 -0.785055676429515 0 -0.249260990844673
-0.332521175992115 -0.605609379442216 -1.10238523287191 -0.889469518468651 -0.156038969132521
-0.320493723971311 -0.625915905829669 0.749393813741967 0.605560506480444 0.942959737795319
0.0656646568027823 -0.967419283712875 0.650542477426429 0.539394347964377 0.647256354391419
0.278750429954201 -1.46136932457509 0.515475293266035 0.539891162654414 0.0673363066646238
0.107946877288912 -1.93848318146537 0.231044397699711 0.695546135168069 0
0.273494635253265 -2.12083347164521 0.330389747477494 0.551887334080282 -0.0362074101255405
0.620767920775932 -2.19457936853019 0.227106768661483 0.490764512604093 -0.108884540435507
1.07883115391206 -2.15638116662068 0.274449432318111 0.333930506849144 -0.155134553641638
1.10011662466208 -1.97095132292462 0.252740874761915 0 -0.362868759702371
0.933551419292486 -1.50479972693208 0 0 0
0.858824248721187 -1.09309131801297 0 0 0
0.328174446331458 -0.804821830255576 -0.275255242248778 -0.404542362095547 -0.419813816054233
0.565918762339839 -0.780608355695606 -0.489603312189293 0 -0.363088026116992
0.45404357188483 -0.839465357746675 -0.867071613201644 0 -0.279873240811963
0.338869583739083 -1.00069689230353 -1.35700116413362 0 -0.250484086883361
-0.169716228156566 -0.506066379613789 0.774576233100492 0.803333793710478 1.3860678419815
0.139155936268383 -0.941083738438851 0.540519314276976 0.7838983812831 0.789918736543747
0.233606416444385 -1.41580816933007 0.332622641724012 0.829937963854671 0.349972098438303
-0.188003900435926 -2.01480615585822 0.538491731559827 0.816025540809387 0.242377776875438
0.106575322367805 -1.90905527908262 0.250527107381856 0.853004914607129 0.0954178427795704
0.184878057785556 -1.92454761907903 -0.024573478265008 0.777171489591745 0.0127327544830102
0.620217322620236 -2.05061904801904 -0.079104118522637 0.592587510892825 0.0464168366735035
1.11962744740927 -2.01072848097619 -0.0813988402238585 0.387418815296315 0.00859220448506092
1.27304860947075 -1.80047126447551 0.0416313529252243 0 0
0.376691925285639 -1.28636758700184 -0.419748791931733 -0.142049865645106 -0.331569545353282
0.236439294011481 -1.10998443992346 -0.548941473666609 -0.173041932125888 -0.496562337037829
0.0988570597832057 -0.956946267072737 -0.712812692950876 -0.278413084989815 -0.490845959525904
-0.0173865548501415 -0.946218010278594 -0.939162809791548 -0.464255621615029 -0.42025007472261
-0.162774960599671 -1.05108628905964 -1.34556800914737 -0.685501974717063 -0.35598710114734
-0.146583405350742 -0.581561390874472 0.652175260621497 1.09573401299056 1.11450545237183
-0.0428052616368256 -0.994309943744244 0.68144437047223 1.31242016765207 0.661213024167208
-0.160950536059128 -1.50693793808816 0.788193921854436 1.09706216819383 0.707074002711337
-0.238788766364957 -1.70325691807076 0.441055170081896 1.09742026885824 0.582101543826362
0.0433897509421859 -1.65621941582648 0.0813960335344773 1.1263211507241 0.340171500531731
-0.0348631400450903 -1.69919731904366 -0.0980700236935814 1.18110316581873 0.326555621386022
-0.0944954057906215 -1.84307874654344 -0.414193359853518 1.12279169784674 0.367416902652243
0.177336643373316 -1.75300072063658 -0.619150818579112 0.992269975202287 0.316284110114823
0.495732322350757 -1.73255902280944 -0.658386285106288 0.424807374678578 -0.317199214576194
0.529116313978443 -1.59572592133501 -0.794958053344961 0.369999506063681 -0.393543656914602
0.24194842955253 -1.36008739070625 -0.971638068045037 0.245879398080564 -0.560127008334666
0.0811522170979285 -1.22218188016446 -1.0659317743965 0.0646660673623792 -0.629510430027731
-0.0155242789339187 -1.18026844844661 -1.25551734203135 -0.115944089872895 -0.587577193824931
-0.128438348612246 -1.21635612157131 -1.40881722586446 -0.427954322590422 -0.516721768005169
