"(Intercept)" "X1" "X2" "X3" "X4"
2.57670133576794 -1.06205580385552 0 0 0.517768283464763
2.03324352931619 -1.70890559954673 -0.126974211430974 0 0.26795611786494
1.07484286106203 -1.82449315024413 0.230596357880703 -0.59720962073288 0.46483850039399
0.771348264272732 -1.77885765019027 0.246294772162693 -0.559858375281405 0.0954156747632895
0.51231321601356 -1.67043437699226 0.283668417973348 -0.536872527461623 -0.21930696089468
0.222325971086158 -1.57986656258895 0.369809194039164 -0.499702083340048 -0.205472923778251
-0.00717362540044184 -1.53635561310895 0.581680738468255 -0.357914768709089 0.0055470428147615
-0.105619660332876 -1.4012395859424 0.737238249870442 -0.203461185155828 0.0772384410406479
-0.229153537634558 -1.27461252094305 0.879084213826744 -0.0984491492921947 0.0334450135198473
-0.454630689908373 -1.20483023478155 1.02806959428826 -0.0684267721585051 0.0231973117201222
-0.512521672106699 -0.950803902057276 1.05271485777122 0 0
-0.724423748126951 -0.948697315043833 1.23137360351033 0 0
-0.971944649183957 -1.10760902492899 1.4047375537794 0 0
-1.2756080504889 -1.27514952957367 1.50896272099707 0 0
2.47824403479781 -0.934520542714707 0 0 1.02730246194412
2.03177390650687 -1.4685614478286 -0.137837096918338 0 0.484737284549173
1.21906786222997 -1.61753984673737 0.098223298019913 -0.415754650359412 0.454103031234031
0.922327037534992 -1.49724453981673 0.0704766545973097 -0.395306914066931 0.0802431102200609
0.639115972114988 -1.3701184999736 0.082673297458241 -0.370509718119313 -0.276416514404377
0.404226663624242 -1.08934466152626 -0.001410870673635 -0.420361006618808 -0.659617653062533
0.26018310784265 -0.954068456799977 0.162899029639355 -0.24739385750904 -0.45869375417512
0.184600681696996 -0.841158847494253 0.365588316519393 -0.0532725746128128 -0.278813625546051
0.0404258128071733 -0.772310369423949 0.512614185844802 0.0805840951580564 -0.191733088893206
-0.247385700499076 -0.703489443584991 0.661556391415273 0.0578356595361103 -0.159262657907343
-0.450657137199121 -0.548846920404719 0.79925489570799 0 0
-0.642756707295445 -0.677382951372742 1.00631728912548 0 0
-0.922698422098828 -0.883015510857235 1.18559883048549 0 0
-1.23198439606182 -1.12128514004036 1.33913981033124 0 0
2.36427128616635 -0.758305990689006 0 0 1.29822095950514
2.01802131041873 -1.22935268412369 -0.144989873065872 0 0.699173983902745
1.43491070440141 -1.36655882802211 -0.0352894879097447 -0.195248019500227 0.483880859948792
1.1056741210173 -1.2381723218571 -0.0898986413062467 -0.176770401528464 0.0359622376523181
0.803625628876521 -1.04447530170492 -0.134652531505702 -0.186906307477254 -0.362467336873056
0.519151526454556 -0.781196583491675 -0.254348455273701 -0.234416956931346 -0.747751926741921
0.460032001962983 -0.440526440809501 -0.22089976884393 -0.161103043447594 -0.816696229491982
0.420838573048133 -0.259448647157241 -0.0475257418944527 0.0311538332967734 -0.654635222366122
0.254017398686548 -0.220448444296729 0.0997840672353978 0.216056773873097 -0.437860144990865
-0.0653804467638932 -0.127729573219411 0.305269190976058 0.178432220955318 -0.353621250785987
-0.390266525592443 -0.123155777562286 0.556629218348512 0 0
-0.607784844449981 -0.372878106277825 0.794952348269115 0 0
-0.895362743383344 -0.659896959825639 0.994315783771594 0 0
-1.18841197869671 -0.991450230382104 1.16360190041234 0 0
2.29047503551959 -1.05881572165475 -0.0197268054280654 0 1.60220050648733
1.98073889457682 -1.01125234786123 -0.140061209814243 0 0.942459320778126
1.62589450003123 -1.00487330141326 -0.203951372982906 0 0.287720338744415
1.2486280664062 -0.990424581345588 -0.263499150053478 0.0274690173256702 0.0273190701845447
0.994926233788389 -0.774328873565725 -0.333805583987431 0.0259145448827663 -0.371699538314901
0.623757529710944 -0.480720736036082 -0.446514287210744 -0.0936596733020458 -0.75614315924332
0.566457454744156 -0.127728242924073 -0.416231512771537 -0.0465826665721128 -0.861706405023483
0.540189914660577 0.206168218464378 -0.379869261294392 0.0369048066180325 -0.89097963232029
0.462548969810213 0.368547887583078 -0.233046522024394 0.232840835459292 -0.708474014398059
0.132364758142098 0.40210870692332 0.0501075901865636 0.251538233123238 -0.531379246186766
-0.340760533301397 0.252636965720042 0.336516497673635 0 0
-0.588037339845334 -0.0808663235450688 0.562946586350802 0 0
-0.887491984338575 -0.429519187512398 0.718675683737743 0 0
-1.20335621887036 -0.817713854647055 0.843936187237908 0 0
2.24078052797779 -1.01745971274068 0.07216515441717 0 1.55375959509942
1.93227478051729 -0.95631983181869 -0.0268374073538648 0 1.03599279494569
1.59306521838879 -0.857359617031299 -0.145802170681154 0 0.484202306720838
1.28475092554404 -0.731584716426171 -0.264950079150987 0 -0.0365194601064168
0.973660708486229 -0.60349223785981 -0.346649106601134 0 -0.345021167418973
0.691741123435902 -0.286008162137597 -0.503124551486414 0.00354765623196474 -0.67603426747609
0.532883805776599 0.0990708384024384 -0.48028076751134 -0.0727040681768442 -0.900974353589852
0.690645876962446 0.340894852741 -0.372246812465854 0 -0.831663571932317
0.660033709463833 0.622797823048288 -0.184294519165063 0 -0.824131749014335
0.439341329593529 0.80137089272655 -0.0237541645447445 0 -0.660483821614575
-0.0257386097000436 0.613560830716344 0.145227771625468 0 -0.431888318564021
-0.339977723434457 0.249018909595388 0.380604504374219 0 -0.3716560135444
-0.671789596791393 -0.221772733807997 0.54472875789179 0 -0.280163697592664
-0.967798520957752 -0.699000817266947 0.688127667902492 0 -0.215331538482215
2.09853797958788 -0.893128452584034 -0.00323448398337702 0 1.38723388461921
1.82920046320488 -0.92019296782474 -0.0375228390743073 0 0.892014526985383
1.4908587094214 -0.841195096080963 -0.161176663468983 0 0.396827400722337
1.22114578058159 -0.682382604759356 -0.260297895416659 0 -0.0484057669883564
1.00411433801789 -0.527623118557592 -0.266140815065504 0 -0.390407570295735
0.801593802423607 -0.342797611257056 0 0 -0.713477951204213
0.527548584685291 0.00086363559523954 0 -0.275896770999772 -0.880152803036915
0.787889637416933 0.323692123734851 -0.485091242559708 0.0139444408118621 -0.998506726203202
0.623134663775833 0.65059080191081 -0.242451579008006 0 -0.872578553381249
0.519631865072511 0.918799223145375 0 0 -0.857226264097602
0.356251971713957 1.02956504089968 0 0 -0.728063557194292
0.028771256330688 0.477237536102997 0 0 -0.421031107797261
-0.512244691649958 0.154483262122811 0.217160743722575 0 -0.306577814005483
-0.842089650931643 -0.503748698931459 0.325589792592432 0 -0.248999279020571
1.85233580613415 -0.825431224177194 -0.0908578075508576 0 1.20137435286705
1.59631350675919 -0.860309926084849 -0.163363974340806 0 0.65799717018482
1.28637119626003 -0.893126547863571 -0.249564529103918 0 0.0937619619150521
1.01830944786574 -0.86387315126415 0 0 -0.378680357000738
0.704939922654108 -0.674741947792675 0 0 -0.706713959076421
0.370685426590985 -0.36291715971373 0 0 -0.998776354058393
0.606240703909019 -0.10656154370357 -0.366606160950917 -0.0607552009219968 -1.04738653342834
0.575240304786063 0.277152391581417 -0.239287438438515 -0.0997798845753009 -0.889665644886363
0.481911353032946 0.632497806968389 -0.0885941255574859 -0.206042816795427 -0.760924749352514
0.465205065247284 0.948715862225592 -0.0399387352454228 -0.305550930384332 -0.639764494813214
0.312640858033822 0.953698154158931 0 0 -0.612361847458745
0.148542882396761 0.891014180275781 0 0 -0.395929326153512
-0.113402619340378 0.588966494543026 0 0 -0.205095395729203
-0.610697061946527 0.266130548234675 0 0 0
1.36383260905911 -0.862122874480937 -0.271940159907833 0 0.783895235024093
1.28535443811665 -0.881389669903339 -0.274223023830875 0 0.386400214477578
1.0319033242504 -0.964456630460004 -0.239384108589735 0 -0.119075081845678
0.847505126151961 -1.03627123051608 0 0 -0.584460906347128
0.580423534833973 -0.899224627357864 0 0 -0.948016423246948
0.363780543031676 -0.707666535997112 0 0 -0.99313795724095
0.443025836096419 -0.382225021719164 -0.126466821125755 0 -0.877968359497656
0.338612709849881 0.0644021995208814 -0.0590076508772263 0 -0.687780555051878
0.430423838968778 0.378776751375634 0.0580000029715458 0 -0.641270959816424
0.616872769214493 0.744275192622168 -0.0318856251246814 0 -0.652108608945685
0.475820181239278 1.01704984126857 -0.238380141566954 0 -0.439759371230224
0.229193434392718 1.10280538033667 -0.342685327597991 -0.176785377398272 -0.115609776885339
0.23186748511345 0.839706430615099 -0.491433737117676 0.151381873323345 -0.0601104772742767
0.256627346940007 0.500470937873476 -0.656642745072006 0.522244263962811 -0.0123893334550796
0.941891832062929 -0.887181110785816 0 0 0.598509592840436
0.81513562036948 -1.00024579220399 0 0 0.201753376899401
0.666294800165929 -1.13264528386217 0 0 -0.256399527668261
0.736646309558441 -1.19076834999508 0 -0.0710159224288339 -0.717105448634006
0.786208010001289 -1.1487567656355 0 -0.184243598422006 -1.09934212948681
0.441573193590476 -1.24973939097312 0 0 -0.751426279764879
0.460163622577928 -0.663143361176959 -0.192444733357609 -0.167637454868363 -0.784014039966085
0.339235859688091 -0.22441124170246 -0.0541495005305807 -0.119249804789918 -0.624064313292898
0.16074484552563 0.0761033253962674 0 0 -0.393457038039063
0.329353792713971 0.628450212354929 0 0 -0.274955066431514
0.344167148473153 0.984328577108183 -0.166415912683047 0 -0.075042870436701
0.230325190859509 0.847987651951578 -0.399616446756708 0.0234119286429061 0.0128403186863935
0.109580005945175 0.68569453812272 -0.586311623255534 0.22595127265643 0.175296303770772
-0.0109009102552808 0.566902548828975 -0.778742805450457 0.376800200108688 0.311250404948536
0.590649907189808 -1.01204430952444 0 0 0.241827830140416
0.543627001203223 -1.12009802049696 0 0 -0.0800865079883571
0.657043767391983 -1.29024302125312 0 -0.218928053701254 -0.331843437881091
0.767875350001286 -1.4383068332074 0 -0.33782501314706 -0.725940480761135
0.873873149093096 -1.50720671629863 0 -0.369491379198221 -0.981925843118923
0.592207666645783 -1.53062812745249 0 -0.392919770793268 -0.960231527609244
0.622985126322795 -1.22171668212868 -0.0253067019625559 -0.257365546582178 -0.894756874872487
0.47148238207589 -0.851120899664268 0.132094314497399 -0.20538888523671 -0.813788107366052
0.356466085119723 -0.436880486010461 0 0 -0.544653590763648
0.551757760227141 0.0637834431393232 0 0 -0.385354885441323
0.544761959331312 0.349191643219801 -0.0751850250480497 -0.218456218133046 -0.245899544682636
0.431632030834962 0.462842665257327 -0.421620067726691 -0.00807700535983191 -0.0670405432208609
0.24956666269059 0.501021069156713 -0.745015443332885 0.262942354309394 0.236085946620621
0.0891390253879286 0.423211126388148 -0.98672916383679 0.511799485846678 0.465691085477296
0.557837526542469 -1.20543468663488 0 -0.360875339613625 0.250185261244205
0.586962868180734 -1.38918642508573 0 -0.510451907446614 0.00918454781844771
0.714565854868768 -1.52556686493017 0 -0.525309022313283 -0.313671449637605
0.871436511763433 -1.77753728872839 0 -0.687837873392665 -0.59393438404093
1.00675100018678 -1.8484646282791 0 -0.613969378230536 -0.826001095117013
0.852132224795772 -1.79045436402056 0 -0.518721783170123 -1.00346825950272
0.660378838547343 -1.85937069584438 0 -0.320669425983388 -0.76292851548091
0.581721353226825 -1.52297611445036 0.289459527710904 -0.307279038777792 -0.82201714244992
0.579055945024863 -1.01392928664098 0.156359597153371 0 -0.647267461140265
0.600604562982982 -0.531238499428132 0.0456078713959467 -0.376226055888121 -0.623538030442653
0.563430000080798 -0.249123475990092 -0.154504989199905 -0.213521820825056 -0.336237704813927
0.497332143345461 -0.0707063357686875 -0.469995228207974 0.0195281085964567 -0.0614564047505246
0.385424010060863 0.000392669179639748 -0.791881255175404 0.258710065497669 0.23208761565217
0.213252558725112 0.0817992237218733 -1.07052660714655 0.438358443538996 0.510158459512955
0.530651682070568 -1.50677142885133 0 -0.756624063647356 0.215905669335088
0.644190282797543 -1.6368164065834 0 -0.822322055646998 0.0415738201272636
0.858193050243431 -1.9553565061955 0 -1.03566591926171 -0.197743050229406
1.03276891221294 -2.08135667333475 0 -0.961121650534279 -0.449867394858356
1.14921797799171 -2.13885450111725 0 -0.839409404837882 -0.694383575419694
1.1948308915146 -2.17895894665432 0.00689003769650654 -0.634921584402275 -0.850332186572871
1.07353980696318 -2.14937762315222 0.174339445174805 -0.44749121146627 -0.675443480554814
0.73036466067174 -1.97445907575585 0.194211201225027 -0.245673366186739 -0.659241905162419
0.55783666891269 -1.48071970707725 0.0512098526075336 -0.280787454749577 -0.680789921166365
0.604748192420851 -1.11167096160625 -0.0506273898465168 -0.320156164592676 -0.733746162777718
0.61984907766584 -0.83202728819201 -0.304904839841294 -0.100787161379589 -0.429720177824182
0.574604041031424 -0.641727230584246 -0.572462798387167 0.119791806244058 -0.116108238423435
0.512260212150114 -0.527093384288574 -0.862676804137591 0.32446058557287 0.190112171627075
0.381541151087514 -0.422016439321248 -1.13342766711661 0.488136646018864 0.461440128934493
0.527454035186207 -1.86081176692234 0 -1.13178920936648 0.213032001328471
0.753438439209931 -2.0327502686235 0 -1.27624492278471 0.101397115132143
1.01132250418796 -2.30755957694296 0 -1.3447652505641 -0.0954268111421047
1.15495335238128 -2.4171472057166 0 -1.24081091600096 -0.317423204093184
1.20451882507378 -2.49219547849963 -0.195591836668295 -1.08629941214976 -0.632566603725805
1.21720377113736 -2.4263792248685 -0.123881629000974 -0.771318014457303 -0.718431623572194
1.17666710634511 -2.27582054060072 -0.0881090296151763 -0.369372208437034 -0.452759887952164
0.980133693026475 -2.19688613278265 -0.00324522890640721 -0.169950757473601 -0.481406994428235
0.624964468403149 -1.96466285298803 -0.116332686745198 -0.116964636460849 -0.645685571783147
0.609851764430872 -1.60873785803741 -0.293974818928018 -0.0577050334612791 -0.601535794557361
0.644635515580186 -1.37367625898103 -0.458828997645603 0.0742338534871656 -0.522068886733969
0.633655707654205 -1.17880770320961 -0.734805506656632 0.268445950774946 -0.214469263291882
0.618092732169438 -1.04542932329825 -0.986424728926469 0.449365981299025 0.0923921262126399
0.545461057792177 -0.925864431257391 -1.22747734575676 0.611587290595662 0.388065916149737
0.535153140129827 -2.27050198063626 0 -1.52627154774726 0.195681599635511
0.829707122686971 -2.51318724598358 0 -1.72731188448142 0.151596459671205
1.05571123307609 -2.76076685674653 0 -1.62200347130009 -0.0220723643200118
1.05383358057313 -2.72395165355025 0 -1.25727170933992 -0.414578753953817
1.17013316082812 -2.81256112218259 -0.291845258460177 -1.20490677535676 -0.559880101853472
1.2328266933704 -2.68371702859778 -0.355706328628724 -0.82611478649849 -0.50392155748002
1.20028481105922 -2.39461898308349 -0.392335701308517 -0.294344396331604 -0.23695899194475
1.19940639032491 -2.40668943455697 0 -0.430396379698817 -0.568534595197112
0.667363337086339 -2.38839862449268 -0.34419051622488 0.0674570007289476 -0.550661340719572
0.494164783431278 -2.04619212083574 -0.623384333910575 0.147857543784884 -0.549340335992473
0.607583256714978 -1.83080109576647 -0.780917771630633 0.34368081682582 -0.410317918099428
0.635764398573979 -1.65727503027658 -0.959684908930621 0.482426543129831 -0.246033466039368
0.647508271671512 -1.51001552178915 -1.13147466171624 0.61923353563418 -0.00109029737999644
0.650934044877337 -1.37896589817693 -1.32278954761603 0.792463722582943 0.330347894219832
