"(Intercept)" "X1" "X2" "X3" "X4"
2.68242746300317 -2.36476021884822 0 0.194601280760534 1.36238612504042
2.29004301364584 -2.32799194316085 0 0.19506123756969 1.16656512604034
2.05922646497395 -2.1829014514394 0 0.20027338684903 1.03086293253411
1.68548206336468 -1.93435601343295 0 0.206186153259704 0.71190089322923
1.25753406200237 -1.93966783540309 0.268604999949379 -0.024935678917852 0.796831542921584
0.964536977965589 -1.8354783679519 0.406176701192817 0.0251865130672249 0.847010941920634
0.560281481004466 -1.82603590287707 0.608937808064687 0.15300207326184 0.917161362545436
0.163578885736125 -1.80130532805715 0.660866112066969 0.1272926888507 0.637723186728502
-0.228715457020972 -1.74326311891011 0.704303043273041 0.0394572565928914 0.442792883832055
-0.555723996849551 -1.72448844197739 0.921071265612346 0.0388672587456321 0.140363608569075
-0.885267312663934 -1.68433534619379 1.07509773893116 0.100959177181586 -0.284253142795815
-1.24364038040486 -1.6220055152173 1.22529351998726 0.155301456444954 -0.415058021702199
-1.58294309228384 -1.57846734412166 1.35005859669613 0.183911205886174 -0.42454603752856
-1.90623983496688 -1.12441604302313 1.0365784407973 0.257916564732274 0
2.44531710669247 -2.01715100877196 0 0 1.02434748392687
1.94882206844809 -2.01586215451449 0 0 0.853294542218471
2.00659699758618 -1.92368376208903 0 0.211502224771222 0.915034046963719
1.8330234776255 -1.68592981595575 0 0.253232974159677 0.762302230976363
1.27397701552151 -1.53038446514534 0.148677723789982 0.140234816155612 0.493276170228199
0.993817898312636 -1.24500907495047 0.22903127130881 0.135270252493246 0.352855360168653
0.59475477622254 -1.20077370367053 0.454031646516415 0.226755287986053 0.481332502981177
0.161935407591992 -1.19916208405318 0.571417142964441 0.249993814590417 0.489405151086704
-0.252584049836311 -1.16005751260962 0.659306175406042 0.143581146917924 0.303465715125113
-0.508450374508528 -1.23461157194894 0.902693600202809 0.19873366048528 -0.00575744447877258
-0.783362983702615 -1.25437205356875 1.04477639015873 0.243017253991965 -0.255567003908986
-1.07716223493645 -1.27563381120663 1.13079925330336 0.268707003407988 -0.295382420897951
-1.47562922109951 -0.827734622320127 0.800316728532914 0 0
-1.66492019970216 -1.01673380547107 1.11173358227272 0.359362921169422 0
2.60298043109721 -2.01503301527341 0 0.150937430610025 1.22788659292613
2.0653182353246 -1.8128787911771 0 0 0.839848306633695
1.94664262863256 -1.6887919773251 0 0.201425714837599 0.785247912114249
1.79569430273964 -1.40544450091479 0 0.266136083738033 0.679320255432685
1.60508178057483 -1.15756910194888 0 0.365371292929403 0.466950284717417
1.01123982933275 -0.865683599000898 0.0550716795084796 0.335801407492369 0.0143614145334499
0.684433104171307 -0.618888786090391 0.189544112057932 0.370532466848373 -0.0940677173238705
0.178964871610021 -0.715451285608545 0.410908584207496 0.402205807675638 0.416629997331992
-0.0955992438477926 -0.757857500058569 0.668917873961685 0.34316745708261 0.204740026714439
-0.349525937062441 -0.840274517596764 0.886071036701636 0.38100924404318 -0.021027787835598
-0.664544589909364 -0.899125403566031 1.00133970060589 0.356819407236979 -0.123645827598275
-0.976840287169007 -0.59061098437041 0.769362808551615 0 0
-1.21152090452166 -0.748666459548402 0.944038557640762 0.262856765901533 0
-1.46840285841305 -0.914514060875535 1.10334675050081 0.439352395736011 0
2.62852715878921 -1.84734123939599 0 0.0838424742830104 1.21632627578078
2.27457112850798 -1.69412268162642 0 0.148560507999425 0.952286590335707
1.97260759867818 -1.47077909292733 0 0.189881617476498 0.69274692902489
1.76565918490819 -1.2140334498173 0 0.255804851091041 0.546907014017202
1.52958945654631 -0.973304615874636 0 0.324154147173648 0.437179254436508
1.16792465392779 -0.713958963524088 -0.0376239478730861 0.463537490174191 0.0539595508000837
0.900568249244355 -0.472266326117234 0.0546799836608302 0.505858936644733 -0.0194898319913007
0.511211720773698 -0.45801580437843 0.268980017801098 0.48438752104359 0.255543278370736
0.20243261528737 -0.621251177423784 0.672925720566064 0.528827320044278 0.26705724598351
-0.142087259673891 -0.606019732593376 0.83606645717404 0.542900839279789 0.0504610181919744
-0.442955682229622 -0.536400005504984 0.800890882201289 0.426002618161777 0
-0.718821499047365 -0.59252431329641 0.853114998363679 0.443130052471637 0
-1.04314414989594 -0.719729607643394 0.942683356977928 0.443942233906296 0
-1.36190147821168 -0.789021367926701 0.974125345271923 0.44852656313374 0
2.59039003206825 -1.77978621110554 0 -0.0657545172806381 1.27464066089122
2.3029269369012 -1.60901191033217 0 0.0371947900155414 0.980533544120816
2.02143310869318 -1.38794385994982 0 0.12987329420572 0.702082703521914
1.73348379712079 -1.15771319497934 0 0.190672033115229 0.454107473833934
1.44133487292304 -0.973775476083222 0 0.256274253141802 0.322200427470965
1.17218224663531 -0.763799624503744 0 0.320198156162111 0.150903260153826
0.856915619822297 -0.496163729202118 -0.0335736537620704 0.464328587185619 -0.0775836860218233
0.604746991952564 -0.346544281244649 0.141953341733733 0.524237930043236 -0.056714664241952
0.306004527517031 -0.335991415676665 0.371235057002069 0.549545981572224 0
-0.00256832454838364 -0.350591354043476 0.565637000518525 0.578139279485037 0
-0.323016617871242 -0.385678881538799 0.642674707012041 0.5574744837373 0
-0.635863083580197 -0.462297752975568 0.706064192305894 0.510615162349234 0
-0.920143099763236 -0.54852203378141 0.734507608250385 0.488684414001848 0
-1.22809031617707 -0.653261153279258 0.782106811791258 0.466585393136978 0
2.43288594404068 -1.77634021403479 0 -0.214113568555169 1.31205200173277
2.20154791328198 -1.64933947855178 0 -0.107804780192133 0.992871362871997
1.94444346021135 -1.48344126075466 0 -0.000280544814311598 0.688503861969132
1.60678429913285 -1.28106969355242 0 0.0854526698567177 0.393164397580271
1.25605417080112 -1.07920363758281 0 0.123109218318999 0.130518307952943
0.791420813821798 -0.809671170327858 0 0 0
0.770991092824204 -0.523340914649065 -0.0850739618637099 0.457172031777996 -0.287424952222968
0.676983308817631 -0.340706380119966 0.0810325474682841 0.497870360629818 -0.395357029766874
0.422370692949718 -0.0730833045279081 -0.0343536664019819 0.407421491769437 -0.627836661961547
0.15662220001696 -0.0707450795173894 0.120587630667403 0.453022183154811 -0.369227202501527
-0.337210666468507 0 0.415090271048687 0 0
-0.650166778980784 0 0.496964263777504 0 0
-0.94456592627212 0 0.517792911112118 0 0
-1.224837126917 0 0.533004199759926 0 0
2.20383812309326 -1.76909659655545 0 -0.305118181712829 1.26939936371787
2.01139792431557 -1.73259762607256 0 -0.235382895346092 0.945081151591918
1.76974119648389 -1.59807811291637 0 -0.0884808319115676 0.605075056008029
1.46048900562066 -1.41996008268521 0 0.0365486675640054 0.288176822916383
1.05703574076777 -1.15216810302642 0 0.121367417945295 -0.0488991255493528
0.660371156708099 -0.914855764384985 0 0 0
0.425623665508329 -0.669660475085754 0 0 -0.579689271295108
0.44918028026355 -0.467383679626314 0.156737660043591 0 -0.602104745161764
0.336008836493178 -0.191125424604415 -0.018161527943044 0.139716203004125 -0.83963784719386
0.240723952913745 -0.103225640707308 0 0 -0.345817901230768
-0.0553388508953819 0.0706309022098304 0.030275305425981 0.0587373583144038 -0.517560221372122
-0.320948489835561 -0.133231273430456 0.279770132169888 0.176778787709852 -0.248893598755614
-0.710222181577763 0 0.35662723113276 0 0
-0.977469423962521 0 0.397215434688241 0 0
1.98831106641898 -1.99910707441602 0.308197108547467 -0.501571775997315 1.43323960435884
1.77432483579576 -1.90502265145578 0.249345609747062 -0.323729382838293 1.03662431661365
1.54067735623428 -1.78534871473632 0.164452202746811 -0.153544249764253 0.656004213258987
1.2697338350384 -1.46922146280713 0 0.0935079400588161 0.167805825835327
0.995075840507982 -1.23615205264428 0 0.241094868625594 -0.234967892902267
0.715978955722928 -1.00844529700624 0 0.249158600481267 -0.623493251822123
0.612625725526983 -0.752609837873577 0 0.185395072175047 -0.975159590507856
0.52000036540544 -0.546747797106428 0 0.182207673399311 -0.998624393736124
0.465433275649545 -0.354435239255805 0 0.168152043281331 -0.981638987646193
0.446135640137463 -0.160105229099528 0 0.141832585040478 -0.827631605800874
0.35513868044779 0.0325960373891901 0 0 -0.60535371595363
0.274155947049749 0.198662358523061 0 0 -0.433602729999636
-0.0941473971739387 -0.127622957161959 0.135753381476593 0.133357731842912 -0.225298910590678
-0.313678642784008 -0.256860543006629 0.183078439775077 0.207603049479941 -0.0972926037621345
1.55195224993588 -1.97433911550536 0.37553903079082 -0.442823264264296 1.2296005156857
1.40342640579825 -1.90235929833673 0.323140349525927 -0.287727812209731 0.891701474699657
1.23267857150462 -1.79613658493473 0.252770107520562 -0.12308759513807 0.512851654855997
1.04242212049229 -1.59501855730723 0.187708534098331 0.131956790378119 0.0194737717242043
0.927149376721021 -1.35848509358997 0.139354344233309 0.339298350422004 -0.566228961345706
0.877701732021837 -1.2751710150092 0.0843130030721804 0.230537198043739 -0.839147283103083
0.766671144838416 -1.08646556159308 0 0.0908264226806591 -0.893082975086092
0.650008299099928 -0.843578477953619 0 0.069707197386028 -0.906194521495161
0.546316148215537 -0.614993067067476 0 0.0659988943130894 -0.861654313209915
0.495730821685344 -0.420675687501491 0 0 -0.663757286972567
0.523492023478239 -0.192193405467411 0 0 -0.543924150693765
0.555285429735885 0.035001687401187 0 0 -0.383298351842939
0.479211276580499 0.203384060117239 0 0 -0.199477834167063
0.123500991003453 -0.18467094937291 -0.0368375105517064 0.159339025741669 -0.0569951456025264
1.11752129057349 -1.40076620788442 0 0 0.475497229887698
1.00801481963636 -1.42453650242915 0 0 0.304964899406578
0.911009505171556 -1.76416689704556 0.331683539591143 -0.0283626569856092 0.288099790963674
0.8113033943555 -1.5566327679207 0.27043161532673 0.270791620329183 -0.297279239946912
0.889546507191088 -1.58983947358665 0.209976384431782 0.224638855722085 -0.557559768652202
1.03213372748278 -1.56427352663444 0.103782384550235 0.216262988740237 -0.709460539192653
0.888954794351231 -1.4145067693317 0 0.111360753934179 -0.700779654145998
0.669417030289489 -1.18929650545258 0 0 -0.633267877127039
0.682404564314483 -0.937383705785315 0 0 -0.696444557800967
0.664169608726342 -0.698412449224766 0 0 -0.586536436039526
0.675047820662408 -0.489699695081829 0 0 -0.427438276050752
0.718253406052127 -0.258357531716485 0 0 -0.281243966094144
0.728249729726825 -0.0382653468989531 0 0 -0.109359470174849
0.610452580769522 0.124678826478322 0 0 0.0273209744752442
0.88109124122205 -1.43353121226346 0 0 0.395578128475606
0.781884408085878 -1.45300462360202 0 0 0.190468894723601
0.590488505393725 -1.72567094825191 0.41590711851797 0.112105274621916 0.0313045465969217
0.697543307318913 -1.74097423519598 0.339712881275323 0.13370020470282 -0.281642860538714
0.883651958918836 -1.79502331299765 0.254545380151603 0.0610565861193025 -0.446362539847368
1.04586369773881 -1.7967554119433 0.163420387961308 0.0479064173688034 -0.591614115545179
1.01355686779489 -1.63893731430741 0 0.0753566274596623 -0.582198050061757
0.778505330687893 -1.46687308436481 0 0 -0.536382639997824
0.852519208384083 -1.2488837174738 0 0 -0.583148790384385
0.876797802292246 -1.00714948142203 0 0 -0.484705866263318
0.896252075228735 -0.772185806276489 0 0 -0.348364331054065
0.897930544627143 -0.543280725276559 0 0 -0.196651061893093
0.923253951747895 -0.311628329442415 0 0 -0.0336246241252029
0.869421121010258 -0.0969407150230602 0 0 0.119251662334216
0.655232280999181 -1.45751381997582 0 0 0.269722548101455
0.588145880236035 -1.44960991648045 0 0 0.0720316311597475
0.456811602589212 -1.82506582009383 0.444338880849324 0.0468617138788096 -0.0442604055138424
0.648058389979678 -1.91198687732047 0.360453950343635 -0.00197276487603744 -0.20474859750919
0.840193693073249 -1.94803911833825 0.287458731270024 -0.0838973384032938 -0.34191383842477
1.00289586938416 -1.94409059045156 0.212936826187181 -0.121260468063734 -0.484951960421682
0.899560260338616 -1.68887188842518 0 0 -0.376202826331144
0.974748272077115 -1.55986468705762 0 0 -0.439817289729502
0.998432383507678 -1.49425132365797 0 0 -0.488097922864956
1.09218392350947 -1.28016670777923 0 0 -0.411734451725542
1.12217659725253 -1.05332148626129 0 0 -0.280733372164437
1.11614170524548 -0.816600237131785 0 0 -0.136977765011697
1.11044417004318 -0.582945919336102 0 0 0.0253274872386068
1.08579037697551 -0.352038789036804 0 0 0.173485216522503
0.490690493140074 -1.48391257472102 0 0 0.195649747402992
0.242381234712603 -2.04488653829198 0.536199735857283 -0.210806621327626 0.264383563909445
0.379815887893717 -2.03252569903899 0.473330204076523 -0.152551811919294 0.0115949599672146
0.604026799935306 -2.06686755993037 0.373718225859084 -0.142844018461374 -0.131502197930111
0.798252848041649 -2.09135694470853 0.313165259294463 -0.216909414452313 -0.269184495496402
0.99027594563707 -1.7949842551651 0 0.00234079320571918 -0.294187524309371
1.02810566391964 -1.6986993701597 0 0 -0.229672128550056
1.19044723145347 -1.60099754122725 0 0 -0.220787315521504
1.20298777978566 -1.54630789425949 0 0 -0.273328268034032
1.24844617777015 -1.48016698559315 0 0 -0.314867589453691
1.33163463443529 -1.31713336771356 0 0 -0.230792949571147
1.33690822052755 -1.08424205371081 0 0 -0.0898933987758509
1.31234159438727 -0.844595326580312 0 0 0.0679762706874522
1.2975280474437 -0.609518022114644 0 0 0.22596339528465
0.325519876198313 -1.28059811817671 0 0 0
0.0984226003710615 -2.22082213128111 0.583591288527837 -0.379743484592053 0.259635495768271
0.300770177911915 -2.230007775114 0.505220817466693 -0.345809444974212 0.0645654863148686
0.545400160120791 -2.20235746077409 0.369779148713611 -0.260270939555156 -0.0584184848542432
0.746628843156063 -2.1253467577703 0.248116959970017 -0.210583251429152 -0.142779394792685
0.996654828745611 -1.67557433406072 0 0 -0.193116748723138
1.12730238766191 -1.68373660908426 0 0 -0.0885397147068957
1.27197692659719 -1.62356713073744 0 0 -0.0045187950906471
1.3893841108958 -1.5857609919454 0 0 -0.0105826147215057
1.36552257337316 -1.52790487984512 0 0 -0.138804099029849
1.4285108279488 -1.44110118704423 0 0 -0.13976195428606
1.49495885252688 -1.28662859241084 0 0 -0.0505362742435575
1.52101180438417 -1.0943427242953 0 0 0.101040692058488
1.49618509002399 -0.862931431776012 0 0 0.266553226162805
