"(Intercept)" "X1" "X2" "X3" "X4"
0.166967466491035 -3.39338633359 -0.713873783717982 0.00414002842063374 0.948820372492724
0.252130402935397 -3.03197328209773 -0.520841290753332 0.110006807618365 0.748128322467773
0.0961839382649026 -2.56242818354244 0 0 0.351725922779905
0.189907539909649 -2.32039105359662 -0.187441846184579 0 0.425140417284438
0.30266340810384 -1.93296059247041 -0.0809557925777308 0 0.360262287794965
0.313243959118894 -1.54244368253342 0 0 0.0745368501583243
0.512989763457654 -1.17871046534856 0.345458552606944 -0.0295092445925027 0.48875425123187
0.0345216185356041 -1.07244183732024 0.521861812942306 -0.127209080135306 0.646272897381152
-0.294720739264839 -0.946890060809174 0.625710225515556 -0.0823873085270449 0.553236468670167
-0.719774879818851 -0.968488514208833 1.0192918177659 0.182461824703389 0.785911569367968
-0.915942581302756 -0.850885030968077 1.22691064038949 0.258712772480037 0.422774110475048
-1.30404101925004 -0.244058615272293 1.02547191887074 0 0
-1.68258880479841 -0.335789571219604 1.20922295523451 0 0
-2.06794945195832 -0.30196960396628 1.33148638557503 0 0
-0.312913062004522 -3.53947358299036 -0.769510187281026 -0.0334808533807132 0.667381917638638
-0.079339594178146 -2.99823410267206 -0.464727038382638 0.0292495471127956 0.414105618406931
0.361095568696731 -2.38981948458406 -0.347216779624736 0.117179842650065 0.392075333033972
0.467517533342151 -1.82438593314922 -0.208156774043814 0 0.308663576124874
0.522304544124208 -1.3752763178289 0 0 0.140169502893977
0.457230699273255 -0.958399373425122 0 0 -0.0735995401076566
0.380422095132323 -0.699041677908615 0.186120792971777 0.0735465429723762 0.00666318757327151
0.111564774266118 -0.490581318731014 0.269620779298548 0.0666154047539114 -0.0740670034266834
-0.199070844629498 -0.418130006082047 0.35378915028441 0.101578976107326 -0.014405692355023
-0.445456508600855 -0.577752958755251 0.666591423251056 0.393702805010074 0.393378045659512
-0.765728288901611 -0.0669740003764222 0.670518988275374 0 -0.198393339981737
-1.18882631599151 -0.0343713144056725 0.804134400532851 0 0
-1.58921790892745 -0.0200750214988452 0.913039056580152 0 0
-1.99709783417066 0.0128783712121309 0.989309124130113 0 0
-0.082893062500197 -3.36356788093584 -0.692642563536201 -0.055759776930572 0.502971447555671
-0.055514421429468 -2.78732638989585 -0.408363260575503 -0.043314377888737 0.213089504918003
0.095602922115429 -2.20303141245379 -0.182884650219746 -0.103751103385799 0.0304092439694699
0.738446888321135 -1.27869184451459 0 0 0.213502339428509
0.776281699397432 -0.829635579480284 0 0 0.0889617905882387
0.678308689367359 -0.678145775882564 0 0.241728637015939 -0.135315717491974
0.565067116248339 -0.290552043297903 0 0.339851890797129 -0.468085107894522
0.250381230841071 -0.0360128465839177 0.0313376970882381 0.313304331332636 -0.612650603272965
-0.00636038744186967 0.0804113996507094 0.116784346348588 0.411971463793301 -0.527414269898125
-0.195300580878761 -0.0700243878099111 0.262165554976529 0.447511522370908 -0.259837964805071
-0.639584154511398 0.226040944888731 0.395287806716929 0 0
-1.08198448064572 0.225637631247342 0.552305450091027 0 0
-1.48004577552884 0.234729091117249 0.621979197611872 0 0
-1.89188558698291 0.220293426353285 0.663538761692093 0 0
0.217381034269638 -3.27182624625407 -0.703475075594264 -0.232036347476706 0.456642428322919
0.170813063919629 -2.58822673872315 -0.431405631780938 -0.207460242026124 0.126441404725582
0.207531174952922 -1.80619783305607 -0.187880282890003 -0.208740853256397 -0.14303343695707
0.985171904188886 -0.87363525907383 0 0 0.13037984122341
0.874103266457391 -0.641723187660743 0 0.0512391842880018 -0.150560955550857
0.534648496204944 -0.48618033749836 -0.109199501457518 0.189380815286634 -0.574200284311216
0.594601104413106 -0.0259763076358723 -0.145983903475864 0.47553688682585 -0.733531118358355
0.515104757226223 0.280322682356365 -0.149348588011025 0.453480886657809 -0.991182586733688
0.188632635497596 0.472456984788627 -0.121900502206751 0.486214244281587 -0.717795937275663
-0.210689412562707 0.375866828210907 0.0898149521049538 0.337801380437085 0
-0.566753285621908 0.466053824571907 0.173464390778543 0 0
-0.948753059043787 0.47351103695148 0.305959199397762 0 0
-1.31335695666252 0.424253530208331 0.349987987509699 0 0
-1.72880266452492 0.347294698652719 0.369356948476969 0 0
0.886074773074861 -2.94617992845244 -0.601691317638706 -0.580923738302994 0.521563739816764
0.420108673635642 -2.46100861569044 -0.523079769675261 -0.429368918137617 0.253502555771253
0.419975705954873 -1.67584650409939 -0.270875615539485 -0.359131729050894 -0.114735747970473
0.593343932542142 -0.787372043774838 -0.154141208264139 -0.149383207194787 -0.374066354189344
0.510225190894 -0.480917226479271 -0.234109770009157 0.00118742799517102 -0.65258403937897
0.502505180358766 -0.13463629367235 -0.246152823611712 0.343577898892672 -0.85918950227633
0.635186935747015 0.225202000004281 -0.264394475061087 0.525718158006403 -0.934789208297212
0.640298269084813 0.50703105005537 -0.309787306417852 0.587814126499264 -1.08731776708467
0.437668496017579 0.770292144050957 -0.290633130021782 0.48244021297274 -0.812361313121947
-0.108745362429868 0.779617328586608 0 0 0
-0.490623389389671 0.844196918717755 0.119895429895853 0 0
-0.756938712570487 0.722800171357483 0.0720374471964755 0 0
-1.1034699617433 0.536246275809337 0.125382207684461 0 0
-1.53534448209076 0.415456847378328 0.147079003267413 0 0
1.15501892593328 -3.02179346984366 0 -0.707977908051651 0.246892180198664
1.05516644965241 -2.32132195269998 0 -0.626688275966272 0.268280115373479
0.878975708542086 -1.60318816228771 0 -0.341574285723862 0.225753125259277
0.602508452809929 -0.942802580838175 0 -0.384013880628954 -0.275782955897512
0.0390448159670101 -0.370778598662674 0 -0.035972479062497 -0.998268998340975
0.0535961577551613 0.00277001212698362 0 0.265452659194881 -1.20954616953314
0.414761723528289 0.226142007475274 0 0.108352602772452 -0.706020401264346
0.545793288852639 0.666969633050245 -0.392613945830592 0.620376890085806 -0.970069270171436
0.471910020339705 1.07374206816776 -0.313522369389112 0.412455374002906 -0.850378072735004
-0.099163752389833 0.870029201728893 0 0 0
-0.295764268147834 0.678602229160948 0 0 0
-0.553588713002332 0.568206679210015 0 0 0
-0.912064838960965 0.458981794689481 0 0 0
-1.25531642935128 0 0 0 0
1.90094483013259 -2.31619954402633 0 -0.879944307480408 0.856640923173878
1.83638215266475 -2.27550665035542 0 -0.947760090862896 0.530508467564985
1.46793168667836 -1.75055578047084 0 -0.761225826125452 0.14389976023174
0.692064186010802 -1.21734676851901 0 -0.479341788517628 -0.393100609608278
0.0806401999112683 -0.748997638306301 0 -0.121539795780161 -1.10924584084025
0.0843341309962818 -0.256141375818033 0 0.194921277272703 -1.2088852259403
0.112909840161268 0.336057955819148 0 0.348858831756126 -1.21929323204149
0.237911017652899 0.51915709790332 0 0 -0.979631821202847
0.440652164407585 0.860506332949217 0 0.072980853262863 -1.13993189152073
0.199753596396295 1.1160643302637 -0.389687857836667 0.119882651870182 -0.712191009237176
-0.29906759621838 0.430567264051048 0 0 0
-0.526616539335885 0.452259358663277 0 0 0
-0.803341798033595 0.309755031824013 0 0 0
-1.08509109227364 0.160144975723461 0 0 0
2.48577613447654 -1.59671458003554 0 -0.80902917306357 1.86910058432225
1.79323578763951 -1.76611005065663 0 -0.75497833546509 0.775471837032137
1.32309155938835 -2.11668552666654 0 -0.838326717199613 -0.204644703511441
0.532088181112066 -1.52918328059213 0 -0.419850967715936 -0.821574039582534
0.550337033949924 -1.16960360969386 0.120484824956331 -0.243166518448752 -1.18321388957052
0.489251795764173 -0.716647760653502 0.16713401515667 0.0581371545679812 -1.08099898785163
0.323694806014501 -0.318211462241414 0 0 -0.880427086480701
0.300041979105853 -0.0997553765673001 -0.0956404322968644 0 -1.02405528548439
0.278538642730866 0.327227156856846 0 0 -0.778356837875568
0.21859562945546 0.497744182717498 0 0 -0.533065199394332
-0.185960931531563 0.45949972000529 0 0 0
-0.38412768473686 0.394664563891025 0 0 0
-0.509563763285076 0.29603924265064 0 0 0
-0.68048807569572 0.183705467439612 0 0 0
2.03485576233815 -1.57597475926163 0 -0.680763440836194 1.73916051703507
1.20972390868916 -1.42067185673321 0 -0.318720502291327 0.847362034243246
0.243705520741906 -1.29607797549086 0 0 -0.159128861107842
0.465770972221852 -2.07409212001086 0.43685676197095 -0.470452526491723 -0.905806665487931
0.56247390787593 -1.80318449621297 0.351566750934408 -0.157534149650185 -1.00435550191249
0.79974144572615 -1.53226641803898 0.314355425554331 0.189338106493643 -0.930590227061034
0.206326979918113 -1.228693515483 0.247223553149281 -0.0584353370736251 -0.514421703543922
0.246484166320715 -0.694116299532434 -0.0110510062685413 -0.00539210797849886 -0.648481293592068
0.412543822871763 -0.126415616213786 -0.114058661847951 0 -0.570261551497187
0.304722075930711 0.0393354655470246 0 0 0
0.152175666193526 0.209822165390665 0 0 0
0.349812868580447 0.486329869584701 -0.458566481200405 0 -0.329898371514785
0.172409331293391 0.442658894841262 -0.490906671968734 0 -0.119465393741982
-0.128843201601882 0.127317587076135 0 0 -0.145539336766955
1.20573178137542 -1.43041095616096 0 -0.551603587846134 1.2748359882204
0.199100688926218 -1.1501516663941 0 0 0.215174357541195
0.14914573120001 -1.3888803644905 0 0 -0.0789279149174435
0.139416975968647 -1.81136732538869 0.376957054221797 0 -0.276785653286247
0.653370868576477 -2.31628060389961 0.447223243874285 0.0395137623487256 -0.959157889430705
0.768775183466862 -2.08122962140443 0.542960529173497 0 -0.990632068756876
0.920112206438301 -1.68565702785556 0.59998092182902 0 -0.985979060134053
0.384050140593853 -1.3233638748386 0.240250341102565 -0.158646657105074 -0.815822989233975
0.31298140954639 -0.696804298563839 -0.173872461084278 0.00263463552667981 -0.657413159585158
0.738042576986202 -0.178362211173584 0 0 -0.46473490524665
0.80269714664526 0.103759038072432 -0.322083986939661 0 -0.461536447401428
0.584460668633712 0.0779221777223485 -0.377420255046651 0 -0.348812873086486
0.814174014488096 0.317577652247072 -0.663328001050833 0.372721891190296 -0.184938200492488
0.992379464328245 0.307536639109929 -0.851311177947626 0.793712678389277 0.00632751953495473
0.0798946898446114 -1.08172882947406 0 0 0.422583645183005
0.717214405225883 -1.44540533504578 -0.157716817494252 -0.660188261131032 0.684569751004872
0.590402954561479 -1.76150789507183 -0.120519428386664 -0.322848709105465 0.245930969321174
0.313299933338394 -2.2174942997356 0.187024612148024 -0.0111995735713118 -0.349100301553926
0.297321012314966 -2.62741920110339 0.536001534986997 0.16209617440571 -0.706908840775952
0.965415549517488 -2.36433325877108 0.836694384016901 -0.460703574941942 -1.15826894982508
1.15558547277368 -2.02331892323025 0.599822358636125 0 -0.970433084191566
0.963065486785969 -2.00007000302768 0.453748873196364 0 -0.81889057838637
0.743394940969467 -1.35856211323422 0.107200089174859 0 -0.846983237608729
0.888819926018315 -0.768836889516571 -0.0686401667707319 0 -0.690347358437614
0.984985105681597 -0.431749188301835 -0.217612547526442 0 -0.47359577895404
1.23162343533217 -0.188868727206004 -0.595710663352559 0.446158685920347 -0.427726363378194
1.18276489693139 -0.113011432911674 -0.743983715128459 0.587217700644857 -0.215679034516295
1.24015663042411 0.0261407816600007 -0.903438410302448 0.824249983033021 -0.00655232839153064
0.909453419558179 -1.38360887947093 -0.402361585231008 -1.04199587127616 1.29629890578905
0.810390073422517 -1.81479903340053 -0.311112115704211 -0.860172223259755 0.941502441757894
0.860780745095139 -2.33925958266182 -0.256759391163974 -0.659460726119184 0.293573214031502
0.485063362100365 -2.51052394262141 0.0693888079585001 -0.107400007418384 -0.268812271591828
0.244059954851194 -2.54603642663318 0.343836358914118 0.389572206253429 -0.494120383688794
0.804794167281595 -2.21640002443923 0.475218601921442 0.137509391252344 -0.374095499477277
0.712151043366277 -2.06224747058094 0.361443009662514 -0.0748168395210307 -0.479614335562858
0.682491678904308 -2.1263778930393 0.100870250983077 -0.0921054167767344 -0.525943631946158
0.455327284718144 -1.81623611140323 -0.12804974632102 -0.387378506516178 -0.782899420940893
0.795071051293021 -1.36153284474825 -0.0655328107429397 -0.130079439379292 -0.784390216272268
1.11527171712181 -1.01144791449549 -0.263322237641285 0.252498869374637 -0.508505971149899
1.33675601174565 -0.768334552495309 -0.496191488992534 0.469239429000813 -0.340513676804178
1.54612728675687 -0.609073250965254 -0.792617720189904 0.6486122254151 -0.233735741947669
1.0839525054011 -0.400419059211203 -0.305380693483792 0 0
0.945874901883483 -1.4823650731907 -0.518469036952859 -0.850968016153588 1.43077502737785
0.971662645688499 -1.90742736457453 -0.524257601220586 -0.591841966582287 1.00349558421313
0.727695029909974 -2.10527679692701 -0.296438459226092 -0.126896429273389 0.453198799612851
0.45611840817295 -2.30948317633005 -0.0237239098084681 0.318779907905368 0.0517741880776029
0.157878311948523 -2.25186847545347 0.128528092734418 0.775345295202873 -0.0455573479758008
0.622697042499424 -1.75724364535913 0.0101545128406553 0.534450995916366 0.183177088963258
0.52356509766905 -1.86054659680074 -0.0284031067743701 0.344620842803861 -0.00258596782804788
0.668872918818302 -1.89776366808917 -0.15887470949515 0.199668026250892 0.0640195128044439
0.722961798160195 -1.7800782229975 -0.277347798998893 0.0577471962286353 -0.123314978288142
0.764686397551774 -1.71308263170736 -0.230044293605418 -0.107184202923216 -0.525124877785667
1.29949978014193 -1.56693162347487 -0.14747055203457 0.205476377000588 -0.496597111122835
1.54157709911474 -1.29546029723119 -0.391982122532864 0.53552922727037 -0.303955141669344
1.72025518461125 -1.08933787036771 -0.67015246646486 0.71207563830552 -0.169003324785244
1.86401796711145 -0.856361152660915 -0.889713015298888 0.942338846086155 -0.024468254606709
1.0477497712914 -1.52983714516913 -0.651272883981107 -0.566972686112491 1.56857578857803
1.08048237678332 -1.8323236464923 -0.730717194314953 -0.237445581826658 1.162464348222
0.738365725570145 -1.89675248437875 -0.419464041114403 0.220435276600233 0.594497631792436
0.245822027147987 -1.9549076475914 -0.0950787638244126 0.631465839875263 0.212384018209023
0.269553425318951 -1.5500457268737 -0.164032404342169 0.576163798093489 0.310290709607729
0.489062168498362 -1.31921948548149 -0.357940935562689 0.579270972531195 0.568392657703419
0.495347776476639 -1.43500769706646 -0.421323968967862 0.575306325297487 0.641757953373039
0.645171179479045 -1.64052642254331 -0.369469538856825 0.391322150402429 0.558913427770728
0.454934051767531 -1.73760748365014 -0.541124558160865 0.406804978356619 0.0923515100391438
0.464570821233971 -1.64455666833354 -0.569712559532374 0.271193037750299 -0.190001169136196
1.02344118702642 -1.66855415987261 -0.270257722515454 0 -0.394701703820548
1.50198156859769 -1.78974965862002 -0.429067498189534 0.247825564465302 -0.257537448118421
1.72985886823642 -1.55883448557258 -0.628733858160701 0.58181115142583 -0.171395333196003
1.98303559968739 -1.32978238525366 -0.831680011529865 0.870441520912437 -0.0159639729417314
