"(Intercept)" "X1" "X2" "X3" "X4"
2.11799209211786 -1.54892532517899 0 0 0
1.12041469396701 -2.3025762971073 -0.010626171154519 -0.783855155795813 0.720888877114501
0.742819142310788 -2.25068206462655 0.0919056833688093 -0.770596826792028 0.581780292857395
0.531979514888764 -2.07176335043865 0.173474114731889 -0.668043335477185 0.522199521989726
0.394587501453172 -1.85049706154549 0.254899525132497 -0.547074455915421 0.494532660050661
0.302276769353296 -1.62584989055717 0.35959233828883 -0.370930460897332 0.579110930112983
0.0918142839421826 -1.49791245171355 0.579561084402594 -0.147151719972831 0.808401763399857
-0.0862979914581963 -1.32623570123906 0.898944259001085 0.09679555602027 0.804111098368836
-0.274267011013438 -1.1421060629214 1.17009717664335 0.289751624129455 0.838338526044983
-0.451546373883959 -1.08315565439757 1.48274829622386 0.472254219432747 0.947834591532065
-0.642306495460156 -1.03927863793536 1.75707356827766 0.649985208369427 0.97972859960598
-0.862797826731095 -1.00191035474113 2.02274875060283 0.820509737801392 1.00352241798582
-1.12260920384504 -0.978478164207601 2.27405782249527 0.991747409576211 1.09043608390786
-1.32255601612354 -0.974272057829603 2.46769114535923 1.14320071437012 1.03345749733292
1.70699833324972 -1.93958751397612 -0.174367402123327 -0.610792787274122 0.823617435493502
1.31860022200245 -1.94486749812926 -0.136783479417673 -0.601581734788398 0.602333946750395
0.970985156038109 -1.86566239895106 -0.0586842709335619 -0.530671605593508 0.4417975214115
0.715215491218977 -1.69655621206134 0.00392094362413851 -0.416590416856393 0.341596656252205
0.516411857163615 -1.45591554044414 0.0800868169060757 -0.287753695550958 0.253110697747153
0.420148863476047 -1.1550010114353 0.159856455493796 -0.145938323620475 0.220202446474782
0.240037498626208 -0.945356991258032 0.327298724545669 0.0503837068377083 0.250134617055566
0.0382100040897357 -0.770801724762027 0.572695163541782 0.261182767275504 0.323136054325997
-0.132349284402991 -0.651228335649089 0.782284314511213 0.407195960459851 0.366414516374207
-0.350462105309871 -0.617021261107375 1.05969452623033 0.549638874725008 0.529146818171522
-0.55741391872202 -0.631203343342649 1.3274317774256 0.720223027006847 0.655442674971863
-0.815688135335463 -0.649677374420671 1.61001425520807 0.900300235702026 0.764213962897159
-1.08905975048017 -0.687571179122977 1.88125869428574 1.05963382838455 0.856612941504734
-1.36647596435705 -0.755238424076284 2.13067053155931 1.16470070831448 0.854861434217909
1.78736107578846 -1.70197337160521 -0.285034634588258 -0.535839250046713 0.738414137803122
1.40754535507737 -1.6561984737278 -0.252794347109146 -0.477826371431069 0.476460212209584
1.10291936145107 -1.53211698004575 -0.198165201159344 -0.343617454652038 0.289649113367025
0.887852254237636 -1.32926227861629 -0.158005236198355 -0.175591235775562 0.179182058898974
0.694127412061398 -1.08635867967035 -0.115462599895656 -0.00982235505605454 0.0629782286347263
0.522297706124513 -0.772002437381338 -0.0331939145384807 0.105664268016939 -0.0271885439111274
0.437823645790316 -0.419841009489706 0.0571431767670212 0.213101206909151 -0.154282033718652
0.295443525218467 -0.211597424762597 0.175623470612672 0.409787934037156 -0.131731301244122
0.0451264654611726 -0.159041299064558 0.381978120444923 0.516810193367607 -0.0394450899506713
-0.230619148847296 -0.156581711824176 0.613152082639089 0.611156413614398 0.143836425806225
-0.474462346957771 -0.227265103130042 0.865702917730531 0.753416830034662 0.322051905754873
-0.768721036608917 -0.318851536721073 1.15683369511912 0.921865759800345 0.496521825919975
-1.06967883795613 -0.424495165796991 1.42379056510021 1.01526664375965 0.567982149938275
-1.40770538690936 -0.551458832451145 1.68159491117837 1.07134108659192 0.621185003558
2.15255360749184 -1.20577768035184 0 0 0.622869896880893
1.54695539338851 -1.39624909517272 -0.329655205160149 -0.387453256131918 0.41515380212169
1.20583370456385 -1.2298123050351 -0.320985627817515 -0.228317629461946 0.180843413783787
0.965190783728778 -1.00291717001096 -0.298593073480483 -0.000185603328921206 0.0291509148513183
0.808936729127641 -0.763660064330712 -0.264657994133719 0.215121361886515 -0.086748623717982
0.68352864385915 -0.491691204653566 -0.233336410075886 0.336414155392035 -0.161355704626373
0.659109204796285 -0.145540478445756 -0.148367940738902 0.337489413593321 0
0.522561736534107 0.0936150188715835 -0.152053586197033 0.427685130550983 0
0.229645401466217 0.171475424593462 0.0284707722656603 0.565947638971489 0
-0.148473298544896 0.222202953183163 0.208021439890673 0.472775879450874 0
-0.404018071602636 0.110991570867966 0.418708297784767 0.75709413709346 0.0475078435921142
-0.720661632480006 -0.00707510907027494 0.674659353497477 0.879262183902134 0.203514911558605
-1.09700514757213 -0.200439044381863 0.955967408978718 0.903005771217647 0.325439036219439
-1.48120881355688 -0.376331948882426 1.22352815027284 0.926376872207165 0.444699958127879
2.15494126349209 -1.37285790314937 -0.347176336611784 -0.543644391464073 0.751758885873162
1.67472732897157 -1.12083579179565 0 0 0.408855933744255
1.33756868090636 -1.03695125614002 -0.334084834993995 -0.222731880475047 0.0938738656800009
1.03238146626918 -0.801404961044977 -0.35960547623928 0.0360239637444916 -0.0949473826000723
0.852948219490815 -0.585899300699533 -0.354029574295151 0.254174918003277 -0.216671065790214
0.596335015503452 -0.378481108762937 -0.368410840123382 0.347217588310942 -0.321821899183265
0.563034498028274 -0.0626546994737199 -0.389332218955297 0.352153709875866 -0.372111408016199
0.47286922518974 0.210188431328482 -0.328791497354852 0.357550874620274 0
0.42703284563442 0.483430373915115 -0.377302846942643 0.622314437743123 -0.401412261427627
-0.10756668941195 0.457385733082115 -0.0927768306783688 0.462389337917922 0
-0.339718848965878 0.406068405959355 0.0138322866871964 0.717179425169517 -0.182883212137883
-0.769631626452822 0.205520638084831 0.258948220605145 0.710753901490035 0.0145584946231287
-1.16401457456354 -0.0130053447324421 0.507723429347697 0.704082060050174 0.155538619421041
-1.559234300391 -0.248451966024648 0.736011965016494 0.717926285538498 0.320527904649484
2.32559665948747 -1.37350624282873 -0.367888508164379 -0.667489967313506 0.7846995698655
1.90757660706227 -1.2482978042987 -0.345676511650966 -0.529121054567903 0.362351346805539
1.46005107693331 -1.06833503313728 -0.359929315419545 -0.365966270114684 -0.0334017909930676
1.08512064938772 -0.827631082287858 -0.386950047873852 -0.155504392396203 -0.352126686191919
0.759942479389872 -0.606558711089481 -0.37119378696175 0.0605598390359833 -0.512061589400335
0.465297795307032 -0.451512967801021 0 0 -0.412419870807278
0.31465722221665 -0.123250034091464 -0.307002776631208 0 -0.610819439138914
0.313338059122744 0.279538974928177 -0.377819174419409 0 -0.585122301686706
0.432189279603944 0.497367131951184 -0.518278918795841 0.492116468539806 -0.545395396995431
0.215646079900888 0.734729116644893 -0.514319581865428 0.557611234071085 -0.518305032164688
-0.382666957279231 0.610018279317964 -0.321618815631726 0.536758558759792 -0.304647541257009
-0.856914903844036 0.389036821288722 -0.139633036387872 0.463073698859334 -0.100321387667781
-1.21509219053852 0.102233226376668 0.0188941980292488 0.424330459339252 0.0994420817980809
-1.47447031412485 -0.0833601168316961 0.20638588294178 0.391212891599503 0.187684853645408
2.25017236971087 -1.43675176374062 -0.403990371619645 -0.800475194169248 0.738116172375309
1.84029825484202 -1.31673212619279 -0.375710780121702 -0.666063246469185 0.295754692985564
1.43776817647198 -1.17907208509262 -0.368036086415061 -0.482392765557592 -0.145191017840977
1.09325562958868 -0.999822866782194 -0.380671783946297 -0.240929465662188 -0.501153514615114
0.652744875218484 -0.882488323449311 0 0 -0.571646226632914
0.426839453343009 -0.602493423966442 0 0 -0.617896752976392
0.182043322636641 -0.20515149999246 0 0 -0.582990760358892
0.146993180909966 0.279831013604871 -0.351790061436332 0 -0.740946109893225
0.247077914384956 0.608012230372896 -0.332747455603857 0 -0.628276743902225
0.159779107139781 0.737972953524499 -0.588702313658798 0.192385103628149 -0.684179387321567
-0.178480121468111 0.873274104136375 -0.64916708982263 0.242324382346771 -0.453478413757194
-0.686943507360374 0.630451802598254 -0.510169911462333 0.21080725303942 -0.184205131992145
-1.00756481047565 0.282102757784491 -0.364771334363418 0.156481472457516 0.0156361489054813
-1.19789071231229 0.1112046597311 -0.219045949179329 0.253152129599053 0
1.46210983648251 -1.34033769969256 0 -0.504479373738497 0.659026947339406
1.24474071933323 -1.32160505061234 0 -0.481292026021565 0.259208128096393
1.08724725827238 -1.30307391764406 0 -0.444443470676438 -0.119346029917397
0.990281530545937 -1.21170081613768 0 -0.326096870488407 -0.45463119543688
0.691588783920528 -1.12081990639271 0 0 -0.713284830136285
0.437093897347178 -0.88684953365842 -0.0943400915258553 0 -0.768343916431036
0.149955897983917 -0.548782946273061 -0.207871824662531 0 -0.639411505989283
0.0981118543032426 -0.0613777015059813 -0.277511479559761 0 -0.616345513160936
0.187572028886243 0.403816134206455 -0.31985195463559 0 -0.632658268949876
0.244672476290008 0.74436756699441 -0.352344718657832 0 -0.511581097914777
0.152695767010878 0.967840667252385 -0.699443558491781 0.0954289302739794 -0.513374279408986
-0.103401042138145 0.970237108965481 -0.776270245760072 0.144272927337264 -0.30155720012482
-0.533521080289286 0.516111536516101 -0.639944021761681 0.113997346098178 0
-0.852792040392289 0.125768819708282 -0.532736597714544 0.161042263264189 0
1.12054755343062 -1.33208919082152 0 -0.490781945101943 0.463451819497669
1.0210429688682 -1.37953009267881 0 -0.537086465012229 0.141919625849887
0.933652896756629 -1.38856753051386 0 -0.501784206666178 -0.20008731229974
0.91229290287842 -1.32790415936858 0 -0.329809018677212 -0.52681866684136
0.883335048593956 -1.2198458593364 0 -0.0911195721213848 -0.759844288922287
0.63542783478655 -1.17527361176527 0 0 -0.581007220399761
0.21400938756275 -1.01352500348174 -0.118940471031617 0 -0.665538979674288
0.187086635149976 -0.550122824041602 -0.172692472605927 0 -0.624292139074442
0.255366156317684 0.0159010193006988 -0.29750062513795 0 -0.548142073875493
0.281586591430625 0.512508992117445 -0.465612653321429 -0.0590257293806539 -0.453721342546419
0.293343064547804 0.789154137311201 -0.623400732024909 -0.0735144646282063 -0.33088956060074
0.123778948540883 0.713799461297644 0 0 0
0.00761893697059477 0.622417200300662 -0.570829904971669 0.132040435584262 0
-0.290458921301819 0.282476688476494 -0.691877418755714 0.1316552813753 0
0.867147797795223 -1.32056438445547 0 -0.468488259128004 0.344678963909759
0.821849861764884 -1.38923439249639 0 -0.519296688583576 0.0352952131169747
0.771070710936878 -1.44278041747792 0 -0.492981031417693 -0.307227862919172
0.799164604745646 -1.4550106256015 0 -0.299402305249931 -0.58466346428019
0.923889027664097 -1.42716794598563 0 -0.185293824745121 -0.736093432102785
0.869642429353911 -1.36214674084779 0 -0.133775862292717 -0.597849449057049
0.522343986385537 -1.32398930091623 -0.0550629441752871 0.0114661878429911 -0.933505332365235
0.389209605497626 -0.993841670767393 -0.157522337768856 -0.00191482869898514 -0.869422881224573
0.314829716196699 -0.472763018290761 -0.338912202793801 -0.0355712678480903 -0.62418789047591
0.288897950429491 0.112166953566929 -0.449733687150714 -0.12929222336208 -0.470207228469339
0.207790154441204 0.508451232230708 -0.506506582489742 -0.257000942580516 -0.363460435457533
0.422620468543471 0.50505900016036 0 0 0
0.28346640092348 0.49529472614575 -0.200070957307604 0 0
0.129341601315611 0.405408187205653 -0.283932684416337 0 0
0.732949906738894 -1.39759454874566 0 -0.598623025820985 0.257059383908547
0.657105541507158 -1.47919393965145 0 -0.615359569094998 -0.0702597634579361
0.628354420134697 -1.55228140270626 0 -0.539708117118025 -0.368871579750119
0.676042300206941 -1.65640762475139 0 -0.422055509537657 -0.615927351388846
0.88955079534298 -1.69139540723899 0 -0.358183203864935 -0.716111754293072
1.01948827427711 -1.65046620979752 0 -0.251554666219493 -0.633405485595746
0.839458463813806 -1.5973863511166 0.0404308992402485 -0.170523496138489 -0.951886213172773
0.434163937644432 -1.56203661688028 0.0140762256845087 -0.159366167114546 -0.937906415379476
0.387490954717324 -1.00157564058922 -0.241460801703072 -0.177593190585795 -0.730339027252542
0.306821501998479 -0.42903689298181 -0.399748825816804 -0.234371551586703 -0.609987609551674
0.259015171131326 0.0357410372993421 -0.500316935414837 -0.278991178629536 -0.473177853098242
0.385560811522782 0.209497101927468 -0.525927538602264 0 -0.220533891313631
0.360565126854329 0.267489463088818 -0.735662486718446 0 0.0392175561805155
0.323837657157713 0.365002469530159 -0.627518144575613 0 0.127738813168795
0.547102673668631 -1.50918552436646 0 -0.727098421254704 0.134428165210266
0.468332102255846 -1.57945319622581 0 -0.663315023824333 -0.177684014691307
0.467496209920364 -1.76264623410785 0 -0.675576782010975 -0.433918742444152
0.637788346457956 -1.93547568807583 0 -0.676103035823014 -0.604015639064835
0.832750110115367 -1.95948226177751 0 -0.523870844761283 -0.671076496798198
0.980895792095484 -1.94497889994354 0 -0.412579620878396 -0.683797933624951
0.991378629995406 -1.86196134096384 0 -0.294973495551139 -0.830564353808412
0.657660625631284 -1.87960579359954 0.0943059909151772 -0.297176410483792 -0.929902389813451
0.452315990361159 -1.50762417029373 -0.0926190643269833 -0.320355108325662 -0.911650545140084
0.358454391793042 -1.00005302892318 -0.325464644774815 -0.352967561287864 -0.755468851385524
0.290395615561838 -0.561052808342369 -0.553914868533307 -0.278792272358044 -0.49270638164535
0.352515298781092 -0.254465233541084 -0.688656180185946 0 -0.210809185378344
0.353667706103947 -0.102272294058237 -0.792326311756558 0 0.0241384010854603
0.33195456115189 0.0487395341264391 -0.870272323336085 0 0.265013927903795
0.334013327268695 -1.72893235916699 0 -0.929933735257283 -0.00572305212453824
0.28370227443004 -1.94468844608645 0 -0.980604368996669 -0.281584851168555
0.336400031100702 -2.15566416373069 0 -0.970448868809245 -0.50371610539115
0.533976674522534 -2.24459740223974 0 -0.85698188754398 -0.603336070644588
0.724246089797922 -2.26047616060919 0 -0.696769866958949 -0.658305078568923
0.851472135037539 -2.25770644637098 0 -0.574992649273357 -0.731363025971584
0.930515232905287 -2.15354154947362 0 -0.413689184575797 -0.771277566041041
0.982155199657223 -1.97586679504203 0 -0.31666946513745 -0.801762608373931
0.531112544150759 -2.01262670657955 0.0187113588868594 -0.433459015419726 -1.05222938676028
0.376945438334197 -1.5620919304688 -0.258699705953014 -0.448852667796528 -0.904936018477757
0.315346510745959 -1.14936785790964 -0.576754546665087 -0.294366680657204 -0.55108511369939
0.373801467842868 -0.747332843869394 -0.726032837265577 0 -0.230243825734411
0.338728196137371 -0.471382200209375 -0.775380324224208 0 -0.0861161661085157
0.345085770369665 -0.290144109836289 -0.879904223178841 0 0.252452725828133
0.0517575155211689 -2.29630180562379 0 -1.33288602686168 -0.214936749526428
0.0669585496108551 -2.42066237285208 0 -1.28898951408411 -0.407125207833237
0.219460480573883 -2.5064151332696 0 -1.16590908861239 -0.52842692054404
0.440165510680319 -2.56705430419033 0 -1.0078389525081 -0.581586617004937
0.610917778381774 -2.59782292471125 0 -0.863951405271938 -0.631663070601574
0.74405815418926 -2.54909817600278 0 -0.685453391146898 -0.675543631094451
0.912883985874836 -2.33294773757075 0 -0.409116254618674 -0.6447969469043
1.09218468676964 -2.19323598528985 0 -0.277219802192465 -0.57216169324849
1.01688366491613 -2.21940458742026 -0.156588521583413 -0.271321885977968 -0.671032102943753
0.522584321203114 -2.11328423736645 -0.162233143986281 -0.482579082098665 -0.983299756808795
0.338289247040603 -1.69098382713618 -0.581230686443059 -0.321177751255906 -0.623835098366448
0.377170681075726 -1.24610623887912 -0.807633213234567 0 -0.17762849037688
0.364524198860251 -0.924240344065103 -0.8749101944046 0 0.0330560138578598
0.377825402694208 -0.659881596806164 -0.90932951526516 0 0.294599783176869
