"(Intercept)" "X1" "X2" "X3" "X4"
1.45785277298442 -2.15585355510279 0 0 1.07878618391343
1.29444012069145 -1.92469341425697 0 0 0.806636814914065
1.10939502402334 -1.77219576035398 0 0 0.59572728267235
0.958875280551658 -1.49826569530127 0 0 0.37138247005165
0.796126002081922 -1.21907303383624 0 0 0.175417019895665
0.420842013514667 -1.16877700484814 0.0648001212583863 -0.280503996162904 0.500723798679375
0.208350814677134 -1.07544669229535 0.282441011856235 -0.110983070289753 0.550322595021215
-0.0481978474172211 -0.980332246603927 0.477612882894795 0.0291948868303924 0.408702678166309
-0.358231278756539 -0.876445004980636 0.64406915129382 0.108191708315864 0.2092349536215
-0.679761090536153 -0.81686716541623 0.767127435500069 0.124756719185878 0.149088054897185
-0.772519866390941 -0.61496244679294 0.73509120472273 0.236166480852483 0
-1.0964985099113 -0.556402791649294 0.85544907853087 0.110941799005935 0
-1.24826619626132 -0.305134356753253 0.842584960884409 0.129441380906324 0
-1.42116910291512 0 0 0 0
1.39137923415607 -2.11496771420898 0 0 0.942169402969289
1.25116793315453 -1.84991212009678 0 0 0.733392861594402
1.1060115410311 -1.61095188812506 0 0 0.515391126960068
0.970490092637949 -1.31806467008821 0 0 0.294945950560256
0.888503774828649 -0.95611461632244 0 0 0.107189356237907
0.488927142990635 -0.836530739962999 -0.0145002542774769 -0.152553269966985 0.134378964584966
0.325080150064902 -0.63875515460382 0.168818818779629 -0.0385852240321947 0.0819008558676586
0.0705466745828938 -0.523747179756886 0.350744670970632 0.129795508783942 0.0308736112410118
-0.208841123436238 -0.498835985754605 0.453145244793735 0.253095626896491 -0.0202879445632636
-0.478650920665939 -0.415580415131038 0.535915861159573 0.242464195798709 -0.100136127837297
-0.671551991429378 -0.328040983345303 0.564797987884836 0.243583126952809 0
-0.932055989404495 -0.179612650858218 0.598932190147965 0.0377838878881114 -0.348566419186891
-1.07350348954886 -0.162237227813357 0.679006272237876 -0.0093388043291062 -0.242297342641998
-1.37850473274924 0 0 0 0
1.35891639824186 -2.04217624838076 0 0 0.758397180625447
1.2364795089049 -1.76390461384382 0 0 0.663017205508455
1.1145719506016 -1.44548406757835 0 0 0.436907933705013
0.999041750217632 -1.12999913251394 0 0 0.225592723653437
0.927505660793351 -0.751726204634917 0 0 0.0445533855988342
0.594979064899242 -0.553052409922403 -0.0793820205121609 0.0058461492314317 -0.15742253755321
0.421269293256459 -0.276388822603003 0.0700994509475702 0.0744702345929863 -0.317874067715668
0.241233359817297 -0.113129851159972 0.150487911812794 0.246469256333608 -0.316923435596946
-0.00673899075549023 -0.106717760425105 0.234267736982622 0.415019604351656 -0.332338410385379
-0.295963652816426 0.0122595459269539 0.28531976221725 0.338654427436027 -0.391586052745239
-0.567621910388365 0.0786860147623863 0.335245184905262 0.240070710762438 -0.334888274704747
-0.798306112405893 0.0610381371048463 0.397147339831793 0.139765976913136 -0.288503511793352
-1.02065185780615 0 0 0 0
-1.32675405071491 0 0 0 0
1.08317535187675 -2.23068245872106 -0.566658188642902 -0.6417927386636 0.884846285427527
1.18738430458801 -1.71278289367042 0 0 0.468526226499902
1.06658280954757 -1.36325188793007 0 0 0.339220837058168
0.985474856481862 -0.96736191684344 0 0 0.122525243750794
0.891853745750794 -0.614414031059394 0 0 -0.0359935325182898
0.66571835006924 -0.335648852905472 -0.142078203649777 0.124843465793363 -0.400278353663956
0.501172316081742 0.0401616704885452 -0.0533423571291144 0.163445242367145 -0.638903133567119
0.416835552072142 0.252177945493894 -0.0878792517043928 0.333263840402979 -0.66579330242626
0.196973595111264 0.27961609643922 -0.00666156742076002 0.541018726781402 -0.611748893966041
-0.149289850228983 0.383212293218044 0.0915958093894791 0.443221364060247 -0.47614580039756
-0.461051582948755 0.402786613444648 0.129303001916784 0.32490305263808 -0.311388558773265
-0.581140886098332 0.189925517440595 0.159847999972526 0.369791060865461 -0.186749123209959
-0.944752443441728 0 0 0 0
-1.25674544263247 0 0 0 0
1.46049852758098 -2.17394905735132 0 -0.479894244298935 0.72103228436193
1.19830472828638 -1.85811938945938 0 -0.389310626624083 0.458475670665099
0.940161112088458 -1.43158589666003 0 -0.219338028401959 0.227147481805001
0.774687198974706 -1.0049262222425 0 -0.154675174968464 -0.0665611277558757
0.748579985633739 -0.635316340001869 0 -0.055982215981182 -0.349191467323917
0.651653638783544 -0.241941672976371 0 0 -0.38491139002147
0.797337543514596 -0.00353797904463125 0 0 0
0.52881058015634 0.45855519822481 -0.214989229074848 0.359113525373962 -0.818808419226508
0.379866579446181 0.588001697939841 -0.216383411159563 0.616626591801346 -0.731670169158918
0.0188931469087541 0.647755605619232 -0.132067991811711 0.573074018093614 -0.507962281922432
-0.254960070744422 0.499451260440839 -0.121921969516078 0.547211007191595 -0.316378618286099
-0.543717270125227 0 0 0 0
-0.877952719773884 0 0 0 0
-1.18759545376047 0 0 0 0
1.7007879114976 -2.34786460675096 -0.593632522317589 -1.18157348913061 0.888597262139347
1.4297005778888 -2.04397308006838 0 -0.766492607778897 0.360177833068836
1.01595239995709 -1.63882830089078 0 -0.613583065028905 -0.0336851644614339
0.706656919830858 -1.16722988842172 0 -0.338973682354475 -0.305017678679405
0.513408434373036 -0.771884137203818 0 -0.185802164956849 -0.593852147174661
0.386580110799378 -0.295949377100549 0 0 -0.686923628647074
0.474093812928259 0.0162948310691405 0 0 -0.733449723960316
0.532230009116223 0.331634004672002 0 0 -0.811537327143687
0.57325648578945 0.537655692753017 -0.279390217538376 0.526193361419037 -0.840403549447109
0.128287966416561 0 0 0 0
-0.210591612984409 0 0 0 0
-0.516978761239893 0 0 0 0
-0.816030809028073 0 0 0 0
-1.08294847165413 0 0 0 0
2.05460936908958 -1.76925377967603 0 -0.810710862943895 1.54378841358333
1.64533692568461 -1.83223577599528 0 -0.774090284922828 0.652683002599293
1.22908504392607 -1.74050652829818 0 -0.687255686404153 0.0108942576147714
0.729380888664953 -1.43126419007585 0 -0.533349958282533 -0.543403030262574
0.214460116503054 -0.92027910928772 0 -0.300458799989976 -0.92296548477501
0.215630748125869 -0.473954105622428 0 0 -0.614634664642972
0.289018684404475 -0.133832555617223 0 0 -0.888431911665856
0.372009036834553 0.171097092535052 0 0 -0.972501172672812
0.378391742743404 0.409237227311671 0 0 -0.843755558976944
0.295480756901921 0.539695183982914 -0.187952237460192 0 -0.692762202548393
-0.117637548256068 0.468015358688886 0 0 -0.351428390400629
-0.46808943260913 0 0 0 0
-0.698118202491732 0 0 0 0
-0.945288191974023 0 0 0 0
2.01991840465374 -1.74275164338481 0 -0.95699952468034 1.71721040640447
1.7794890108626 -1.64449652724682 0 -0.733903713473075 1.08919796381648
1.32712313667743 -1.61796070671487 0 -0.57771172475654 0.234493862293682
0.72770214754635 -1.50521190248402 0 -0.351064755824436 -0.578864392895151
0.344358662231988 -1.3092399456156 0.234866219049868 -0.248007998056787 -0.982993853063416
0.327302003037073 -0.921330338843316 0.235769176007128 -0.0354966607780095 -0.991550230509892
0.302247788389781 -0.530722706505294 0.0667058332610614 0 -0.812576864184238
0.380711932730957 -0.199682229464694 -0.00396385315758885 0 -1.09697218962448
0.303651686884636 0.186182990858195 0 0 -0.90963962354325
0.271317974575027 0.39067644128151 0 0 -0.672917191512908
0.246765038944811 0.569230630904537 -0.282582056581097 0 -0.50973072596489
-0.0520275537250405 0.372649609473399 0 0 -0.336086592013121
-0.420564380873812 0.31626070727627 -0.192751342445391 0 -0.0938254477441567
-0.708219942690992 0.189234497323824 -0.233306045332601 0 0.0404332651717684
1.85715596288279 -1.76458724928606 0 -1.01459486136974 1.67859006759708
1.50450578053125 -1.6701399552506 0 -0.735288931278196 1.0153368807199
1.01075910628309 -1.54948397846324 -0.25437784704142 -0.551117906380761 0.194498698015539
0.43533555118896 -1.37648182005724 0 0.164990941924254 -0.484377185721075
0.587797280216759 -1.53087230259783 0 0.134486491306364 -0.711380649292541
0.52066178945574 -1.408552477199 0.313436758631877 -0.0773761325940335 -0.829701245667912
0.465506948572787 -1.03101195045734 0.174835751332485 0 -0.844928974195004
0.464692366746483 -0.640410462075505 0.0201496738139586 0 -0.86363602748663
0.529876319645936 -0.302869119838433 -0.123311441045059 0 -0.806671441479266
0.554153686694913 0.0441635576232621 -0.282768757028906 0 -0.662910990628431
0.545106188256896 0.315726260210237 -0.354400771699944 0 -0.489304294665806
0.420707883488219 0.452491112765083 -0.438630280903904 0 -0.322814062824989
-0.00418970393412597 0.333429222358885 -0.390895836074669 0 -0.0766644464551648
-0.340791258271589 0.226294279588432 -0.364669017161078 0 0.0692537687919081
1.77438118085354 -1.81257045741193 -0.491890832704286 -1.20572391835966 1.62069175051313
1.12163688357232 -1.57806614672866 -0.337694415192256 -0.749666571063345 0.813173246232453
0.211347222541884 -1.41107382972097 0 0 -0.00315611795526219
0.0889247226148383 -1.67101414923539 0 0 -0.329133533063636
0.320855866076704 -1.83888343929318 0 0 -0.432805684233282
0.593348953828454 -1.8251267934602 0 0 -0.569259577277232
0.671983162243342 -1.55772973207215 0.285544828632281 0 -0.753055834762227
0.584166252485899 -1.11823629541686 0.148324486310515 0 -0.706109828590983
0.631313880449232 -0.745283077455058 -0.0275079849885694 0 -0.710959396001253
0.686341322659501 -0.390629112403851 -0.270024619603745 0 -0.59603288135134
0.74983636970043 -0.0665315731155986 -0.385752843935416 0 -0.458911170408392
0.711688159946259 0.188876361392171 -0.479312838616071 0 -0.30556429510176
0.536245183439798 0.294331816310712 -0.517684187035936 0 -0.180380991835207
0.0909083406336468 0.196488399879115 -0.515503520505212 0 0.0899756869461883
1.33586679255069 -1.68675247964157 -0.463888824251334 -1.01245679719679 1.36688867443643
0.297550920757212 -1.36600073387064 0 0 0.317394870288207
0.116359890127048 -1.56544947508748 0 0 0.0036751118644576
0.18054578106756 -1.81893404430295 0 0 -0.163897013148747
0.471056868257129 -1.94175995398219 0 0 -0.290501191297991
0.8776329931962 -2.10606779434192 0.314585276015809 0 -0.413458402104129
0.879230488648253 -2.03926831381934 0.354249589434544 0 -0.708117298407204
0.766305537267079 -1.61736416744219 0.219374739106045 0 -0.724802474575957
0.724706800270808 -1.26207134746495 0.0287307901337203 0 -0.602459403440679
0.790048127998562 -0.866044725430058 -0.15336753970933 0 -0.533204129443136
0.874580940719564 -0.506136322722836 -0.339623568958534 0 -0.45324854021816
0.907284575898358 -0.209715249333956 -0.449847383697172 0 -0.346937247270103
0.8620075898692 0.0346398215166536 -0.542676622675943 0 -0.252037275836896
0.480275754512059 -0.0443348843599469 0 0 0
0.42830832961628 -1.40074137023533 0 0 0.641624529965285
0.222478964201855 -1.43915763829251 0 0 0.347234062891157
0.210142320019413 -1.6384100099768 0 0 0.0617936934638723
0.403445297394447 -1.87361640986126 0 0 -0.00599951554599026
0.650332163768289 -2.13983867573516 0.253295870647513 0 -0.0863790685447618
0.968316508611417 -2.10531307423448 0.242805302088817 0 -0.197658987626068
1.13167414541574 -2.18392599557465 0.269609189328687 0 -0.293273497790543
0.905852830456501 -2.02004322501422 0.172933501619217 0 -0.60976423563802
0.839615207000007 -1.69112382125326 0.0247905945248249 0 -0.620521554103392
0.880016860681284 -1.37676099554004 -0.11680145219835 0 -0.520004304013177
0.973902297171253 -0.99855266224203 -0.288755632155922 0 -0.430354680109232
1.04334424791595 -0.649946314384558 -0.435600694030273 0 -0.335540718164037
1.07140093718984 -0.339498751342403 -0.543822509488487 0 -0.269881808803221
0.989696850690805 -0.0713330336888704 -0.664969225887313 0 -0.197346361156776
0.265029418083973 -1.42966324086208 0 0 0.5597820553058
0.245664016610457 -1.55628923680437 0 0 0.384351333482751
0.363995755823897 -1.643930038996 0 0 0.125784820937688
0.392159948490881 -2.05632674909346 0.152488172464197 0 0.217044209156887
0.675576096658903 -2.05852823693013 0.14947892951396 0 0.160457266268372
0.89841617075356 -1.98701930750126 0.121340944958604 0 0.144875670157311
1.10908715341286 -1.96044786915781 0.174532489949112 0 0.0547045286569844
0.999820786483295 -2.08999448046805 -0.0144696885313162 0 -0.0141005633857219
0.858466031140079 -2.04307361619438 -0.0268919869987251 0 -0.429568273442107
0.903856595324223 -1.76266805417969 -0.134892117971627 0 -0.465447476652059
0.992298910253323 -1.47542333672203 -0.265267198440456 0 -0.421917605441867
1.09717769327263 -1.09731678848262 -0.412241873502525 0 -0.327102730995097
1.16672894256785 -0.753583650694428 -0.522223423852748 0 -0.263897769984515
1.19138493503921 -0.441280068872402 -0.640919076565804 0 -0.187789357075102
0.174671087846394 -1.50281121530632 0 0 0.588241180220835
0.296260893692039 -1.50827331028306 0 0 0.2848047779101
0.23814917842066 -1.9300350379303 0.0919808648339 0 0.46757310595651
0.455593267173219 -1.97709017509259 0.0919145723741133 0 0.439509527485527
0.6268073725155 -1.94620246798707 0.0827093172184911 0 0.445684635665715
0.749916170132696 -1.87232722150102 0.0383413184083338 0 0.557794078932527
0.960124845221071 -1.81681617467416 0.0896349280614943 0 0.439192469668664
1.13897851778123 -1.80693850878328 0 0 0.287083720797502
1.12744338468865 -1.88310715442227 0 0 0.0106819521226412
0.920296646372183 -2.10160854486815 -0.15933473024094 0 -0.325585145174946
1.02743338870777 -1.85805299766468 -0.251059166586587 0 -0.381963413092575
1.13834362592125 -1.535380248453 -0.375453357960034 0 -0.332520731110323
1.24120244391141 -1.17175832196501 -0.489867433765586 0 -0.261279652164207
1.31937944733693 -0.850649547303499 -0.596053736810147 0 -0.213312688193313
