"(Intercept)" "X1" "X2" "X3" "X4"
2.29509654566496 -2.27799261267649 0 0 0.918929117041711
2.03108674118478 -2.08306067349007 0 0 0.735810345479721
1.81458850937069 -1.8278934749348 0 0 0.52805938479215
1.58185806300312 -1.55973395104932 0 0 0.209548247319421
1.31738003405787 -1.34527895019579 0 0 -0.0433897467096472
0.642537318427472 -1.26855104343775 0.441454317607879 -0.16494143749002 0.118858583836099
0.228577997589042 -1.40988573448553 0.673997023539125 0.101886012324992 0.509081943165088
-0.072302242437717 -1.46695897063894 0.923894604980777 0.295228508589436 0.68108941621719
-0.449973955679897 -1.39964991355732 1.11914979149953 0.285908758338839 0.632603206879567
-0.937907913949702 -1.40755538924959 1.63121592104069 0.349342096346601 0.588996037869322
-1.21584944415726 -1.50884093331352 2.01875346030541 0.419804117395941 0.570002852747639
-1.34597510078005 -1.5821896064986 2.18372738309981 0.589968599195547 0.434244328780032
-2.42202236647597 -1.36369776076465 1.82875262206542 0 0
-2.66868382925269 -1.73547846128276 1.87621281570092 0 0
2.23352206927489 -2.04249427935149 0 0 0.710135562560532
1.98718732026128 -1.83620308133069 0 0 0.592209779184357
1.7227967597454 -1.62067281824762 0 0 0.447389465792695
1.54106246639741 -1.31796894790755 0 0 0.20944078712627
1.2329882543171 -1.01280997062601 0.133254443866776 0 -0.0897931053563508
1.14337441343047 -0.747396302602048 0 0 -0.269785308780174
0.485974096708718 -0.672815985699416 0.338001017133061 0.0133012011753717 -0.12179552870601
0.0973294684628387 -0.764957389095321 0.704010249058443 0.311795359062161 0.197111092118324
-0.284223952155468 -0.796654279271592 1.0105938196864 0.354640570757634 0.227083922465569
-0.814828261366458 -0.807172115302812 1.46825411290536 0.414727068238487 0.239450187786161
-1.01977560986697 -0.933530964802365 1.60285071489441 0.541465311918782 0.250541568703722
-1.73907616621732 -0.845463783846377 1.48503699352565 0 0
-2.09348178672042 -1.11093467634922 1.56731807088366 0 0
-2.40225833409379 -1.44693502392571 1.57098520262938 0 0
2.02616135957619 -1.91083882188739 0 0 0.588133426710703
1.74323636658304 -1.75031579548463 0 0 0.489435765970908
1.63224752912317 -1.42313838755485 0 0 0.360052061639232
1.41203665605616 -1.12205752467134 0 0 0.133330490953192
1.22945906203662 -0.799450109323181 0 0 -0.17222383201702
1.10291791921082 -0.444237506123337 0 0 -0.455768312085067
0.902443681365163 -0.175298318727831 0 -0.0146838160144145 -0.618385232941178
0.373871263342553 -0.102593971975266 0.327000658383652 0.336960168566659 -0.470810219125717
-0.0814256911682942 -0.166295853127785 0.895246655423275 0.443473150310931 -0.282713284870873
-0.620147920853911 -0.208559050531638 1.18048417905663 0.543628640588293 -0.169932527599195
-0.873354852336235 -0.336815785272026 1.25295060349971 0.594920487924958 -0.0334362365948068
-1.46472813744408 -0.516791128824232 1.15707532809849 0 0
-1.80372600021941 -0.803031955975131 1.1838885400906 0 0
-1.4976181737624 -1.21625031061969 1.36313054936206 0.473540652578631 0
2.00188931124353 -1.64648308215986 0 0 0.407691612568875
1.67209814778683 -1.54667299791641 0 0 0.359763967487936
1.49070388845675 -1.28565223955975 0 0 0.287147970866873
1.30524084716905 -0.957559135510776 0 0 0.0640413751173426
1.03244851547494 -0.656577704820453 0 0 -0.300626605733075
1.09594537781963 -0.303794209675285 0 0.159402877591843 -0.587561733071562
0.956679065909495 0.078278291869725 0 0.145319950672767 -0.887359448248827
0.853344763510956 0.341764789791558 0 0.280844089046952 -1.12746377428411
0.401212935615977 0.405894672249953 0.370624412288527 0.601278833958479 -1.01233080958026
-0.29080071434134 0.392421345310905 0.746535435691344 0.633121778477919 -0.605232222687224
-0.679820511660506 0.254158787934339 0.883449070271611 0.615016773992862 -0.314985992387308
-1.2419560479305 -0.114665718423106 0.870079147161909 0 0
-1.50906475993095 -0.494270136008385 0.773708196724076 0 0
-1.38618709656714 -1.02975546571902 0.703638594557653 0.426619384834331 0
1.94405461143606 -1.417607091745 0.500862438685589 0.51445069034181 0.853769844555538
1.66351911622384 -1.32175672145373 -0.034987153052507 0 0.445946518323629
1.33126086028982 -1.14154097921169 -0.104684858420422 0 0.233478292509893
1.31916532190126 -0.767807103175259 -0.141045734293056 0.376587192488214 -0.103805787705539
0.875700086315322 -0.52689040061452 -0.26049007601948 0.315995997998016 -0.545944180983252
0.654576414297828 -0.132204692323766 -0.249863250769421 0.336659065064019 -0.815634445444845
0.898781253440177 0.200788060581262 0 0.261253302539166 -1.14674589972854
0.873736312414273 0.56737728743649 0 0.30703076778737 -1.42584873267288
0.832538326820399 0.715467426395287 0 0.593425622600196 -1.36357596965146
0.441556212288652 1.03658272617651 0.197327139874314 0.447648410262805 -1.26544074061417
-0.243994565758301 0.903147262753543 0.398959294569156 0.596856454689602 -0.722421638115358
-1.04499404430238 0.382835007679874 0.610786402084702 0 0
-1.30851884635743 -0.204758273774078 0.407491623286246 0 0
-1.59106506227509 -0.874710123613078 0.198184797359131 0 0
1.91393524266189 -1.18129011694429 0.146394686778998 0 0.555907318157018
1.53039816283824 -1.23598140003992 0.0432565046232158 0 0.462703378187706
1.19479019262257 -1.02359375965996 -0.10034153432235 0.320315615700828 0.25324322806096
0.9514054210951 -0.810697068209066 -0.334851066661351 0.388110246796607 -0.137602865794947
0.41848286029398 -0.495100855151697 -0.478241383828775 0.44358924836712 -0.783912482621046
0.156019101769682 -0.0246377655182344 -0.434816365880778 0.406647383186884 -1.0107232960709
0.59018004707428 0.182052467701226 0 0.336510917877544 -1.37052467267146
0.813685216811921 0.559147849142081 0 0.369154419945422 -1.47865534249148
0.869214876306897 0.839743904624625 0 0.630636318632115 -1.26512088239255
0.88890454487267 1.06661948626449 -0.135478013197226 0.692298892321238 -1.46228957026837
0.412451286398933 1.1389956846899 -0.0651181440837284 0.651186435535629 -1.13210762391792
-0.135642265154349 0.63283640094975 -0.0701837700167897 0.803668334060495 -0.706738824064514
-1.24135106841518 -0.305214218848521 0.129492346276725 0 0
-1.6737850031839 -1.21912224722558 -0.0755414602889462 0 0
1.60577693780291 -1.16681224980763 0.0896343897494377 0 0.509715291212758
1.26501776187623 -1.19376674506766 -0.019979256766659 0 0.450400401668743
0.872194668170772 -1.14414880839781 -0.15869442095426 0 0.229850098961658
0.407806586397753 -1.00427997937251 0 0 -0.117613686812223
0.332322316034216 -0.677190378152264 0 0.367299198645383 -0.781764573199018
0.183953766618185 -0.393548977278005 0 0.381456025232612 -1.22914415431771
0.419494631988579 -0.0617102221311232 0.0410086607083057 0.44600193685255 -1.36187990231902
0.625257170315109 0.210675983434214 0 0.429782865778286 -1.44436398455414
0.459074945770491 0.577076223952632 0 0.346829628879427 -1.20790121815669
0.941095281433418 0.738304501250554 -0.151834963676633 0.653603069518938 -1.36093110386416
0.679397691680452 0.770369063892255 -0.21413521452735 0.62664797513407 -1.1106619699229
0.27390266634359 0.667744908905832 -0.258322298192388 0.499329180403344 -0.716789906348668
0.0644736423537928 0.40136277178629 -0.521631780679432 0.583567717501622 -0.464155945229101
-1.54023400234838 -1.35105356691016 -0.279636814983857 0 0
1.04395914405793 -1.2576029946571 0 0 0.30358755158689
0.71830879733735 -1.27895932221756 0 0 0.218586438185457
0.58775544370516 -1.1020144968591 0 0.296268434808576 0.066728025104333
0.519127977225791 -1.09841274195982 0 0.315298061777954 -0.331969717292879
0.523011823835769 -0.991003460592826 0 0.451187892436444 -0.710473517640341
0.531431615139816 -0.895140358581734 0.208968554661854 0.451224473609954 -1.04379583607845
0.630547073012165 -0.697031174865234 0.241197799950013 0.443305242530113 -1.06194395878971
0.324912238634634 -0.218533381334872 0 0 -1.12423820219941
0.428590223271213 0.207239397055434 0.207502307472863 0 -1.00933623162417
0.641774261043319 0.470005696288459 0.123499538371998 0 -0.956039113487165
0.380136896037961 0.524541536216281 -0.0824672267019974 0 -0.69855465141529
0.202995505932165 0.342262877558333 -0.398037133391269 0.396939068709451 -0.574339108874543
-0.0374135698742738 0.0142007741031989 -0.631748646427983 0.42815748888182 -0.368344528643178
-0.218409251310632 -0.283056392359634 -0.915370277545685 0.460340573310301 -0.191070783051473
0.710336699150549 -1.35348267772836 0 0 0.155436545349799
0.434197072919909 -1.3669306132645 0 0 0
0.251970764686096 -1.52357497250033 0 0 0
0.0820598830964168 -1.66165525086676 0 0 0
0.422236551193704 -1.48089607041461 0 0.343413021060574 -0.355242744733977
0.660892166028904 -1.22308221500666 0 0.422234020754461 -0.772316276902178
0.503643832394548 -1.00467215801164 0 0.252977224701375 -0.774605635875815
0.372847112291499 -0.614734431293258 0 0 -0.819696289293176
0.458458779932791 -0.237407227305482 0 0 -0.786460869817372
0.596394656833856 0.120519378572525 0.0678153388860669 0 -0.66528699111273
0.486751852444617 0.202636161709641 -0.129415686591979 0 -0.575445044147173
0.156139366494745 0.153913481133138 -0.366612784590992 0 -0.386772638597937
0.0348913130943678 -0.0907572174455943 -0.711519207974508 0.179589154755503 -0.394682062601989
-0.156509615817146 -0.294324474023733 -0.97016604884235 0.273441025701649 -0.205917507581733
0.413586610518269 -1.35072140336117 0 0 0
0.341750966994582 -1.45560756721189 0 0 0
0.176891074311537 -1.52614000755617 0 0.281565073398601 0
0.123878133341384 -1.76425086572864 0 0.275118710680933 0
0.248013856139582 -1.80969074598652 0 0 0
0.632880406888366 -1.58102175884639 0 0.332148675790586 -0.479825689625256
0.930648562411932 -1.3871562647051 0 0.376057913451631 -0.782504723310582
0.941355858751649 -1.0540561282581 0.130271460979712 0.295580409122522 -0.80651271566299
0.721563942208859 -0.646946967650251 0.17439631655894 0 -0.631106340938547
0.684989649978937 -0.246883489738943 -0.0755933467948013 -0.174663040196483 -0.666581169202233
0.514559898370987 -0.116471397235909 -0.157843003226412 0 -0.388335222747814
0.376454647613529 -0.137512109184069 -0.402704934387275 0 -0.346943324594852
0.220701036054085 -0.253911811946317 -0.772597430778874 0.0857126647902689 -0.388282920708748
-0.0322773553665597 -0.371504307301534 -1.0669413129491 0.234070487006345 -0.223506968071607
0.380681874717639 -1.43290113992279 0 0 0
0.18416629117281 -1.31081357083938 0 0.34806151977265 0
0.229442451707032 -1.57299093830542 0 0.378737802995863 0
0.0930108687371679 -1.8556183843488 0.260608420500825 0.33601644208578 0.209908248306152
0.500770178933794 -1.90543487944096 0 0 0
0.647950950893956 -1.78638253648023 0 0.286366961432893 -0.214493480450832
0.926720056956769 -1.72161616863307 0 0.336938320309302 -0.505403343748083
1.21711453220731 -1.52321981779377 0.197812542811872 0.225072740046675 -0.690647469570581
1.00279276491937 -1.06371253171204 0.00711642704073558 0.0852824483340759 -0.725461994311306
0.720573926411048 -0.688367693200327 -0.14310186841654 -0.135626501383579 -0.63824902399186
0.495564460364074 -0.461970747762391 -0.289172159109694 -0.311508073310027 -0.503920703350121
0.530329115155345 -0.453687168949181 -0.457537900002938 0 -0.232513239190188
0.362254762489038 -0.464811400455291 -0.745178707667141 0 -0.315057692139872
0.132530962162509 -0.45342257162112 -1.01300092484945 0 -0.312102230309754
0.0469843137147199 -1.13800606443553 0.435579811882926 0.472665786847702 0.429768288410901
0.02993102441123 -1.36309576942579 0.351621949941298 0.449105834648148 0.347358297072158
0.0431566139542242 -1.66854426011608 0.343240877465805 0.451788335749666 0.341605440822428
0.271662206153946 -1.82099745053637 0.307377366424089 0.439835956310486 0.26851393781051
0.823497930775159 -1.92123600859291 0 0 0
0.972523785385077 -1.81866826056864 0 0 0
1.00661561243326 -1.98597852163901 0.190288729918061 0.306252483284501 -0.218271867946839
0.906925710133959 -1.66602466432729 0 0 -0.233275075947634
0.794775961109258 -1.41267718304519 0 0 0
0.78683961912513 -1.16766933222004 -0.0884572402032287 0 -0.311616632833444
0.433813427716103 -0.894950234449363 -0.32586376893346 -0.468048923426904 -0.480121438051872
0.279874699254838 -0.77776626650766 -0.567572309551084 -0.559792874263964 -0.389158797241371
0.510904142400364 -0.760621475085615 -0.801850413102017 0 -0.28870525969538
0.29521632643533 -0.684772920394377 -1.05877544944103 0 -0.314968408116069
0.0483538265877415 -1.26306327808896 0.53585353389906 0.549056692025151 0.580420979787893
0.113915654460293 -1.460134123077 0.477369239252804 0.584565766666793 0.528492415273718
0.220023174211306 -1.64546414222081 0.446045711507866 0.584718710813888 0.459547360552179
0.441134053677783 -1.77671886009584 0.377164700953658 0.527842454860138 0.310330984288484
0.682191406667576 -1.91486537249897 0.305689168719423 0.391002365099605 0.167547455358057
0.874624280120504 -2.04077132409228 0.290603497125429 0.295271943277942 0.0606220149025679
1.08041866057375 -2.05620392624459 0.14388874612462 0.323871443648111 0.0208350297735102
1.34197051985967 -1.60120641090272 0 0 0
1.13241870010165 -1.52727259390535 0 0 0
0.860062995089071 -1.47356354615895 -0.227580527599689 0 -0.362244839032034
0.845430629318421 -1.28167624918834 -0.319596986549248 0 -0.286293410273041
0.309419579858835 -1.18027292301352 -0.66386837381242 -0.632855967740364 -0.448570679761489
0.704298139887956 -1.13193453052425 -0.846443563668139 0 -0.245051184971443
0.469989631347063 -1.00251557612204 -1.11039840875876 0 -0.31399536503835
0.124572961898925 -1.39651882439042 0.643818003161774 0.644670293256596 0.793649045458731
0.211785069034784 -1.53832636158158 0.599964722195663 0.684995623464325 0.722762470480283
0.341543765805417 -1.67011558243349 0.548775979011264 0.678318439295552 0.573575825608558
0.552095671489114 -1.7853017925564 0.422203556641431 0.599107874339253 0.393810943896318
1.46777015224071 -1.83032683238602 0 0 0
0.83492160621774 -2.08708437380444 0.205359522362599 0.359514999364708 0.287234438298622
0.901757394121781 -2.09469763364733 -0.0629591508318848 0.409719123549298 0.298518313405576
0.79296252601006 -1.82431222603617 -0.360244143557054 0.423381036975404 0.0874181726102528
1.50088542353179 -1.50351219465302 0 0 0
1.41465383774334 -1.43901126965935 0 0 0
0.892533137207797 -1.56011884327927 -0.485114159878174 0 -0.360216246768974
0.902943332053881 -1.46324238282895 -0.574187996006436 0 -0.284573530926184
0.860793228004275 -1.44181646439057 -0.82723476892225 0 -0.225819372389821
0.669294611381665 -1.36769064088746 -1.18613460042595 0 -0.260590698316774
