"(Intercept)" "X1" "X2" "X3" "X4"
2.31699576988985 -2.86471071246974 -1.29062285894449 0 1.04396713184778
2.13299658858152 -2.77091989313948 -1.24405529800756 0 1.25335325454471
1.77595762723138 -2.58819248362988 -0.794740421305679 0 1.3377508606321
0.881340294484902 -2.55039245091567 -0.843738176414185 -0.604768084289679 0.981831990248241
0.635855213879583 -2.41004364735269 -0.472753173603563 -0.467049225616719 0.709151377115649
0.634212029280805 -2.02605601323263 0.236161681376016 -0.0759636751989096 1.05822353149134
0.828151420408419 -1.50346008159777 0 -0.207252139929872 0.874015806475815
-0.56729088513437 -2.0518870063896 0.527195738472879 -0.0538808899671318 1.74917171626281
-1.18840358024154 -1.72280613336844 0.753786006309747 0 1.22430287846723
-2.33824195532633 -2.17771894473254 1.44954057362024 0.756882316628442 2.29677975797361
-2.81523917108936 -2.06095531865723 2.07773730628405 0.520209544687981 1.68089008050882
-2.67158297779095 -1.6620881026843 2.57877895886656 0 0.87393191490878
-3.30715569438885 -1.26240657947689 3.19923775860994 1.02344417369362 2.08792907394504
-3.59038140994775 -0.969222318518843 3.5794587700787 1.35377354386813 1.93462687803204
1.57473103630687 -2.7888140770496 -1.43830218937435 -0.285808006155491 0.828473258011935
1.93999623975505 -2.2104282323472 -0.818602997875867 0 0.671094366576915
1.4986335746554 -2.24322962727006 -0.817029234222815 0 0.931594139208892
1.22225986297032 -1.90297571531573 -0.435230390725246 0 0.881306628133111
0.454213099137859 -1.85517175172944 -0.272858887780599 -0.296676814363695 0.372815511954019
0.55268577968822 -1.46164132298972 0.145973967938099 0.140936491649134 0.683583414767403
0.715296967416763 -0.937665007224316 0.0100671505704364 0.115915458711957 0.657795684350079
0.0382107472379904 -0.511326981101297 0.0274880497856796 -0.473035910262403 0.788379592987183
-0.708084188770047 -1.00769573732718 0.413278187351642 0 0.939238716942781
-1.35261599079433 -1.23493777170978 0.715017385497321 0.00899888742282804 0.600790758532725
-1.5892338185411 -0.961485035118976 1.39231800370015 0 0.580988710048718
-1.89827321556483 -0.791674262258916 1.96262849290972 0 0.421556489061034
-2.54798040838953 -0.421477606288574 2.35721423289833 0.816043232181131 1.36175263896575
-2.51113944833269 -0.43628142319797 2.6785783865189 1.10022268731403 1.16228681962435
1.43301946370483 -2.47441273363023 -1.01280850028382 -0.365349543126734 0.629389834754866
1.25936184229993 -2.05958802464934 -0.927253995450765 -0.275030455580735 0.318283911619403
0.898972245459151 -1.80777181565799 -0.695915905124492 -0.0324314363268941 0.236921725785445
0.941656703529273 -1.48337737469901 -0.356727951265585 0 0.304915040704216
0.611011478699667 -1.13481092842606 0 -0.105793495129433 0.229074560029788
0.542031500724222 -0.842376988954867 -0.0718318575656298 0.245124690195657 0.239614414447382
0.465847597367799 -0.379020415673012 -0.190164501499106 0.237837413196927 0.245493301060908
0.245900605584059 0.0808002027957265 -0.258032199601478 -0.0296664683336299 0.156701502833307
-0.195189272621703 -0.065594942680598 -0.192814017058208 -0.0859008687422873 0.107594620634041
-0.752250909590402 -0.271255884657843 0.470870659807017 0 0.273747503606939
-0.933821940290651 -0.203249229283554 0.904779523506994 0 0.335649183558347
-1.58164554727146 0.0772050921334489 1.26574551910003 0.344519118143726 0.750350612502781
-1.65089200359821 0.158581334754793 1.47395965179419 0.473576849865096 0.649568811619482
-1.44584619786996 -0.309518026599481 1.30616614421003 0 0
1.3944770796729 -2.29655955557597 -0.618663691304498 -0.184046721314045 0.653403612728003
0.688637438882071 -2.02415012068601 -0.549942262129247 -0.282528693750245 0.0505226195433939
1.08365632364271 -1.24688431172501 0 0 0
0.517473309433177 -0.979176986802634 -0.268610863137518 0 -0.369541971480249
0.421246416345281 -0.825910436041265 -0.166275144936714 -0.0232831951397451 -0.57828579358838
0.597616588437352 -0.344654012541658 -0.230038527104992 0.228760757608477 -0.190654788236136
0.7866317835505 -0.0677562564196609 -0.369173130843503 0.579385138046669 -0.233203751474727
0.554307270440361 0.320995653991325 -0.402794659265245 0.368956138614679 -0.235406093191028
0.0428398420788621 0.766651262856581 -0.377735498859274 0.139486188194479 -0.406627138170006
0.0734528621328182 0.65521465046291 -0.11050486402887 0.13615478424301 -0.195838949550661
-0.466374728972921 0.547849160582753 0.238842216875735 0 0
-0.871650997887075 0.606601665718792 0.645763941485686 0 0
-0.85578492868715 0.456963139759646 0.652072610740025 0 0
-0.91399078879439 0.194344991413846 0.581231410743241 0 0
1.89921819859493 -1.93566958736618 -0.264312934506749 -0.0936624675924173 0.779035293442969
1.347959055307 -1.58070248331412 -0.268438448427844 0 0.24426671529095
0.843969882140245 -1.16874523436775 0 0 0.00589246884905399
0.297131356160433 -0.747009317656297 -0.388660265744613 0 -0.48630358550958
0.537912254921011 -0.320697037890455 -0.196390897565409 0.545169114310568 -0.961193473193262
0.769845643157245 -0.0791589568055068 -0.475560588818087 0.566947250952877 -0.491615769053894
0.83944777785611 0.383934936905695 -0.594330526234329 0.535785547285467 -0.498494860370879
1.01051283685764 0.577749063582491 -0.390566157842418 0.0447573908420235 0
0.768256788551896 1.03796392347646 -0.591437327845192 -0.128001457419066 0
0.513499881304891 1.42743750288497 -0.375574107998159 0.0299364785434111 -0.542605546410605
-0.0828521903596098 1.22091351450233 -0.0958821722909933 0 0
-0.495153300957578 1.17373772982404 0.198257042922194 0 0
-0.584518515344485 0.950966025206075 0.183352979795 0 0
-0.65628444563693 0.65362538387148 0.0818373113548071 0 0
2.10963410001183 -1.66946406647667 0.0559619563756998 0.094828578575578 0.919625658258652
1.47672728742465 -1.2988478889428 -0.193120444421204 0 0.449725379371003
0.915758244058718 -1.03079135038473 -0.326747703936167 0 0.0608944547781168
0.425986031344212 -0.53690507370872 0 0 -0.209885641026759
0.573478453473329 -0.0558454854834527 -0.361859201688121 0.470105018216103 -0.823217920770243
0.389265121360186 0.225638987519804 -0.47528189116316 0.478223401022277 -0.621208734209041
0.687343010726738 0.505335958414098 0 0 0
0.715451706414861 0.720164049612984 -0.445517912294801 0 0
0.831910535359529 1.02309557740314 -0.534882759017311 0.0503111929566889 0
0.514542024224244 1.45668460711907 -0.75515245364128 0.101187873741428 -0.110036006651533
0.445285917551934 1.60234007961463 -0.715375860687674 0.267774793544374 -0.436421569987985
0.147850929074659 1.45196934894251 -0.369007884429174 0.684597701582869 -0.669247877030805
-0.614473791540707 0.704964165503383 -0.0197706096250864 0.985586532161505 -0.311267198951836
-1.43544637749668 -0.195137206921617 0.181153841436493 0.447241081472513 0
1.9825394914726 -1.36279670704197 0.013156672042792 0 0.807253814838782
1.23109648656994 -1.18665572487073 -0.0914637908570903 0 0.390695048953232
0.703286552132717 -0.960837020895309 -0.118027958116299 0.438999237042388 0.247782469564045
0.17921065185174 -0.689350669240753 -0.0175045491138573 0 -0.340456897504984
0.262581567634561 -0.550232856551678 0 0 -0.482246360609333
0.517040448575034 -0.0853695943995879 0 0 0
0.527066054608638 0.461974091761803 0 0 0
0.428437296274983 0.782411092611888 0 0 0
0.479279560276886 0.896955511214121 -0.413781589175098 0 -0.706316789908539
0.452114109725959 1.29480751941868 -0.539701601189272 -0.0453793448894586 0
0.7134448464536 1.70293949640925 -1.03715899014135 0.144563307852547 -0.596471167754624
0.447610795145133 1.78364025922208 -0.749393641833765 0.125244430600525 -0.668667184812157
-0.0313094008701094 1.46721076225571 -0.380479686658502 0 -0.301735555821729
-0.937296679004449 0.967388977375671 0 0 -0.194876204998636
1.6827010460143 -1.47589697344359 0.119150905998932 0 0.786380330998127
0.622225396562092 -0.876282621773899 0 0 0
0.75175728797069 -0.911049813371518 -0.147835359049258 0.407132358512918 -0.0100777904993224
0.284539966424535 -1.07512325339075 0 0 -0.627114326380416
0.152879735947737 -1.08703296914388 0 0 -0.900721943149665
1.4451858447972 -0.854338345693754 0.200423841326933 0.770034163891431 -0.93158733260378
0.886332557718875 -0.379464004791901 -0.0934646634490581 0.439181403799599 -0.909774267564584
0.445217425557648 0.243366869750399 0 0 -0.716979010138102
0.568003190040157 0.523701599726178 -0.485600037278692 0 -0.960180476371696
0.256371405284529 1.12880357564088 -0.437933210692524 0 -0.657274542111733
0.195345542714485 1.48974408670034 -0.895229492831124 0 -0.746971684864711
0.187614738258809 1.81583370286073 -0.715917286858279 0 -0.694935514195802
-0.0655334003539125 1.68797026529452 -0.262234847483224 -0.393513183729856 -0.258810749616034
-0.299076068068053 1.36179957620091 -0.55908846911092 -1.03250547936432 0.596988172791772
0.572415663452967 -0.949160063153574 0 0 0
0.680181324076633 -1.11999376035874 0.111162955560485 0.355702326075779 0.410034163022237
0.439599303658171 -1.30649615438834 0.0638759407947326 0.169837788437818 -0.230255713340424
0.223729529274002 -1.60105922528306 0.246585066167491 0 -0.652073846457411
0.364213922254218 -2.02023130236051 0.711336257857929 0.338741849342615 -1.01795832866073
1.65113379227542 -1.50109400967531 0.516835264896413 0.743009560220556 -1.10170690525407
0.613310978212353 -0.909263925774585 -0.0500842468851371 0 -0.974126519429765
0.598233903229517 -0.777001945339933 -0.104500271403657 0 -1.17123827699387
0.54146651154395 0.0542540853596078 -0.485801284131955 0.113860590073166 -0.703770156206389
0.276665592338118 0.694553074935999 -0.783137766863937 0.00329449191499756 -0.501034278067545
0.023006880281581 1.37738097708791 -0.627133442506454 -0.341202287168448 -0.91253734096648
-0.0614351063393786 1.87565367430881 -0.437578039824565 -0.518606342203521 -0.797660195683782
-0.189853831288835 2.10059701974051 -0.213829704647552 -0.512938633960116 -0.371541236518971
-0.47131713905063 1.11444732910119 -0.540903817461308 -0.577363530488218 0.208771085689391
0.468368751030963 -0.735894474732643 0 0.0663743275944638 0.446109135246194
0.299264086034568 -0.922245356073141 0 0 0.00949293092384432
0.481664156168786 -1.39620536398389 0 0.0412060147640788 -0.121169739455521
0.400615248589292 -1.99530394048763 0.42893468829537 0.121998734445736 -0.633979860694695
0.284303679460696 -2.10181819647193 0 0 -1.12619954402123
0.823124563769415 -1.84606646939764 0 0 -1.11309123674268
0.9491404463844 -1.7431648044099 0.426242380905937 0 -1.13395939739245
0.697180983598306 -1.28356474444901 0.000824967814946704 -0.104014432827192 -1.26112683574624
0.710920429324123 -0.433959838170874 -0.297429680366938 -0.0485777797164777 -0.945701202086546
0.535638912260604 0.335914196289079 0 -0.307689620685037 -0.64250989965593
0.371690230340183 0.873888303236945 -0.0207400761940701 -0.545949834821309 -0.628992041137213
-0.0315658111543097 1.38142884844487 -0.296940169438909 -0.866027117683928 -0.668915486383708
-0.410051915503358 1.62828252196257 -0.229595329696095 -0.783740016680464 -0.437569870472317
-0.602932698096785 1.27665290539596 -0.444556104400782 -0.545835380404201 -0.0109854123697796
0.00853313695267406 -0.73966978961806 0 0 0.0177873086641328
0.361098897337288 -0.99179378151254 0 0 0.00669437980744372
0.711893837554385 -1.55729666461266 0.199877452873292 -0.0404497567789481 -0.0760568180348196
0.639861331816492 -2.20218310403524 0.19337280706633 0.0425880728071032 -0.413203473068995
0.730972839153459 -2.13557804516545 0 0 -0.996639616656021
0.992487234724609 -2.18581696591819 0 0 -1.15590170695111
1.14907995925883 -2.21323745096464 0.410878948416089 0 -1.08077837207044
0.841876716278524 -1.91704480784 0.229195042328574 -0.0111994796992314 -1.38034589183647
0.489836417101341 -0.951611206121719 -0.234535343712189 -0.359038101289876 -1.31716675583103
0.0977311011379302 -0.182988551911596 -0.20632849587157 -0.552023201382552 -1.16550507948152
0.197027549509535 0.197179946957022 -0.0180186760804837 -0.76802495720473 -0.929469533570136
0.390084086664944 0.755442374102431 0.511775806745734 -1.17834249696952 -0.543131440505528
0.174525953578678 1.17061028831309 0.538902998977335 -1.45636154763162 -0.150694807879618
-0.217258354292675 1.41496381841273 0.408578298435052 -1.24009086485287 0.103324683120746
0.951570574611519 -0.499741630594843 -0.306224827154476 -0.364726655353723 0.665073726621498
1.08281205132516 -0.80958647212381 -0.38033564136972 -0.00108376251259519 0.114753095926439
1.15172119596713 -1.42226622120661 -0.251337127404802 0.125236374212261 -0.18199033073115
0.938528327465608 -2.07929895989008 -0.0290339787134578 0.227470196475374 -0.394653446097667
0.738726119975082 -2.41957922131053 0.112365856057943 0 -0.567109890433533
1.00469807707793 -2.33331628149969 0 0 -0.806209325390423
1.14250858379178 -2.29621875990463 0 0 -0.779256336751066
0.460534330834017 -2.49377626692923 -0.12579115695735 -0.0311670504340784 -0.785925358749489
0.328817179789204 -1.51821520791002 -0.171848491655069 -0.512452435666314 -1.39420277366811
-0.136659886959716 -0.929080145355467 -0.356044426813746 -0.826819324535908 -1.37133925862682
-0.545623304132627 -0.353459765533264 -0.288185150763883 -1.1279397582911 -1.30042105614268
-0.25727519326753 0.00950159587085495 0 -0.985158905335658 -0.789084675420425
-0.295935679381279 0.369631208882596 0 -1.02891632716203 -0.471195166156908
-0.0550884740856441 0.770403293036555 0.751499836215851 -1.83088531409156 0.062057247032914
1.59529035975845 -0.312493159171679 -0.738603274431852 -0.189941434421322 0.696264350373649
1.71480399858149 -0.60187488989921 -0.922080184243647 0.157226973382648 0.241718128186227
0.998575555300518 -1.47911556746624 -0.280127326424723 0 0.0318494411553355
0.883136818450323 -1.91363636510082 -0.0465567437229205 0 -0.0769325362250244
0.895832509704783 -2.08009849040403 0 0 -0.257446295462237
0.885852262126907 -2.32859569588438 0 0 -0.262884393100442
1.12382930675372 -2.63396406819664 0 0 -0.260979058947802
0.868015230012768 -2.69110393514867 -0.194215962209419 0.0328150531142508 0.0466682101651
-0.0461828688371908 -1.94658226303824 -0.505796297899066 -0.501569494801148 -0.829239479599111
-0.450235443307278 -1.55155864853364 -0.180336955828711 -1.09253889290158 -1.66482611213822
-0.926176120004447 -1.10437576403458 -0.319056549801218 -1.47550099780303 -1.50431607588207
-0.465159733917495 -0.685632280554753 0 -1.28751107347926 -0.882872806496191
-0.690709753484145 -0.294394358148266 0 -1.50179542776429 -0.660893259071387
-0.444552265641555 0.0873515342848695 0.616520898214216 -2.0532608895003 -0.182670512413123
1.65798136494535 -0.365693561370267 -0.838686061372187 0 0.570422317782904
1.67162436653668 -0.721311298666906 -0.847617175219799 0 0.392548718157848
1.26985771905683 -1.19295245441634 -0.345437330218446 0 0.23449753112397
0.898567062015905 -1.57254703736153 0 0 0.0407374298378465
0.940356527841701 -1.85309369892451 0 0 -0.0126169747516081
0.82969499275162 -2.21142912782761 0 0 0.0590891130576155
0.959733070211184 -2.68398887513549 0 0 0.285316852561742
1.02250147890674 -2.92102923821676 0 0 0.184117662953311
0.705657258695106 -2.53252355040059 -0.0606539977706185 -0.345949052121337 -0.418350520775385
-0.747309827590736 -1.9929813827215 -0.407014105463863 -1.11290317726265 -1.29410017013759
-1.56826341261853 -1.59153580178114 -0.527297777133898 -1.67584863103149 -1.53506266433491
-1.77886303270816 -1.3442233528382 -0.246653268786426 -2.27432320008242 -1.53493542112173
-0.764305152903733 -1.00115823751868 0 -1.68380725107327 -0.760071896781366
-0.962043183196963 -0.542521143285464 0.513133999907075 -2.38056024670551 -0.459239485305581
