"(Intercept)" "X1" "X2" "X3" "X4"
2.48184051450776 -0.93769593669233 0 0 0.894893581986309
2.00859768547839 -1.5698441742802 -0.110079186909056 0 0.410831973896838
1.12891433543972 -1.73003985388834 0.248434875740287 -0.5512238755093 0.380837496329442
0.847567267955369 -1.64241052498623 0.247061079949297 -0.547212729507843 0.0224830646316496
0.595683442309668 -1.56078007052651 0.260688048513248 -0.509486201016385 -0.175217586032156
0.313473014954265 -1.53287660813775 0.36023441607606 -0.428536601061746 -0.161492684024124
0.0699627010830328 -1.45180103131949 0.527017268064528 -0.329572607971337 -0.0716995722483835
-0.0852572093521471 -1.3272091182171 0.685796600698668 -0.211585952046322 -0.0500656718607782
-0.222991753038694 -1.20193132382514 0.834009434500941 -0.108524675998875 -0.0699873742311797
-0.243240745552959 -0.851774961241698 0.808078155626612 0 -0.23997600360051
-0.496185861057529 -0.775685691594602 1.00604834549138 0 0
-0.7447342517147 -0.851853350847163 1.19353329211353 0 0
-1.00915822457508 -0.992538029265031 1.35534945254141 0 0
-1.29569717214033 -1.14228421594376 1.45557539459748 0 0
2.37737385835073 -0.828837611848441 0 0 1.21894408507277
2.03806402173069 -1.28350179691083 -0.104154219250302 0 0.716889073807673
1.27282200511705 -1.50241146730337 0.127301850975888 -0.383429371375941 0.429371788884141
0.968039544794804 -1.39576700006849 0.0984277122599035 -0.38841747111276 0.0311109069296742
0.719022752750455 -1.2492058807231 0.0593528068787842 -0.37820489638147 -0.316638332847286
0.506337471692477 -1.02883569363622 -0.00723723120644513 -0.388321803431118 -0.635873353742682
0.290758552475514 -0.943972446174183 0.16201459454281 -0.231481585697171 -0.445683900425807
0.17972941614201 -0.809498434290672 0.338487087194189 -0.0804528425930452 -0.344984902578935
0.0386293535070134 -0.715853878857943 0.500286626580103 0.0422965645456794 -0.264250855584723
-0.233641859622122 -0.641907391838811 0.660994781592404 0.0587471902166061 -0.206287700210776
-0.429695313340405 -0.46104411790324 0.792711586462616 0 0
-0.667520020745579 -0.615777146975873 0.994948814438963 0 0
-0.940052084332184 -0.82911143098266 1.15067066655188 0 0
-1.21076962363228 -1.07232038479302 1.2843899425488 0 0
2.2355444281134 -1.08108611861391 -0.00306169140563031 0 1.59698685999247
2.01743457924672 -1.05899333353176 -0.0913972826646309 0 0.947442715139187
1.68856744766999 -1.15920784199878 -0.170574094689935 0 0.130645165013024
1.12595273709972 -1.17047673475133 -0.0661594692428371 -0.184977268922092 0.018626320281296
0.852985016174038 -0.973430038420951 -0.130090357248805 -0.203799381091431 -0.357198777042126
0.601340679588218 -0.734542488004682 -0.222429136519052 -0.231866664896881 -0.690607920474222
0.488103127815772 -0.424561106254648 -0.222774064080408 -0.172754931467355 -0.819393243474368
0.406603099853232 -0.275460726576077 -0.0261553873367205 0.0127648219740546 -0.643805623860693
0.257296006548381 -0.219490385720073 0.116017996416288 0.19745179984203 -0.442312966078329
-0.0341396916210194 -0.101820089410479 0.333933009702856 0.157099529978776 -0.393960637205623
-0.38013940239062 -0.108821452183505 0.566911358182999 0 0
-0.600725495064156 -0.374204827400604 0.786443951882277 0 0
-0.890098727774218 -0.632155441148372 0.948324511327074 0 0
-1.16918856023801 -0.947539428663885 1.10592236128769 0 0
2.19294715548808 -1.10167757244757 0.102764141286022 0 1.59898787600314
1.95049831184534 -0.998691361400883 -0.0279559162959719 0 1.11344551782108
1.66645655076121 -0.918783817506825 -0.153745890468641 0 0.466876138717266
1.3048374338326 -0.942283338448705 -0.228187736343925 0.0110313082540454 0.05807190498376
1.00786158528145 -0.743368401680556 -0.302974719507669 -0.00822549522680981 -0.364133563659445
0.701435777650292 -0.457426408648822 -0.392016577058997 -0.092618990428206 -0.704261929164491
0.583699876263346 -0.122563310399887 -0.408876913376632 -0.0704339575172848 -0.857908176722359
0.523726410606178 0.214278277918363 -0.355350172041424 -0.0083568308743295 -0.906107861479762
0.452624337488284 0.328477964003823 -0.188147971397532 0.223496034919992 -0.6942011411775
0.153282128240635 0.365242652183153 0.0884501414179095 0.223668554762514 -0.55253147476147
-0.321852024247874 0.212727523228957 0.356583241092291 0 0
-0.581944191038154 -0.0694871183874901 0.547800113773795 0 0
-0.872058711710027 -0.418097619267925 0.702737077908107 0 0
-1.20107500467097 -0.691686568944328 0.750634748272509 0 0
2.11938088420461 -1.0223806023911 0.0628338967877543 0 1.46617136887751
1.89226352763628 -0.967488844412243 0.00158685470833497 0 1.05764495885869
1.60684155344529 -0.832641099808782 -0.131999908307736 0 0.552727560014824
1.33725405896967 -0.707689433689728 -0.229095729408233 0 0.0911599899375187
1.0863875533951 -0.562618847496021 -0.303832206231036 0 -0.254843514804621
0.886714600551139 -0.346707264040042 -0.327088685418853 0 -0.590927680849856
0.578639731767939 0.0769588625667207 -0.470310849144128 -0.0668199818305398 -0.887268320463211
0.720089033161482 0.317275579640144 -0.330874071932828 0 -0.850007493966856
0.640718747919868 0.613866308438289 -0.182112851901177 0 -0.820462807283123
0.397896875269361 0.709944312450781 0.0116355628777005 0 -0.573402460994291
-0.00354675585147925 0.546420748387237 0.167822014232133 0 -0.446921816926519
-0.323726492674427 0.216121047281531 0.378221281962653 0 -0.369556012828512
-0.639235538790769 -0.17578551419074 0.516174494071979 0 -0.284346082642734
-0.9436991504821 -0.572398178685666 0.615593780820888 0 -0.201366553582423
1.94535164319666 -0.906180029885469 -0.0645394245970015 0 1.25664549050217
1.74361808373233 -0.917952978682183 -0.0846035312303332 0 0.814548647894111
1.48714595553281 -0.857667203064727 -0.15716608566403 0 0.397695227966676
1.25105821008293 -0.7050672128449 -0.225565070708883 0 -0.0272449909256681
1.06494255436057 -0.567639791450622 0 0 -0.441020658176421
0.886789239403794 -0.355892828021826 0 0 -0.680149085406363
0.543396644807021 -0.00453959147440189 0 -0.338383330697063 -0.893680698964695
0.769846163316031 0.305081536963872 -0.45454249404961 0.00135249363960127 -1.01940958488425
0.610648407197563 0.635409384958684 -0.250928459670218 0 -0.930979782973168
0.516684690387263 0.880205710072971 0 0 -0.885418369752635
0.341088515776833 0.925544337048801 0 0 -0.708352062807851
0.0367717480018113 0.378364053049222 0 0 -0.43322667707455
-0.474944179212929 0.189632305791905 0.209996679097149 0 -0.29156689937921
-0.82171790846906 -0.374657014913071 0.309649120133485 0 -0.190735192999382
1.64634529905909 -0.849682053615325 -0.194626602016357 0 1.01800807035683
1.49712840701105 -0.860314944218064 -0.226578723834337 0 0.557903299344418
1.27687982157758 -0.885842965327008 -0.238933080330231 0 0.0621749377506946
1.02772609116974 -0.883940688757466 0 0 -0.350766492327392
0.723273287015102 -0.683656501428969 0 0 -0.6835816012494
0.481306006673618 -0.39940693680001 0 0 -0.960384692753326
0.629560220396888 -0.129537349646035 -0.342605532240619 -0.0924431005031763 -1.0293159689831
0.544640316786244 0.246337290628385 -0.232585736561119 -0.153743672782803 -0.866931414618131
0.467864931551043 0.593774820706417 -0.0903266114818361 -0.250883673338419 -0.737908035444498
0.495233636799558 0.890967398007786 -0.0332248298440601 -0.319880321308703 -0.606849316917666
0.314876909199322 0.937074393899656 0 0 -0.629863925158945
0.143991782505059 0.863115278574127 0 0 -0.397644821368946
-0.152024262503684 0.549357931310123 0 0 -0.202051356519183
-0.488242234858914 0.0260344013826687 0 0 -0.226276877270225
1.15457026036404 -0.936923635510974 0 0 0.775836791575519
1.06343106271038 -0.987389880312711 0 0 0.316293961553743
0.9813208046945 -1.02337767068336 0 0 -0.116241695381889
0.859305695131753 -1.01359089224381 0 0 -0.610698025690913
0.568549431150145 -0.922652435537762 0 0 -0.896197501352852
0.408435044169579 -0.680146538818247 0 0 -1.02358553668825
0.366217199266421 -0.398198160730248 -0.0968244892018032 0 -0.818032994218227
0.327624816157212 0.0407051579347121 -0.0766689426173988 0 -0.703084425680139
0.40264060123029 0.367088391404137 0.0382009099197873 0 -0.680240881984635
0.567338568639189 0.695419415949009 -0.0236683634652513 0 -0.672714369223305
0.488528385628246 0.958175622728013 -0.193940950861889 0 -0.503693507836418
0.138710284798746 0.650290763575372 0 0 -0.259305381295125
0.250375378195935 0.815602660198447 -0.50092988714049 0.157983717476933 -0.108279008470935
0.142414103439709 0.374249845619218 -0.572194900587047 0.412562081888814 -0.0260669946392815
0.82652310943914 -1.01756933422337 0 0 0.409479649842844
0.775727316064349 -1.07827538087677 0 0 0.0856195504539934
0.740773980517457 -1.18763658438018 0 -0.119838480951476 -0.280007402121417
0.790225352055527 -1.21558490038825 0 -0.14689694467788 -0.695120815218133
0.801127383874751 -1.12427306627781 0 -0.192873890614529 -1.07569533297364
0.429852907887115 -1.15533084307177 0 -0.221375688694362 -0.93006284723158
0.412387913837078 -0.704831813748661 -0.153196441378751 -0.202991160201245 -0.765263704326882
0.381977797787377 -0.435157755536889 0 0 -0.613928869044568
0.276217908059774 0.0416772094914057 0 0 -0.444685303155569
0.361779916864936 0.566679093080235 0 0 -0.322934192893271
0.384151736058128 0.838891042064057 -0.180998620986025 0 -0.143518519483196
0.217717002943925 0.816216260245334 -0.395709636403786 -0.0322276907897418 -0.00891711596597145
0.108367079517614 0.709839538872057 -0.573330623697715 0.137019835654517 0.146188939063098
0.0277723992411545 0.617940625851807 -0.753306054989525 0.34760286523611 0.29041186936933
0.617011401829728 -1.1151384965421 0 -0.087830149101943 0.191360880466345
0.668990355235194 -1.21929387650986 0 -0.212570123754581 -0.0290055579906906
0.703599222369487 -1.35170484322475 0 -0.320094317795251 -0.341437214223395
0.809286727266902 -1.41282793344353 0 -0.308238170987628 -0.705651649709057
0.889596961859149 -1.49025585201506 0 -0.38730523592268 -0.968289858843031
0.701635074343746 -1.45806828145741 0 -0.429640898338891 -1.02396258074324
0.599983208589054 -1.22989410969948 -0.0193370489330419 -0.268517034906987 -0.86813189612879
0.516680149482591 -0.972349613540761 0 0 -0.599987966366784
0.415405458357339 -0.44782041212271 0 0 -0.561185810224926
0.55398332795049 0.038191383897503 0 0 -0.385498763194777
0.477982323327719 0.333643491472498 -0.144199549695835 -0.196874723969668 -0.22805445666529
0.397155431186025 0.455202717987153 -0.40958631049643 -0.046124731831052 -0.037366372958746
0.23437190335733 0.515849423493028 -0.73043761199498 0.221414280673169 0.226722277162731
0.100537241883665 0.379000577687831 -0.957558616383707 0.504705716227059 0.39076915199352
0.596361886766567 -1.28628566549027 0 -0.362953939883473 0.141659673517471
0.634095771259636 -1.4673475798666 0 -0.559740118832672 -0.0360654937484284
0.734001140138306 -1.56326153253607 0 -0.555263315138586 -0.301184402696144
0.873028171772068 -1.77619276701286 0 -0.716563333063027 -0.596538081772064
1.00097991275319 -1.82876190651233 0 -0.634237046037546 -0.830268658467672
0.909642372514803 -1.79619024875725 0 -0.544743950191163 -0.983625570601471
0.619876370417945 -1.82225064153111 0 -0.344767618544623 -0.635031410149264
0.596027108067582 -1.53471026455403 0 0 -0.518081823198237
0.612357093547301 -1.01038873526587 0.136099386711572 0 -0.639915179892706
0.599851169826914 -0.540814577443231 0.0280842966815979 -0.364753455617705 -0.615003561521252
0.577293937623872 -0.25428255420088 -0.168868849140702 -0.216894098726341 -0.337296684166235
0.487075576360721 -0.083549669275483 -0.476142628898909 0.00282409931232749 -0.0679619164793057
0.365341482938956 0.0204470971539551 -0.774391062609628 0.214821098226494 0.208483843047638
0.189962574543201 0.124054941732313 -1.04608356278946 0.386549802839945 0.463270401589522
0.548879654082864 -1.54658675094956 0 -0.669458836108393 0.0554814998138437
0.649519201656188 -1.7745738609785 0 -0.919354953191967 -0.0007660272585907
0.845760602585693 -1.94827988423178 0 -0.998075528795309 -0.21942868228061
1.03584221499328 -2.09324032144366 0 -0.991683204212346 -0.455295278205682
1.09207948757903 -2.13505132406009 0 -0.85702305455623 -0.725966328986427
1.1650470651628 -2.154495049344 0.00593730331636637 -0.679474380814022 -0.850048854619527
1.081999673254 -2.09570337242352 0.133219041680716 -0.506792776615619 -0.709966070053744
0.74245501086479 -1.97784227403736 0.189122861878278 -0.265031053071601 -0.657928263269636
0.627647676191476 -1.4954273800587 0.0571214365002449 -0.259907932961425 -0.674731454968986
0.625989118014832 -1.12315646104357 -0.0669233344514586 -0.303779197574963 -0.691489514699387
0.618056983798064 -0.829840563542055 -0.300775274204043 -0.103870262651742 -0.433872141272754
0.566302015904055 -0.633937857546577 -0.558708120776862 0.112672042421743 -0.117108666555351
0.489967396023124 -0.510792133027139 -0.858015317302515 0.300987977715159 0.16360953398646
0.353186337886577 -0.382807552120655 -1.1193800579786 0.456764005220646 0.41916116768989
0.520916177055174 -1.87012076858861 0 -1.00081317792303 0.0135905658039102
0.718730247829337 -2.12424591901844 0 -1.29662572878498 0.0573379867874586
0.969655379277064 -2.34161337442082 0 -1.3667802941067 -0.128863964887377
1.08845549851241 -2.46642906442304 0 -1.23042040238354 -0.373604311741504
1.14114943170791 -2.52013123645942 -0.163324533619009 -1.07181197443641 -0.654957028268278
1.22031112093453 -2.46845601219802 -0.0974150038694683 -0.847721087920034 -0.715952034661639
1.20360102452355 -2.28495999889189 -0.0797796206512803 -0.441661365431631 -0.497966928588065
1.00279463236988 -2.15636627917369 -0.0111190391278576 -0.225729918364128 -0.493316530416885
0.687504206373046 -1.97379156073947 -0.109722654359569 -0.122374587041631 -0.626302772845264
0.645508120068874 -1.63126123255747 -0.300495415280101 -0.0902566011758167 -0.587293609636273
0.644805631505765 -1.3649080195665 -0.482318576613134 0.0914023292466098 -0.464414660682238
0.62614124847523 -1.16402742407742 -0.710242258151655 0.257414167253061 -0.221124202100116
0.599734059224932 -1.01594319085369 -0.962079111386721 0.442739626525205 0.0951712353620431
0.4845026893898 -0.868089149379459 -1.20432497426804 0.583734384410992 0.371561098485242
0.5064691505137 -2.34680480720554 0 -1.46476150206857 0.0451226358552454
0.741068321682648 -2.61713115987009 0 -1.6962635121492 0.0725380018311833
0.926207153750582 -2.79927115577044 0 -1.5343687944144 -0.163925959584597
0.928873504167452 -2.69871657851516 0 -1.05326862291544 -0.567664854157421
1.15410141303579 -2.87840972422687 -0.29659660027707 -1.19216222711014 -0.556683135352457
1.27895655513033 -2.76503722168335 -0.294032945619672 -0.893851332463829 -0.534891509689093
1.23472757272782 -2.44387130674686 -0.357695229804165 -0.37928190127607 -0.307886960943443
1.17773684424411 -2.35251203394124 0 -0.433456536696643 -0.553130834030691
0.856422588281462 -2.33317312128787 -0.311278495454407 0.036676468861211 -0.493407038534521
0.597214124369167 -2.08927402227693 -0.584548998775919 0.0869536841098979 -0.538632520069993
0.624950972465 -1.8465106810207 -0.764594262827283 0.271378263244028 -0.399822663948157
0.638421383392638 -1.64933040971055 -0.95737053581181 0.472210653396456 -0.211993432561181
0.648939185925676 -1.49338659644532 -1.12856984140162 0.626523856048156 0.0477868294925233
0.566486870390451 -1.33368827714326 -1.32191912972204 0.747760147817282 0.324341568023852
