"(Intercept)" "X1" "X2" "X3" "X4"
1.36003475357807 -3.77912343110441 0.804068163149795 0.173464395360728 1.43054079498977
1.15303420366092 -3.54931670735482 0.598976452577141 0.154299980545874 1.0725382030628
1.19176111709036 -3.10694949073721 0.44549264643971 0.222777258443604 0.748942542554017
1.23669035955169 -2.5955902356479 0.36375843735523 0.253503420742096 0.487667359866654
1.07890574436538 -2.27192788503132 0.263321603105059 0.159640433971315 0.364108620004675
0.343833600900596 -2.12635465822669 0.295064721491214 -0.215550465536539 0.284669789333465
-0.256328747273093 -1.81884846648517 0.495374225450583 -0.473989877774701 0.205655585052519
-1.10937727842281 -1.87446003587365 0.937021138980396 -0.661729627080968 0.461740489499537
-1.34344298211139 -1.93273334356024 1.1775477283194 -0.546112437504645 0.590064710406877
-1.47094287630052 -1.98304194515395 1.44872068801446 -0.272476248421046 0.746856098457827
-1.60843083290759 -1.97260094375684 1.70814322872783 0.00814632646851796 0.836637710457647
-1.78198432663593 -1.95546062036007 1.95492250448129 0.246395585716699 0.909865641485498
-1.98286294147099 -1.54973932197878 1.39064592408816 0 0
-2.66722473740948 -1.17989064404754 1.58129793065668 0 0
1.48447426128923 -3.39411386244205 0.682248373443877 0.220251343193335 1.31989309479317
1.2390198410406 -3.18040004858007 0.485758354042928 0.206818122831987 0.978875553513929
1.23006203077966 -2.74159760246368 0.31265574606504 0.275674559759912 0.625408279008201
1.12875603116021 -2.28434756651732 0.161063040998335 0.308131088587381 0.243218815941483
1.13136251644878 -1.78440609596046 0.0475017438653655 0.321722911541885 0.0456059634051999
0.880391630575424 -1.44552829424684 0.00526005423642998 0.253399461036776 -0.145788691654558
0.0929784785288663 -1.22273872972871 0.226570527733239 -0.074357221228802 -0.180918448493628
-0.585596242664746 -1.12332745541027 0.452291710318709 -0.18239996106509 -0.105527536727779
-0.954750169157464 -1.20846420250798 0.742358092970974 -0.130359692725423 0.00841330803045332
-1.11030884362008 -1.27137099899749 1.0443072474806 0.0378570960439117 0.203846511579826
-1.24837557189921 -1.28626944606233 1.29888178428644 0.26391643954236 0.321459444540197
-1.44678774044107 -1.28139710816013 1.53652954587187 0.470709548644082 0.51254105948133
-1.76261834026049 -1.07355144183152 1.20921567381909 0 0
-2.45045007758565 -0.789894982726737 1.34642128096702 0 0
1.60782831123978 -3.00943143156006 0.593653423315666 0.212167285211353 1.22170917906137
1.34188110568031 -2.78726748944795 0.395734636893284 0.244766296886767 0.898482775216934
1.37194950518675 -2.34541653074504 0.187928649545353 0.326380053362096 0.5560551945714
1.24349132361484 -1.88449258501953 -0.0462738112133396 0.413311925422072 0.112870407488188
1.14102491731878 -1.41391406651709 -0.209449695415685 0.471321571573571 -0.222874539821446
1.00144252569113 -1.02709136841573 -0.247698417391991 0.514017228745205 -0.452538160174409
0.569552237936888 -0.698897756542838 -0.123634686486464 0.445528988630925 -0.579557452309976
0.0103400151288916 -0.519533519446588 0.0172349728305496 0.313676945884599 -0.592852515815336
-0.462875328758506 -0.412697353671746 0.260496295024489 0.232795857539572 -0.562899478608858
-0.694897934556742 -0.60497787066545 0.635207409434042 0.326901116636128 -0.332359575774917
-0.878701860736973 -0.649321910478264 0.897047320476222 0.482744826379825 -0.13799757265084
-1.1304989385499 -0.62594752411948 1.08800844933243 0.57451918382786 0.17685335999569
-1.47589861485507 -0.57732154136534 1.33134718745283 0.667178113416835 0.393906686501793
-1.75167067839153 -0.794594930379145 1.59520102857773 0.811153924984791 0.703444603996067
1.69155941631868 -2.66452313288061 0.557408016136038 0.160788804792743 1.13050496497441
1.59792619556276 -2.30303915306778 0.325876774802403 0.251006512285488 0.819779758155523
1.50344403435176 -1.94066448869714 0.0815954919764734 0.369213209836982 0.488125076520338
1.54013105421081 -1.4877319804413 -0.175977642869917 0.530220492498536 0.112241329971208
1.36857792385154 -1.10076021483771 -0.408319764296927 0.689383283925823 -0.37441485278432
1.04116235459224 -0.612436267838037 -0.494952799780516 0.749583019482854 -0.681828011803154
0.856752530749275 -0.273575529035785 -0.478265198860935 0.872373691646298 -0.908817905853473
0.749209463191057 0.062773918018376 -0.448737580924153 0.611045234575913 -1.02287749676956
0.238996980505237 0.189030532892351 -0.263715596215495 0.592060249591005 -1.06428060265614
-0.324927083364868 0.0531144875701564 0.25709014217797 0.530429215905209 -0.805110712741119
-0.631259599312057 0.0580160013954241 0.56585529225478 0.592322573745236 -0.601553076379993
-0.921575873308513 0.104089254795044 0.690267501777111 0.653776998518089 -0.238084517389694
-1.2197218669008 -0.0329227359368062 0.998182000160305 0.854738507058354 0.172175535772946
-1.59627809284931 -0.422299027201556 1.34766462161057 0.932381610306349 0.72719932615007
1.74262163455265 -2.39343276583643 0.558625731668183 0.126882350683169 1.086468314968
1.65060451006534 -1.99195068432462 0.262288147886044 0.193116176011627 0.732384492216743
1.58501708526959 -1.56202819269384 -0.00467757557840449 0.343145272559079 0.388429188548268
1.55616379759163 -1.14386986764442 -0.251938991211633 0.551330203113846 0.0137698723687021
1.46139073830758 -0.856214120992883 -0.513825613095807 0.747728360167758 -0.417775442577437
1.11247737759097 -0.306360003162412 -0.662883861563474 0.782213977910918 -0.800179370142102
1.14880682003045 0.0915361705959923 -0.770618028646741 0.799309463562836 -1.06677268478312
1.1526378183593 0.31220101369297 -0.864151534759358 0.706584136332101 -1.26145655568258
0.89828035084246 0.580678390265104 -0.735367648523013 0.612981953500815 -1.40218282542057
0.19099623529386 0.736890748192419 -0.306197759268906 0.602161968774516 -1.22846380185783
-0.311236164015906 0.722497539772524 0.0868312522423066 0.698642785264318 -0.900294637598984
-0.55052123589882 0.551503967451973 0.415882511745849 0.871790605339959 -0.460380435905392
-0.983774401599396 0.141781046062459 0.840488351213958 0.753026282709238 0.218858720744191
-1.42021554305851 -0.235152949211098 1.17737196071031 0.762228136898623 1.05534140640713
1.75941360780953 -2.19810790187776 0.530734546724833 0.0527867210296884 1.04269438920129
1.61652831638034 -1.80046743487847 0.218267092737267 0.139327592480747 0.638414180337455
1.51776677252358 -1.38019171389427 -0.0789337661579269 0.27098689605459 0.222157140383677
1.40162947613265 -1.03056205430248 -0.290712087661475 0.393476709322933 -0.227195501360494
1.24479799369601 -0.72333838708921 -0.488744779361539 0.564937406462367 -0.666495719311193
0.693250747487562 -0.188785959190512 -0.378130764888114 0.437955488418643 -0.96017296691536
0.800513855346723 0.247882652523 -0.712889875359783 0.471188387887916 -1.35990621763388
0.888881229212198 0.53009593095127 -0.771860193232493 0.528642643751511 -1.37761686243565
0.704240086314773 0.831822346299677 -0.669364168643502 0.364546347416791 -1.17907042243367
0.690877426493308 1.03988530689697 -0.69308536542427 0.656202739115865 -1.36835251354823
0.38193125690145 1.02108398631129 -0.374821825233716 0.822432490795516 -1.10819647920281
-0.142361628796494 0.519614047160154 0 0 -0.368113961523682
-0.807768515724284 0.175911566891047 0.676019878009552 0.429523708175075 0.32763762731858
-1.37964626675333 -0.220096967745408 0.963681523600235 0.407155682047814 1.05464509698279
1.79750856861392 -1.95175178220811 0.490435548169963 0.00948727526837693 1.11096376292347
1.76593126770507 -1.65694409315578 0.335103049900943 0.118734448859698 0.771576575846499
1.64248574041156 -1.29375580413449 0.0708615935811314 0.15219452288172 0.318096735429056
1.22093559648543 -0.873700731041279 -0.200268097181222 0.173547857180626 -0.376562306400601
1.01278338854409 -0.5079082691201 -0.275654631281191 0.364603205256019 -0.939025569434983
0.49557910019847 -0.377439891655327 -0.262631168385365 0.257751159671213 -1.11635008404328
0.531940775587493 0.0555069699268756 0 0 -1.26659401494842
0.725709193982219 0.428760273337746 0 0 -1.38547655702715
0.77858131488003 0.736468415665308 0 0.0932919801985617 -1.20097241401181
0.69338492095826 0.829178976241919 -0.65894597863068 0.105811123771024 -1.0381630558734
0.409096894557375 0.858433826535423 -0.291680563563877 0 -0.744789445784084
0.0620908057461059 0.634312722362653 0 0 -0.315913130115629
-0.233780135957889 0 0 0 0.0808847206917803
-0.678830804555235 0 0 0 0
1.19579535918284 -1.19803702018502 0 0 0.774183223490996
1.63998954602993 -1.47389907530556 0.197602756073328 0.0141208047108007 0.579007754553981
1.18216606795101 -1.29294011888332 0.0282663843097204 0.0495789915102798 -0.0999858864492257
0.628216579946946 -1.09849354966027 -0.0726771232647253 0.131594278822061 -0.737067192666635
1.04538256579369 -0.772020010559042 -0.131504286060146 0.286753048570672 -1.14300638254184
1.09143909065809 -0.728500313027592 -0.192441130660096 0.331042495613222 -1.30899519342681
0.273356727636424 -0.59947101102166 -0.266594745987638 0 -1.07650031950736
0.696659718077833 -0.0442225159945037 -0.278335160904386 0 -1.21024896845073
0.765308012074888 0.146110658174414 -0.211000648790752 -0.017040385180493 -0.976871149282843
0.682775660583574 0.545045951567525 -0.255480705693165 -0.212429173379856 -0.734636326317656
0.697004416911061 0.807874886830067 -0.460847929603469 -0.278097755140743 -0.678822008636728
0.340796715571958 0.637748471500719 0 0 -0.311297681715322
0.06059585408242 0.475814576747797 0 0 -0.027176302942321
-0.30839539302873 0 0 0 0
0.999646087777607 -1.16468201352134 0 -0.215663933455396 0.780733842321666
0.875725739750392 -1.12274272993027 0 -0.201355521224746 0.220434645785241
0.790282795308118 -1.08182653698279 0 -0.0853138742471073 -0.283352947139356
0.753616594554435 -1.20819429303705 0.145949445019461 0.0426221635420886 -0.752308412351613
1.06923496499075 -1.17207515679614 0.0280075874204033 0.16219072945318 -1.14882800830038
1.14087674011791 -1.10646221330387 -0.18520575132713 0.219885874861195 -1.29375280080462
0.336169447172271 -1.20304771226443 0 0 -0.815082732234137
0.405169274217676 -0.677241590951992 0 0 -0.816433026987495
0.56391419537133 -0.269139161254215 -0.323921308121507 -0.128582073780226 -0.882997610173274
0.634075206098448 0.147865332685462 0 -0.320476526501718 -0.61284067522436
0.715140129793172 0.426328356611913 0 -0.243363267664719 -0.417796354735431
0.704511787044109 0.503446635381408 0 0 -0.191928927977304
0.588583630629241 0.484694244964121 0 0 -0.0118361847225182
0.354930019597186 0.515239677023737 0 -0.0278579957435166 0.338186717478486
0.456243590497453 -0.961892329780734 0 -0.191641491101396 0.514424883230583
0.554002514336744 -0.963968584502608 0.201826101181219 -0.0968725572678943 0.162813792782012
0.697198337137851 -1.1158832481095 0.281648351560401 -0.221235463290938 -0.31618810282443
0.884166059903408 -1.30102161315109 0.317652066084351 -0.219551671842631 -0.712084200067104
0.93346151631303 -1.44228730087494 0 -0.256981790479264 -1.0526293685708
1.09325265920898 -1.5176349680026 0 -0.199001046954445 -0.990712506210027
0.646133163527717 -1.59247535284952 0 0 -0.639830865014456
0.465665900265551 -1.23026027271083 0 0 -0.730786314597746
0.441111047134207 -0.637865984652728 -0.302657235896158 -0.0741562161091118 -0.739434908722615
0.702025339092826 -0.21685836994246 0 -0.232164768867197 -0.473950037939876
0.806699595790759 0.146943556664871 0 -0.349147827075969 -0.28769255280786
0.960448536120469 0.247368921554638 0 0 -0.0186060704041902
1.00436539002329 0.410924768829605 0 0 0.200822937951259
0.871935489298739 0.292626105307461 0 0 0.251683921936576
-0.168596415907468 -0.853822574324846 0 0 0.0583449627185282
0.310625152380413 -0.894083605854071 0.221153557186814 0 -0.0687119550525828
0.737939502757042 -1.05540754359997 0.167581849537012 -0.162652556066588 -0.45202625240098
1.03095638388851 -1.33877467063414 0.257798740614125 -0.212121735681136 -0.799665641351686
1.01225768538016 -1.80019207302833 0.200341747889141 0 -0.821853086204754
1.14123885223326 -1.689667330202 0 0 -0.845706781492581
1.12221198939039 -1.66047913838601 0 0 -0.819965542310236
0.690952297241266 -1.64875041214335 0 0 -0.553094922096525
0.632741043508589 -1.1267641913384 -0.244883150659097 -0.189351327425897 -0.76125674922263
0.77757321380727 -0.655371865025419 0 -0.21619387788416 -0.472183614156902
0.956050129143579 -0.299063720750488 0 0 -0.106362819700295
1.11463306467856 -0.0414952956349536 0 0 0.123743268491983
1.18862265062338 0.186487638211566 0 0 0.368824787609702
1.17026491075752 0.302568421577412 0 0 0.534158872273899
-0.223654802094912 -0.835130316730598 0 0 0.0225978121669063
0.565449666570621 -0.756201621915065 -0.110162721941569 0.0835051171099046 -0.189599278466976
0.851954486733534 -1.07188960244636 -0.00378443099892363 0.136459350069626 -0.553823122868596
1.10646845613485 -1.39197303721145 0.0699499739439963 -0.0468352701220636 -0.795176073600861
1.16615796579934 -1.82643123480467 0.0432248539556687 -0.144771890452771 -0.698325269501153
1.47145778833779 -1.84857364985154 0.0806658531370727 -0.0513069796420949 -0.540906640556503
1.27992943052674 -1.75274688448372 0.174938467316172 -0.100176912933764 -0.66995909986837
1.30636282960998 -1.46913946358147 0 -0.232687501690436 -0.844556532514243
0.619579907344124 -1.4870308826654 -0.294082962651835 -0.244853714148479 -0.63513899280314
1.03757853475765 -1.1593871856429 0 -0.150059451533136 -0.406031769384425
1.04956377028972 -0.747139766563396 0 -0.254026661492508 -0.200087153598801
1.20185330799007 -0.422207660749367 0 0 0.122629524372355
1.30428915568475 -0.113155299349162 0 0 0.447285433370028
1.31581432598601 0.144159063442461 0 0 0.721764605018215
0.460159834022246 -0.466147637114174 -0.314761771205644 0.218396281635698 0.156928951613917
0.7179121041505 -0.699700922402253 -0.304993127391722 0.325264674797255 -0.195038911180374
0.996980388448646 -0.97364232737454 -0.299914510919725 0.265325747171761 -0.477049604826091
0.962481715371092 -1.44275219696978 -0.28434213591413 0.166166609561851 -0.496270650624973
1.04760358262091 -1.66766541114319 -0.337838504324952 0.115156876489936 -0.401328359846312
1.16658947613588 -1.67068523254726 -0.319874645194801 0.20201640111243 -0.166988110468721
0.833453874233914 -1.78204881561519 -0.136759695830817 0.333525290946356 -0.152899869822265
1.10684786068684 -1.54719187821763 0 -0.0363088179736082 -0.4075715466347
1.20241990383153 -1.51073263640558 0 -0.210509229185951 -0.542952999589315
0.728941028670617 -1.40715243477228 -0.460201028154002 -0.27143154498919 -0.291629230087937
1.26556293008149 -1.27670631190753 0 0 -0.1902168776369
1.30431648416271 -0.878452840729323 0 -0.256762833177786 0.0487447285302476
1.39862234981617 -0.560595278691326 0 0 0.184665250361342
1.40694331232831 -0.232749062133804 0 0 0.613075617375729
0.593078862202758 -0.414167768573535 -0.481086437567379 0.468671739756732 0.141353401147936
0.88991292986233 -0.572377269495356 -0.629604874928248 0.474976121339509 -0.132462700180021
1.00680354371257 -0.935225410494242 -0.614003725876202 0.319738623628188 -0.230143882063437
0.497593826476133 -1.55464876127136 0 0 -0.20536440650401
0.792073141664854 -1.5415545450735 -0.565899459176693 0.382165374291568 -0.0093555485445328
0.754819298508064 -1.62070831433019 -0.595727392724562 0.462167870765904 0.291595396398711
0.621088191742904 -1.70117465999113 0 0.391949766348054 0.0960526741612076
0.674111921540314 -1.66984905284597 0 0.379337373919034 0.0905470819617392
0.912627448136145 -1.64484128327468 0 0.195792027875989 -0.0688792429144782
1.19129113811387 -1.5755044182741 0 -0.198457552433536 -0.292214731042131
1.27652735181746 -1.5495968180296 0 0 -0.19058383006145
1.49287976469823 -1.36896192520768 0 0 -0.0672425065887522
1.54294990918459 -0.950250397567929 0 0 0.0447522325764825
1.48623637301731 -0.599915008175091 0 0 0.318011620838298
