"(Intercept)" "X1" "X2" "X3" "X4"
0.465923999055642 -6.60263050195172 -1.76814725397078 1.53217811371923 1.29112172709454
0.61144371062363 -5.66920033006493 -1.30423452242968 1.10343189872902 1.13116337922585
0.73377355256354 -4.81552173482048 -0.932826373609886 0.635514732190041 1.04815087222866
1.08162441230795 -2.96473339324804 0 0 0.710478775615381
1.13355849416273 -2.58769068463232 0 0 0.484954291831867
1.25869939361356 -1.99504516765326 0 0.0526984530694163 0.15766260137446
1.0682235901765 -1.60721944606345 0 0 -0.301445845197358
0.384116995551046 -1.3989035476797 0.535861063131292 -0.248756446924356 0.355682526531042
0.130267875815818 -1.29783662762749 0.690564289743748 -0.244089778952448 0.453156302071419
-0.0998387287975239 -1.3235333384977 0.81377628240161 -0.178755891191284 0.397272759296728
-0.153670316527977 -1.41462040984282 0.877270966940499 0.0580820271313931 0.265962108544706
-0.283564874021169 -0.585481203614697 0 0 -0.564840691640284
-0.669369623821628 -0.632920814400178 0 0 -0.537635750500365
-1.00926114660641 -0.905507532348699 0 0 -0.486185092124329
0.501371938188731 -5.70109952151689 -1.45035551399369 1.41146075489438 0.936030887996857
0.56840191474359 -4.69609298306241 -0.961391211789048 0.998297049689294 0.690619512229737
0.418530927941963 -3.89414257744026 -0.562002381034247 0.506322542228262 0.473725729917226
0.648022374752283 -3.26540314955215 -0.285514575014036 0.206416962021388 0.466447182144792
1.0160292344115 -1.87366053035355 0 0 0.177769106016756
0.983057342773547 -1.31612417465375 0 0.14692462353477 -0.133749941543277
0.626793957474257 -0.862905318316068 0 0 -0.520796483904527
0.733732447232261 -0.593651876791403 0 0.131458961384767 -0.490915316537477
0.0901904179312087 -0.708413493017199 0.451676287312791 -0.0525171617837354 -0.0251486298770925
-0.0592603726757729 -0.826483356222403 0.571482545910378 0.106291331659132 -0.0231173825542974
-0.0116630257402889 -0.859055511545242 0.604051368975805 0.271774395999926 -0.190993518259107
-0.516604188029575 -0.783075605179626 0.4028579736883 0 -0.372672925506996
-0.675164326701231 -0.44168521365402 0 0 -0.563943389131926
-1.03802661392823 -0.697853537411337 0 0 -0.501167355771384
0.22705395404109 -4.84800514815353 -0.959488482304289 1.02430777171292 0.631569534781845
0.38007110282826 -3.95874621021812 -0.660465930834255 0.787304726712283 0.375256685011615
0.323411829714534 -2.95884101780135 -0.300733175803241 0.364727137654571 0.0713706539201414
0.468467891502324 -2.06519673561256 -0.0295344389931853 -0.0170236850736819 -0.180822065592279
0.934058581624523 -1.17444659639491 0 0 -0.208036846709516
0.705163947290268 -0.624329251407665 0 0 -0.393972834184698
0.651508314710685 -0.484930095534792 -0.070429576482082 0.400047722153202 -0.661990635496973
0.618191718135054 -0.113023757148876 0 0.462215579933496 -0.765476630260307
0.673318472688167 0.000161862813383325 0 0.428377886903707 -0.862643017266787
0.270372842383103 -0.317873039218319 0.25792746389277 0.540908630550283 -0.700922372048111
-0.143126136004949 -0.130588869325755 0.295295682834331 0 -0.584663660476352
-0.232869723126546 0.11865044090541 0 0 -0.72156043546469
-0.586937863486909 -0.0410473451020753 0 0 -0.608430186719902
-1.06156012160145 -0.520668363859052 0.144772351395231 0 -0.319621881475077
0.347683053810776 -4.01784832400429 -0.472766335072604 0.672784516171513 0.739893507266567
0.326249237815016 -3.13970086633173 -0.11885607131887 0.341783918716816 0.287310185737733
0.340331869902897 -2.28198784368906 -0.0325126218704765 0.00331513012534148 -0.0551329658186959
0.910120799580734 -1.15046416612222 0 0 0
0.861762724290066 -0.74281159921862 -0.211224423323871 0 -0.390871427023198
0.904992180780724 -0.529605142906335 -0.352889313373692 0.438129987596162 -0.886193982363576
1.10322016688093 -0.122771221881979 0 0.673275744982439 -0.921220550549757
1.18010130726404 0.148336729643419 0 0.775817886932228 -1.15829751914498
0.867963002431857 0.345241955797024 0 0.653609735334635 -1.24378607741232
0.599909000928195 0.366306119959872 0 0.537273417367635 -1.18666960166454
-0.0132579361652741 0.445940570125274 0.236979865735883 0 -0.891740520410194
-0.418707300300314 0.155402660457504 0.454687888081179 0.259082981123618 -0.892195605978686
-0.958632516410551 -0.265151788865332 0.141649390583108 -0.0462929701491857 -0.419164886188462
-0.864255568559474 -0.327913755347806 -0.192322069678614 0 -0.30095016209185
1.95249996634471 -2.37302990825643 0 0 1.06162240448971
1.65979454748091 -1.87807524029458 0 0 0.637347823781786
0.941638010002703 -1.65648450211311 -0.114152835652041 -0.368085309004092 0.168444100272756
0.777383919191701 -1.02903395076739 -0.278537005637424 0 -0.230783162959845
0.604620129093102 -0.530412032314379 -0.404612873002893 0.318615940619272 -0.788075361846477
0.813087308013269 -0.240149736509858 -0.493684400327771 0.549363152717584 -1.06636040402317
1.37568166999191 0.126471502275577 0 0.769637604670177 -1.15368349924958
1.42260782372356 0.328231606882257 -0.0704970812396263 0.716255317143202 -1.50405306488773
0.741795229207422 0.720777988236981 0 0.401400025465249 -1.34927192511637
0.485342913811266 0.89137688230017 0 0.565508393264241 -1.45758320084971
0.0507411548829011 0.752677597246585 0.403098079759453 0.573636828730429 -1.34276972574961
-0.181579473032815 0.605478504889049 0.238098970270009 0 -0.882007361849025
-0.503084860230995 0.241496207820364 -0.0812358862505582 0 -0.489294390253445
-1.19854897703612 -0.648452615057971 -1.08454664131894 0.0462674056681418 0.0721030391761912
2.20170482733599 -1.88309391885637 0.236185352476851 0 1.16460044321491
1.81808163027852 -1.66204427672229 0.0537227089516954 0 0.810394303792857
1.32396462235886 -1.23588888433716 -0.230826978329143 0 0.380575715710558
0.692993456565626 -0.903716262812491 -0.32427891190584 0 -0.186095098547198
0.399213473191218 -0.533027537574971 0 0.153763924870402 -0.955623928196273
0.526779723193328 -0.090811921274483 0 0.426323006156071 -1.5004737273947
0.729170434260506 0.131402900687497 0 0.425438491496415 -1.67075806463005
0.9696368509558 0.523303885138902 0 0.70085822742297 -1.69734370843912
0.969139048745572 0.90678139229152 0 0.720122951689093 -1.48385860558003
0.421132447723346 1.26802596386488 0 0.315135784516477 -1.29596082711674
0.678804464953492 1.09072147229237 0.0598550644612869 0.724715130743876 -1.82932431698079
0.152132702062741 1.06770339959148 0.193791189834282 0.0390529235945746 -1.07418854930142
-0.33070467439682 0.50591912795552 -0.069920467510588 0 -0.487385206872681
-0.347272508049247 -0.000467690818696385 -0.156248212612224 0 -0.36472817114155
2.15298583462698 -1.5106882563903 0.273344745070315 0 1.25765732919721
1.61308045674908 -1.35491232044598 0.119885201401967 0 0.854798266340161
1.28163807008862 -1.16158572470253 0 0 0.277887553483268
0.871277900912205 -0.899490670121567 0 0 -0.546650167584731
0.561888665941429 -0.558243127382183 0.206260208419582 0.190057210466241 -1.06297184021477
0.363701864827524 -0.205774309933225 0 0.375293148734298 -1.61697799514836
0.261525849985428 0.423666656116261 0.0118619053549884 0.57506290472005 -1.66948765224057
0.716144316571109 0.581859157072117 0 0.565572187320448 -1.88087718752256
1.08167372641337 0.900393961250922 0 0.758942448690706 -1.87188728184809
0.395425411857294 1.30727991535717 0 0.518447426186807 -1.13396865749594
0.0826516905251229 1.40805697877155 0.186073875766681 -0.075535911012978 -0.89715622644415
0.175221732112595 1.06267990185157 0 -0.0902865498021075 -0.713413578657643
-0.0449015058359643 0.479209833433687 0 0 -0.510707593153717
-0.322268948340034 -0.146008306833299 0 0 -0.237859269714904
1.85065182064713 -1.19747763121432 0 0 1.17504647292903
1.65539439004363 -1.32480928969236 0 0 0.725357730711145
1.152858234198 -1.12153806961947 0.257330487423662 0.227518201160214 0.183578466801028
0.776024838583941 -1.05882303249967 0.281439296899139 0.202240861270407 -0.434028570198774
0.433187158209781 -1.17786878679382 0.23717399785756 0 -0.983013558659275
-0.0170036827970236 -0.866958774779859 0 0 -0.714445681706805
0.930431414735529 0.0502618300749135 0.170301302747402 0.590103154501132 -1.44102627710339
0.10487460247107 0.0637024668366744 0 0 -1.20647433521395
0.831197491994005 0.786198560391558 0 0.462529119015613 -1.59826134672821
0.618003453261049 1.31467009684678 0 0.385474947028083 -1.33849229450178
0.145154160633884 1.43490003690839 0 -0.0824610379503297 -0.608804824564089
-0.165233506342141 1.10131983772124 0 -0.522465874143853 0
0.154885723807317 0.384251983952843 0 0 -0.470086432265719
0.0233881416938393 -0.241420149316158 0 -0.0434874333280381 -0.328948539810395
1.2278740270512 -1.0633090924791 0 0 1.01511302885903
1.2616344011756 -1.33673935626988 0.0324463772648031 -0.0726891229887868 0.638324068063116
0.651712077132668 -1.3730845651517 0.0790577553213539 -0.0715418352511347 -0.200176933974301
0.389745085181933 -1.67377025320734 0.288497637047516 0 -0.65141731268697
0.236840604005989 -1.77440521708984 0 0 -0.675920695201274
0.412259656761285 -1.49513598163864 0 0 -1.08706562067479
0.48488144223469 -0.898567141421733 0 0 -1.29757859983593
0.170741307348715 -0.609473086390673 0 0 -0.918539425079313
-0.0251907842083887 -0.196919447218964 0 0 0
0.0486514514270758 0.870758872463506 -0.36348472270182 -0.249807561353158 -0.610171310663019
0.205730211391756 1.13593632447123 -0.38356569365295 -0.234171134065632 -0.136540006303426
0.0496286530764211 0.89108151759024 -0.610746360355528 0 -0.416241027363798
0.28939896858292 0.165844702601516 -0.726382609380469 0.311997150707411 -0.347340749516634
0.690159508922594 -0.49275377962306 -0.7176659017341 0.706400368220943 -0.226379729646724
1.16221373960109 -1.1528512020254 0 -0.324422578485481 1.17159338541661
0.477623449559063 -0.996107422699376 0 0 0.0734524718330917
0.365505812716886 -1.24389097722914 0 0 -0.413668261193878
0.117095313911598 -1.83517109580191 0.176937099560815 0 -0.403173176481256
0.373338630397825 -2.13581953054721 0 0 -0.726275160197646
1.00273960050425 -1.99379660531587 0.203518101081815 0 -1.28396386450951
1.3144812827292 -1.54461357205339 0.303864970289673 0 -1.44670060109355
0.335503713637406 -1.25945969523048 0 0 -1.07502411882423
0.200276526827245 -0.804726623640028 0 0 0
0.452515294162759 0.0792714663090676 0 0 0
0.878675362407418 0.67137843587483 0 0 -0.54625207507475
0.374811900738492 0.530839521140723 -0.582335936939322 0.0982441034847679 -0.722873955620263
0.335680882159722 -0.0346433239722441 -0.92777443225669 0.259201702541136 -0.217450424530066
0.626426997904382 -0.530107499698703 -1.01117957940195 0.415021986586985 0.150122735331862
0.383988512049906 -0.783106493588723 0 0 0.89213076362463
0.303850975111159 -1.06120493997032 0 0 0.297340480488012
0.242346002253078 -1.53505141812045 0.219695261066884 0 0.0681801956142565
0.240609173138503 -1.96302925495157 0.13980224679481 0 -0.293045981878219
0.609856823171942 -2.27837876843168 0.0252506122241817 0 -0.585922131140828
1.11229577062018 -2.27144821424999 0.178326102530433 0 -1.09499786415726
1.12636437324526 -2.01518730875722 0.081951482706003 0 -1.02412064485049
0.664593224360093 -1.73896635065372 0 0 -0.924369765916254
0.578310362828944 -1.08214313954165 0 0 -0.753180486413536
0.779541292136951 -0.381968875047427 0 0 -0.426017371280066
1.03531913023312 -0.24128248406426 0 0.077974512366628 -0.760656510680768
-0.0351153466644978 -0.035743809832424 -1.1402179245641 0.0770949001934113 -0.594052238361315
0.24399442844557 -0.393278858506523 -1.2628204771975 0.232352146488605 -0.0191387837197927
0.599127864177904 -0.764761676121699 -0.813093685640106 0 0.126922068389518
0.234010928428346 -0.870314458211938 0 0 0.91816564155798
0.239346187004522 -1.20061779344681 0 0 0.49635860100248
0.246815200117073 -1.66121635359807 0.175697649483757 0 0.300491362126091
0.323610379802561 -2.06500879450531 0.0592981647248763 0 0.00597317809491242
0.577804049931917 -2.21708528080415 0.0605068113875636 0 -0.337010793319445
1.03247261968448 -2.38832541708909 -0.195941569721126 0.355464817687811 -0.0583212838877281
0.946381150516363 -2.59840266692289 -0.126868379166196 0.3343748326924 -0.254925382845244
0.794111298863026 -2.51799137742851 -0.325387773465965 0.157432299133596 -0.388232041883143
0.778465197399344 -1.66915460363307 0 0 -0.686641970669283
1.00878891136724 -1.15240918760585 0 0 0
0.685178577758508 -1.01437748136804 -0.723068153653481 0.0618354025794623 -0.302517947067922
0.390256485312591 -0.834064356970014 -1.04614465460632 0.163003064872475 -0.114126623023427
-0.103573655279925 -1.08087882314534 -1.79706258075296 0.230507573056615 0.247012061504501
0.23570098009215 -1.55822215813513 -2.03364766590768 0.276906676044579 0.652350349076902
0.273043508983199 -0.91977144160508 0.163027921761505 0 1.37917009528634
0.243763045544754 -1.32003703459081 0.134510752510256 0 0.95777439811377
0.246754832666075 -1.72695008545924 0.0339316317192818 0 0.645635160941273
0.384008058466729 -1.86451326414848 0 0 -0.013681007543608
0.534726991113201 -1.96456665719387 0 0 -0.0780139856430041
0.657272083534601 -2.31609928321576 -0.376669009240187 0.361612789898704 0.508032154168013
0.633260285176022 -2.55486355995839 -0.30256744515924 0.581602775843883 0.478083215810109
0.502956644188863 -2.8006935142717 -0.416963987853646 0.353994470920772 0.293620913997111
0.95145296428771 -2.11318645522444 0 0 -0.508732375755051
1.06191547035286 -1.74935697211041 0 0 -0.399566685477136
1.08338667229608 -1.3953489326921 -0.368859493730908 0 0
0.0284446572351104 -1.33508767869274 -1.29948765815623 0.429346292790613 0.128122453390129
0.703130735570846 -1.19340604038756 -0.645970264680587 0 0
0.338837661671342 -1.69569270876086 -1.57808948628932 0 0.572778660721239
-0.107851037217662 -1.0571064025769 0 0 0.743453510762219
0.0693965316893319 -1.37515641424064 0.108746994752395 0 0.947432221387829
0.213226835268938 -1.68430938327418 -0.0654566648314545 0 0.820125202522857
0.329001988294199 -1.75362856717592 0 0 0.148038572023238
0.34255420068246 -1.86472707150321 0 0 0.113031393285825
0.580257410553535 -1.79771896734697 0 0 0.035058784923233
0.14987418548626 -2.56908266148759 -0.573524736634379 0.681721500031417 1.1309755813512
0.337310616633451 -2.70489044704148 -0.696338202368827 0.80156338785799 1.11380154700272
1.08267059537087 -2.25767784226331 0 0 -0.361721672341516
1.01248890353832 -2.53342537898382 -0.840204196930547 0.18847500606403 0.514103878255439
1.1559520533483 -2.03340136059138 -0.553218769988231 0 0
0.861379312047905 -1.85352498185167 -0.811719840015235 0 0
0.914299837634995 -1.63040610103252 -0.635797866072715 0 0
0.729134126133361 -1.9864918684709 -1.11606517988438 0 0.316943195792114
