"(Intercept)" "X1" "X2" "X3" "X4"
0.796747301880869 -3.07299709985971 0 0 0
0.811770786820861 -3.19050387641327 0 0 0.689699703101001
0.83904495518736 -2.93929099408658 0 0 0.78907017859356
0.790883745751439 -2.65675638187799 0 0 0.697412156544403
0.769555032862604 -2.34037236618966 0 0 0.417737382709643
0.690197586929049 -2.08998846033845 0 0 0.102999548622207
0.561509296436022 -1.70791601087748 0.38143043494584 -0.106957715756049 0.284090181832937
0.0636138770336811 -1.78624385534981 0.631042717491418 0.0538776250258873 0.60815747186788
-0.432678611540045 -1.6705128876272 0.660389227473921 0 0.174003116973077
-0.917143870179577 -1.63434283165473 0.962733233140544 0 0.197406109812708
-1.22626000661283 -1.6424553291627 1.29255070242139 0 0.0658244334332583
-1.39464167238433 -1.65324674814114 1.59401984683716 0 -0.160687177650164
-1.75917440549116 -1.71833848091814 1.6640623548702 0 0
-1.98859055112683 -1.95139663259151 2.05521378920275 0 0
0.807632484173178 -2.92093523995606 0 0 0
0.83404268425661 -2.69378469261681 0 0 0.356818932341462
0.838683005314436 -2.42936908383677 0 0 0.466966286754058
0.764412246352212 -2.11333727221576 0 0 0.421350535688328
0.718395499413358 -1.72691648714813 0 0 0.243324213254374
0.695338746233937 -1.43201284960293 0.185095118405283 0.18697572534766 -0.0680676362844243
0.508200246534803 -1.01378160873285 0.14613246857265 0.116309062821988 -0.0977812010233786
0.152722187418088 -0.860950573929107 0.274948086188454 0.108764554619887 -0.045313947748713
-0.260923039983395 -1.01833728095279 0.497209905426127 0.262724712740441 0.212505742532356
-0.668253607861179 -0.955930302597903 0.609232213929195 0 -0.0387390069934974
-0.885582609044435 -0.975558263425512 0.930169822581423 0 -0.207204750640806
-1.30614553913281 -0.928711585620765 1.03001870109325 0 0
-1.53407454635051 -1.22151739529615 1.36859187536485 0 0
-1.74342708488072 -1.46902141905364 1.70837516310933 0 0
0.917185982307912 -2.67698357322299 0 0 0
0.875564823681409 -2.28476844953747 0 0 0
0.894957768308896 -1.79035182200108 0 0 0
0.740239487563509 -1.56625396275409 0 0 0.0484277702205063
0.593933672192376 -1.14554920293161 0 0 -0.104941295152213
0.503141843470623 -0.701593562978474 0 0 -0.348062669154697
0.421765825948889 -0.468866290418517 -0.0433994930385639 0.362367314369669 -0.476512623790881
0.442153602000322 -0.102712084681483 0 0.247778439187995 -0.647693977983108
-0.150621629245996 -0.166049040020178 0.117698130096659 0.339473041375972 -0.498357785746484
-0.24475974718539 -0.4286768015945 0.284773532775512 0.439279016628786 -0.368354205914291
-0.550377265767446 -0.315088074281535 0.582067583817894 0 -0.38944877445898
-1.05985920854546 -0.47852314276514 0.798731383264792 0 0
-1.3253366116847 -0.736007338839342 1.01574596645681 0 0
-1.52396912845269 -1.01504355067841 1.20249288982474 0 0
1.24091241684856 -2.36527294166111 0 0 0.47827604608264
1.02065468011135 -1.96074107163523 0 0 0
0.877702223773505 -1.59349232938866 0 0 0
0.90038693807236 -1.09111033550678 0 0 0
0.718905490348212 -0.800416125409689 -0.245337615108722 0.257242891698872 -0.495394807063199
0.60875599555973 -0.422326554046601 -0.282527456470931 0.408034974165548 -0.622192778419787
0.565252482919539 -0.0687359632925989 -0.250482275907373 0.636527143921376 -0.758927515284001
0.447676567781826 0.188861710229173 -0.22369472761666 0.570735393294913 -0.876198757215783
0.184392556281669 0.436537085290713 -0.190599295160357 0.43474465383918 -0.902996320339298
0.00315468704564944 0.391312592919667 0.058592829141043 0.443291141242186 -0.84295844855542
-0.413839644942672 0.325669328566356 0.342842805893721 0 -0.436739168771857
-0.94987695178172 0.0605190698561135 0.54710434176196 0 0
-1.20046717286636 -0.245680895118259 0.601188134520922 0 0
-1.4395872174992 -0.723095140979395 0.542769496386587 0 0
1.56790529913596 -1.91690208116867 0 0 0.652180971877003
1.20320516028682 -1.71733157778682 0 0 0.29727898052236
1.0878466100308 -1.27389990138827 0 0 0
0.795359865416787 -0.849322171163958 -0.173428278428963 0.134709822038203 -0.461707690657613
0.517533272040902 -0.491154186068057 -0.342765738420929 0.315476116203528 -0.739295308685123
0.464115302635863 -0.0731817109305569 -0.43892494345748 0.476796387723613 -0.830041831511679
0.660118571032813 0.17815578850917 -0.431829061786614 0.608830439656935 -0.93072572877458
0.777564037672592 0.37248220749642 0 0.416613371877899 -0.72003218850366
0.53131273487479 0.737142214719508 -0.341109745774691 0.377835689474882 -0.92550805994724
0.0856257760739043 0.932827132434531 0 0 -0.588900642566646
-0.184734305095813 0.951848879092162 0.144362665445794 0 -0.530298082776507
-0.789949138017282 0.566717839174406 0.319643451426769 0 0
-1.01664392599055 0.169218779592144 0.290360742169992 0 0
-1.36374636535728 -0.638360293446624 0.266408388324274 0 0
1.74015257784097 -1.53540545529417 0 0 0.708129444469171
1.37943970857918 -1.51067898998848 0.00848542660199323 0 0.361634817005665
1.0253472808572 -1.22068296918654 -0.154398176272255 0 -0.00544765559095461
0.817384686977087 -0.812752319548949 -0.315068270441111 0.165623556809707 -0.473874916136429
0.284290965592991 -0.461025767441985 -0.295589958951283 0.282383428798959 -0.915607316552415
0.113559463998403 -0.101937210377589 0 0.157256489103572 -0.976975918622994
0.197535788293562 0.259949314990476 0 0 -0.915223394992498
0.462543829599671 0.595892965580035 -0.265184871424051 0.431265976937014 -1.09007155475189
0.431892883136068 0.89929377354523 -0.223780443978888 0.324847234024883 -0.894751889705812
0.0751054774561624 1.03873178497574 0 0 -0.685879776232818
-0.0810287661768091 1.15960668065777 0 0 -0.575722890550323
-0.290168850559766 1.06256053899485 -0.0291304432138152 0 -0.382620256215964
-0.821755310223286 0.369718724536335 0.132411491301659 0 0
-1.32860432990652 -0.659647790489276 0.10290066437689 0 0
1.59922395115076 -1.36521639439642 0 0 0.745695218887329
1.2786320180491 -1.28382112224028 0 0 0.475691062463047
0.968112849549525 -1.17669475590199 0 0 0.113416135915867
0.612864320191822 -1.00254209557669 0 0 -0.368557573369869
0.377016332380126 -0.758474804207435 0 0.0896720829055532 -0.855967372715902
0.019038237464647 -0.400745050316625 0 0 -0.881398536508954
0.13510832854203 0.10261946249134 0 0 -0.834261277741749
0.247917867680611 0.515852192422798 0 0 -1.10724518793877
0.285162933526755 0.7988577060329 0 0 -0.757867850246717
0.125528699584798 1.00435393037195 0 0 -0.664654209841773
-0.0235209151081998 1.07875432894098 0 0 -0.476786253003931
-0.146659991329224 0.894043057414278 0 0 -0.257652250275219
-0.431497707111999 0.724144701674326 0 0 0
-0.778543111505972 0.0691144592522832 0 0 0
1.39568734036788 -1.34696129297528 0 0 0.923672762695355
1.11845105855922 -1.32535826868756 0 0 0.489794319658144
0.762112961837374 -1.31887408314468 0 0 -0.0497767542203951
0.420846084743788 -1.29007438607741 0 0 -0.545123119121265
0.288975424991521 -1.17206275251309 0 0 -0.822173512819078
0.159488803261765 -0.901782214282576 0 0 -0.404730663810824
0.403024809255966 -0.384244234456516 0.0975256936438456 0 -0.923957795351931
0.270332717268684 0.0696762686879225 0 0 -1.01902239815537
0.22545417119629 0.501778561131589 0 0 -0.93615911770244
0.1434257392812 0.838736014898281 0 0 -0.688269833416931
0.0224888162498641 0.887943037299619 0 0 -0.396573461513853
-0.271138282469739 0.583400192017743 0 0 0
-0.353991755077686 0.573556766105608 0 0 0
-0.467285526771969 0.319817800084209 0 0 0
0.902501054998257 -1.19186590889125 0 0 0.695433658315479
0.597343781456866 -1.21457348372494 0 0 0.226095931271599
0.32902882053681 -1.41956875944 0 0 -0.255720082865976
0.24741040730742 -1.64314501909985 0 0 -0.611985601723121
0.30630937518187 -1.62420625419884 0 0 -0.841961315946713
0.520263866712157 -1.39119614742301 0.0906816613877185 0 -0.824116668368261
0.383261507349113 -0.965767086409151 0 0 -0.803803664481379
0.273191080435962 -0.501207049221518 0 0 -0.766020725777566
0.207959853497099 0.0398223765863674 0 0 -0.524475503386186
0.379166267279001 0.511267833793957 0 0 -0.46646275088524
0.00873124415862855 0.606834579066184 0 0 0
-0.16570949167259 0.555664617239759 0 0 0
-0.193740712517693 0.427285341268997 0 0 0
-0.00131105240742127 0.0144487818075783 -0.596592027331211 0 -0.0263682283695886
0.286905593954874 -0.995382594090122 0 0 0.306947581240601
0.261336848892897 -1.12886049099544 0 0 0.0688588773225043
0.239356522995226 -1.43700902758832 0 0 -0.183805493353107
0.219151740068192 -1.78204117969364 0 0 -0.449258202281631
0.413072153022355 -1.94435748636804 0 0 -0.760014114592603
0.547200138619456 -1.84998456479475 0 0 -0.771028872401098
0.542080932370438 -1.49275825474369 0 0 -0.889801409213403
0.430936215000428 -1.04247285767538 0 0 -0.653419731842877
0.378908223998092 -0.504145147224117 0 0 -0.518232189581206
0.600210806720028 0.0499782076337813 0 0 -0.354949884909354
0.534038481240379 0.356572881952815 0 0 0
0.372807095487468 0.356527232873293 0 0 0
0.212990354918274 0.181872431780937 -0.555032894831111 0 -0.126818704574269
0.245477742140517 -0.239628021065221 -0.739400535548289 0 -0.0282746914444822
0.204353381597412 -0.886631242307762 0 0 0.299999262520741
0.276597567904138 -1.15205599137847 0 0 0.133663236214004
0.297864363664634 -1.54163160823998 0 0 -0.063664536175237
0.312366521227143 -1.94470719513161 0 0 -0.271707156161746
0.544683263428021 -2.07158642506005 0 0 -0.515657525474716
0.894682280836259 -2.13071210068569 0.248938168769924 0 -0.750959143487017
0.880892423357866 -1.90346382935282 0.241730768989034 0 -0.788228233545837
0.723728184421272 -1.54620999907426 0.182501681119168 0 -0.624916599565202
0.571024182515948 -0.995972302137846 0 0 -0.51412452234166
0.756431407216728 -0.501712357349974 0 0 -0.403428558288469
0.798980046294021 -0.275405283836607 0 0 0
0.690877142005746 -0.158761107732472 0 0 0
0.597745323215252 -0.182413427100027 0 0 0
0.591006309933263 -0.486246898934809 -0.666388275260194 0 -0.110075933212622
0.313768708318632 -0.868310042358498 0 0 0.388273855216088
0.235581875958774 -1.25151515023059 0 0 0.119635587680081
0.197673202277523 -1.55851837106131 0.3351270977594 0.360947617195774 -0.0284841277153554
0.416843641022571 -1.99603403479583 0 0 0
0.678749801566805 -2.15491487928889 0.231372375215732 0 -0.368249114055997
0.94619156895919 -2.1430767712421 0.108885438639524 0.173188497348591 -0.282288402976983
1.00272026275825 -2.11400634327216 0.156487897965314 0.0892710837293926 -0.442836456189531
0.768726109894324 -1.86247444144707 0.078643522123473 -0.107543044556351 -0.625812969722925
0.795480460930218 -1.47521794343905 0 0 -0.436357704874219
0.96329985564453 -1.0267459669644 0 0 0
1.0719633462609 -0.83803761145776 0 0 0
1.0601649708453 -0.702179560969929 0 0 0
0.724532689965893 -0.768620595046107 -0.687302292597809 0 -0.0476648642132041
0.672082949047612 -0.922152126835873 -1.01492560002356 0 0.00239364796253645
-0.0394720953304834 -1.07211410829884 0 0 0
0.148827710230578 -1.38173815363602 0 0 0
0.341787307981245 -1.68286378715687 0 0 0
0.553190527282922 -1.88580787743553 0 0 0
0.675325362693684 -2.04284591768549 0.24616517303727 0 -0.222745311362304
0.794122333085124 -1.98784120907238 -0.150283561399139 0.421836829537483 0.0982122369795521
0.80642303396282 -2.09108350114097 -0.160916512562323 0.424456228627491 0.100196102820099
0.822505468128953 -2.01187913996153 -0.169336895211947 0.207744286452588 -0.176037720744494
1.12625057552867 -1.79295358614053 0 0 0
1.20694013784223 -1.46617890401961 0 0 0
1.32713198383522 -1.27787898776221 0 0 0
1.33851322216777 -1.11914660567786 0 0 0
1.27548401854559 -0.990348848787178 0 0 0
0.888856318792581 -1.33736405024554 -0.955623185940347 0 -0.0428096225628658
0.0250337078924573 -1.18235990124579 0 0 0
0.242824914758471 -1.3996481812698 0 0 0
0.444682006544741 -1.59463147998173 0 0 0
0.643361648448104 -1.74669639918268 0 0 0
0.494071405838644 -1.69280047632095 -0.0637976979185137 0.498938994153956 0.0927142561128157
0.598725565170334 -1.7381285257909 -0.351527205596649 0.590416877999643 0.40058048175195
0.451156518073183 -2.03319973889462 -0.516949939791894 0.733657701643835 0.540165002899712
0.617829470078941 -2.00884493116866 -0.565995556974034 0.643134934654414 0.264764189543651
1.29857343751923 -2.01683725562361 0 0 0
1.1647273002408 -1.90076782931301 -0.36242912894574 0 0
1.50040815723016 -1.52258652619509 0 0 0
1.5678622090564 -1.43666358547144 0 0 0
1.54852519884706 -1.32655210896052 0 0 0
1.41066472730376 -1.15063166296061 0 0 0
