"(Intercept)" "X1" "X2" "X3" "X4"
0.734952294708506 -4.49041808136705 0 0 1.01805567641308
0.859346778450788 -4.00474527307842 0 0 0.859111903215407
1.19370329566134 -3.6446880450778 0 0.191128319441994 0.900427286589199
1.18023574075492 -2.87368725719919 0 0 0.677123105821875
1.15577373017529 -2.2912136196429 0 0 0.368465012263736
1.21406314428046 -1.78315507612797 0 0 0.151039156247885
1.29075381621126 -1.22946517616001 0 0.128225431519035 0.0028587564128127
0.200815793698279 -1.22924788695049 0.502290320672922 -0.471594503536081 0.30445842056551
0.123110463907907 -1.24176383848345 0.53719702751964 -0.355691699925197 0.268403048753192
0.826269416893788 -1.06956917207482 0 0.344440526045773 -0.20796959466149
0.450193983970224 -1.0223142212656 0 0.332135975177258 -0.316658823753348
-0.288837632634399 -0.827169913569129 0 0 -0.515394107361734
-0.589821605984803 -0.892100674570588 0 0 -0.496618830763883
-0.964478720201086 -1.24183793811298 0 0 -0.390820422529549
0.802267423430844 -4.07908099837433 0 0 0.786243883276781
0.498381034326757 -4.2555306600567 -0.590422996244048 0.570913552899034 0.74938047295147
0.965851130950897 -3.39774315099264 -0.359639450470557 0.43788940747088 0.594460244607359
1.15952336157937 -2.31918155937092 0 0 0.456269382851102
1.12277561912993 -1.74429920669384 0 0 0.183353367365759
1.0168655499028 -1.17148159545406 0 0 -0.167855432864713
0.99159897082299 -0.828378191280976 0 0.210907662538636 -0.334251666627683
0.845134950827733 -0.568972953436558 0 0.157777865221178 -0.456966281735253
0.748858347922635 -0.577977439810286 0 0.276472153696967 -0.478997720307108
0.728383132688305 -0.568200483509554 0 0.430979229314607 -0.455620578834698
0.280944149181019 -0.47427244609826 0 0.246705274176343 -0.542190439398149
-0.286419473653525 -0.408349280234412 0 0 -0.567645959387755
-0.625093479056013 -0.557812252551081 0 0 -0.517336222059196
-1.12209697101459 -1.2372545242776 0 0 0
1.17952667225729 -3.4845139241688 0 0 0.783793413909829
1.03428353011686 -2.97626857741366 0 0 0.587402763380586
1.0686289362704 -2.3692986486603 0 0 0.426281209235264
1.17780191811813 -1.77363678543206 0 0 0.213431956048711
1.08415535448509 -1.14590675890451 0 0 -0.0542024751530783
0.968462757114879 -0.685450487399726 0 0.200304559041258 -0.467591125527952
0.946386503104037 -0.410698618470996 0 0.407113723325514 -0.64441880324277
0.956384506181397 -0.188825627243671 0 0.485418474680026 -0.822912001422163
0.711717801999207 -0.0931203012706947 0 0.461797594289606 -0.85340263662058
0.651238900473326 -0.15752568188232 0 0.551684672280762 -0.753352906508721
0.0488366772747334 0.0742332988770648 0 0 -0.696158495584671
-0.261725296043708 -0.015561734316833 0 0 -0.629532066942814
-0.688989571127575 -0.389400240991547 0.328205733043159 0 -0.488178433005371
-1.0084959756912 -0.480809045984049 0 0 -0.395398940729098
1.74369602905407 -2.72891829592846 0 0 1.05261476178094
1.38565842311106 -2.40388530690265 0 0 0.710023713985468
1.28527955227063 -1.86041028907146 0 0 0.442273537020528
1.13110321001954 -1.28311959596697 0 0 0.0687474735201333
1.04759063365212 -0.839479690967293 -0.365095073129505 0.242306947425965 -0.407415139064081
0.976748040449424 -0.529485725433586 -0.325005418965487 0.415513073306305 -0.786569738655059
1.18139508124727 -0.134456108182985 0 0.613226362665364 -0.847642392076671
1.13467171704367 0.0989257787597167 0 0.615799152489325 -1.12876481810745
0.848056389756966 0.264083905118934 0 0.581185009246818 -1.17700144432713
0.566149948030528 0.272983931598234 0 0.567192971557145 -1.08015945310975
0.0788557199165293 0.500289018161565 0 0 -0.876351194085879
-0.181328447311603 0.41210986799555 0 0 -0.761456480919908
-0.585137813289861 0.0658840367508073 0.190466923495335 0 -0.496623253954855
-0.83973403406873 -0.205672954834524 -0.0292017792557579 0 -0.22844974053842
2.3486240010027 -1.891131665705 0 0 1.23812620580752
1.8037606661701 -1.73768374967857 0 0 0.786205127357507
1.47757577009109 -1.43207364352679 -0.0412220578510276 0 0.387210796822664
1.0358095237667 -0.961020007487307 -0.112400066349756 0 -0.110278769657131
0.89494081289464 -0.634439639237099 -0.375835600246412 0.36827903159378 -0.632701690394009
0.929409009222534 -0.295196475563816 -0.461406331276007 0.579881131213085 -1.03973557743664
1.18888778486398 0.0714959985161029 0 0.557148155737703 -1.08846719224225
1.18978962983374 0.352350999907639 0 0.621478238067434 -1.3306187100184
0.816571243803985 0.627469039742794 0 0.469453606467157 -1.34378448644122
0.501224966381579 0.777257842117514 0 0.518481775104096 -1.37119764187012
0.360565887020037 0.795877334790957 0 0.458385526527364 -1.29797029888047
-0.293595624018893 0.618359177510381 0.289407234884744 0.0881813412968056 -0.824840012575077
-0.478152384188462 0.322291252607971 0.0361868164850614 0 -0.497765680718826
-0.762591143859357 -0.23475124841885 -0.0851287962375414 0 -0.231372071479288
2.41094203757385 -1.85027889441643 0.29619721699975 0 1.51222858505834
1.883895710004 -1.59724286389408 0.0717791370653816 0 0.880210457786822
1.34837363203744 -1.27669932177057 -0.15411900898623 0 0.340210721607074
1.04427571028584 -0.921798714640895 0 0 -0.197654600863387
0.749115517973969 -0.586144844583037 0 0.115838517594254 -0.932716227622117
0.67943258612935 -0.29357603203835 0 0.311382676435304 -1.51952393770134
0.84442016797567 0.13400714835345 0 0.357108715289783 -1.6830907382
1.00864743265535 0.491803793820951 0 0.56234409885115 -1.74529799488931
0.833149038790704 0.828932873763509 0 0.491924200757026 -1.46679233236953
0.562915944215695 1.10712111982394 0 0.475646318444345 -1.49628852802166
0.344070127297196 1.11500287232434 0 0.496563850924098 -1.38917655582172
-0.0236498467162548 0.860121370015545 0.0376254181604019 0.166039308739653 -0.905397032707565
-0.344447515135391 0.349203485222104 0 0 -0.471870713471708
-0.482384950118921 -0.16962242966795 0 0 -0.373291069845798
2.31747701714499 -1.37960632259207 0 0 1.43714355350352
1.8131825682893 -1.3295014636857 0 0 0.858910100868882
1.42950015442763 -1.23375930974664 0 0 0.161719056034064
1.05861905187111 -1.00872463198642 0 0 -0.510975280780744
0.793048090949235 -0.620828784618732 0 0.196756663766091 -1.07942625529978
0.251929070956008 -0.322069263334536 0 0.240191884924315 -1.50393867872275
0.0352683219512577 0.0346912144753854 0 0 -1.36407147452193
0.620990650912133 0.50630479680673 0 0.39652441314205 -1.87423230965594
0.90527530477304 0.861213850611108 0 0.538498487727391 -1.88151224542321
0.660839353719676 1.21267376465889 0 0.369093275663182 -1.47222244161196
0.377261522968428 1.32859470479467 0 0.109268697952708 -1.1232021471637
0.251796350694574 1.02953864208969 0 0.102603735031442 -0.91299138894098
-0.193078289917617 0.325813007375244 0 0 -0.414317480902049
-0.36536903326103 -0.248975736779069 0 0 -0.240387554937593
1.91967271372307 -1.21322168097896 0 0 1.41752428788619
1.59355485787951 -1.27695163604003 0 0 0.661263796024832
1.33416028997111 -1.35195972080543 0 0 -0.0227297681631326
0.783901970488259 -1.05159992126916 0.188674178294158 0.274003523013553 -0.368562665014613
0.498198387062458 -1.14308927239351 0.268617137873105 0 -0.957770837855948
0.0789822645254703 -0.868025203962664 0 0 -0.944302080735757
0.617798812320418 -0.243902741213559 0.260495987213057 0.30000814165774 -1.29903110130403
0.328306980634293 0.102599230373297 0 0 -1.50692914237189
0.460959695622514 0.571664152132014 0 0 -1.45280420163599
0.311617476219902 0.953548722360458 -0.171676236979316 -0.100189028903712 -1.28463657744307
0.0558485076580392 1.08018119908463 0 -0.202210303487969 -0.646759885151921
-0.0454729319755056 0.896752137495322 -0.112173041228287 -0.551140890362418 -0.624834687597359
0.27533787646977 0.455015451698361 -0.240309588328407 0 -0.494356463772849
-0.0989646496108688 -0.195513186672113 0 -0.151682694546869 -0.309685644786365
1.99657857471389 -1.49292985398001 0 -0.481814005268058 1.58078669801575
1.45004858921556 -1.38935163007166 0 -0.335988331769413 0.585049941119246
0.736754679753549 -1.27491711636339 0 -0.0737074952967819 -0.298499721997865
0.3360732393302 -1.55791145229744 0.295265654625037 0 -0.565637611484935
0.522931208536983 -1.67932280272967 0.241207024118222 0 -0.795809548111831
0.39914634121923 -1.41816718956399 0 0 -0.977401809543682
0.358715977496529 -0.921179473318058 0 0 -1.07022518059677
0.255029756542593 -0.516780898260423 0 0 -0.870335999178576
0.0132460753990949 -0.101780301011472 0 0 0
0.387844125142883 0.544243337012912 0 0 -0.552897575391198
0.233292046482726 0.821131512574497 -0.356504975433754 -0.354690581843004 -0.436730045196761
-0.0555303746871344 0.535926810520755 0 0 0
0.204983904880856 0.0755160566009316 -0.614524424387092 0.0573946841619017 -0.400854413436662
0.471728446331041 -0.338998592863901 -0.721447242551351 0.276035237579309 -0.200908287350924
1.66012325834406 -1.3823577029308 0 -0.466262991456616 1.47178098328364
0.59694467800026 -1.10309049575228 0 0 0.206565394466204
0.17751912925235 -1.35504100189292 0.256396734462088 0 -0.213667030824925
0.16187259025077 -1.78818329277595 0.136807321810427 0 -0.395186891774013
0.62828145586185 -1.91494961713673 0.113847184294064 0 -0.725388758930252
0.990696029656693 -1.93245723010161 0.154928479946148 0 -1.10667365152962
0.93688220734389 -1.51303120421593 0.15562078873521 0 -1.29223172736829
0.382067278293089 -1.08715189810812 0 0 -0.919293466334082
0.168416547071966 -0.778158811638271 0 0 0
0.54407184895184 -0.0652042117492678 0 0 0
0.787941825522142 0.472371698632952 -0.228369865428256 0 -0.32295664540665
0.339987474371031 0.316130900565183 -0.478438878158332 0 -0.382777127923688
0.235309522536552 0.0310110957265078 -0.960585407976705 0.0395848702949778 -0.162080758634589
0.582265727489985 -0.416483464512488 -0.710594549521422 0 -0.0521767857509912
0.657234399464662 -0.929699715953654 0 0 0.974796834818307
0.252885864823533 -1.14347546157617 0.166736240486776 0 0.490081415976484
0.17306927923013 -1.52472627931473 0.112461523580955 0 0.0795708712046769
0.239890919643002 -1.95182502672251 0.0639757205018607 0 -0.184066613611369
0.718228751267477 -2.08879546883025 -0.0267476286884856 0 -0.505313533815595
1.25986365079057 -2.10583611596618 0.0531690988280244 0 -0.839134359404703
1.0907600294053 -2.04864398869819 0.0870421206791155 0 -0.9489212010834
0.858892916548017 -1.6350300508499 -0.0654871377529095 0 -0.843128821011178
0.497758185381994 -1.14657354391665 0 0 -0.632978333114506
0.932532533104259 -0.504621818632743 -0.305519681548413 0 -0.399350904632847
0.911954874184998 -0.276080562971755 0 0 0
0.589292243704878 -0.18875172665172 -0.795815703862385 0.096123299290585 -0.210646813186507
0.327923741454561 -0.413834097387672 -1.2029557481799 0.290561673701218 0.0601851719753835
0.518305501981833 -0.846662772630309 -1.29034776781967 0.372122274888284 0.35659367632706
0.338680463825673 -0.946971235276444 0 0 0.928600072689234
0.11933064286745 -1.22156181009638 0 0 0.289418333541358
0.194080039189506 -1.66299384671352 0.084440696068729 0 0.324208414523983
0.37193919368407 -1.99355027384552 -0.00403663749187454 0 0.064019693681204
0.796066772498051 -2.12047732769406 -0.149851029381268 0 -0.168269974999894
1.20732044882588 -2.10265030739506 -0.100677684117392 0 -0.380588438078694
0.998681037649081 -2.52389419856207 -0.1146774800279 0.34395801778281 -0.25717274154153
0.746561503271085 -2.26477027367124 -0.338800316178145 0.064199781557184 -0.409543557325383
0.758213661446273 -1.60619326061634 0 0 -0.615299819995158
0.727440244091416 -1.17425213301169 -0.481872889697821 -0.0399119914947627 -0.303297455623395
1.04261913867404 -0.950534676939937 -0.222593343137039 0 0
0.628256164961739 -0.946699730986496 -0.971457810520927 0.16246870557813 0.0366638797329718
0.751465204596151 -0.912692739607684 -0.711721437571825 0 0.0866952234396121
0.918547062760359 -1.03105142618301 -0.532956844659405 0 0
0.114341052951395 -1.04537134048093 0 0 0.83983241695462
0.0992464970663475 -1.32064996174402 0 0 0.380308662332785
0.222155107296638 -1.60013889258735 0 0 0.102956398919164
0.44344015294586 -1.79799076090628 0 0 -0.0495225184670784
0.667556108804613 -2.09644185868846 -0.235057633485058 0 0.180171816040341
0.885091692177665 -2.22696846300426 -0.437129696739225 0.204662893404041 0.450451965530411
0.730547465000789 -2.66618976432216 -0.451148832059115 0.467764546008674 0.708453081215067
1.03853773671323 -2.30029411861488 0 0 -0.344463110173674
0.952542575970104 -1.98489471478822 0 0 -0.432505862541371
0.789177211295734 -1.73068475101126 -0.3923098205448 0 -0.308855850164285
1.21683130539186 -1.54572372723122 -0.316890938476201 0 0
1.18728454073267 -1.55639002915921 -0.543622310463499 0 0
0.78444089069378 -1.58909339430567 -1.03795801947482 0 0.187902893478958
1.20420618711942 -1.51952975321371 -0.5888305987344 0 0
-0.00372326648408381 -1.15119546838303 0 0 0.775184777876192
0.0518340757220899 -1.42016681435234 0 0 0.502723022672018
0.173585100439163 -1.58538514136094 0 0 0.0583796883056152
0.24225786656529 -1.91074927167988 -0.0293014336531789 0 0.376570350428831
0.650981611894058 -1.70450129327389 0 0 0.0634550197517713
0.645529736708275 -1.96005116592076 -0.196030463115138 0 0.462168442071251
0.744309698427226 -2.23829945765931 -0.182280001096026 0 0.487524095783129
0.559875053705907 -2.59201495437062 -0.810715357379098 0.587627852328028 0.959767583112709
0.314744770215253 -2.44675295208053 -1.02752232142744 0.418997370358435 0.353986720548378
0.391268627304339 -2.27006926300869 -0.95416331753607 0 -0.0199945785431501
1.33523119524198 -2.0096200174238 -0.351743895877333 0 0
1.27933483336829 -2.14439898450153 -0.671459280573155 0 0
1.41432388186238 -2.10761345160187 -0.677454118544695 0 0
1.46609473573465 -2.08040688927699 -0.683353692305111 0 0
