"(Intercept)" "X1" "X2" "X3" "X4"
0.923348817807949 -2.94622474911114 0 0.269944619735634 0.861787238275083
0.872468478280242 -2.58962053987609 0 0.255998664869251 0.621970077720118
0.837588264252011 -2.25046787956139 0 0.248926331324988 0.408380999945678
0.828742916552233 -1.94843792118337 0 0.271777447251372 0.246337912576386
0.355585767716638 -1.59379392486241 0.382304699496013 -0.44598803810282 0.141819683151391
0.222884550559499 -1.25566190026094 0.404287463668851 -0.561905284280629 0.0455550042288125
-0.193977155776406 -1.36128217950112 0.553347172564995 -0.424570890312912 0.281656070373616
-0.634031064793887 -1.54745089167543 0.776828786249574 -0.139414169735808 0.433730186582825
-0.839801191953736 -1.55793286986532 1.05728860409857 0.189415452751476 0.582777404919201
-1.10199840374218 -1.48844276535089 1.71424852865868 0.762235872334326 1.05520337675721
-1.0555162140417 -1.53183417251229 2.13286111597096 1.27654694795722 1.16550307221478
-1.04244439597057 -1.59001835776702 2.60550902010618 1.57164338936196 1.27457077626257
-1.2979763556709 -1.5797954184457 2.97227456159014 1.69690340438978 1.38172060620816
-1.57799786433853 -1.65297247469171 3.26654522685908 1.84141370315192 1.53000088835968
0.900062814573142 -2.85466368684941 0 0.310556855809699 0.821742395072518
0.882657242539778 -2.43933636795995 0 0.282586870622845 0.556370235304732
0.888162676452932 -2.02829557147018 0 0.269664379154892 0.343919244858599
0.914928626757379 -1.6033131279675 0 0.296389312507702 0.136622621313695
0.344495570020687 -1.27759336891479 0.177794771046884 -0.266770530572126 -0.1533711694516
0.17576435998676 -0.922231455241764 0.212371545544392 -0.362172155800233 -0.256891098552295
-0.045309504865436 -0.593070614655901 0.271238690579107 -0.490868497658956 -0.447707794423078
-0.240909581963778 -0.660989860409815 0.369619607175115 -0.0175517140907051 -0.297271891021631
-0.736097549941042 -0.77418659825809 0.652101523599925 0.152653705750248 -0.0368815037806651
-0.66424065993085 -0.921387785977262 1.07904351033798 0.693308181635899 0.433223837816582
-0.544970337911346 -1.05438505036576 1.51779112416541 1.1504407157568 0.640013540901578
-0.748178576945945 -0.99358695975644 1.9519020458207 1.31903357842148 0.854146061412888
-1.03743853984642 -1.05717436428465 2.25404882389887 1.43016675325633 1.05650546750336
-1.30732477026595 -1.21943727429131 2.42410121608948 1.5149552928409 1.27936719103474
0.813852888240754 -2.80242469764409 0 0.316311406362131 0.732630418367255
0.870726008389264 -2.3427667305662 0 0.339853451210677 0.487276377722156
0.896863105534756 -1.85630178669683 0 0.299790547501777 0.223753457523928
0.985107857340791 -1.36476055826275 0 0.332594339147755 0.0127203379054158
0.387259419507146 -1.01975298363045 -0.0505943968768859 -0.0387907762743751 -0.415835989068736
0.0518490514164301 -0.619959205992132 0.00883063904632322 -0.211914604845797 -0.621292408465927
0.0275359898628207 -0.243138817139588 0.0408263658229335 -0.0807157652791189 -0.801242962444195
0.204177494061236 0.134692568686573 -0.0633670065930274 0.0753709970721011 -1.09575012047322
-0.358372205337935 0.143171229298141 0.226708863575108 0.256899996241843 -0.773789795787324
-0.200544328080404 -0.362465830433264 0.499778430090367 0.744543273922488 -0.282681328701923
-0.270221578419211 -0.398992411421022 0.899071558237747 0.83025818581329 0.0460300100054378
-0.637843360151389 -0.381920100275276 1.27128234662925 0.954310367274463 0.352009422279117
-0.856943057141842 -0.536637329331614 1.47697295911895 1.02988512959744 0.670098798220957
-1.04339805764119 -0.834420568851311 1.54385244010125 1.05978659293298 0.921320644988045
0.69721989168601 -2.85189703479758 0 0 0.549015463341018
0.670812964460968 -2.27170082853799 0 0 0.233088340416222
0.865453095218125 -1.76129881280687 0 0.358930892213431 0.101294786090475
0.91364366964314 -1.25725484309768 0 0.365478257370111 -0.158535578005201
0.62295126911233 -0.853626645879436 -0.233375560256949 0.295041586728852 -0.573415191262278
0.296663055892601 -0.3531988416637 -0.25663241911941 0.256903383453268 -0.845234918447065
0.329350898252153 0.0980696115412684 -0.266998847522929 0.516221120893923 -1.13881801939136
0.456470546265729 0.422759362466868 -0.264176657360157 0.525746460975004 -1.2660689005995
0.31522186225301 0.770078869239953 -0.220825895179562 0.362755418675772 -1.23687508691481
0.342947331818262 0.804087254180954 0 0.353701591686349 -1.09552788651118
-0.101275979012026 0.366312227475856 0.355090988850288 0.626037502496092 -0.596080892204844
-0.498503447422156 0.231418972279564 0.644022799332584 0.612438559808751 -0.107020817854873
-0.798270940927972 -0.0546469922249822 0.711913952771731 0.495070678513896 0.274583372453058
-0.909084799398598 -0.584474954794681 0.604269333594308 0.478200528734277 0.351555647842658
0.693450094964147 -2.73369598689014 0 0 0.370309956922937
0.69074868410587 -2.26797980954584 0 0 0.177809502632058
0.717299893711388 -1.71404031253798 0 0.251690169657787 -0.0715151653918517
0.739107947520725 -1.20245745971858 0 0.298232203605241 -0.341409150156581
0.792889590336566 -0.72501976091857 -0.35736449611543 0.523265256159359 -0.639416723248919
0.420871076127407 -0.0968258757243952 -0.499156200273777 0.601583032134397 -1.11725441173488
0.43578201968589 0.375969370117277 -0.451979394033867 0.827394945592556 -1.23656324429684
0.681211886660993 0.633800482570943 -0.349462998893037 0.795851759167006 -1.21644381872724
0.650114640196162 0.940512370001426 -0.345015869853407 0.544595770508925 -1.16255498736183
0.328839539730477 1.36907010350608 -0.205769955128068 0.390768522750374 -1.2405852259894
0.265169375488357 1.45224709618963 -0.226852852319171 0.417342301772077 -1.12785690237753
-0.0862024297422048 1.10736381630085 -0.00904882255211425 0.356547087758183 -0.58365119851505
-0.989883741661715 0.179776060968641 0.141287070162707 0 0
-1.2982860323875 -0.568255297553654 0.0426555360048806 0 0
0.927271129934322 -2.50359970130683 0 0.14832158897012 0.579728003802092
0.904279651652155 -2.05503178535089 0 0.229339597713746 0.190884372799279
0.927391894265116 -1.5995272526537 0 0.292030408685446 -0.171988912684154
0.834333519460689 -1.25163028375056 0 0.325431014116485 -0.575197079807018
0.559498748681031 -0.770940542159476 0 0.311697384744104 -0.97464186779982
0.297657605586321 -0.219671524242748 0 0.240712345083914 -1.2965074498822
0.425831610518076 0.287317487091199 0 0.373993731792695 -1.40082448187133
0.573446878025111 0.782935649933892 0 0.460345439476777 -1.20966272223319
0.591259373661138 1.16528446864964 -0.303987454539498 0.570102894113092 -0.968938403465194
0.317528614782698 1.5668275678262 0 0.310853121316541 -1.00586319053705
0.269554475710054 1.5923985536214 -0.26626112750223 0 -0.871667515588229
0.257676813502638 1.55340821901393 -0.32623252175842 0.281471437116004 -0.711319237877343
0.0721751868318895 1.23132213025647 -0.53341299739213 0.219284509676748 -0.422313193515778
-0.842154074479109 -0.0692985141809332 -0.592083196025176 0 0
1.05030482294366 -2.12392532333847 0 0 0.501475964079041
0.946927130071294 -1.93396836590619 0 0.198436483933515 0.198178147884371
1.03597413692262 -1.4944154083362 0 0.156678241960545 -0.257423316852519
0.861154769067173 -1.23822208730837 0 0.278565798719874 -0.720473775932546
0.60114418611927 -0.879728079023962 0 0.331393629988101 -1.19513596973887
0.224246091852122 -0.240290230341518 0 0.188881665586271 -1.42351494781753
0.501503135206841 0.648910163938433 0.0803532469351902 0.673820967095496 -1.47590878169577
0.52675828551345 1.01646624942339 0.204642031539559 0.668057686967932 -1.30969219230889
0.347127676505523 1.31999676743725 0 0.346946538020958 -1.20664347314239
0.329051569259183 1.58193868546847 -0.18099123155099 0.18118198185664 -0.730687368038444
0.24498387117738 1.66206146099976 -0.346095985636948 0.123585800557623 -0.611235952188358
0.184641335466511 1.55748690735778 -0.414604041181805 0 -0.447402767189067
0.0940333949733441 1.22364049106906 -0.561944600016714 0.364377027041883 -0.390117066523413
-0.05659009458296 0.758099190050085 -0.821524212019296 0.53521457379748 -0.176388878258985
1.18307768859649 -1.4091828113728 0 0 0.555415141755379
1.04139887050063 -1.47725404118106 0 0 0.249002902412836
0.711613042727972 -1.65201082676922 0 0 -0.279748711414485
0.669520151713159 -1.50179481167002 0 0.233799169204141 -0.769148645764902
0.680379284948395 -1.13593982591512 0 0.133581345637038 -1.2828763829599
0.77964806541688 -0.715673320494556 0.212521300088199 0.12190556203773 -1.27631304280137
1.12519453529867 0.140974472074325 0.234098982354209 0.618940697040815 -1.19527549177617
1.0026930357885 0.598995932382117 0.366551146566526 0.749449066266091 -1.09576445832219
-0.0405467633453422 0.837329781407008 0 0 -0.777235265631168
-0.00508755159659531 1.22936490059816 -0.0880780084959971 0 -0.493900364035029
-0.0871495988194523 1.38026691616115 -0.292970257809912 0.0936075619317297 -0.255908720982038
-0.0994859605610256 1.13173861283956 -0.572220686848305 0 -0.295337854261402
-0.109915889704135 0.770664152596558 -0.720070911408056 0 -0.261818768804911
-0.0510976330976814 0.324456181887903 -0.961455054119842 0.661052361853097 -0.211338282051083
1.03285350649539 -1.4544049667342 0 0 0.447814014496585
0.997065236665407 -1.32380384791061 0.47665759163045 0.198393480573803 0.538942944007664
0.709854497814082 -1.55206670372693 0 0 -0.138916086798793
0.531059848680868 -1.63747288792149 0 0.191431380558347 -0.641455421677368
0.773083853840712 -1.64725886546207 0 -0.243588877618671 -1.10195221141717
0.746980495484724 -1.19624519268997 0 -0.132754346691884 -0.931443194550639
0.62506208321806 -0.683797105990873 0 0.148400021218312 -0.957944105102804
0.257196935074122 -0.315274798124826 0 0 -0.751794269704529
0.109580952166716 0.200481372839893 0 0 -0.658691611010434
0.282187689215379 0.713624456279325 0.0439042152059281 0 -0.477342351294593
0.156598941006114 0.904532659068143 -0.283644236174004 0 -0.323206129517413
-0.357852699679624 0.77923129047907 -0.61838683462801 0 0
-0.11213909478138 -0.0321256503451905 -0.872933668146544 0.42600920031995 -0.375602399496528
-0.160493598348628 -0.571479489405889 -1.12073243599417 0.578618573658473 -0.425049508160428
0.888071080322959 -1.56675399286477 0 0 0.368119896595752
0.778638616943079 -1.58929234808593 0 0 0.159202405418616
0.661048918846096 -1.59166595593397 0.382375165710057 0.146406567474325 0.0573640949339355
0.423797740838735 -1.73590598862198 0 0 -0.550634221181328
0.813466934843675 -1.91221490296725 0 -0.0960503853016155 -0.884749944247753
0.966339747473499 -1.76646891719431 0 -0.313470507302292 -0.890058198687438
0.800762328722339 -1.31303914367598 0 -0.0936148529336045 -0.865761212827258
0.464297126009253 -0.966562819497647 0 0 -0.870308786331174
0.39733343556735 -0.43859514606764 0 0 -0.737428383834228
0.534125754608491 0.196464502732188 0.0805893175664485 0 -0.513188878825351
0.577150999586924 0.364170850804834 -0.32450545044476 0.269556522674594 -0.29772062372297
0.198094833964446 0.137644668735429 -0.723672119921146 0.389839644348959 -0.304311122401148
0.0328509728510713 -0.440533608872948 -1.0425034437007 0.685047046640842 -0.381864532918607
-0.0393993217746529 -1.03241000469888 -1.2896354642104 0.835450412902953 -0.454106568059827
0.840387976912636 -1.64621814857747 0 0 0.380781974414953
0.751306739577226 -1.72449133706157 0 0 0.176898613611333
0.648952110204388 -1.80096843300639 0 0 -0.089408381781322
0.574241156267841 -1.92621334487683 0 0 -0.440896287008762
0.855545583697338 -2.11510123458217 0 -0.225770386983436 -0.638555062726422
1.12193925148444 -2.19119779783624 0.0940855194704667 -0.186153888755636 -0.764198355995454
1.40560281369845 -1.91513588014053 0.0594245676477181 -0.163925742284987 -0.602351200998547
1.12657807535201 -1.44541989248077 0.101048925795714 -0.0176484367207133 -0.832522973877141
0.796771664154465 -1.0397498073737 0.139511476936816 0 -0.82367526043646
0.703809993853777 -0.394524986615241 -0.0454387023113715 0 -0.633091055038319
0.530410778798073 -0.138670793021608 -0.370675446110415 0.168074914885819 -0.414908449341547
0.442137787436036 -0.46225786894171 -0.749286957394775 0.524548243314663 -0.287428330001535
0.240913789742136 -0.7954438422575 -1.08320817537979 0.923737108337134 -0.225709095735703
0.192969692571911 -1.36884247164256 -1.46911134670839 1.41357438450527 -0.273325405815713
0.90579364964748 -1.76672470638469 0 0 0.477953975974984
0.801829840968159 -1.85446764410355 0 0 0.212785835673935
0.760624800957458 -1.94548928426556 0 0 -0.0183340005436612
0.751038849606238 -2.07502932662856 0 0 -0.249164187667149
0.792645105511378 -2.11422661397799 0 0 -0.421382023345302
0.779518643599708 -2.1221117938681 0 0 -0.606066868232415
1.38393667268891 -2.35153254897162 -0.0192798227755811 -0.0956410553959861 -0.376218991345188
1.33406929974186 -2.01500490499811 -0.0334814385922 -0.179717756456402 -0.609295939210126
1.01680418669626 -1.56441993855394 -0.093325704011585 0 -0.739093091999518
0.772514575089154 -1.13456740573007 -0.184771987880871 0 -0.679676891739399
0.386282209878427 -0.78526417162291 -0.460883133950715 -0.000611732259609693 -0.53926678784708
0.431995040206139 -0.986559229801835 -0.783028853579667 0.461284101070226 -0.2795568919799
0.456307419139574 -1.38051918021846 -1.11146266589675 0.980505866169596 -0.227359385863715
0.305666775776409 -1.86172406495603 -1.55526396632882 1.4698903814907 -0.275828086187453
0.924687115341543 -1.89017921114966 0 0 0.492522689273573
0.874841734151915 -1.97476023558241 0 0 0.281828801276078
0.897289011173004 -2.13772690600338 0 0 0.11623375097794
0.727026226036681 -2.36386492220861 0.281028511006335 0 -0.0450980223875802
0.768107627846285 -2.37553349079556 0.233902024105632 0 -0.150140193645173
0.950654752145745 -2.11621144542871 0 0 -0.282668921028752
0.993094815585849 -2.26427941617628 -0.00314276955738951 0 -0.252917838998986
1.55031083442311 -2.53072326551678 -0.222302719863164 -0.17861466720085 -0.443699146693469
1.23819264433895 -2.09762839825139 -0.285029644135333 -0.0745816716696494 -0.6288905652498
0.907135252018691 -1.74632802913584 -0.514027968972907 0 -0.443417484398166
0.579914775833394 -1.4510753578065 -0.619845304974419 0 -0.266231238122688
0.16027622418677 -1.35226661872693 -0.89125876782845 0.096801690290657 -0.194693234686802
0.521920700137175 -1.68625762552144 -1.12820799268501 0.816209704963755 -0.0209361154710841
0.384719446845074 -2.37168085251276 -1.56306231315698 1.43179984850542 -0.312905857289209
0.93418422202965 -1.97916640946093 0 0 0.486027313310489
0.958018931004986 -2.14803044486569 0 0 0.387882162494608
0.985843865299588 -2.23081123510918 0 0 0.228698110358913
0.720033650594116 -2.50662716353273 0.228399590246378 0 0.20182054472128
0.769854582181687 -2.43877204055372 0.0833263225830016 0 0.192693617861833
0.873601623034581 -2.28101941792589 -0.0792248936660884 0 0.223934038732799
0.982266494963617 -2.12956326075545 -0.212993254214688 0 0.127207866880597
1.37655462632649 -2.46302638713522 -0.538363650031154 0.169361145491243 0.193174990466075
1.45136983995746 -2.68642472918701 -0.477066738978808 0.0251407425846346 -0.505737242587006
1.09499319680406 -2.31608493451535 -0.76203852802376 0.133224888011 -0.215226861613469
0.70119677955749 -2.05016192599992 -0.927557825612155 0 -0.0202542810347479
0.331514358096367 -1.83429953606532 -1.13446422313492 0 0.21170756708722
0.472305311889662 -1.82421244583285 -1.28622339127949 0.490296917832686 0.468125963957271
0.307923021739059 -2.05494435956965 -1.53400257644007 0.882529280282884 0.39078119298095
