"(Intercept)" "X1" "X2" "X3" "X4"
2.20513579240178 -3.11096587205619 0 0.961001281901081 0.595561429122104
1.04090505377824 -2.84747509241937 0.0610825754596993 0.786126589928207 0.466110985418779
0.659698835606905 -2.29575102709338 0.366935039291575 0.245546422813612 0.785589638350016
1.08283895763826 -2.31771985190116 0.108903776097285 0 1.01263146349999
1.00573411227152 -2.25376038952937 0 0 0.831482128317775
0.321688597467253 -2.32070944772292 0.670396724596005 -0.138134025815707 -0.120423014798071
0.436162831932986 -1.99576231252392 0.512104785970685 -0.292223739135387 0.165232478996063
-0.223919127591139 -2.3870377611109 0.727831344780216 -0.0160542820867624 0.839080969707095
-0.467671589353424 -2.37729961168176 1.00342802590402 0.200839248824973 1.00561195965588
-0.398021145949177 -1.80526776690692 0.496295376288502 0 0
-0.654645231376975 -1.96197722325349 0.625995132567943 0 0
-1.00105460635546 -2.13202137106138 0.952764964545124 0 -0.0957825333348555
-1.39294328094505 -2.48020536049707 0.937943483230033 0 0
-1.86771251835163 -2.88593533431733 1.18039817788453 0 0
2.51153061274107 -2.75775083720031 0 0.941385856121456 0.387801404124764
1.00546244640569 -2.72991752871135 -0.329169351268962 0.665008369014992 0.0459083826128143
0.186753133212411 -1.8847438744351 0.0457509267012018 -0.0574494658137338 0.241392648025394
0.487385004937214 -1.58284334132801 0.0737103338761262 -0.246211138557817 0.780916748155777
0.741353289384047 -1.66633918232621 0.301607230371136 0 0.53997012274951
0.731883720285778 -1.54697246647531 0.51161722144396 0.17481848812874 0
0.369688266549759 -1.32942173847237 0.235471698100855 0.0486992468403279 -0.0287926959220438
0.103533619677999 -1.30215820581843 0.295450056660063 0.120591317417783 -0.0556562378140917
-0.484545174033428 -1.83949900540944 0.756964211650728 0.831228074332161 0.710912816569267
-0.511248970319422 -1.08967431057956 0.344231398855579 0 0
-0.617502435868715 -1.59549956080748 0.92956352815955 0.472302269646973 0.419372343047543
-0.959552749467368 -1.34464029309797 0.717742929598905 0 -0.131681864628913
-1.35978655528358 -1.75526759487867 0.687853637160942 0 0
-1.8411468720106 -2.27829891724629 0.748034794183445 0 0
2.75026443834294 -2.76969852739233 -0.591933875110501 1.08613081020646 0.0877895967426589
1.33110122846659 -2.24001573568699 0 0.263094080757254 0.0777650073458822
0.0601008029718247 -1.93157607222762 -0.55068588641031 -0.371051318133658 0.171298848242464
-0.044218085053482 -1.16266536160843 -0.211378017118598 -0.592205295088407 0.317169641717936
0.736121082292229 -1.03641325122181 0.0113800347166641 0 0.207809916272438
0.631173287421898 -0.736735303599667 0.102238359411327 0 -0.0400529744233346
0.43378815545949 -0.742321063997422 -0.0618264382180841 0.402801903795253 -0.298949567518277
0.183673936346152 -0.506943566010434 0.0503404652024085 0.484557555244348 -0.418498947231072
-0.459179015396091 -0.581598430945058 0.314426213797879 0.937582846153282 0.0187898650211574
-0.262634659667031 -0.519472833025208 0.121775025421712 0.518274126122573 0.067256258677448
-0.613872207152119 -0.418455640234221 0.346799482296125 0 -0.0987627827712234
-1.06810542327542 -0.537111792252578 0.469811399174752 0 0
-1.41758540583281 -0.894624661854221 0.377083813148296 0 0
-1.85549580421612 -1.65266657646793 0.3176136252134 0 0
2.63964798709854 -1.90571563566885 -0.341988545602831 0.28645296953028 0.331018798609129
1.34943462609234 -1.86137107022384 -0.0345743178650141 0.0393946921004286 -0.0807707093595962
0.468398808912464 -1.51390266353992 0 -0.318554540746746 -0.0978779822480517
-0.162099202591906 -1.064554163116 -0.440886665965322 -0.75342081492099 -0.0316804669459666
0.573596335304959 -0.526425889060654 -0.174797091448131 0 -0.271861161744561
0.541109195234578 -0.180978250498034 0 0 -0.187179816931133
0.561015418512445 -0.0925951673495493 -0.320455241773169 0.58220236689308 -0.46178853704478
0.30691393929996 0.0667217755372376 -0.193919847296028 0.872359449868095 -0.655084663514883
-0.313468703506524 0.433235593870699 0.00721154673763413 1.18054864928162 -0.332020514977737
-0.247817720484973 0.631710376438787 0 0.524224652888235 0
-0.549578092437482 0.381575844433209 0.122124209855059 0 -0.246300694639655
-0.982301868140903 0.215470499648861 0.289277588264524 0 0
-1.311413010644 -0.28050297962231 0.221861984254475 0 0
-1.57349770334091 -0.959435861314431 0.064299528138893 0 0
3.06811206203858 -1.21259072108102 -0.211043612803272 -0.943980347074062 -0.0434951038769604
1.99768249867185 -0.971826842080174 0 -0.449450507327254 -0.196138764886141
0.634170718357999 -1.09565247946762 0 -0.442630056877616 -0.502372740861411
0.141828287239311 -0.804990974414939 -0.294083794493537 -0.601584217932165 -0.425252617481974
0.0428448712028604 -0.457185324842772 -0.29284931502153 -0.124454834755898 -0.785936466680636
0.383163711152285 -0.127334059012227 -0.437407866385358 0.0444102224456409 -0.327128836186674
0.776018589874246 0.221569982979157 -0.516073885960841 0 -0.018938709985791
0.880943272663471 0.455387045781278 -0.592791390710976 0.364515340887737 -0.20567115385513
0.355395768541738 0.763380806192952 0 0 0
-0.132927866094619 1.50290705555127 -0.247193620780425 0.822041498343216 -0.632545622780009
-0.372612864648331 1.01503521698598 0 0.224384549935355 0
-0.800350801118614 0.872036024082882 0.0783582117990666 0 0
-0.0454050445337725 0.685434165815942 -0.457007388344766 0.685413084142841 -0.178860868253095
-1.22742125831177 -0.296395643861171 -0.17658226693371 0 0
1.48943791457588 -1.96647673517029 0 -0.537049572731006 0.365447285039511
0.986385827749398 -1.56312577676003 -0.109836816860779 -0.898138702709873 -0.389271422460279
0.582960736888836 -1.10021755856624 0 -0.857666169565988 -0.42447399954605
0.331984483766428 -0.753051886826845 0 -0.642447247433341 -0.540064472425718
0.0984645533018746 -0.44409046496969 -0.328951289810912 -0.178982759861418 -0.778219084994077
-0.0265756416499194 -0.159520341760163 -0.314774952625404 0.0328730586974662 -0.655355726216508
0.387727082117766 0.322991076343788 0 0 0
0.370861870460447 0.622053875603901 0 0 -0.36383599514909
0.323329309653129 1.01011666660212 0 0 0
0.0778551546363671 1.17680525794855 0 0 0
0.278844436702468 1.36773398940317 -0.52764299624664 0.792637068849189 -0.529603190576638
0.3098929221683 1.52345032986389 -0.574467366558641 1.20869771335292 -0.47233172051976
-0.697752816353901 0.685412429443409 -0.249991810786972 0.26748762168749 0
-1.53280957024543 -0.386616983617559 -0.102300549192827 0 0
1.54288472139271 -1.5832900120113 0 -0.399152426964811 0.671480817263423
1.07176205364698 -1.49008600982155 0 -0.601000706221708 0.223318369679374
0.736090964711202 -1.18962192602379 0 -0.759421382960142 -0.141319375054916
0.404929411653124 -0.847116359006565 -0.4233898901487 -0.614159511833801 -0.547777505998131
0.502052805536397 -0.68535867588504 0 -0.240741802731487 -0.463514882250403
0.267533165724341 -0.515352438123942 -0.361615550028125 0.107157736544833 -0.706138740736747
0.245331250931193 -0.0372129765461474 0 0.0312123499043579 -0.638939540199861
0.566833769469495 0.218040532778981 -0.152594453152546 0.605300549974289 -0.746153414782153
0.276349197050997 0.972173560669504 0 0 0
0.112452373051198 1.21554045085976 0 0 0
-0.045006372786291 1.14172424370688 0 0 0
-0.435709838940836 0.872013635253797 0 0 0
0.0268994812234198 1.03502289647158 -0.672427625337781 0.693409603059179 0
-0.658982955591035 -0.0687020840912097 -0.706597552897461 0.21378651716855 -0.10094081795965
1.48549080416595 -1.54991253983569 0 -0.47254059271547 0.784205497455233
1.16340332373207 -1.50459361376433 0 -0.522411925572878 0.326532206972831
0.848415070503556 -1.4769361312435 0 -0.465609901128508 -0.153862880137869
0.584237615906255 -1.27257487267298 0 -0.222762564654573 -0.486502579541983
0.625509445391125 -0.978721710834277 0 -0.134817600655051 -0.712287205107595
0.384900093472701 -0.955273798690015 -0.10497213734698 0.00272103499306317 -0.783330570864948
0.391094013646017 -0.598694818089906 -0.117564916357922 0 -0.737852854569851
0.512423206593572 -0.302785250547841 -0.284313741444406 0.585313275960576 -0.786923435584086
0.468277076996964 0.504991214870379 -0.550212586612328 0.706221775382311 -0.700815553966281
0.274342259268783 1.23923391832166 -0.764508566672573 0.59453816867002 -0.539876607624271
0.0719566873354695 1.35645860804096 -0.740860009464975 -0.0338731497209882 -0.479097488044166
-0.228716946275929 1.5688078509131 -0.778241917320288 -0.329335306721779 -0.272894018402905
-0.0288594550955581 1.34130252478999 -0.825985912821044 0.148953872044889 -0.216158920641906
0.515299955926215 0.676402764791427 -1.11260053148265 0.262140441132365 -0.245022571675951
1.06538290271566 -1.22776273874583 0 0 0.751269962108513
0.810507838838253 -1.31175256009655 0 0 0.0805021354354281
0.521901888178368 -1.52271878910059 0.361024327697046 0.0546795771365494 -0.178508291569284
0.568683817190951 -1.66340724852071 0.289226814537182 -0.106297315731786 -0.568017547043246
0.678914111124402 -1.40950928482155 0.081601987516303 -0.101547445585754 -0.752531315935844
0.338292927373877 -1.28516468436295 -0.0635393549610405 -0.104002620519891 -0.904520314159132
0.638804654145649 -1.77900081021413 0.169670080335656 0.713104220873621 -1.09313706415518
0.595885817294505 -0.957751519795716 -0.242450164912713 0.376738189771388 -0.964583182913846
-0.11014529725856 0.0676924626052634 -0.795939180498291 0.139831380969846 -0.759259814868933
-0.0761571235336763 0.699049119528849 -0.906781000430765 0.109696493594708 -0.663220580065204
0.0685053844511173 1.01955627011384 -0.739163136646358 -0.222252518410297 -0.74914014468228
-0.321576531104563 1.25554935847411 -0.644647526738875 -0.549985254119137 -0.48802466325111
-0.36576240864704 0.922106456154037 -0.474165433651947 0 -0.285094733612988
-0.439089386253671 0.655552114165367 -0.60311499514245 -0.412829145948481 -0.0200876725771462
0.638702794451113 -1.0676419235177 0.253084297359848 0.129142258816732 0.6697818128194
0.533008687568032 -1.16754009649909 0.333667300202761 0.118977747539144 0.216620398618659
0.297148335206509 -1.69423308690492 0.416715457424914 0 -0.300645504952025
0.440927430031369 -1.88843134415709 0.374527533056455 -0.300417796405397 -0.602273238649488
0.299301348723984 -1.80536488500384 0.0510693858135911 -0.423797302498394 -0.866212769903059
0.311518883482542 -1.76653078038176 0.0159920324645149 -0.0686165925228847 -1.01789353933617
0.659973504822115 -1.94474852989954 0.38112199735522 0.265955864069293 -1.0758932811443
0.501923946510807 -1.38097344455428 -0.0791255156124853 -0.16907186995808 -1.19350981550748
0.499707480673547 -0.41751931846623 -0.120922440795776 0 -0.683802892139535
0.652119017387628 0.0575051341231756 0 0 -0.437161272118965
0.0557636257107371 0.541001193156544 -0.610246683923112 -0.54570869668848 -0.689431232923492
0.305713369851644 0.391018900170506 0 0 -0.450639838337221
-0.273482059835807 0.517477909045876 -0.50685248027972 0 -0.338251209319317
-0.42259162581303 0.331463941518568 -0.596981011304031 0 -0.112182944794755
0.467601347974988 -0.85288674013139 0.239591088393933 0.404419969689438 0.512397433243697
0.450593585297826 -1.2810402050205 0.317823195105257 0.103069028245011 0.105381857261548
0.320482533654122 -1.85574360476192 0.472001593969555 0 -0.284431159835079
0.407313834851555 -2.18776915728449 0.441151807190482 -0.242623636537979 -0.559829943006468
0.79572406736043 -2.45199559933126 0.639561510258625 -0.0613409752963095 -0.939452764254459
1.13494706774568 -2.08473872298836 0.556811504248903 0.110785753223599 -0.948016573145364
1.2055719952555 -2.33607715021514 0.758243176215828 0.407027450792742 -0.957976754711872
0.854316311387257 -1.53551062589873 0.276969725647607 0 -0.89148937459752
0.824040031005575 -0.891532951784227 0 0 -0.69564078460158
0.727867695264545 -0.446184895595487 0 0 -0.61739005404238
0.723039214145467 -0.315818984200247 0 0 -0.564577992516528
0.635481298832351 -0.00192617821042416 0 0 -0.433801191793975
-0.0616393980177655 0.210042595835077 -0.753906061469689 0.010113839436453 -0.134550598618763
-0.100909474742229 -0.0287206795209131 -0.842974584411076 0.406001179383053 0.0863460465229374
0.431821209176447 -0.911758401460355 0.103547311862848 0.214589760982446 0.294236953788786
0.413480451088445 -1.36298844581375 0.278794109403459 -0.00527264883553302 0.0505722293742509
0.198143183421224 -1.96473246453253 0.434277637993376 0 -0.38412408450746
0.080144367555388 -2.47327132234709 0.420527993251714 0 -0.775921863757799
0.617464852011437 -2.41037854500233 0.363776598590284 0.0438245967678164 -0.837941328747021
1.23724915942863 -2.07147578595772 0.62566882748093 0.205097546869337 -0.53129529628346
1.04606093765288 -2.23097072654668 0.604498908523982 0.165185979831833 -0.810136202950793
0.631775997522281 -2.04323946698445 0.313026021254069 0 -1.04365852928806
-0.00776565497514198 -1.49497482364593 -0.0738524459827445 -0.671439333723705 -1.3383388604685
-0.189404018399082 -1.17646687819251 -0.462832052458407 -0.794396796886457 -1.21895083626265
0.419745842896862 -0.871573485801432 -0.464985615437257 0 -0.560739561585749
0.64727279563798 -0.799203457532869 0 0 -0.537299909840195
0.500610116055423 -0.65345982388046 0 0 -0.363405683231819
-0.0518336535908167 -0.468611005123411 -0.806122477634878 0.665136581730407 0.252783163559257
0.0371526580695753 -1.2790693935121 0.330982469455106 0 0.113952401268155
0.127212216361332 -1.51832747160057 0.325428347784518 0 -0.135652144016287
0.0517646499568006 -1.93458077831176 0.360900359917493 0 -0.480486056974787
0.100688241183883 -2.17561523924137 0.0853428704640769 -0.0666946265345768 -0.643680313361919
0.395007111454439 -1.89854206004436 0.171810585288892 -0.0419702168899186 -0.414460859989913
0.635772932096677 -1.78662116066975 0.38999041916006 -0.18040432902417 -0.313890654377289
0.829025473386731 -1.97946844467113 0.502402459480748 -0.222004286399699 -0.557760183034683
0.503521573692617 -2.21699480718383 0.302619361567621 0 -0.87054573300443
0.234624698147624 -2.02753573431399 0.244433038586106 -0.601871793149404 -1.38548388211356
0.378109294373768 -1.81993581133833 -0.132621504552919 -0.595667989569555 -1.12594064353166
0.551052309732925 -1.93673359466164 -0.09977072045836 -0.300646045435776 -1.22033678060899
0.465234622692726 -1.32454155088903 -0.459269989289638 0 -0.465597649332451
0.244453868448385 -1.23656214615654 -0.399785200219457 0 -0.460230896908791
0.198094296634704 -1.14728502818957 -0.432484167978305 0 -0.320249508388738
-0.0635107253642093 -1.25267176632879 0.291392345400852 0 0.0126225120838973
-0.0896795386956817 -1.55783530466965 0.366142459003397 0 -0.250930536786591
-0.0793042968948312 -1.77788226821443 0.375225166860894 0 -0.522141957266396
0.102444502716717 -1.51469374160707 -0.240667267391094 -0.256234612832594 -0.328967453358658
0.151045649858367 -1.34929016289557 -0.0603962161996003 -0.256506770874512 -0.228708866626385
0.0572072766358661 -1.4233458415259 0.302964349473781 -0.407843061491945 -0.286503536803056
0.366941865260791 -1.74511532974058 0.356368422022451 -0.600251447863954 -0.403277696332827
0.5031780632559 -2.07410580929691 0.524443493446423 -0.731464045142085 -0.905092943366835
0.446046413819995 -2.31156322450828 0.311838914001242 -0.508892207950105 -1.26386864082573
0.685045337052 -2.26477275131802 0.0647998351031215 -0.404599173237939 -1.08684907532629
0.990187496283308 -2.45311915669722 0.1453982927101 -0.204382927164509 -1.16491283333177
0.918715723158567 -2.64697818866024 0.0636066252856875 0.15653225502795 -1.29158581287514
0.609653661997147 -1.74671119922071 -0.351033375214148 0 -0.411133729721366
1.32972898232532 -1.19276006345332 0 0 0
