"(Intercept)" "X1" "X2" "X3" "X4"
1.30599267465091 -2.58289338273407 -0.110674673932839 -1.05475149333486 0.782944166392171
0.821999163176542 -2.62126668561282 -0.0378483102374404 -1.10855267593537 0.691582362251444
0.688806368685444 -2.47092939269113 -0.0242554117615988 -0.948387124253862 0.684272163651035
0.630051726086682 -2.25932851086305 0.0709913922074036 -0.668455117023514 0.646468728746872
0.7504939118196 -2.02861548853019 0.145629347914566 -0.356920440054067 0.747987692101626
0.543384942595905 -1.81396608656169 0.260131299293018 -0.263419141846097 0.736735903765756
0.282718349319263 -1.6077691986922 0.441930977059454 -0.112833639709701 0.764839161455949
-0.0624284282002974 -1.44792198492972 0.717932749989394 0.0658700453844139 1.05390390679865
-0.426915377408233 -1.28162571815026 1.15720994590518 0.226077721551774 1.23276432024977
-0.729090785294244 -1.22093703847723 1.62721793697179 0.601814968530025 1.54381079255351
-0.974692298304246 -1.17948705815602 2.07003223503095 0.990797336598754 1.74058482962726
-1.13389420925154 -1.19747418191241 2.43003848663456 1.21316129764133 1.77058222746077
-1.31578235989802 -1.2145579602385 2.71818312607333 1.38807640648391 1.66856624988572
-1.49480075230933 -1.25988576544281 2.96489927069151 1.51366031081211 1.51728090538958
2.24533198419229 -1.56085483359756 0 0 0
0.959110614155183 -2.21743398597907 -0.150619648572644 -0.86686507184664 0.493924109139998
0.840018387188986 -2.02634626272063 -0.155638024509403 -0.706725670370263 0.482930456954676
0.727933235332566 -1.82689598207479 -0.0852222044841114 -0.458411098327614 0.394666797988964
0.764369946669678 -1.53514941805405 -0.00870444092404811 -0.172446423419549 0.385062414047318
0.537461060654102 -1.27457837428476 0.130546199082821 -0.0533704829033525 0.328610451440139
0.355222636197396 -0.937251432525596 0.25726412306593 0.0608782271619147 0.242547852292134
0.0346981770956627 -0.792616347758103 0.45427877059875 0.29017361541379 0.414515409985381
-0.283952075375945 -0.685449717280706 0.763431927072787 0.432206088581248 0.5421943402385
-0.482944208653644 -0.737942928849806 1.11143542063089 0.708283227663767 0.914181294321604
-0.727143728060742 -0.752523431438837 1.50938191731232 0.964769651308891 1.15195524663827
-0.956007182354613 -0.798906623112617 1.85914309989101 1.16187665887848 1.24082812047859
-1.17020416677305 -0.862963456715677 2.14571529854115 1.30909156289751 1.20109723981593
-1.41522225338225 -0.953953564406778 2.40406295199211 1.44026418739713 1.13043850511064
1.9835977033249 -1.70164938320424 0 0 0
1.55680879628732 -1.58526447848528 0 0 0
0.875097438988591 -1.62659994693841 -0.239672185220963 -0.471768794740982 0.226226804027597
0.770322850443865 -1.40280977553818 -0.219494267177336 -0.235653758628466 0.140285962374339
0.733307067462717 -1.1266697643871 -0.159982747386917 0.0203880670158983 0.0667458331680109
0.62316991935855 -0.807123167684124 -0.0586775457411902 0.18775453323239 -0.0381282052039251
0.414072468173304 -0.436005230660326 0.0378997865699527 0.276946898146671 -0.112053356951463
0.212874795386158 -0.166484925634289 0.127770309921359 0.453065755353796 -0.142114761382995
-0.0704543101979775 -0.0472689771352039 0.337583468313692 0.547874084542576 -0.0663211051808535
-0.231863167477265 -0.232607003244217 0.608670969459498 0.682180550647837 0.282563316258599
-0.539633480419706 -0.306371393483613 0.959078719352117 0.888603689334636 0.603014968009493
-0.809017499472282 -0.399495075474221 1.27291403898758 1.05260461341985 0.730059541350776
-1.05430050164826 -0.530016173020665 1.55554219782863 1.19978458219727 0.746072230978701
-1.38685791007061 -0.704620533494734 1.82639129380736 1.34340114150255 0.756875257136876
1.90648789534717 -1.69617260825447 0 0 0
1.59590241475925 -1.3637756445187 0 0 0
1.01445444762552 -1.1895652366851 -0.245755411243919 -0.232179086055948 0
0.889480484317009 -0.892994138677603 -0.237620445360546 -0.00199886003318705 0
0.719821589372613 -0.75448211351887 -0.317327158353219 0.241105443263765 -0.169310794970414
0.654502129488102 -0.458145092590032 -0.23194755519316 0.405386182719083 -0.303369178440427
0.602193140904476 -0.109540819821985 -0.252284026610597 0.452320933268481 -0.321084057083636
0.603305240218474 0.140758398907332 -0.1800928475372 0.432286967622015 0
0.336969150784581 0.4250346824111 -0.115705649727023 0.590860018765348 -0.434259638051332
-0.0944090720769613 0.301368610449463 0.164660997741508 0.660728484404564 -0.165879718850269
-0.433155312509205 0.1388875955876 0.444564563838012 0.763243720926085 0.18973724713121
-0.728561983260598 -0.0191952182263716 0.710074214783733 0.930980885926026 0.32042100323231
-1.03496815400317 -0.258722838822916 0.967242394131437 1.11534093173444 0.383045284925168
-1.45173341144846 -0.553296211623001 1.27038960204961 1.1748914340704 0.445719021590469
2.02675499333301 -1.49968554586245 0 0 0.268517543382742
1.55092821351496 -1.23876267217186 0 0 0
1.24452486824626 -0.92121663432029 0 0 0
0.875077467645206 -0.666962273610432 -0.310268133239613 0.0294249371840945 0
0.678469970544537 -0.449058020007963 -0.304022193162787 0.29670186371388 0
0.679949484250611 -0.268371515203954 -0.222548005220589 0.418974254427623 0
0.580160658098512 0.0373923169697999 -0.491493026904899 0.487106655194711 -0.313282928620404
0.572775942732156 0.329738291267478 -0.46617943179985 0.47546064136323 0
0.480819284906328 0.583044177764427 -0.39381271919879 0.618874888586144 -0.396666810993519
-0.0147685916628214 0.602321870873805 -0.209814011190071 0.523066672313152 0
-0.362376070825003 0.51458564122232 -0.0166966270311977 0.731920158303828 -0.172443066933733
-0.741338939326386 0.273242880042274 0.208959031596851 0.847590034816471 0.0139920363458304
-1.15967547692941 -0.0960336875029721 0.449654504498038 0.860603572416527 0.173593136484075
-1.54247420235533 -0.490350701961306 0.662465778413216 0.856295193353481 0.278859425275843
2.39279391563075 -1.55126561369742 -0.380748692299103 -0.686743448958376 0.777636958735765
1.90516885910363 -1.334237503644 -0.384149477682023 -0.527802601114658 0.326796147331568
1.42926852508217 -1.02083144698501 -0.415644626973098 -0.362441907750328 -0.107374149220794
0.798048731727075 -0.797207944127712 0 0 0
0.590805455582199 -0.490129852462789 -0.364064722398392 0.178176938971922 -0.521784663722069
0.261935051480297 -0.319450699769343 -0.258102242365626 0.222079017461688 -0.580795698104196
0.240178162609891 0.0104635796965514 0 0 0
0.287009276731302 0.327985729908746 0 0 0
0.403223224990922 0.647650085068822 -0.535410354575836 0.456265599519197 -0.502195020413871
0.235416919896451 0.918864915398688 -0.562299409298655 0.56175969507242 -0.578270594771894
-0.368542198047942 0.806465031068754 -0.334531009220984 0.339919154718189 0
-0.848412259133983 0.490583756148901 -0.211399990566176 0.583261810265943 -0.091734426028404
-1.3210694503681 0.00306337470171368 -0.0268513683452286 0.498534336736702 0.0766105295428806
-1.65169331509252 -0.521560492328807 0.0884309900286489 0.394336006868329 0.195801615266913
2.55107203175412 -1.58040275384967 -0.385705062603093 -0.90558886334623 1.01905280766966
2.04204855415177 -1.40432669489321 -0.371767485039994 -0.751475785934922 0.449586237864735
1.51364268675284 -1.19344290441208 -0.352181347930356 -0.551790116121733 -0.0620608071159819
1.13330477867373 -0.903481260687355 -0.407140172918364 -0.28482461975931 -0.495047780098496
0.568661565717666 -0.862151000025482 0 0 -0.665584070521483
0.287374818823779 -0.610219800428329 -0.177131593432745 0.100133622570477 -0.715106431900156
0.104398809958113 -0.185520573643585 0 0 -0.519201789200038
0.207330418343262 0.338907681000663 0 0 -0.621886757052011
0.137549028205172 0.795013125551299 -0.348092079797538 0 -0.618332005128572
0.0963720638350383 0.977423577298333 -0.642751849298551 0.260999110353094 -0.620850758582208
-0.140841034433567 1.07287953428955 -0.765405916125806 0.351706606007286 -0.510981938799114
-0.687905716281911 0.75097679268665 -0.690848720073633 0.304205966368183 -0.225654194437
-1.16349283586357 0.225578860610925 -0.489350508692044 0.21062622312 -0.0729883350906869
-1.20480248943139 -0.0390003457650355 -0.312118843238612 0.27644791494095 0
1.8186110564693 -1.29923115735698 0 -0.48050725673242 1.05293252867418
1.40710301898699 -1.33082471182358 0 -0.506546264663805 0.46336112664685
1.04612925194066 -1.30358336932498 0 -0.454877937501441 -0.0830323193519811
0.911747303084815 -1.21468949794954 0 -0.203501416939832 -0.533489006572195
0.689177170273648 -1.11405271439304 0 0 -0.845231626375372
0.420664743914586 -1.0390194652373 0.0283813935145792 0 -0.801307515954288
0.133572641734776 -0.667991055215786 -0.164150777695807 0 -0.679456210044897
0.110864762164248 -0.0460680811301717 -0.253190004084402 0 -0.673742018798448
0.145530978742321 0.467624290593103 -0.371892952751251 0 -0.613063928768406
0.256312947379484 0.927855338521168 -0.458264159275283 0.0444985091478281 -0.451069664913731
-0.0390712652282228 1.03028063788626 -0.28772545739272 0 0
-0.210962398568092 0.969474305236707 -0.679067764123638 0.157775681897489 0
-0.383697502395686 0.666155369154533 -0.749759345688729 0.21143595139834 0
-0.709265811055782 0.177314328619986 -0.530448605004755 0.233007786368926 0
1.32754981476651 -1.27754667696586 0 -0.424085311545613 0.728827570203728
1.00563617751444 -1.32150344493155 0 -0.4263400537978 0.195614361527633
0.77571679598867 -1.34824343695158 0 -0.405576746609994 -0.245365898146561
0.820600871054849 -1.28394086755284 0 -0.191902197189409 -0.584373652510407
0.971675652818712 -1.22052843192549 0 0.0171161010696122 -0.822143675333291
0.581800056504817 -1.31645727600457 0 0 -0.797255494638107
0.211527919158335 -1.18551184283847 -0.0715190864963533 0 -0.808369141015018
0.316074368211443 -0.503216068416011 -0.258703634214683 0.162941299217843 -0.73632654459724
0.282518158882155 0.0300598073940624 -0.399101671776319 0.14887790421198 -0.490592635730359
0.324947110752481 0.610118970935922 -0.28193443233599 0.114891461767773 0
0.180030106660142 0.837610130688128 0 0 0
0.0226661253114031 0.812531897340505 -0.315466273684167 0 0
-0.021429021918506 0.618696265965898 -0.771732598659351 0.172250885841979 0
-0.0240511525650953 0.333908413943685 -0.753174006012442 0.358924336468701 0
1.44319865003401 -1.32574518017249 -0.501139326599446 -0.856413526031888 0.370931457113471
1.04129927213645 -1.32555660123618 -0.283484416520425 -0.713943150611612 -0.0647015033471853
0.570552003648238 -1.32404881599549 0 -0.252229587420683 -0.40019761917626
0.728380349998735 -1.4499529286869 0 -0.272346969591232 -0.633959397902565
0.902238540043602 -1.47912308952286 0 -0.14865039114887 -0.846588739044525
0.862836069057627 -1.50284262567243 0 -0.0283933702965857 -0.809609603836765
0.461402354293296 -1.52542811982125 0.0234679753370834 0.0411362204261331 -1.04869728143925
0.391110444542286 -1.13548827920635 -0.111993017721277 0.0116374884018153 -0.85802089345672
0.348449874233958 -0.492732414178264 -0.337643465405152 0.0233338966396551 -0.604157744852618
0.233314556202828 0.154011221762902 -0.51750613491228 -0.0518731367073548 -0.436436755600717
0.511260397540917 0.559749441187835 0 0 0
0.238088262787038 0.567333879469856 -0.529515862668228 0 0
0.0659276249023683 0.44068952790709 -0.470532670344346 0 0
-0.0721850966296589 0.357193484944666 -0.497439284432464 0 0
1.04633951977467 -1.31138471092598 -0.472548551825859 -0.913675458450307 0.141874605859777
0.716045013349022 -1.38584541238199 -0.176149647484329 -0.694217365791382 -0.167202808939421
0.483278917280274 -1.40834585989077 0 -0.294481434701746 -0.436708676770132
0.651280703421944 -1.61641285740735 0 -0.392550554766542 -0.643834137875773
0.829981562451663 -1.7308958772316 0 -0.296581574452232 -0.836593712663701
0.989291240411044 -1.74074740615477 0 -0.143949007722207 -0.758268365230912
0.60970642701638 -1.98128415787254 0.233433298247408 -0.111417207649226 -1.09179094537427
0.455213183976546 -1.6500356833358 0.0537882010949782 -0.130315878085558 -0.935361702091323
0.40877988157366 -1.04463698306566 -0.196407087058004 -0.167428917116863 -0.737300261438477
0.357648432458196 -0.402911701217482 -0.442303075667415 -0.270632200147289 -0.551071625674143
0.48509697972632 0.0279793030913852 -0.430664540851934 0 -0.253658208709148
0.480307097799021 0.167332131954461 -0.494819529564265 0 0
0.367135324152641 0.155829040474282 -0.534212121666312 0 0
0.257596910815709 0.102292408148479 -0.560556108726787 0 0
0.744259636532342 -1.41676544594111 -0.399234866274891 -0.993403662873939 0.0346288627504388
0.363966200308928 -1.35358180475536 0 -0.392427758765298 -0.194962914406491
0.521327865296016 -1.7147045160609 0.0234539569876987 -0.745338413287751 -0.457436570030252
0.558784142457659 -1.74850772730231 0 -0.421009322256272 -0.638484562201822
0.748783272319919 -1.93302529004352 0 -0.392701866636986 -0.815568793253934
0.942507795714366 -1.94599584455219 0 -0.304846014052815 -0.875225912389265
0.773229185341151 -1.9317897297319 0 0 -0.751352713248763
0.515705172698103 -2.07934190406049 0.172436828389921 -0.213311703860295 -0.963102331291746
0.447523484471775 -1.50439026345835 -0.165218650991034 -0.319994616140878 -0.805593759638174
0.437051185126488 -1.0013231804207 -0.421276340308818 -0.357074271686873 -0.677629515723552
0.405441091103134 -0.633959377547032 -0.646467139509001 -0.156482433499519 -0.379392245069694
0.774870286760265 -0.377179761415367 -0.393386829895764 0 0
0.638547075529642 -0.257722890622719 -0.491193252646239 0 0
0.516969237954999 -0.225362478898242 -0.522533749487912 0 0
0.481790753980703 -1.57693556565457 -0.321164705629951 -1.09570010361853 -0.0318045693913722
0.309141686884808 -1.76892876896349 -0.0825090682198474 -0.994107242842198 -0.298894786684655
0.408352712736639 -1.94243847159327 -0.00511924062751423 -0.934779505172939 -0.50528341646372
0.518749840678323 -2.18805499394362 0.101124784844974 -0.958409662245626 -0.725394979264206
0.618468004195426 -2.13414711410455 0 -0.548625433140678 -0.758462940434119
0.793466612900845 -2.13655234546189 -0.0366798846976077 -0.344526906940368 -0.831457854620811
0.912349657380235 -2.0440714146546 -0.221952916019239 -0.0759219446444791 -0.637534056940556
0.772807559246695 -2.21923704466799 0 0 -0.715158727750193
0.50853658580986 -1.98360148488585 -0.0387619304054763 -0.394987841222591 -0.997834629043167
0.670657611933799 -1.57976493621312 -0.404215130415875 -0.195682963822251 -0.588427709867171
0.708563428896982 -1.29714644133562 -0.680201776270057 0.055396501062419 -0.262267152703379
0.521007717651543 -1.00159892674577 -0.917937784213832 0.234723967515023 -0.0368423067516981
0.94525190702248 -0.715564947999711 -0.392854470109806 0 0
0.789823560604548 -0.589872247573515 -0.458672941689212 0 0
0.116447802747803 -1.89041765985562 -0.189966251592423 -1.32098525226582 -0.138848147893496
0.144398254794285 -2.1168701267125 -0.0873932793515667 -1.31149865627214 -0.364615848200348
0.259368011317664 -1.96901685783102 0 -0.707649426068259 -0.448928395345756
0.280096867032726 -2.56916125844753 0.161933627314408 -1.2741652856865 -0.741271411874772
0.390581449642812 -2.41062744440021 0 -0.720760883712571 -0.741515633740701
0.486304287101648 -2.23245294085454 -0.332398292417742 -0.325297215449768 -0.60552948830039
0.664225202343039 -2.14819952498972 -0.619973179079202 -0.022757418790642 -0.406292532609531
0.949405386130589 -2.34821564738308 0 -0.269343607037645 -0.805633058803615
0.621736333456149 -2.46124732068323 0.0137968494003591 -0.376077613268508 -1.05501684767425
0.813725199313191 -2.14786294094444 -0.322473191356342 -0.0936545284147069 -0.624423092594682
0.947525207673793 -1.89807955003443 -0.626039467986948 0.243239060473057 -0.220219422304795
0.662171357796194 -1.59428423906796 -1.03455596522085 0.496680505084986 0.051524732375535
0.398213664767852 -1.32490697352367 -1.31295866400636 0.636579125654637 0.262583569413855
0.169176151944286 -1.11345026353453 -1.55477582649296 0.724903498531456 0.483269612840886
