"(Intercept)" "X1" "X2" "X3" "X4"
-0.211598537899053 -3.52063683682987 0 0 0
-1.06937151637049 -3.83040436119454 -0.684169999304036 -0.906977105169846 0.714211729493766
-0.493547842625221 -3.46339712276685 -0.636897217783936 -0.570418843938201 0.899708547469556
-0.246328370129358 -2.98336117937211 -0.472957725274669 -0.412625827888881 0.80303213351176
0.170390069525748 -2.32077001413918 0 0 0.482136980677528
0.159263093523098 -2.0389130279406 0 -0.073485312729945 0.465647103724157
0.14930773508501 -1.76858841318405 0 0 0.364241126277761
0.0784722178590679 -1.83633964726194 -0.147971501884848 0.439387952890405 0.149963421624357
-0.509152105356969 -1.85241197792471 -0.145848506098921 0.637344169429101 -0.108476386943566
-0.655710760743544 -1.8708929644034 -0.0930524835610835 0.746413460753078 -0.494106541277938
-0.536228414041713 -1.96566445039307 0.188577040167288 0.819888791973191 -0.920117135029824
-0.627319792222169 -1.90846404549948 0.544684043888457 0.905760058138473 -1.17947681040423
-0.79402950949544 -1.81370126760694 0.908024101214416 1.02762692450786 -1.51001841867944
-0.968345341061649 -1.7405836337443 1.26413967179545 1.15636408883764 -1.92137984315361
-1.24028129111084 -3.6825941986708 -0.838788188353162 -1.30749331210575 0.655831999337924
-0.92644478771761 -3.35128398336627 -0.678934918759158 -1.06211613918116 0.560989581114308
-0.436830955996056 -2.9625796939551 -0.50988018066784 -0.725354645896582 0.549073270060641
-0.0540676006730647 -2.44290254771812 -0.384012723066402 -0.432058715549259 0.477510515084291
0.45903862212069 -1.72600123738429 0 0 0.312140692710299
0.435194371011499 -1.2634133836068 0.0600505873628926 0.0824513814377004 0.100283533429817
0.351068231308008 -0.916643757896055 0 -0.0125896967286014 0.115491177619172
0.12384402278882 -1.03011190523011 -0.077681839947466 0.33795646627006 -0.108686893616908
-0.242366464272795 -1.13021698133436 -0.208542259937019 0.469200831449373 -0.39456098673906
-0.300823551804355 -1.1890171362935 -0.0636986897712462 0.566573363569743 -0.60482421032283
-0.347794317507428 -1.20220053718777 0.258244986174236 0.685298174148478 -0.790933487252119
-0.499146628217134 -1.14848030215296 0.539546830131382 0.760173905860874 -0.964427848356851
-0.666575259531249 -1.06990079197589 0.8644879034886 0.864457128718248 -1.28174714747103
-0.939011923759822 -1.13301666079404 1.08583447953424 0.945202366619403 -1.51523954864139
0.601365727147709 -2.57746431819905 0 0 0
0.526161530561291 -2.21432285390052 0 0 0
-0.221882326943836 -2.35432762871334 -0.431744237881367 -0.761059108291078 0.249244283982943
0.0858255825251566 -1.95386347788604 -0.26605366541248 -0.504633539389924 0.135906677424912
0.290336162488291 -1.38525316197883 -0.195868121623977 -0.132401035351586 -0.0150948402575727
0.523052442896144 -0.685870627008193 0.0831623117859336 0.34470253207054 -0.29718741769082
0.346349479753908 -0.360121988261304 0 0.238052682750346 -0.303390625833455
0.205562559310155 -0.103954857195979 0 0.124214626811326 -0.252155951293604
-0.167491431783102 -0.32701316410598 -0.171972492950513 0.361859709747388 -0.510409505174873
-0.129974872809061 -0.460366074942578 0.0243502467020344 0.427305969619504 -0.559966525381237
-0.200046258409946 -0.424884437272428 0.252030913784924 0.521138045562482 -0.575800232319782
-0.394246989780427 -0.419775600721026 0.467290314982565 0.583856850345754 -0.696771826277143
-0.584692842089109 -0.424404327052635 0.685456782558116 0.648382473839315 -0.935798214701551
-0.78152318799346 -0.785101227958831 0.858870730893658 0.801903096218478 -0.985027741361527
0.668685652860821 -2.43305264889432 0 -0.288900949740035 0
0.935078953024055 -1.72752016694193 0 0 0
0.832649067571721 -1.3414192027451 0 0 0
0.387193458619748 -1.33505071047254 -0.219811837658972 -0.352066833546186 -0.0715555996992469
0.665120194039697 -0.898076334861432 -0.33662813309537 0.119189179727379 -0.176432474266186
0.7826639969846 -0.186308975562369 0 0.4441447486776 -0.229117599081005
0.522368100794124 0.162081305721529 0 0.392787355209908 -0.47150609154325
0.517259451337196 0.426751711849073 0 0.155171097909533 -0.393530469729045
0.14489383992273 0.455330679810673 0.00104807074046339 0.23843479736651 -0.522456827971393
0.0164763521422864 0.298566289619959 0.184997447994671 0.325988475960644 -0.456941315620933
-0.336820277668094 0.296883774371901 0 0 0
-0.290915486394566 0.205244138961162 0.315236330185848 0.359777744589401 -0.384816599582888
-1.04455605108207 -0.185758418484203 0 0 0
-1.48340202049203 -0.508520664979033 0 0 0
0.911155536407242 -1.87883663533477 0 -0.574473778567339 0.260897009427192
0.825132013302812 -1.56479914524975 0 -0.384529739471359 0.0488495918088192
0.727383377569035 -1.11151178790011 -0.300759719141471 -0.166815042417922 -0.338860214504545
0.801174659540996 -0.676634639092275 -0.409096784108315 0.163553155568459 -0.550161140457237
1.20675306569288 -0.430917690862795 -0.542169586739712 0.441154665418807 -0.314160556387537
1.0431420713126 0.122072382898019 -0.554902915438592 0.693575517919766 -0.209556808105852
0.944201740832266 0.36937915554925 -0.392474943784209 0.441568880757954 -0.277420182469176
0.676792446671861 0.571882150776096 -0.120645510662791 0 0
0.450088006717912 0.790827694877513 0 0 0
0.176233111825193 0.840425316984691 0 0 0
-0.15298159874956 0.70472011140767 0 0 0
-0.434370486788141 0.403408065373172 0 0 0
-0.77022203523057 0.0248577954028703 0 0 0
-0.408234895561124 -0.760190366122519 0.208628290858946 0.874886981707762 -0.156872491341831
0.849372746459001 -1.31131467928679 -0.191681061262132 -1.12094873461364 0.460389197596961
1.06968689403053 -1.08769022456894 -0.417058475714562 -0.636595971932461 0.0741527472469804
1.17726957359247 -0.939539132903635 -0.601098517504992 -0.184301210120057 -0.202897784795488
1.07608920776439 -0.690992700340101 -0.642006275505987 0.281160537205079 -0.440494363582709
0.651036962603518 -0.452656819903342 -0.221522523687863 0.444494319506959 -0.922988575776672
0.724135481590806 -0.119500234173136 0 0 -0.624396983675338
0.902105177487616 0.225222301567519 0 0 -0.69947170046431
0.778550863651559 0.593342706662727 0 0 -0.71721081743683
0.481167281087987 0.812703581733789 0 0 0
0.117108233145847 0.824563936641997 0 0 0
0.0368934194646413 1.04892869869155 0.0580522261012114 0.249923058152793 -0.506780147047348
-0.179328312869972 0.686597520228343 0.119708126644607 0.52375756624263 -0.454753811522547
-0.30289788196807 0.127242588917573 0.112507702456664 0.615718811569651 -0.305893443678564
-0.4488470835845 -0.555529420534801 0.0661186140012637 0.581672949525929 -0.0934750328181464
0.919891659419658 -1.02579434140904 -0.141399434285869 -0.991185713664538 0.514909251245465
1.22127968911559 -0.877179156734876 -0.444284763551396 -0.547886123672657 0.185121872554214
1.44947235446024 -0.754709945295404 -0.60661919496888 -0.153971179298732 0.114153625149754
1.3546417683103 -0.728021298918405 -0.547765973790584 0.205678095321036 -0.2389969784806
0.530092116534331 -0.60902255061361 0 0 -0.536483112717556
0.212284438534043 -0.374975087131097 0.277280534371544 0.176580372046712 -1.27412038534528
0.183660829149807 0.204531686513051 0 0 -1.29648820298233
0.248371364911644 0.645565656027593 0 0 -1.26167575364111
0.171662817554172 0.934015061302136 0 0 -1.16864415214681
0.0468200835903623 1.11826942624477 0 0 -0.67591237949917
-0.16799580224305 1.13111123273181 0 0.103954945947406 -0.446472084889101
-0.226708218197156 0.913202822481897 0 0.104528087341455 0
-0.457643528145832 0.486710051706835 0 0 0
-0.654254914472331 -0.0633285494040156 0 0 0
0.790600336788689 -0.959457201681426 0.137600848535763 -0.573696770081326 0.405590928945789
1.10879511026189 -0.890290385339704 -0.211459733883331 -0.226950542721369 0.264653631273199
0.94823464147053 -1.02172055845007 0 0 0.121022651142853
0.763253154638153 -1.08141857701024 0 0.201254313578671 -0.249157090340042
0.535482858562264 -0.991476684192366 0 0 -0.477351438604206
0.746915748270086 -0.708823715135679 0.0376502175603903 0 -0.656799194507017
0.339677502953391 -0.180084128344036 0 0 -1.08687617647295
0.256722051341542 0.202454941462111 0 0 -1.14075151210414
0.0924821989025911 0.564663495896093 0 0 -1.10930097591897
0.0524748691987588 1.00822844095955 0 0 -0.717137172403517
-0.133132359904894 1.08409384720672 0 0 0
-0.13724971644262 0.823849637197869 0 0 0
-0.154310485785585 0.535334889271935 0 0 0
-0.23407152346682 -0.114172083613632 -0.321509775849621 0 0
0.344616606870427 -0.71134320675367 0.0749057973700372 -0.190888923574187 0.209895689847034
0.289062863933549 -0.989916847949874 -0.0481773444341164 -0.013850037857776 -0.0102936840213706
0.336210876010944 -1.41608486183681 0.0922937478385831 0.222430117825138 -0.168862232249281
0.383991364610267 -1.71701219511771 0.0763256216088855 0 -0.460824995065598
0.712626874371945 -1.62347891563642 0.00271755292718116 0 -0.611514145339913
1.08763980798981 -1.21359260266498 0.17261437464576 0 0
0.346814173211524 -0.677412040218419 0 0 -0.510950881245819
0.298033037019186 -0.223030719062861 0 0 -0.74439950318492
0.212381653869677 0.232194226494578 0 0 -0.466838196857529
0.284272627170428 0.640101016136827 0 0 0
0.157288285957641 0.758163014535955 0 0 0
0.384049465976668 0.788560392537247 -0.477052541192088 0.327610955903455 -0.381533002647886
0.275294576936053 0.343496121223218 -0.579734135402074 0.575427734571853 -0.14372080037014
0.0337504863331775 -0.664116142931781 -0.654776497580223 0.47589422684055 -0.118404434326284
-0.0523696378981287 -0.935667303656089 0 0.132026071565847 0
-0.15370942969619 -0.988939307795485 0.318012801962591 0.0736214285301949 0.11932712403725
0.0961694335359217 -1.42132303612015 0.154944334895512 0.188167403965062 -0.233699381563318
0.381869379644514 -1.89058634660002 0.124766898725671 0.262308506189782 -0.505994165544814
0.643009065441624 -2.00600016458529 0.118243948446706 0 -0.450432589750213
0.702315701470839 -1.73477880536393 0.198623613430951 0 0
0.332909999606525 -1.27716590918736 0 0 -0.508908643019696
0.376734159112846 -0.710012180929321 0 0 -0.863382291792061
0.342365834382949 -0.235067164165148 0 0 -0.718125331516385
0.387648933091651 0.157514992306539 -0.0124741949459366 -0.316405292427736 -0.258240682330986
0.312174153144422 0.558432392455181 -0.413667081680324 -0.238982147238444 -0.311817424067574
0.35366886114978 0.347165533585032 -0.574140188025869 0.140938348399898 -0.353909108942789
0.35540104799057 -0.304325528051234 -0.60144705433179 0.371811689496004 -0.264407969049552
0.401056238330762 -1.16938237893053 -0.799103575574165 0.608969066954315 -0.272137661204553
-0.386721614701972 -0.648290510009044 0.474375041355675 0.189037891350572 0.401279928355329
-0.270565573272431 -1.02915907518445 0.295893686910597 0.327894325379137 0.107995989398969
-0.116671489386312 -1.47609933606169 0.165265805107351 0.447267451741059 -0.131185305639636
-0.104244118762745 -2.03442682363894 0.322345559624668 0.455791307460089 0
0.327492169633306 -2.07260564461725 0 0.569355603833646 -0.413127463244315
0.905241477395538 -1.9141767866875 0.193013554321323 0.23387429580469 -0.677172346567372
0.944979906507408 -1.71777942573973 0.397062668259804 0.118927109138555 -0.708725467012347
0.0923586245757002 -1.31130611020073 0.0432125000392552 -0.478584915571918 -0.930171730870267
0.0537408799209256 -0.719341589331526 -0.0477450208630167 -0.591148861533116 -0.828889235603135
0.278840338320608 -0.343721972278158 -0.0207281545357814 -0.416080303332709 -0.3542136421915
-0.205208405093971 -0.0213693232523256 -0.607583933072161 -0.360669843918824 -0.746903081199874
0.106356502929268 -0.425711643464603 -0.615509129787202 0.252991618304811 -0.739346325114266
0.522039887189802 -1.28759311493156 -0.634274528755664 0.74149737797675 -0.664075158111552
0.652328030851475 -2.31108803887247 -1.07328639293347 0.833267658059036 -0.888000007322456
-0.37670816067114 -0.923247794582135 0 0.694610033339358 0
-0.376483788485848 -1.1944295820777 0 0.852419289067555 0
-0.246168503552085 -1.42145429780025 -0.117313673617186 1.02529271137989 -0.0311971020436575
-0.18539592563665 -1.86568947293497 0.282933616194098 0.909453493642968 0
0.214235721137382 -2.02350700280853 0.0969130855860771 0.854630735459781 -0.332706525620348
0.459957909642706 -1.9643276060556 -0.0888758841126859 0.783987105953453 -0.231288747461282
0.651772429380273 -1.83126975339897 0.030801882137479 0.383471407467532 -0.355868836225116
0.470482707337129 -1.59109634641522 -0.0186658076073346 -0.111006277408636 -0.558755576246322
0.65993515399295 -1.45189655173727 0.250928932820549 -0.270525167179998 -0.375392081782123
0.436159463064689 -1.05764608246409 -0.0799307727238855 -0.276901182744183 -0.524613778804378
0.427475785082045 -0.89689427809892 -0.440878383616405 -0.0385979196624884 -0.578029127705813
0.183403327332125 -1.37120514940804 -0.738881909084301 0.608093288067836 -1.19156304558735
0.984501528218476 -2.39625054596541 -0.696663055770813 1.40689842791021 -1.09215637361565
1.32989115971816 -3.14369888340911 -0.89544023772925 1.75277250722694 -1.06996749719988
-0.446748628845357 -0.850712943541876 0 1.33556570919684 0
-0.231235347590031 -0.900909517555364 0.185517474843211 1.60500101627398 0
-0.0955750736199199 -1.22125014359467 0.18182827037982 1.51716328431542 0
-0.0343835566757973 -1.56261087479752 0.24663055569567 1.25592885692574 0.0761053903168407
-0.00943238667224714 -1.77765730833517 0.0690221036007719 1.14419450925664 -0.00548466542638539
0.0994708606991065 -1.86701549969483 -0.264094405811472 1.043561690174 0.0427552019789492
0.437923668916755 -1.8089370194298 -0.377640627001801 0.85416687031695 0.0671083340887401
0.596639369322722 -1.73323671266852 -0.290004640513034 0.365478985627572 -0.0526543848634731
0.818050889097145 -1.71565852043929 -0.117093203218894 0.0284077226129475 0
0.940573377851224 -1.8127420654446 0.0162498908472586 0.0301402541453559 -0.659509483878268
1.08406220695943 -1.669006540794 -0.212475615201586 0.172388870878734 -0.706583224108283
1.11146831980638 -2.22795847397411 -0.681693172095839 0.322174260618601 -0.751831075022645
1.874364495702 -3.2380970777164 -0.494204707565438 2.05352835014732 -1.16036847997782
2.48599096870778 -4.16150623643541 -0.722855140476687 2.51753911156903 -1.12586263728796
-0.42855714132693 -0.988193887041145 0 1.64786391587378 0
-0.37870837994873 -1.21075506525274 0 1.6442734652786 0
0.0352700545221087 -1.07060694939504 0.326420593755977 1.74746285805698 0.337469789499613
-0.182516977607097 -1.36983858613453 0.216030220928202 1.54728828459378 0.255940565655541
-0.224063047193439 -1.51508531916449 -0.13017930687254 1.45633629625716 0.211372364941159
-0.184934808691441 -1.65156870247338 -0.565281962691201 1.40449044320404 0.340780108761965
0.179624318309038 -1.64287785054069 -0.64956610315805 1.20853140118447 0.453558425120867
0.514013977216831 -1.6269695540681 -0.728636542945728 0.89628849394491 0.37141741778622
1.06535885050098 -2.08744879891199 -0.395843858424611 0.549497686804951 -0.00874843056514054
1.53099421814663 -2.47088023957017 0.0488223668050373 0.676330743982018 -0.680823241634098
1.80303129861462 -2.4884420354128 -0.0172801514554157 0.806209925989639 -0.677446163810576
1.56958932714417 -2.74103651978176 -0.482406984835567 0.689633130753346 -0.811668180059695
1.50333102364665 -3.39261333544739 -1.12402594683081 1.37735001692005 -1.11874173661959
1.90067865946476 -4.08178379596649 -1.38573440018248 1.73273201542734 -1.23010518287302
