"(Intercept)" "X1" "X2" "X3" "X4"
2.30553389731337 -2.2652209351659 0 0 0.949597514290137
2.04313647138741 -2.06597418928248 0 0 0.751246497212684
1.8297593256185 -1.80680914645887 0 0 0.535680915003666
1.58772469309417 -1.54473163004844 0 0 0.207715265260884
1.33913173860086 -1.32116142019518 0 0 -0.0232982866780361
0.616276073302151 -1.27026842214168 0.459492353776945 -0.167913664455585 0.129328948059121
0.211243585630824 -1.41432103513489 0.68859767566744 0.101266664028103 0.520320008994731
-0.0674530664688032 -1.46616374586584 0.917388932194687 0.290613565388284 0.664583605691469
-0.450899766698886 -1.39797936506825 1.13152750924411 0.284809926501252 0.627214889935332
-0.926681216486503 -1.39122076840242 1.64931353563059 0.331578145275812 0.563225598212094
-1.22308251252559 -1.52108926402796 2.01318602009326 0.390530935087635 0.563131684832278
-1.32854705627243 -1.62528985558722 2.14786235485357 0.544218156418943 0.448898548894812
-2.38392696472461 -1.38676088335939 1.82076625815846 0 0
-2.7243447950819 -1.70009056789492 1.7814629238199 0 0
2.32979737835817 -1.96919291522993 0 0 0.75379731032242
1.99570187514931 -1.82447926311802 0 0 0.617063414205929
1.73387270338079 -1.60343790528055 0 0 0.448787153871188
1.54952561904755 -1.30351768113424 0 0 0.21265630601748
1.31827339015927 -1.0270161620523 0 0 -0.119800382219421
1.14600876593069 -0.739350429984761 0 0 -0.272794205656573
0.475412890490703 -0.678086298390244 0.347254757365728 0.0224782994781252 -0.116751083711531
0.102846784956872 -0.771227029026025 0.709316160887877 0.314599587313395 0.198380240336084
-0.273617384059965 -0.803493186894096 1.0067956446147 0.359666027211455 0.218998751441942
-0.829259182285778 -0.802459142980236 1.46581612409371 0.424279817475328 0.251944161415641
-1.03579553366802 -0.94244131533649 1.60855647554331 0.52190750470679 0.254640677415285
-1.72509549225241 -0.860239536489232 1.46588984324117 0 0
-2.06919737002683 -1.13521432651605 1.53202862164608 0 0
-2.4112625539682 -1.45661770722214 1.5065401501243 0 0
2.0774179730013 -1.8701477192146 0 0 0.651325895593563
1.8059964760266 -1.70022637637225 0 0 0.524590798911724
1.67129127999239 -1.38773002443831 0 0 0.375378778359365
1.41674423435109 -1.1156134636056 0 0 0.132131382168251
1.23904326985677 -0.798162117710419 0 0 -0.174023360743443
1.10731788934055 -0.444052581594373 0 0 -0.454783604129758
0.89835067637066 -0.17823412790678 0 -0.0195619861879894 -0.616073758254965
0.365151642959503 -0.106247794531375 0.322241424604568 0.329729856312443 -0.455432115503465
-0.0781200183177143 -0.183391674707145 0.887097050328113 0.46087653499476 -0.281286913165996
-0.627876332552243 -0.219025024740211 1.16252255842174 0.554154949868096 -0.150962942059138
-0.893654807213756 -0.332478920651099 1.26733623372486 0.585145980216043 -0.0270474061672254
-1.4697266287266 -0.520027133645419 1.16031467494466 0 0
-1.77962695431767 -0.826726443567889 1.16887772072179 0 0
-1.56201399051284 -1.23663332367493 1.27864707991622 0.430503828104779 0
2.11154561726999 -1.53598524164963 0.48021027518465 0.507211976838064 0.909245746244122
1.72125363039672 -1.50241986432698 0 0 0.404125250046795
1.51247625123037 -1.26016893467611 0 0 0.30548955793164
1.29619972072768 -0.957577122941087 0 0 0.054454177525744
1.03454232948496 -0.655624139562693 0 0 -0.30202026446535
1.11420048433184 -0.303266141410092 0 0.167317694245958 -0.58213922330435
0.959947945626262 0.0721808367712937 0 0.146698569681968 -0.885488864035777
0.844158515537032 0.339030690824858 0 0.279329620996536 -1.11380367723283
0.394837103964926 0.398154412518312 0.356626782390014 0.613015042011487 -1.0050744987432
-0.295467707406499 0.366734091147993 0.744503492319043 0.649628678931963 -0.581941533522018
-0.687404003245764 0.250282116408626 0.889417177297069 0.612180957983928 -0.303306659464961
-1.24658938485753 -0.117169398241672 0.873958321509379 0 0
-1.50934506004945 -0.494308707215605 0.770283509511065 0 0
-1.88406660693465 -1.0057731777338 0.669746093059375 0 0
2.0208572634605 -1.43984728138097 0.166815716511623 0 0.517653172003873
1.6610763189243 -1.32640610529076 0.0276192230623892 0 0.446725784077841
1.34691344642188 -1.14000331122324 -0.104754107841823 0 0.247049583850558
1.32082310851201 -0.769162062072861 -0.141140055809609 0.376721805422891 -0.0892527879809145
0.887635073351531 -0.527080585402871 -0.252779608125383 0.320962069985466 -0.538865213531188
0.701893324634147 -0.138392972011428 -0.240871664505701 0.345401693998101 -0.797771627238111
0.900416147886285 0.192341231891711 0 0.257945341238585 -1.13554068851397
0.865187427852333 0.553980387639487 0 0.329312137398701 -1.39646152237437
0.820130833888024 0.70536978979189 0 0.595076532592928 -1.33098787630035
0.438612955016945 0.996981242013838 0.183124656552466 0.507291374476198 -1.24101029276628
-0.285581820816313 0.864582884704681 0.413403980585152 0.623186081586195 -0.67716015742457
-1.03774611556557 0.358631184972967 0.60391176434032 0 0
-1.30206221068739 -0.215813151495611 0.406879244150446 0 0
-1.57922680741177 -0.859049588529329 0.183988788915783 0 0
1.91007754307017 -1.25733572186439 0.184464416769564 0 0.605630702004287
1.5359304803448 -1.23843938294714 0.0415152779358368 0 0.468516042964461
1.22517028382762 -1.01517422087241 -0.0916903037004543 0.33078855259434 0.267759501790725
0.9587840314554 -0.814888534594136 -0.332619298333263 0.395650921868603 -0.134324090990632
0.435112114593062 -0.497566937561593 -0.472623752285535 0.45583170967087 -0.774204614523077
0.183772339216311 -0.045235780434133 -0.428420437222386 0.406626019835846 -0.995576561611932
0.58623674665033 0.171007565131528 0 0.329160124632388 -1.34270213081202
0.817942401354258 0.546815990256915 0 0.356530543214439 -1.4803240713277
0.835534697163068 0.802908764670477 0 0.621416639178073 -1.23885213089347
0.894985746914194 1.03537772980419 -0.137832402302869 0.678188468358933 -1.46806356692461
0.45800305574092 1.10312199652288 -0.0712117592124692 0.625838494637399 -1.14337283600494
-0.212445838245792 0.546925926030241 -0.0457202371861278 0.813389322517363 -0.661006464540098
-1.25342106585444 -0.3312615204338 0.139247091812921 0 0
-1.67642106680184 -1.19493596326817 -0.062819271787785 0 0
1.63313628451729 -1.18909769190042 0.106566732697086 0 0.555192499217306
1.27850154568096 -1.21045917360162 -0.0141723944301158 0 0.461823871607468
1.02168325794737 -1.02888694937052 -0.137871743691817 0.32684119345807 0.346730408336271
0.424170352702047 -1.00702057200643 0 0 -0.100734365701739
0.327319877300679 -0.679538243665673 0 0.343449495914695 -0.75560352475101
0.173440113825461 -0.397014214478603 0 0.3744500058474 -1.22831643131494
0.414159028755755 -0.0922602254144181 0.0351817117260878 0.426320472413208 -1.34144120438234
0.624035469787829 0.178968025888833 0 0.403740062490166 -1.40723204055386
0.627312979713555 0.579952418353804 -0.115401292968014 0.372993985168188 -1.15343563616939
0.930477542259287 0.71203329929284 -0.140089555910956 0.636184107106211 -1.35275993928003
0.690800636434431 0.747612969501907 -0.223184237664519 0.629744274747176 -1.11760942452643
0.279224401859239 0.656727124889613 -0.25960025968303 0.503611165955293 -0.721429215439598
-0.17845764657949 0.136429787706761 -0.410088063499591 0.506634602713064 -0.392206827931142
-1.54383445477692 -1.33685321762631 -0.274318662982554 0 0
1.08439664148802 -1.31770505526753 0 0 0.319855351256341
0.739994107339527 -1.3101809334352 0 0 0.227700703936598
0.364246644675228 -1.25092477733843 0 0 0
0.546316571306835 -1.08789842275568 0 0.323052047146784 -0.329137972955553
0.526198700451482 -0.980291400103151 0 0.452952313056668 -0.710313310934821
0.525934305104078 -0.895328975172937 0.212268344780575 0.449430160215816 -1.03811565277598
0.595419259592118 -0.69096793626593 0.226001432869882 0.420781793409573 -1.05309861600532
0.325215791454029 -0.221903928947025 0 0 -1.11310039468818
0.41936443489895 0.203628062629722 0.192386006804401 0 -0.995016589491183
0.643234477267166 0.461513012731877 0.109789282185434 0 -0.948312824874098
0.330626334906711 0.497813349022335 -0.0889819777926595 0 -0.66659646575386
0.230888217170989 0.340147952921885 -0.400724000587141 0.400486511288499 -0.59103460182748
-0.0390264601832184 0.0192290680729248 -0.644510814318502 0.412714162576257 -0.377709704179574
-0.211420459780214 -0.275981604658925 -0.920821526824149 0.471526232683408 -0.199128924271986
0.708558253428304 -1.39388192941884 0 0 0.153346373593293
0.44039420959869 -1.36864090970963 0 0 0
0.253620079007702 -1.51749752639253 0 0 0
0.0895684626076826 -1.656044703683 0 0 0
0.460521368639111 -1.45170259552561 0 0.35584223332343 -0.377659462179894
0.63823835659363 -1.21896868725375 0 0.40431789147828 -0.755631219969431
0.509473084012257 -1.00159373993806 0 0.253009568903375 -0.780127772792836
0.381708968319209 -0.618472346526495 0 0 -0.824406160328787
0.44944514356821 -0.231382315319535 0 0 -0.781853884333279
0.59582237018038 0.112652206876856 0.0641222435681573 0 -0.665588187977632
0.490562258740115 0.192276555380969 -0.141968089634629 0 -0.58291540722896
0.152835206417804 0.155901744312185 -0.375932213345952 0 -0.378953486654612
0.0475853117903966 -0.0911848723768599 -0.72330801000243 0.175413543685509 -0.405845073182315
-0.126539237604825 -0.282377705923553 -0.987835213706722 0.294400626088955 -0.226845425341378
0.433114328056066 -1.36053444252169 0 0 0
0.356488853805183 -1.46391899546853 0 0 0
0.192592068773497 -1.51927974135898 0 0.277488618814711 0
0.144811203564382 -1.75179994649531 0 0.261636495812182 0
0.252291926166742 -1.80685366123847 0 0 0
0.659673507328113 -1.55504923759567 0 0.336893763306623 -0.493189715811379
0.901216796330398 -1.37870935540331 0 0.361388205095981 -0.760934636466513
0.924587896340071 -1.04681969695059 0.125244945632279 0.28869250243229 -0.790677907961653
0.735448607006896 -0.650515916991815 0.168748655810175 0 -0.636974350343286
0.672798964534558 -0.253855553416188 -0.0756652671372303 -0.182436498962066 -0.667012371543322
0.495542046784583 -0.119676424817547 -0.165985403491108 0 -0.387192036190296
0.392724272337111 -0.14644600320075 -0.415435192456064 0 -0.367654968387171
0.245627145989908 -0.242451392114478 -0.770549684812813 0.0862207337600897 -0.391903124134285
0.011308377291672 -0.334940429778123 -1.04745923122294 0.23100329853892 -0.226446871992435
0.404656787887095 -1.4536306869221 0 0 0
0.242089487861376 -1.3734464336546 0 0.334924539047155 0
0.250380821807821 -1.58780317659002 0 0.351734602897659 0
0.10429602646773 -1.84386756957971 0.257447647034603 0.327972849534954 0.212912927053866
0.510749235858902 -1.89360709024979 0 0 0
0.645809825069289 -1.77144060936286 0 0.26152989276053 -0.202557939165418
0.959692718433245 -1.71303490328723 0 0.356893743635136 -0.527265913830526
0.940884410375762 -1.42763673517701 0 0.217710725043416 -0.600096665134041
1.00954986653558 -1.06583676296627 0.00682374609008438 0.0902213932753245 -0.72870164745125
0.727363644481882 -0.691988558665509 -0.144327759847884 -0.137211010918403 -0.637203625176312
0.480167480037275 -0.471308024104853 -0.290793439971693 -0.337481700882188 -0.515198064615797
0.528855827819458 -0.463353718419936 -0.478642910766396 0 -0.271309272992126
0.365860634807776 -0.466341620172194 -0.759998846294372 0 -0.327658147027191
0.144246448550649 -0.450858963779237 -1.03306787667545 0 -0.315392357764536
0.061685370344343 -1.15837742938197 0.438519714190819 0.475944124965068 0.438487617062714
0.0425902776883599 -1.37699781168752 0.347884487902034 0.437388440077698 0.355069465386889
0.0631640967944654 -1.6687698957172 0.338261645126027 0.442717341675452 0.345325593359364
0.291927490251915 -1.81764189321047 0.305051034126413 0.425480153126985 0.271401225034604
0.827538110593547 -1.91741179864124 0 0 0
0.946861413055059 -1.85419919098626 0 0 -0.083784081788393
1.00873913266161 -1.97214081305629 0.1933925245813 0.29340774124227 -0.222606188896325
0.888567890665543 -1.66171751843534 0 0 -0.282303561164473
0.792508933076113 -1.40756032434758 0 0 0
0.77700485777539 -1.16576091012612 -0.0981490256382116 0 -0.319211545453835
0.444573089713523 -0.897776578706442 -0.329194563900132 -0.473205522044104 -0.493176143209281
0.289349084978443 -0.785657112747989 -0.570962740239762 -0.556306614118184 -0.391638537782795
0.513016308157987 -0.767108152032688 -0.807095215200917 0 -0.298629671669831
0.297874502235982 -0.688365410190633 -1.07349300533389 0 -0.322280416069615
0.0433370879772077 -1.31621482363121 0.571359531425672 0.527876223012556 0.609617823604824
0.13855108051265 -1.47663477365587 0.468570002738347 0.558831928628935 0.535702511088774
0.235073991778107 -1.66760952129175 0.449689608349015 0.549964481802754 0.476941799610137
0.46868154832988 -1.79244473164113 0.37412242669068 0.493026016828779 0.320314493651682
1.17303651607045 -1.87125718979446 0 0 0
1.17474872855841 -1.99924287830006 0.312748054206053 0 0.0109460532203705
1.09314741229249 -2.05014267940704 0.15567776609844 0.309353633508827 0.0180628376832639
1.33461097702289 -1.58532015146465 0 0 0
1.13386398390405 -1.5119394850656 0 0 0
0.848922399024797 -1.47621769799755 -0.243992115023122 0 -0.356661102861948
0.507999080593858 -1.28937255200907 -0.405109280060214 -0.46553725928989 -0.512464800850558
0.287640380239729 -1.16709746150478 -0.629192365736771 -0.688791118558837 -0.462030350210202
0.697986250505722 -1.14562568960369 -0.877215120225607 0 -0.255056135905057
0.466185722655376 -1.01764987095059 -1.14305436146556 0 -0.321897247711919
0.106486970285999 -1.44362705250384 0.690947748890078 0.612284874607373 0.831295066501786
0.233416484784606 -1.56292836034903 0.594030037065871 0.653520837462062 0.727579186925586
0.382885472662853 -1.70573368317814 0.533948056037187 0.613194886914822 0.588243391570718
0.578018115943651 -1.83076244134533 0.421589214974926 0.532103467355333 0.413209043155242
1.47827826368802 -1.82409416930401 0 0 0
0.880419228520133 -2.09956182505016 0.236648668067528 0.320847921400764 0.273252048552783
0.93121799818655 -2.08987392914087 -0.0386303422339037 0.382988780273821 0.267444979490573
1.67207851326612 -1.51710344735418 0 0 0
1.49562298554845 -1.49620923471154 0 0 0
1.40736873780748 -1.42603958310997 0 0 0
0.881078916883167 -1.54044952373301 -0.490674109519718 0 -0.365970626933581
0.905543004366425 -1.47137695825314 -0.551046922738414 0 -0.2751211129193
0.832006570528037 -1.39197976021717 -0.784433481279694 0 -0.22368144726124
0.631569178071242 -1.33130638297206 -1.17055352659067 0 -0.274645347412193
