"(Intercept)" "X1" "X2" "X3" "X4"
1.33498041183498 -2.92507300025022 0 0 0.780144337141931
1.17643213879313 -2.73576333360763 0 0 0.684041027467957
1.12208625565689 -2.46958576117877 0 0 0.597857218882825
1.0478849228761 -2.18531824118145 0 0 0.451830034802254
0.942781495471714 -1.94715198483405 0 0 0.334591006143836
0.789420589337941 -1.71931904228109 0 0 0.149389506683358
0.324823689206624 -1.82714672670596 0.435135772670095 -0.00239455803467262 0.478917871588696
-0.111456771335061 -1.82193791656762 0.66921715267889 -0.00990820111899674 0.555899901451954
-0.394442759604721 -1.79401545388253 0.794591250369772 -0.0395805807293309 0.492427074116037
-0.650480439234695 -1.80581576452046 0.978673802191125 0.0128216829826586 0.417314357324139
-0.881011562725644 -1.62110530826486 0.589496577112239 0 0
-1.18534499829591 -1.76390897151177 0.948461374079072 0 0
-1.46117718572253 -1.89637081840801 1.31622470172715 0 0
-1.73192660645824 -2.00241690986218 1.50678836427326 0 0
1.3240879400429 -2.65656912602509 0 0 0.655992833005038
1.12032379191586 -2.45668794630938 0 0 0.519388122943611
1.06679962855149 -2.15188299377769 0 0 0.443393039686964
1.00934178181979 -1.79882618363728 0 0 0.275050266413656
0.93914060252868 -1.4553316492505 0 0 0.100480052233874
0.835462250025823 -1.10488234261208 0 0 -0.135721726971281
0.412311039422308 -1.07599169415792 0.241099284267512 0.0583279034884307 -0.0443487782386517
0.0554016244901133 -1.05599748605082 0.381059960847585 0.175724808620164 0.0994371297373841
-0.272259952213877 -1.0713043775155 0.533804202446509 0.16059354116914 0.1058620360518
-0.477958620005689 -1.12517606094159 0.701631634053378 0.170305740700397 0.0653965549999796
-0.792997452051565 -1.03493117154265 0.604760980610526 0 0
-1.09262864259716 -1.18206959973927 0.902609595385371 0 0
-1.32912838310254 -1.3458136791995 1.18198790077915 0 0
-1.61763970340044 -1.51038420409114 1.33733817434892 0 0
1.36687678768666 -2.37836689607378 0 0 0.581433928344473
1.13520189628246 -2.17301953664882 0 0 0.419810790688864
1.06297884972527 -1.82990558612923 0 0 0.288799315356707
0.992067016810972 -1.44123836552598 0 0 0.134426250568139
0.893634821884563 -1.16378573210076 -0.0822491673106348 0.171526075105605 -0.120097512396313
0.726421794388788 -0.832184214331861 -0.0690018114082517 0.206064098953353 -0.331627626902396
0.545198076010298 -0.506202019393016 -0.00826619718025559 0.231453825285538 -0.449654267793855
0.277869328910207 -0.3775460903737 0.0784624798052236 0.347342714844819 -0.421891784045512
-0.0670791199144899 -0.352299829919144 0.244883479266234 0.346401170087776 -0.327891225757189
-0.288034893714008 -0.463277662801991 0.415513963628243 0.340402800608109 -0.304080471240774
-0.698473689908848 -0.47095749421728 0.563283476937245 0 0
-0.974388796271625 -0.63120052531208 0.775154899102805 0 0
-1.20500293895397 -0.824492946088363 0.944581890867505 0 0
-1.57153361386906 -1.09793130719418 1.03631576373948 0 0
1.47242678106156 -2.1199222271677 0 0 0.557862221034356
1.25370877548635 -1.85829867634383 0 0 0.36614710475491
1.10833076494003 -1.52247932930235 0 0 0.181112754915679
1.03320357116235 -1.09189944161959 0 0 0
0.892844831793099 -0.843243433191683 -0.231933067063991 0.266699643345505 -0.320651309721766
0.779257127734841 -0.492515176256341 -0.290096376735166 0.377860103540239 -0.532937522940765
0.697180688295608 -0.135601818955263 -0.273663358139226 0.414589995361515 -0.689012503239803
0.646986362953967 0.115028900045113 -0.217021615583532 0.447757961891242 -0.77891170318594
0.342521875052865 0.216563780856779 -0.092665146258291 0.464843849976108 -0.732473821225521
-0.0943647046364565 0.170101778788937 0.160303030693006 0.440334066578363 -0.55154692468684
-0.610200217583562 0.0993142740083465 0.451262697906361 0 0
-0.859584635356814 -0.0906569137340838 0.551241304575051 0 0
-1.16459252498488 -0.407743850984154 0.640730063522212 0 0
-1.55512212725765 -0.755348358371358 0.646942037725472 0 0
1.59350613034599 -1.82731834495164 0 0 0.668482067512985
1.34165915975517 -1.59315391689693 0 0 0.344855295159535
1.29658123954751 -1.18950569267104 -0.00823411274199074 0.100739841689834 0.0930579713200531
1.01799280339987 -0.886345131765093 -0.160020487199967 0.200786580160358 -0.22186760187093
0.819865252821067 -0.630724774036825 -0.306059320601168 0.310291001632093 -0.454972566744209
0.740819574414684 -0.30078780002473 -0.347878740167494 0.358599020270945 -0.621610178261261
0.685233996530727 0.039599635380183 0 0 -0.57118942447185
0.687712195121113 0.361945135886147 -0.369521527257854 0.380656826901499 -0.885120860027753
0.564057493093739 0.544841857842571 -0.292206282677391 0.427978472815463 -0.856278713325648
0.0360180147767916 0.598833809122445 0 0 0
-0.410246439498338 0.539263917372619 0.265301136029158 0 0
-0.782731225762225 0.291195329823933 0.396091274662548 0 0
-1.13968442549601 -0.0645463862577138 0.45080421548536 0 0
-1.51368384154425 -0.542903759122467 0.451204648308815 0 0
1.65806377053121 -1.64039387565797 0 0 0.857990618528158
1.41173236004523 -1.45008355028421 0 0 0.489355132176188
1.15711671946219 -1.24188865819462 0 0 0.12956829677333
0.874246963242065 -1.01261291163464 0 0 -0.1872060969326
0.549785163064072 -0.683547037439871 0 0 -0.48922160574649
0.2997687260187 -0.299359093393493 0 0 -0.816452752752909
0.434054672469644 0.106231856954904 0 0 -0.978781454326921
0.466968298695594 0.402693262605278 0 0 -0.458561809405989
0.496545548128182 0.646049324948398 0 0.168531083168662 -0.709273736867237
0.205153705698036 0.891165350920312 0 0 -0.702486196469211
-0.0770681916776824 0.874471036551177 0 0 -0.49098831576924
-0.549894031069522 0.661712670393665 0.129817145739841 0 -0.280419520252553
-0.979289057033562 0.199546246342528 0.27553591906174 0 0
-1.40286206367887 -0.418933190096709 0.277228700733796 0 0
1.53425804389688 -1.41798277110558 0 0 0.919452408611966
1.30262880005698 -1.34983450128029 0 0 0.488173135316809
1.08360126192232 -1.28175442359457 0 0 0.0681066193465175
0.805394559772364 -1.1243383462343 0 0 -0.338698017788735
0.408304216664748 -0.807516054035725 0 0 -0.702400592620284
0.136567527987144 -0.432083414141842 0 0 -0.815871174059582
0.215548703987391 -0.0166549147166676 0 0 -1.09396268658571
0.303212268265204 0.369253520017384 0 0 -1.17818448496689
0.349900257303173 0.637901023831498 0 0 -0.925629879527211
0.203337165945642 0.811580069855195 0 0 -0.786891093744025
-0.0162284464137326 0.815509499583488 0 0 -0.471227816636269
-0.199964950660504 0.679893313617493 0 0 -0.262738345169179
-0.574411998927785 0.43849491321339 0 0 0
-1.0221942905509 0 0 0 0
1.29286671210043 -1.36507003647482 0 0 0.865976269798379
1.11732396162967 -1.38825567677077 0 0 0.46776398685773
0.875723129268907 -1.38157291637957 0 0 -0.0111346589448484
0.588523116151285 -1.30833345239016 0 0 -0.456671934338294
0.415897440847154 -1.10428107505928 0 0 -0.779274696369638
0.30483896675886 -0.824936351924093 0 0 -0.857994373268933
0.243779836646653 -0.422620867931429 0 0 -0.872477148098415
0.260620791720102 0.00524857227253883 0 0 -1.01382010842479
0.219994446170019 0.359670685077187 0 0 -0.957248408482524
0.279435525311408 0.587877538045898 0 0 -0.767444473477537
0.145569265348939 0.688013750171789 0 0 -0.452163299022651
-0.0267661178349666 0.729875235699522 -0.291841145681813 0 -0.310694094041313
-0.439761528393685 0.417531107307895 0 0 0
-0.586569900015782 0.349638089962633 0 0 0
1.05097589238641 -1.35456777604156 0 0 0.760310370109432
0.790405966002324 -1.34274642226042 0 0 0.323861184743648
0.507715098402329 -1.38098760330304 0 0 -0.110772214150888
0.399200747355944 -1.47190693696319 0 0 -0.52102873104156
0.475817862264655 -1.45122124212197 0 0 -0.776266687552946
0.438046083330212 -1.27859154075496 0 0 -0.755288404646072
0.334501212632569 -0.936819773468717 0 0 -0.574212567523882
0.325952143909247 -0.46870723381022 0 0 -0.765668231414275
0.335732869977082 -0.0445079169967916 0 0 -0.716397996977553
0.422679864803813 0.300287575622461 0 0 -0.568439801146536
0.299543473676905 0.447440822215857 0 0 -0.33418829438031
-0.121634047915081 0.34437812781594 0 0 0
-0.280921537417576 0.29314036055247 0 0 0
-0.406592255584564 0.238410399629568 0 0 0
0.675123893595292 -1.27320576092332 0 0 0.50457813332499
0.452856776494574 -1.27612985586285 0 0 0.148704060874623
0.316670121602354 -1.44628234429826 0 0 -0.133379923335757
0.351487370037031 -1.64227073976888 0 0 -0.406225398365782
0.510788254580254 -1.70144176729355 0 0 -0.636328728425509
0.600816176853374 -1.66324385971624 0 0 -0.685495862572678
0.494846914827228 -1.41794104968553 0 0 -0.476151532008445
0.453890915023882 -0.967914399494153 0 0 -0.63297261165071
0.424407446177123 -0.484423881388885 0 0 -0.584671456176405
0.558299551863456 -0.0555447368374672 0 0 -0.397627844294073
0.45323000521693 0.10253640544117 0 0 0
0.307163385556748 0.141049227054452 0 0 0
0.0451714305070641 0.101341381076781 0 0 0
-0.176676168693641 0.0778729472514435 0 0 0
0.440233821767256 -1.1747809347213 0 0 0.341987172931504
0.389356885618682 -1.26758347810579 0 0 0.168534290305985
0.360257221430017 -1.53894327340678 0 0 -0.0464145567335284
0.457816980725713 -1.75553558215126 0 0 -0.271460748826772
0.639101318569133 -1.84646870252742 0 0 -0.452754168136559
0.96367293032444 -1.91956492645453 0.167141120006481 0 -0.514184732602306
0.723026422833614 -1.76937333159243 0 0 -0.679292821486352
0.612078167824806 -1.43765576759479 0 0 -0.49990884069011
0.610920419425963 -0.986434770143998 0 0 -0.534222956270323
0.693704838346028 -0.555387551855251 0 0 -0.479754015542983
0.783738795002518 -0.291054688228299 0 0 -0.267783343273741
0.734842217954281 -0.197187028666209 0 0 0
0.491741056916296 -0.19396396632016 0 0 0
0.221613388590639 -0.161662921184607 0 0 0
0.448981649542056 -1.14771323732069 0 0 0.400548894551961
0.455546951926159 -1.34467846209573 0 0 0.238190823853012
0.486862305169543 -1.60232576352087 0 0 0.0183812088778432
0.633006423145071 -1.80556673633288 0 0 -0.155111679954747
0.769315682610838 -1.87664517081245 0 0 -0.289225889640159
1.01319395493789 -2.01153584774068 0.195089487333727 0 -0.373247207811497
1.06630100348201 -1.99678085162984 0.126691786581045 -0.00065463743118433 -0.307175023717814
0.828675528385539 -1.75730070612248 0 0 -0.494614288738947
0.772169171344252 -1.43515112401357 0 0 -0.48474394355561
0.854332069483038 -1.0922730289042 0 0 -0.438335174945364
0.635512789940794 -0.865403995222818 -0.35581646809794 -0.0703518351665739 -0.396815570065935
0.967342698069562 -0.624086314188891 0 0 0
0.881036270056467 -0.531337404241785 0 0 0
0.632613551972788 -0.433485607307444 0 0 0
0.43648208711988 -1.25218434683914 0 0 0.402192841128821
0.521924149730744 -1.43188947550227 0 0 0.239478204407335
0.63333440666581 -1.64519260786839 0 0 0.0877695759565378
0.752569710769075 -1.80794453570244 0 0 -0.0689180349359735
0.9026308677317 -1.786784350864 0 0 -0.203870985967171
1.00197391746122 -1.92846521465856 0.223194363244643 0 -0.207876307178733
0.93426492355915 -1.95779129223079 -0.190285029774414 0.302042454588709 0.133105165559634
1.06229376859402 -1.74858056195048 0 0 -0.344335234703337
0.927421581910353 -1.79749320322363 0 0 -0.37913576948664
1.03004009917228 -1.54096786933011 0 0 -0.260636204514048
1.15599247040698 -1.20438344025602 0 0 0
1.16542753908641 -1.02321928912637 0 0 0
1.11201196585716 -0.85546227615513 0 0 0
0.912833869962445 -0.6696188442328 0 0 0
0.55909660574708 -1.34628247820434 0 0 0.515009364141286
0.650060026248346 -1.5258395123866 0 0 0.343828146317535
0.734964664498215 -1.70054698307049 0 0 0.149838532543483
0.86430861179048 -1.78116813950092 0 0 0.00663678391813878
1.02656638392158 -1.72998280494792 0 0 -0.106294244958155
0.966608922435046 -1.8553920065795 0.216271780614108 0 -0.0239936650577099
0.781550889391663 -1.86683682765928 -0.474914507622673 0.537068447688578 0.476354590428805
0.725029822607809 -1.97826267267176 -0.547750905463958 0.506641394410614 0.344510942578901
1.23239103257179 -1.75035233515755 0 0 0
1.26744079268285 -1.80529523845329 0 0 0
1.31354237353771 -1.6166208983499 0 0 0
1.33508851547258 -1.4070965818252 0 0 0
1.27900793128644 -1.15426059575635 0 0 0
1.13030797060006 -0.919099274771902 0 0 0
