"(Intercept)" "X1" "X2" "X3" "X4"
2.4856169607966 -2.12006805673819 0 0 1.07921790045514
2.02020156940257 -2.18386815049054 0 0 0.980445602613009
1.66753729880848 -2.24389033855813 0 0 0.985191703212837
1.34773559601333 -2.15771262124021 0 0 0.920460561672479
1.07270187642571 -2.09718575255943 0 0 0.859795315014224
0.785161083935625 -2.08696434666417 0 0 0.724760034354988
0.819668690681607 -1.68134921940397 0 0 0.353343536980788
0.230314640989566 -2.06211248679806 0.506779784182333 0.296075972784475 0.654703638510877
-0.467177650817924 -2.05652900345033 1.07468640101415 0.61914831249283 1.01943979051674
-0.883447331705112 -1.61745882525533 1.47937017914012 1.05259880957161 1.29371997038472
-0.63316250896209 -1.26534069036086 1.65398358500548 1.15481253901732 0.377903320915592
-0.458181496326754 -1.18642057043173 2.19478851744147 1.32939271193506 -0.242192909837664
-1.09095230355531 -1.35186143784114 2.8828310601314 0.984973687557864 0
-1.26927433571035 -1.47051254000458 3.42887757645709 1.19787615331733 0
2.85123371133432 -1.5519653523952 0 0 1.15698927928018
2.23625899242221 -1.65969881045921 0 0 0.904316013932968
1.74720974017186 -1.72452037165758 0 0 0.777654578695574
1.30833712104165 -1.7152624838265 0 0 0.65487952514763
1.00953713787875 -1.56252052746501 0 0 0.588119959532226
0.710043086386975 -1.36062793222222 0 0 0.431341741715846
0.649239101394219 -0.999737797842357 0 0 0.158147278197612
0.205526460415595 -1.08127675070735 0.207409194930454 0.209317570120141 0.140191323738088
-0.187140176092462 -1.32820870477254 0.489954489686366 0.551725613015475 0.350560892768296
-0.266989723751613 -1.02072135977015 0.735189171943237 0.730660872885278 0.445652199776288
-0.123742470976349 -0.777259430388408 1.12724244454508 0.83289120981102 -0.262160148096823
-0.17805551749502 -0.731025781853191 1.658176532536 1.02419588013564 -0.510031859716094
-0.971676772417715 -0.985185423137838 2.32151325006629 1.07664998403334 0
-1.1856758397484 -1.11943709088556 2.81244212887774 1.32979004734375 0
3.17708335721519 -1.0176232833551 0.00785168603183461 0 1.41067295920559
2.51294926097331 -1.04737311374871 0.077062066525216 0 0.973759081326065
1.97603882387896 -1.12419011799108 0 0 0.663733033466901
1.38227632957245 -1.2075557993153 0 0 0.442844866287572
0.908397316638586 -1.08758846121899 0 0 0.281315695569095
0.539900957112974 -0.910920381028521 -0.201583912222553 0.0952196596947837 -0.0126367356735481
0.599610637693575 -0.596713863063236 0 0.226983996323903 -0.0533985105779873
0.50871025845926 -0.191688560909008 0 0.0351886746408346 -0.0665070692871767
-0.0707462833740684 -0.467126399518645 0.0435173617865351 0.365626873319915 -0.335624371608403
0.0629285017656781 -0.56249660459454 0.300575843847761 0.601791677855393 -0.253493037797511
0.221872928673473 -0.315159191305697 0.734613780664517 0.510530865084464 -0.638738565618246
-0.621636157480627 -0.587566424404974 1.22462237430404 0.798314120101439 0
-0.863154617552083 -0.692135238200648 1.6984670528465 1.10973054870651 0
-1.0078925011131 -0.886729037652287 2.03903101996859 1.47961705905149 0
3.09673735985276 -0.909443433318476 0.0158161147559407 0 1.42500943022724
2.13786865310321 -1.14988366295595 -0.173123662221423 -0.298487339931144 0.890440980446878
1.66970908778558 -0.92838601199815 0.0304206117684135 -0.212087806846695 0.413133099013748
1.08275636665798 -0.890412440052898 0.00514024009157198 -0.0556064266845342 -0.0907943708416267
1.08302204598575 -0.823982867547445 0 0.139057044274118 0.184036200263898
0.652371961154763 -0.632187703368606 -0.262119282779891 0.339301467092785 -0.229030285525019
0.66197277090219 -0.329886844949791 -0.261088412934566 0.530215492218445 -0.374221028974972
0.554688572133046 0.000228201236010438 -0.246642961849846 0.379416775752101 -0.363434301394538
0.425771372624108 0.308108934178768 -0.221545129629717 0.104686638513533 -0.49660152777439
0.0515100014681588 0.249506314094853 0.215841639850928 0 -0.643212156639075
-0.343207903305699 -0.161578266803293 0.399548988422911 0.349050379637043 0
-0.729268447102758 -0.181497359751155 0.694280479968532 0.733230951995231 0
-0.503593421102902 -0.133479843853906 0.865504943491216 1.18215972144946 -0.37798598830751
-0.585022687720949 -0.356959105167831 1.06147798329559 1.53393712152758 -0.135556329711125
2.86470504389569 -0.877578739767366 0 0 1.41649705706892
2.35539936899407 -0.82351201013658 0 0 0.985556838575557
1.87538878510704 -0.707891204224339 0 0 0.545218697444945
1.13505185035333 -0.730083434090089 -0.0691922111582978 0.0234407350752793 -0.125336791987262
0.661320071847836 -0.559570569568496 -0.210596704391695 0.250789618810209 -0.429286444584499
0.56229007068688 -0.31174462216314 -0.295344066250672 0.494863654431465 -0.520519715036997
0.65121291477902 -0.00161414462923456 -0.27301254065882 0.56136776583589 -0.532522445599064
0.592810475053509 0.328548299807039 -0.289637288201539 0.509993133640755 -0.627042121438534
0.496048513516459 0.641825547195045 -0.137895878102218 0.243390047558549 -0.689503686196183
0.250140093455439 1.02320931208208 0.0893910223446211 -0.0945955349416223 -0.990118210515151
-0.17587372493846 0.890439672576354 0.158423963597113 0 -0.699902801940717
-0.401434165379179 0.513818961156273 0.228943734658028 0.59151706709859 -0.565803679931433
-0.501171601727117 0.126025511896596 0.363048435359302 0.987123895162534 -0.282284754633561
-0.711297624348061 -0.31143757888722 0.527473582231416 1.54040761558306 0.0104504979405954
2.48869594542242 -1.00185422542455 0 0 1.35262813820151
1.95785970647505 -0.977459679834638 0 0 0.920006232218842
1.41078677115731 -0.949454408647795 0 0 0.433161846077744
0.895680429606613 -0.915238007736113 0 0 0.0507390080886054
0.560655393311697 -0.503161503977574 -0.286650402937125 0.303672009492753 -0.45897508688148
0.123245620410053 -0.243373613810316 0 0.097385975295812 -0.387021348051858
0.144823490631121 0.0897601112643103 0 0 0
0.738292093699245 0.617237955720787 -0.16287031783292 0.685764398974198 -0.807150166934342
0.457273468867844 1.0249808433635 0.0682287778206656 0.256783320695128 -0.750923285399622
-0.0385137955651365 1.10810804805187 0 0.0499903272732177 -0.619361104961888
-0.19401268541885 1.191809041732 0 -0.0766508877255724 -0.500500259136299
-0.155073287680132 1.06408687486643 -0.083227122559377 0.139500368551543 -0.522671773885417
-0.834557044113769 0.433105350903173 0.14286211187609 0 0
-0.532932658293262 -0.265714376694438 -0.262265915534688 1.3783254113597 -0.0917651344270174
2.17307448100598 -1.08910305075807 0 0 1.29068659047597
1.68461549137548 -1.0801650171651 0 0 0.875279817574838
1.172579073953 -1.06072059449559 0 0 0.415233062463428
0.690478558221866 -0.957867594245817 0 0 -0.129254733204276
0.38563670967673 -0.700918123698022 0 -2.80476819066679e-05 -0.378790499220185
0.0295024788461077 -0.244982621422046 -0.286571778529449 0.0499307988505793 -0.715101921104456
-0.015071806706847 0.245980851645149 -0.0175607001352898 0 -0.534891618966435
0.602734668826293 0.630529159780875 0.0698416093616452 0.358669076336643 -1.00829727795857
0.486474767901547 0.968675573241375 0.236804120469164 0.193776885236769 -0.923082755815966
-0.25429222718519 1.17970866337069 0 0 -0.463949079717963
-0.284156424646543 1.07216049976763 0 0 -0.329147716776721
-0.108369435019454 1.04410365777222 -0.277034782511369 0.281719018504317 -0.340970825564159
-0.0866872899492846 0.657637161686444 -0.477361621040002 0.559901558211125 -0.303281244736024
-0.280250245867749 0.0617797173566435 -0.570288456072462 0.92674251060522 -0.119315928107799
1.8318702809613 -1.20997100484516 0 0 1.18507685073248
1.46054211142206 -1.22033505201997 0 0 0.819784387136283
0.933829879744116 -1.21755733488845 0 0 0.187161546085175
0.527255690767526 -1.09615610403557 0.044999275162204 -0.0755217050747641 -0.0349553976859365
0.523271854604071 -0.930843194992982 0.0372600175586441 0.0144152699756703 -0.536252078261751
0.106719682481832 -0.842349931102301 0.151752999092091 0 0
0.0906143198853121 -0.238172107065152 0.309003723050845 0 0
0.354813328239933 0.200022918030497 0.483148216889572 0 -0.764547607831801
0.371942179936605 0.655816289577473 0.373470121827732 -0.0188878163167373 -0.528368076205878
-0.442521774535817 1.11342000804844 0 0 0
-0.433179094866855 0.950491082661459 0 0 0
-0.468835486615202 0.901272092953137 0 -0.214235543098889 0
-0.0508611861985433 0.472259105107212 -0.568595848264218 0.561110160235154 -0.176538286704059
-0.820154177254479 0.346462563229971 0 0.00119052374533323 0
1.47261175788495 -0.997624713278354 0.0271004940208986 0.088399671106282 1.33982395048291
0.970751072174468 -1.19082777783841 0.218842858889922 -0.0348994499938612 0.664697716971349
0.413940731035794 -1.4072970075252 0 0 0
0.283261549060226 -1.479273313832 0.229900386694525 0.0801546939467055 -0.283136472842811
0.504661787478549 -1.39654398193847 0.148166507166215 -0.0949310096723666 -0.487490589672019
0.442516709354568 -1.02665815717806 -0.0575643497760147 -0.0683048281563061 -0.552443853702681
0.286829121888804 -0.545328722735624 0.12562337870284 -0.140930144873663 -0.554650116068841
0.067160618644001 -0.0405358398039 0.324611431634657 -0.0389415098418899 -0.425177672400313
0.0623478018792137 0.219618305827214 0.438062493352465 0 0
0.250999748535868 0.94686723732732 0.410648683713177 0 0
0.181996075172168 1.00349450013293 -0.0129200428932185 -0.591721662220361 -0.315150931450605
0.0295597059896689 0.737899318721182 -0.466977938803525 -0.138049424316316 -0.292108655523972
-0.640160288727694 0.631406242464315 0 -0.293427063974026 0
-0.756405366816139 0.359884146787388 0 -0.23764402874265 0
0.699888422058903 -1.15368591173477 0.159906584950087 0 0.591680527745089
0.37493775673138 -1.27419564677895 0 0 0
0.196884622671105 -1.54310446698953 0 0 0
0.102435629045168 -1.84816501866914 0 0 -0.24230331894566
0.605531586426837 -1.78059473773733 0.170694329729053 -0.178382842546402 -0.443735528517787
0.597887936240753 -1.51710418611748 0.0562045252465345 -0.229633553646987 -0.509650164380733
0.27347012132333 -1.23629630318986 0.274852534977006 -0.392118143917731 -0.454513378185408
-0.127964062658012 -0.892510141523839 0 0 0
0.191003997774326 -0.476847505640563 0.398272937254427 0 0
0.607147990144413 0.256376068359053 0.183147339315341 -0.0880462052388975 -0.227584950827013
0.685478429618913 0.81111292144613 0.0574223754362557 0 -0.249296467343075
0.219987851053035 0.333431280646685 -0.429616210429943 -0.633102212649601 -0.296304191953863
0.0241826817685869 -0.292062368977721 -0.785545697337144 -0.0473924780638305 -0.155062817673985
-0.0624808956874383 -0.725717660494383 -0.937676056481141 0.487943326157521 0.059670386271938
0.280983305173394 -1.1106921011396 0 0 0
0.160972271476752 -1.33471776942883 0 0 0
0.189502295995294 -1.71402845176816 0 0 0
0.0887541062175651 -2.11667860862567 0.255052337103413 0 0
0.4781639633107 -2.06736506304586 0.272851000819447 0 -0.258357626775718
0.86664862618581 -1.95322701047895 0.322110192490187 0 -0.428825390894626
0.972080872738398 -1.76150753885176 0.365645926594795 0 -0.439260604267676
0.823843114452959 -1.49379227533863 0.256420954583849 0 -0.330810685886573
0.671115756432491 -1.60250559960529 -0.18086208068587 0.398276853622347 0.033979303507863
0.590480143119174 -0.643449483537702 -0.068430391315793 -0.0957323014726991 -0.343288088493802
0.601398324288505 -0.0167595438887488 0.0113910515464143 0 -0.258553086263198
0.410626491743878 -0.142392925321525 -0.537468548372664 -0.738314455277898 -0.309279004029792
0.237412370147753 -0.629424530995578 -0.890933034554578 -0.762038028966303 -0.133995934659592
0.0493262549195912 -1.06585712342642 -1.06575959806411 -0.0829013509869806 0.107814580351706
0.157911576078419 -1.11983515707801 0 0 0
0.186354287124571 -1.46387697293852 0 0 0
0.262209719110212 -1.81597345647494 0 0 0
0.318442957951199 -2.11871769427872 0 0 0
0.484910731676325 -2.22468071917229 0.217823233101431 -0.063881645707135 0
0.971398248519827 -1.96139814874072 0.308854366645254 0 -0.257190793737061
0.964475842625554 -1.81362805810804 0.297013423170547 -0.210054834822529 0.0677798482524088
0.871243908354413 -1.85893658022674 0.201417908633636 0 -0.0132703964566789
0.380071030731654 -1.76745390556227 0 0 0
0.474789365373675 -1.29813707790842 0 0 0
0.564721846162055 -0.722142383009355 0 0 0
0.411587936201845 -0.869321413522993 -0.655703705347282 -0.826299570393015 -0.335313794794442
0.330286372255375 -1.02674998940545 -0.934986690358264 -0.973222572502628 -0.173909882184584
0.263339731123352 -1.46214663103696 -1.22308199946153 -0.718825095619032 -0.0290061830123849
0.189470923319021 -1.27960698127973 0 0 0
0.17151971073257 -1.4049988877388 0 0.318423672129852 0
0.0671659455052641 -1.82384861804129 0.170674354105301 0.469944914227323 0
0.123860296650385 -2.17275582184152 0.0772065724151372 0.635028133473555 0
0.461478551035951 -2.15031004421347 0.162037160009868 0.191963763560269 0
0.853347539444514 -1.57157917647573 0.0963131352164371 0.132320760178241 0.0183006637810809
0.739537376175076 -1.70666852499137 -0.118633778175788 0.0781588829621443 0.756937538063001
0.964437054704713 -1.82018156245373 0.0217955851700228 -0.253826639049682 0.436081762651239
0.60074011643335 -2.28213016427114 0 0 0
0.602506830680453 -2.01840076818872 0 0 0
0.595071630308493 -1.46944946702157 0 0 0
0.554126606062637 -0.978500943766182 0 0 0
0.294546888452064 -1.42087024869741 -0.917928179178481 -0.956827656969939 -0.230484241826847
0.261951031533036 -1.65577866569479 -1.18283904718757 -0.910933532931111 -0.0526640006457929
0.197704691926384 -1.0725626265145 0 0.417443967519275 0
0.223937704401195 -1.47308230446764 0 0.416224908396155 0
0.0705224295215786 -1.78490741122026 0.134831080301941 0.877866905724575 0
0.175353102808475 -2.13926968169712 0.0104851124861376 0.888102537863281 0
0.697521813225014 -1.88726963436292 -0.0627157970053466 0.355508679473172 0
0.758296232412664 -1.18205763685346 -0.212460790162193 0.4670677009945 0.376161916803419
0.824198102966551 -1.17693495038482 -0.299232272943823 0.232538905877732 0.812484389293914
0.600742597702414 -2.09963541130362 -0.131069166828787 0.143292708072573 0.649463607785614
0.81809785089324 -2.25557575778419 0 -0.358043337974688 0
0.712107563322121 -2.48367041531898 0 0 0
0.645997999878989 -2.13915266975807 0 0 0
0.563722583840545 -1.64188900149362 0 0 0
0.223148368486006 -1.91843518943732 -0.956899382806759 -0.869684636687826 -0.263183778563503
0.10514878693138 -1.82033571650899 -1.13692369774113 -0.923502176947031 -0.0839447469555653
