"(Intercept)" "X1" "X2" "X3" "X4"
1.50224344894633 -3.58584066661964 0.426617617253675 0.624857660085333 0.605905003360055
1.38770227556291 -3.12098714318218 0.492188903100494 0.565002930221445 0.442214159771319
1.32737057847011 -2.64734270382107 0.547917389506809 0.491572473194499 0.31753377868554
1.21006262145839 -2.19952401529976 0.607597464449939 0.360982584828744 0.235493140561567
0.836133024803217 -1.94059444629904 0.661978987658991 0.106956349989407 0.231678299762489
0.438117906021823 -1.7528977217718 0.745910177365264 -0.00839846973475062 0.257657057366847
-0.131728705958605 -1.61267270422218 0.934979574167769 -0.14826212793594 0.410969636157214
-0.518004668410585 -1.54515565471077 1.08844750566932 -0.161354021705555 0.290625811255206
-0.858048221412926 -1.46619432673205 1.17406544450964 -0.304664244641735 0.326421245787486
-1.26220468154767 -1.37307241449928 1.38243375664486 -0.36800216780258 0.278107985686986
-1.61096980231951 -1.36136796229385 1.63142136229017 -0.423410316602277 0.237039890259201
-1.5878523955249 -1.42200323543689 1.67315544816331 -0.227522582162646 0.105699973351028
-1.50421262430788 -1.37393592087886 1.29430140368813 0 -0.264330607927753
-1.82854631712494 -1.6873692285251 1.4841199611012 0 0
1.38412517129775 -3.40862083449817 0.204738632075524 0.597842066318373 0.504277800279054
1.25450136998154 -2.93413620876133 0.246384961334843 0.546664831017246 0.32559731618298
1.17305263175328 -2.43372705568889 0.288064226658387 0.48286343173093 0.165153379517886
1.09956513273014 -1.92538521745416 0.314555278751325 0.39709802847964 0.0295863349719203
0.850722063302549 -1.52447448640058 0.35420730597152 0.262820426564075 -0.081585352469266
0.571376891788122 -1.12883262450609 0.393929907739483 0.155887396982362 -0.136820633268855
0.188256492804054 -1.01097015542142 0.517451765000681 0.121822554571056 -0.058112908233215
-0.169768117184501 -0.969351162577027 0.645962307780714 0.119999197365228 -0.055380191221021
-0.566440236400531 -0.859524397859394 0.787010523476539 -0.0414420782513637 -0.00107635022438413
-0.993898566533759 -0.79632334749202 1.04750483638515 -0.17255552733456 5.15336955044198e-05
-1.18439936763404 -0.834847824059159 1.22000364947684 -0.169185723768565 -0.101354732647276
-1.07612236843397 -0.775261066509937 0.952586165946142 0 -0.345345504712272
-1.43313974115063 -1.0373929970808 1.04340597230273 0 0
-1.64287029132407 -1.29788792913242 1.19968326448465 0 0
1.34567290719104 -3.19589463890408 0.0110425456178313 0.557748010968736 0.446749781212248
1.17075340288294 -2.7302295181416 0.0469613944240469 0.510824703172768 0.243150502990707
1.12187904391415 -2.18381763132368 0.0695463125901773 0.466035531550954 0.0611718109875858
1.09691600504621 -1.61870065357821 0.0426910149604464 0.443029884486398 -0.103562711470709
0.874198847418447 -1.18798325115276 0.0113530348804579 0.407757026356592 -0.349316304671204
0.646259950040812 -0.68520419733462 0.0421950822932136 0.381423510349101 -0.496596713259842
0.410057777076086 -0.394743403183484 0.160496389374252 0.264138801678603 -0.505456973433581
0.129374156471485 -0.367531146717297 0.208820495156497 0.359126204006261 -0.430509822731177
-0.304724965663133 -0.266521297914244 0.43359120528082 0.205914900866429 -0.357097278258141
-0.567591594818562 -0.255035985852865 0.625137644550612 0.131353316236841 -0.383117532880861
-0.638437928440405 -0.348899324151486 0.785644048274723 0.174171188783158 -0.407362990998464
-0.909954797435732 -0.34913141993389 0.776143053971288 0 -0.429196022126174
-1.26839574462644 -0.663179861684356 0.859143910982805 0 0
-1.19207109512837 -0.80813575820916 0.980777115985804 0 -0.335696313897665
1.40084948124544 -2.9178164716491 -0.148125838218211 0.46710485370315 0.461928510738421
1.16236798076646 -2.50706383880259 -0.113707883387569 0.46694156684766 0.212230869709022
1.15356192818685 -1.92880554583325 -0.0931260711687769 0.45554662864533 0.0107716702353454
1.10662952852946 -1.34161178376138 -0.123089597143989 0.462477680921839 -0.19873812704736
0.989895471198785 -0.850442968584949 -0.210547482250973 0.503667592846334 -0.41381231510646
0.783867399967241 -0.379789486155586 -0.294517922993551 0.608430882065845 -0.713359764896508
0.666582081169032 -0.017824294377988 -0.206906335108757 0.584813163366014 -0.787249462929293
0.525451658169944 0.122720055409423 -0.107785915634725 0.554087279850577 -0.843307786970655
0.163839693857144 0.226122830344561 0.0885592304132835 0.492494212581808 -0.808740748376768
-0.163975062453281 0.226801797655087 0.289156435824507 0.395824487586127 -0.749523252522859
-0.585760579122896 0.290702285590302 0.457351184833447 0 -0.670485391198509
-0.746874850010946 0.136485107859876 0.594300600537527 0 -0.570843633114588
-0.863081086873745 -0.139427499748158 0.689192625202548 0 -0.436896703714206
-0.985934189873159 -0.518912267583606 0.735344056047429 0 -0.210843041056466
1.62585914231609 -2.61773307504019 -0.246187801395935 0.273628947130916 0.575187267170787
1.47256859288984 -2.16445676574975 -0.195004936288555 0.337681115905364 0.277398251886365
1.28267059273557 -1.69880821151564 -0.191315684974602 0.416411398070367 -0.00799625777616248
1.11059576594564 -1.15949215496456 -0.223437056043071 0.431154595271308 -0.275128809323064
0.952920144638552 -0.67567537363012 -0.294268548002568 0.477261014973597 -0.506248877088975
0.810615574293055 -0.239693167722973 -0.352064824211132 0.542980502861698 -0.749076288894316
0.741112874585147 0.197100493456148 -0.325154390798881 0.58086429797051 -1.04670067132036
0.610962709466747 0.391228744129118 -0.254925099996575 0.528432690193252 -1.12161564795168
0.375324425428457 0.578047276666343 -0.201245188045581 0.573808855065105 -1.15124456614235
-0.273613471719738 0.839401560448433 0.0883005286427942 0 -1.06619878701945
-0.533028825697444 0.775817225083702 0.290674010394787 0 -0.873689200039763
-0.644737135021627 0.541990869947753 0.421511277219041 0 -0.640831881168163
-0.726881394414938 0.128991985821022 0.464105717091173 0 -0.353954089723885
-0.805290396738728 -0.340839051655267 0.493306236151935 0 -0.0938573701866879
2.05780786159927 -2.3833143285889 -0.28089445139809 -0.0743095348136465 0.80004308925751
1.85105019442419 -1.96433242235774 -0.226352240396918 0.0577431173157522 0.385293460997982
1.60276742742702 -1.53116998956836 -0.180371892196564 0.194198703117219 -0.015679596431162
1.20497355258725 -1.12498524579005 -0.179886419906707 0.268223162393368 -0.378190666436813
0.834688529165126 -0.6923755075316 -0.190748101367896 0.2801966523748 -0.703012170418921
0.620771393930755 -0.269950081971682 -0.215428265945541 0.346769037075212 -0.985136375030295
0.304434045945319 0.248069089440232 -0.20048399321619 0 -1.23873577021605
0.499972296609865 0.551406955342048 -0.282437923719048 0.378937845248296 -1.44395099571767
0.442356841158232 0.675553717263849 -0.288750433284151 0.545483342163497 -1.52371834179634
-0.0686519979555084 0.972062948805899 -0.260745909368205 0.392948199375991 -1.39191330137653
-0.162400599495356 0.884456871847279 0 0 -1.01116543997164
-0.436544925539955 0.678034627313783 0.172579759766623 0 -0.744859736984895
-0.500931885698503 0.142624180655536 0.270634529266292 0.141487637539181 -0.316561276431291
-0.587843989620567 -0.379459073267173 0.37387932671117 -0.0602371862685963 0.0615085124366391
1.94180539578024 -2.22014295919372 0 0.0320498888067308 1.11814574541948
2.29356314106528 -2.00081338586638 -0.213147597765012 -0.226479822802878 0.671264934893213
1.83481220515209 -1.60432998901295 -0.239054901865795 -0.00600154871716856 0.024507215761572
1.32783867055322 -1.19221021890924 -0.257298677353947 0.0640146225394184 -0.507539723814023
0.775409226073483 -0.784953467854806 -0.264032626862298 0.151893514155739 -0.867422328524661
0.165270942524711 -0.354805420132132 0 0 -1.08144634084872
-0.00158480252533391 0.137985869763226 0 0 -1.37013797527279
0.102926879765237 0.378498721683906 0 0 -1.09110027981824
0.22963099206735 0.566613962717381 0 0 -1.1698371080813
0.177493986217716 0.680490518094043 0 0 -1.10489212909071
-0.163103944332619 0.926712008766943 -0.344613140862362 0.301286165858997 -1.18093258537446
-0.123707010971231 0.768548793339474 0 0 -0.717285863364861
-0.056803397090574 0.385410480720151 0 0.301315347314519 -0.472341607471489
-0.0964454283166094 -0.129639345657042 0 0.317667361766339 -0.319994486406585
2.09468726445575 -2.21686853660852 0 -0.372673368066224 1.1875467067177
1.98847996419161 -2.01033509306553 0 -0.202830584799041 0.708563987242923
1.72861800828492 -1.80116568413381 0 -0.041813255765225 0.221996945097605
1.32536381406993 -1.4910178026377 0 0.0100526668463639 -0.310123813305557
0.666384193677603 -1.13120556899584 0 0.0253041540241582 -0.76167168516771
0.343863457428368 -0.775254634675996 0 -0.0708912189430606 -1.00603499905551
0.207880454955823 -0.40846526190027 0 0 -1.14375721533018
0.140202464719032 0.0119300072722887 0 0 -1.21842307850839
0.170470059218841 0.286785114918287 0 0 -1.10481759707674
0.281568377512211 0.445335999192698 0 0 -1.03883261568294
0.196031221424226 0.53164719698042 0 0 -0.851154983021719
0.15226404665757 0.630524119157133 -0.361381043210674 0.412340578712639 -0.796265914727203
0.0181619432107413 0.330534282784324 0 0 -0.560141826209679
-0.0314873525674973 -0.0719787980254921 0 0 -0.495053144613996
1.81272332119628 -2.04732126338633 0 -0.422539516508226 0.983405112272603
1.7221698152354 -1.95877391344012 0 -0.263104291806813 0.604565378214974
1.45813179709439 -1.8066930271784 0 -0.0880528114059129 0.154064359764134
1.09437304258597 -1.62853139384376 0 0.045158372406208 -0.319317133621289
0.831486648943813 -1.48571294808143 0 -0.0417280301612729 -0.702364117024082
0.637220915299203 -1.20069179012626 0 -0.166566410534211 -0.858062125468744
0.400113457891723 -0.878888400209684 0 -0.157943504089172 -0.907806006462349
0.347708258367006 -0.539697746777646 0 0 -0.993377796519859
0.32652757839646 -0.153189044743636 0 0 -0.996557321709407
0.338555080094757 0.19122914722516 0 0 -0.859701817942477
0.391554826547585 0.291111073389936 0 0 -0.7209648500005
0.222718298297354 0.259685009405453 0 0 -0.571226506547211
0.354135641057988 0.0563101863767389 0 0.288202234573292 -0.527115006477378
0.303271143689642 -0.284850126285159 0 0.305087871353241 -0.471892835688859
1.52484298112753 -1.97710719324382 0 -0.406929093496452 0.830257142519982
1.29918125813566 -1.88357545524707 0 -0.133695907202598 0.424182798794415
1.06245434294721 -1.82307551262625 0 -0.0411520855111257 0.0283725680550233
0.740667212844183 -1.79161768680618 0 0 -0.389805462757797
1.00391733048125 -1.77479053121942 0 -0.136320001499254 -0.520955592190648
0.85043920263682 -1.63546570005723 0 -0.230166777332201 -0.728059582079993
0.705900939476898 -1.35114504582045 0 -0.178929154294468 -0.807706308002999
0.561963795414309 -1.0008471663707 0 -0.0381390842156677 -0.848645675514468
0.525230238926667 -0.6389599659347 0 0 -0.763778453089037
0.600069931988003 -0.249803355758388 0 0 -0.670153833961965
0.589898083063156 -0.0117036781199104 0 0 -0.565697211685594
0.478500273789782 -0.078727827876505 0 0 -0.473917069722133
0.578774709647332 -0.321945179930955 -0.558108674768828 0.565300239445564 -0.38950840640351
0.59513781854215 -0.517618068077005 -0.616865697965097 0.762183428860285 -0.252510233952619
0.617911601009846 -1.66784787550492 0 0 0
0.836881996468662 -1.85201264302267 0 0 0.122775298873089
0.724519923318919 -1.90922251409794 0 0 -0.106249797451808
0.770054205024987 -1.96046216647522 0 0 -0.281533240209195
0.905460373582847 -1.97597364256218 0 0 -0.39287338637025
1.06151261791148 -1.94392610677153 0 -0.27516918844218 -0.547343146939949
0.904588685261819 -1.80338935905335 0 -0.23424343322406 -0.743612879976973
0.842185024897284 -1.45164607481083 0 -0.0698936910847302 -0.794647194715011
0.748386672471496 -1.05133891479477 0 0 -0.710643737525171
0.741808345098635 -0.70635778778297 0 0 -0.547989607122945
0.797194286178747 -0.501906224833727 0 0 -0.421386401680479
0.791496976426489 -0.649139756132501 -0.582400703292848 0.370062192416525 -0.338021442369283
0.791261883771493 -0.884819643187335 -0.767725252297042 0.62345347434249 -0.269603922199251
0.706740376394763 -1.02995318955167 -0.823996465836454 0.773768736861595 -0.212710666149166
0.917604079009558 -1.87445996594906 0 0 0.35751580765005
0.773226672992062 -1.9175982099712 0 0 0.111080683589632
0.782895558483768 -2.00143070741031 0 0 -0.0413154648724551
0.872848363399303 -2.07886951170233 0 0 -0.167973600819898
1.05406016373788 -2.12492811526035 0 0 -0.273196363146009
1.15461875839806 -2.11596874311236 0 0 -0.402165122829268
1.05107819771491 -2.05037233893062 0 0 -0.523844602674607
0.878049967039453 -1.8239365199424 0 0 -0.674826303114046
0.869205258672304 -1.43826539713749 0 0 -0.628328156086556
0.912937160481566 -1.15911632963739 0 0 -0.407580243663662
0.886998434739677 -1.13007144969146 -0.417116389878872 0.193319977782828 -0.421729183468069
0.893773891021604 -1.17623297640594 -0.628817361796269 0.385226876716631 -0.31313098640981
0.914334569293819 -1.29423280985935 -0.863478989848544 0.614135037307603 -0.141624118783816
0.722407747757617 -1.25880346740933 -1.0101685914695 0.739457785439111 -0.000597628339177459
0.527175149440302 -1.755352835769 0 0 0
0.746676903599058 -1.99783672170603 0 0 0.0928846543369475
0.855989660725963 -2.09493475535527 0 0 0.0128599218909003
0.984230927262084 -2.17789209304841 0 0 -0.0970590582157156
1.14564329517353 -2.24489852614678 0 0 -0.180519352921623
1.23717534500608 -2.20704386562264 0 0 -0.282291644030726
1.1877464001224 -2.16153947737937 0 0 -0.319528150888876
1.03584649849561 -1.98625964355689 0 0 -0.450613724122146
0.953462743450056 -1.77608251110072 0 0 -0.533151553783252
0.8955836282548 -1.56098269545784 -0.259981818252601 0 -0.441396089279283
1.18317392224337 -1.09879342452161 0 0 0
0.983186698912968 -1.63448553335769 -0.675316168120112 0.356876818804764 -0.240490109605328
0.977713590426968 -1.65485518979633 -0.878123183844843 0.566646511420729 -0.0635440986502992
0.826896399073941 -1.54173893533923 -1.02637526457953 0.738972351205697 0.144175878715866
0.549526364384925 -1.75580229792881 0 0 0
0.850891414492791 -2.14788786956715 0 0 0.198886074497136
0.96394177146364 -2.21883705244346 0 0 0.0882188259004244
1.09806229398767 -2.30806753261242 0 0 -0.0143697163603038
1.21788030603543 -2.32808749630631 0 0 -0.116986534632258
1.30002935286533 -2.2305298254939 0 0 -0.207355605878317
1.2281584018489 -2.20357580038452 0 0 -0.119824339240154
1.13943116944914 -2.0182591166044 0 0 -0.300254726584587
1.12560790001868 -1.84032874052287 0 0 -0.371800565664648
0.982448907728646 -1.91530998318515 -0.262810957285191 0 -0.419780178913536
0.977584035212782 -1.75018124761218 -0.335875519402024 0 -0.371025190851796
0.9607411120571 -1.64108071223142 -0.362269499332299 0 -0.338665736669268
0.925349576793875 -1.89322315000059 -0.940949003551025 0.390412830917534 0.053974839365933
0.872525077306001 -1.783233385028 -1.04694692149076 0.586501462910445 0.272364549837751
