"(Intercept)" "X1" "X2" "X3" "X4"
1.01666886674631 -3.22107671907075 0 0 0.72895659026191
0.980192733115254 -2.9660911905161 0 0 0.701643038072349
0.985777455451354 -2.67108585109734 0 0 0.637574511608691
0.977496166481912 -2.43388027222516 0 0 0.59565020294497
0.948239595542085 -2.17719829888466 0 0 0.499673102363765
0.792931062337803 -1.85544522277817 0 0 0.22883485660272
0.382376003141176 -1.80031264364969 0.443386750423487 -0.0199600074243523 0.439299267825744
-0.0204432022937753 -1.79515815429304 0.6289951722682 -0.00471738809263061 0.563087695063762
-0.390046581868565 -1.80310937327272 0.799827537871813 -0.0191077144778149 0.524936217295037
-0.730541407118325 -1.80795161955459 1.07266303080275 0.0493946251405335 0.546210417003366
-0.994205573353419 -1.60080505339148 1.00128233475394 0 -0.128135898121897
-1.31294865212866 -1.63688084905928 1.08602985409123 0 0
-1.59491723947616 -1.80604785039475 1.49423571111929 0 0
-1.81659005282938 -1.97179813075063 1.78759454806519 0 0
1.04246747447029 -2.90943963794329 0 0 0.617650624930098
0.961846120026961 -2.64116441383549 0 0 0.541150183811294
0.937365904241297 -2.29279027695114 0 0 0.450733013282456
0.902143052726582 -1.94685315187265 0 0 0.345844131297085
0.849133850121281 -1.62221717166663 0 0 0.193460664021673
0.741618086528778 -1.24745887501068 0 0 -0.071474461883137
0.463851976410339 -1.01867275389612 0.223326491340886 0.0516676705026804 -0.0836204286489569
0.0802522915372078 -0.978688532893736 0.333313946236529 0.14353622335606 0.0586530233795761
-0.297750837268435 -1.0331481518233 0.526037978385855 0.148506601526305 0.115668104084072
-0.511044074555543 -1.11486198368136 0.701913155310658 0.176839042478751 0.0804918139297748
-0.811252297621636 -0.995719657767171 0.802936777232808 0 -0.21832444753106
-1.16098592329865 -1.10633194465064 0.986359147299365 0 0
-1.42294995830754 -1.27695648018648 1.29913344536353 0 0
-1.66444700393911 -1.47030260072085 1.52882159266328 0 0
1.14777261321653 -2.57649925622769 0 0 0.538482826321659
1.01446029020924 -2.10461247301778 0 0 0
0.965432960914873 -1.7817668895789 0 0 0
0.906474331223679 -1.51020272043677 0 0 0.115489075768027
0.874249692277844 -1.06078996348527 0 0 -0.0297371289444424
0.695186233835756 -0.846666446590446 -0.0523337842974964 0.229400847259365 -0.360008602283594
0.531548199145761 -0.497986067226874 -0.0158070994778012 0.284028862207101 -0.470739981246577
0.299711570845146 -0.285505853023811 0.0460536228736254 0.311890108980248 -0.491377478419014
-0.0804613293526344 -0.265595062608586 0.183629735952153 0.340497350092083 -0.415313776020897
-0.281593761715715 -0.448043038207301 0.39082854926637 0.37575960568483 -0.349877041551723
-0.634067652715352 -0.391771342887569 0.574175172097644 0 -0.284421643010728
-1.00650400251973 -0.580306379105479 0.779811192510739 0 0
-1.24430806622117 -0.774978255035736 1.00886803419345 0 0
-1.53920999535551 -1.02666311169462 1.17779413166321 0 0
1.38509310007908 -2.22818139069131 0 0 0.576269201000523
1.1141836923361 -1.96398146512625 0 0 0.296453002027709
1.03309026210358 -1.49104985572518 0 0 0
0.979854659767895 -1.10725565454888 0 0 0
0.839110894493164 -0.839378991463444 -0.259332930409804 0.282328152727397 -0.383558220195844
0.696941563012836 -0.47931162558458 -0.279299318740365 0.388264331552672 -0.565598718181466
0.627381157886414 -0.108630100958023 -0.277649021841733 0.494989864369808 -0.721214144297236
0.620786457891876 0.15174191350253 -0.228305313953421 0.468710093082307 -0.854736630679917
0.28932985787412 0.317897908793121 -0.117040609540937 0.454970689179988 -0.804552094228161
-0.0537847443119803 0.237774231917059 0.140709249397805 0.451753736085441 -0.675979239669675
-0.602709353609129 0.12942725503803 0.442560599613452 0 0
-0.888234733147768 -0.050167689272206 0.562028586631313 0 0
-1.1250960039351 -0.296037758095404 0.640378327229868 0 0
-1.53718073897405 -0.703091908836721 0.675842006447805 0 0
1.59469855470667 -1.84233396115981 0 0 0.630584769538621
1.32217340698899 -1.61377912402218 0 0 0.346716743259484
1.09255392472687 -1.31110727896291 0 0 0.0816431497791716
0.975546139378011 -0.853864883523813 -0.152165679693179 0.193999882537593 -0.298048928043849
0.682359219294286 -0.580594375873912 -0.331099481321341 0.314980103666945 -0.568049868916322
0.635018804086713 -0.235070872266804 -0.414357607643798 0.436534699938139 -0.686395481634491
0.690820520794328 0.106338996646959 -0.425053486628099 0.423717515740562 -0.793269727068077
0.737435532525174 0.359677430953749 -0.388600833098124 0.482593765684656 -0.942082203644821
0.574017885705729 0.596519616628021 -0.320786408296514 0.424897847737707 -0.877181083430381
0.146039934793293 0.80250192544176 0 0 -0.493852486869985
-0.327149323404091 0.766649278649453 0.241601019811625 0 -0.335949465520756
-0.803880861238686 0.402748065042818 0.382360370264999 0 0
-1.11719151604302 0.00290974777401919 0.435882528417335 0 0
-1.44847525715765 -0.5417120582839 0.417128332866001 0 0
1.67474621742794 -1.59208297059512 0 0 0.80277325750407
1.41634077064871 -1.34828391836939 0 0 0.433726181500996
1.14871941539857 -1.1845912182629 0 0 0.103319649775149
0.916745031427318 -0.877206399751402 -0.227592762283169 0.158335242225864 -0.410947466627243
0.446200222154383 -0.564701084341229 -0.255623275206332 0.215865123334039 -0.768661269923469
0.193334893533973 -0.217419126902555 0 0 -0.78600954940937
0.327489224039681 0.187053876125755 0 0 -1.03299204343932
0.519419618484551 0.455702603951236 0 0.200879573997275 -0.797217296704253
0.447127453677491 0.802666133611096 -0.229172395116321 0.24776064420248 -0.938938985283782
0.159661405656241 0.933956967760888 0 0 -0.611691208284174
-0.0859458579542974 1.00503597408442 0 0 -0.504522234294866
-0.441785225814263 0.848991440427693 0.0524005049931158 0 -0.310478030869427
-0.950188540934761 0.198107846965317 0.22832969308847 0 0
-1.32175769432249 -0.48354257842257 0.236345924347862 0 0
1.56033412786799 -1.39043103089194 0 0 0.897032777831959
1.31910152717287 -1.34374198133453 0 0 0.499864216798112
1.08010400866064 -1.25562031004493 0 0 0.100428143138149
0.729282838560174 -1.09404053028043 0 0 -0.356662484537218
0.470677194327084 -0.755097584236621 0 0.0619120708962092 -0.840337751227214
0.0641639921730846 -0.436665179458346 0 0 -0.902638523706994
0.151257122740027 0.0336272425398369 0 0 -1.0690286847854
0.268898665598309 0.454647667797995 0 0 -1.13095447255478
0.306461282641745 0.717703802744794 0 0 -0.919654054497329
0.188063120102318 0.893947850479473 0 0 -0.746099526289147
-0.0373639728640304 0.889915677961467 0 0 -0.461236279264264
-0.170954745043414 0.751391629809868 0 0 -0.262533177186052
-0.504142683584553 0.50847973976064 0 0 0
-0.968572222284944 -0.0266073800201726 0 0 0
1.35154736435498 -1.37800552578219 0 0 0.900042304729022
1.14361563087683 -1.39382486954179 0 0 0.494382285233246
0.852640053623215 -1.35902997607736 0 0 -0.0255852523024309
0.527985943876299 -1.29301646322105 0 0 -0.502287089939115
0.365348781211174 -1.12304875386051 0 0 -0.808636418427907
0.253646528287325 -0.856888105958196 0 0 -0.676584130688287
0.209949812569196 -0.425559053642326 0 0 -0.566699901390001
0.285509656293164 0.0498526933088479 0 0 -1.01427153883044
0.20055279536894 0.408927777452512 0 0 -0.98378876742423
0.231036375431836 0.659636430064403 0 0 -0.758015595897941
0.0681610517567756 0.741052038985507 0 0 -0.409781880526971
-0.142697113070243 0.634765035469339 0 0 -0.216813348755468
-0.422846619010318 0.442825014111399 0 0 0
-0.548761477047013 0.360682807702943 0 0 0
1.02427198513174 -1.30789390884738 0 0 0.770529522873306
0.710460547009667 -1.27963723374957 0 0 0.280380627554474
0.415178194534498 -1.37984495210342 0 0 -0.15565829826672
0.320102359776969 -1.55123398192371 0 0 -0.538186054293902
0.417352348113928 -1.52672210600977 0 0 -0.817203494951643
0.411378164087207 -1.32450480060017 0 0 -0.681090778125986
0.349567404501783 -0.948024981003873 0 0 -0.681305312393659
0.277180409127826 -0.453463563871551 0 0 -0.725502543630779
0.27647447005734 -0.0110100427610504 0 0 -0.656894294370855
0.408137797966489 0.361179346384318 0 0 -0.540590465248218
0.229808176052181 0.52151164908821 0 0 -0.266204488102955
-0.154430861778873 0.400178976561067 0 0 0
-0.264521126560167 0.354315052999069 0 0 0
-0.382335025995318 0.271477083073756 0 0 0
0.495404934890908 -1.20100532336312 0 0 0.366394609407538
0.338820073595011 -1.19074939784183 0 0 0.0965051363008504
0.265694320044579 -1.43856892159137 0 0 -0.15821543546554
0.260838934367485 -1.71389972063987 0 0 -0.40981007954949
0.465928066696214 -1.78038751833958 0 0 -0.697506204363599
0.553903760592688 -1.77409737342651 0 0 -0.71775621598101
0.490327797383937 -1.46325620600183 0 0 -0.652548805415017
0.431795418095543 -0.994666608529137 0 0 -0.572522285753593
0.37872725949772 -0.474846196631006 0 0 -0.604025991158511
0.552027333305624 0.00276097567531513 0 0 -0.347609415223216
0.491098658026587 0.223659658363997 0 0 0
0.318847770455578 0.198586501719654 0 0 0
0.0650950498110363 0.12547117488499 0 0 0
-0.135923247272849 0.0926904926116732 0 0 0
0.342030245290434 -1.04793788764552 0 0 0.302788248139586
0.340341096424614 -1.21504931352616 0 0 0.163865173221349
0.331326650817855 -1.53752640409162 0 0 -0.0517365624772713
0.39659027861779 -1.8199467276659 0 0 -0.269620770315215
0.581237032602534 -1.93319133804037 0 0 -0.465906887451582
0.997837103468055 -2.01295623716337 0.192692728156221 0 -0.569742324460775
0.689755868731539 -1.83753827818971 0 0 -0.585523169297911
0.749402382930231 -1.47585630829053 0.149288786701858 0 -0.725179649517308
0.56865445986655 -0.983406514965654 0 0 -0.509593706891733
0.732020993741816 -0.539157112021014 0 0 -0.489941704693589
0.784739709100008 -0.298463444914373 0 0 0
0.754906258086068 -0.178978830537519 0 0 0
0.566689988433267 -0.176238208671533 0 0 0
0.264309901805387 -0.170171077899446 0 0 0
0.406992514636283 -1.0187108472791 0 0 0.389993987873989
0.417790754030871 -1.29356479335594 0 0 0.23596520873592
0.449874629550767 -1.62776693375903 0 0 0.0681986547363675
0.572689596754323 -1.85664131690473 0 0 -0.157860296753041
0.751780500757069 -1.8909962003821 0 0 -0.31823956359393
1.03295029933374 -2.06693773674094 0.165607091549388 0 -0.382108386217969
1.06171311801902 -2.0558794351167 0.154176787796771 0.0526613915189145 -0.364125132790907
0.826100515397996 -1.81856091776456 0 0 -0.474510169302896
0.753528344055231 -1.42716473652459 0 0 -0.52672777041467
0.865377198148938 -1.08020854116467 0 0 -0.433668394130823
0.649351918957474 -0.880147971422163 -0.364404545264859 -0.0506214101410843 -0.389643638097933
1.05518892525615 -0.683103140021459 0 0 0
0.927380678657574 -0.568947721414572 0 0 0
0.690188859745859 -0.470189310034398 0 0 0
0.497288823190305 -1.11426261081142 0 0 0.471464063838384
0.534124560316279 -1.37189834890848 0 0 0.281845328045268
0.587570414084958 -1.63480680858371 0 0 0.0723600384256404
0.702750063621058 -1.83054811118399 0 0 -0.08710727019585
0.79064944356673 -1.99436361775321 0.216417443848191 0 -0.16265569711657
1.04363886187445 -1.91451595614999 0.136963383581625 0 -0.18356872539628
0.835869803844755 -2.05505687690431 -0.204379270503097 0.37539932607589 0.160688840462199
0.889581830023051 -1.93754714766264 -0.195409568695724 0.202727795698227 -0.114415507874306
0.939980346628207 -1.84193435445817 0 0 -0.354695326011946
1.14330021703763 -1.47810543663062 0 0 0
1.19914456385098 -1.20783322869173 0 0 0
1.24255257234782 -1.08275285305822 0 0 0
1.20264238692591 -0.948662650275497 0 0 0
1.01477812119973 -0.78210004433071 0 0 0
0.503520475385471 -1.23669123051964 0 0 0.45017783355686
0.588989978776715 -1.44779465989499 0 0 0.283306709233639
0.668312603919917 -1.65235413742516 0 0 0.107776524127351
0.757316964601393 -1.77408984368005 0 0 -0.0778397672554145
0.798120834498388 -1.94637641676521 0.192671375168637 0 0.0448171135490897
0.908588356060859 -1.86041076003352 0.0998237641092632 0 0.0624678526921176
0.737543127197099 -1.8711826218746 -0.500739215066992 0.593797076701798 0.510815296725181
0.660759631162782 -1.97107893755986 -0.597341061007592 0.605199640136236 0.346501837199118
1.24052674386443 -1.83576116375846 0 0 0
1.30223648358207 -1.82853588702686 0 0 0
1.36693311899463 -1.59927797115762 0 0 0
1.40206441467833 -1.42463213895546 0 0 0
1.37998169422353 -1.25999956985646 0 0 0
1.25951728783423 -1.0684857415195 0 0 0
