"(Intercept)" "X1" "X2" "X3" "X4"
2.59001841905994 -1.98762216745746 0 0 1.5770078300463
2.10352793794585 -2.1581833602117 0 0 1.10103215622282
1.70781277297234 -2.15338031981784 0 0 0.240892631477709
0.641078433861908 -2.24519861885299 0.0169108363663052 -0.565761232954718 0.451181036211763
0.325220401472814 -1.98141815262701 0.109760490973375 -0.625050303700568 -0.0528282697122996
0.076878227737877 -1.76335557303342 0.264901828157004 -0.624430579331083 -0.212392940940283
-0.0814529073233044 -1.72882592932336 0.550677583167804 -0.392826480634154 0.134832699765594
-0.125484358757681 -1.65911909925627 0.820707502806104 -0.166267411859982 0.341633709839586
-0.280227214353072 -1.63351039340356 0.949619692403684 -0.0878818994952825 0.483447169715684
-0.411432528485192 -1.53691746466244 1.11840580424889 -0.144045631371271 0.333932234069241
-0.570133845428396 -1.43356613145489 1.38041414709364 -0.140891326275977 0.116903564204737
-0.775659157667114 -1.22255916125439 1.37265227493034 0 0
-0.985621477362804 -1.31045723281064 1.60675177802266 0 0
-1.32676653655363 -1.42137330295879 1.75803871702111 0 0
2.59029369322152 -1.70583286366113 0 0 1.70904029781757
2.16546790777971 -1.75676051020192 0 0 1.284735245365
1.7126668535993 -1.78822899121462 0 0 0.551795014411061
0.811944837376367 -1.91754041420581 -0.0973698008341863 -0.363685187746213 0.337093855685924
0.453079288245836 -1.62453435157782 -0.0820411686640105 -0.42011810976111 -0.189188439554274
0.203697882368901 -1.3633192309624 0.00472415898195306 -0.384664107164845 -0.384439029658176
0.185538671905771 -1.01927299956991 0.137118797271365 -0.277766254446857 -0.492188652028322
0.181207523782974 -1.0202528277897 0.415623191288169 0.056678322854213 -0.155993942143977
-0.079680015087397 -0.965772296731953 0.489884054195164 0.113220897002546 0.0474776256500477
-0.246664402278821 -0.859535051165239 0.694735312128283 0.0681823712537477 0.0139816380092056
-0.452667965877111 -0.77809741520439 0.985363251812108 0.0467061096253588 -0.0888412353973066
-0.740925030109776 -0.696016051102296 1.0894942732733 0 0
-0.94890873883429 -0.902300202768185 1.36882096713585 0 0
-1.2600941239881 -1.21690977438314 1.57870812490196 0 0
2.5816511749683 -1.37463375723619 0 0 1.58872184326076
2.17284251146725 -1.37371634066784 0 0 1.16461045420732
1.73314352419593 -1.37117200755722 0 0 0.620698448225021
1.01661406335005 -1.57117904842612 -0.242451764227746 -0.146018987140831 0.239776751876959
0.642948463106137 -1.27826354480111 -0.264793071196311 -0.162305060221199 -0.300855748820465
0.372973559998372 -0.912103973261874 -0.256737762806606 -0.154782569785341 -0.659224566228336
0.385121347966725 -0.502057783309218 -0.148086525701239 -0.0884648681665347 -0.749287854936313
0.446474961154821 -0.266638919847768 -0.117139027930629 0.152570112121063 -0.661331011703903
0.158388751860944 -0.257018524201368 0.0617187721017742 0.310279879370964 -0.452907943544769
-0.0878645738022259 -0.180384252202071 0.272320759444203 0.258606789421311 -0.28970631231291
-0.352545654621028 -0.17858964273697 0.625656515482333 0.178642859013527 -0.276241014177475
-0.658563626326743 -0.226295515424143 0.773341992548949 0 0
-0.907333781921144 -0.645937358463508 1.09756161408347 0 0
-1.24568509647942 -1.06582966450574 1.27554163175767 0 0
2.53446501001413 -1.06963354881218 0 0 1.46160218535568
2.15019943831241 -1.03915273705995 0 0 0.995670190068446
1.72873981841729 -0.985484094912406 0 0 0.476330591684108
1.11925698803429 -1.11638579035824 -0.374448539795122 -0.0189170747552596 0.0852028056810973
0.876440505918866 -0.900706765795268 -0.44171513006998 0.082143704132092 -0.431097333228613
0.560959276987511 -0.521441630729863 -0.540506615918647 0.0259249859320214 -0.80096599832692
0.506663451179654 -0.107308292969041 -0.448141051488689 0.011050227999772 -0.907361024892864
0.610162920110578 0.166374506049263 -0.429967991297504 0.21311132071468 -0.836039620909966
0.498307409390222 0.455132679818684 -0.307722115717859 0.269985744028523 -0.786546683130264
0.0874932785293275 0.499830733950194 -0.0784898577597426 0.339460243273725 -0.482602708872475
-0.267062985557763 0.518652947171731 0.307135301573598 0.186616547874944 -0.410043340590951
-0.626503520454609 0.103581580158917 0.497239077023971 0 0
-0.943464937435337 -0.410015887770035 0.702462971054623 0 0
-1.26785812611141 -0.805295147292668 0.764598380585006 0 0
2.32125286158922 -0.869445761327732 0 0 1.28190525291122
1.99084558789933 -0.807624413804769 0 0 0.779018767595444
1.6351125724918 -0.738826888484323 0 0 0.310393521641982
1.21199347816902 -0.814148761066769 -0.47709970556276 0.187142969047057 -0.0968793143236753
1.0080904809672 -0.60972749766591 -0.627208054960316 0.284621175722646 -0.449058535502624
0.558088534509475 -0.257485068121844 -0.650550141075207 0.0457922360147009 -0.737130813606869
0.693950898095251 0.0400595748380188 -0.468998970292999 0 -0.716355999111166
0.693484272557452 0.362499123206525 -0.395974467913291 0 -0.731265806793301
0.74540858223234 0.706038906279602 -0.440787298097945 0.268870453171024 -0.865380376008897
0.337235363705644 1.04770322631451 -0.206079994565672 0.183385676081333 -0.712678586737246
-0.0354818761812539 0.831524702652267 0.0691930581152869 0 -0.456016537175703
-0.361721300229647 0.372842014480063 0.349253573614766 0 -0.38348222377071
-0.673137299121613 -0.195803203746211 0.543442823079945 0 -0.270607860399146
-0.939896772032556 -0.832474341469481 0.674398943096853 0 -0.190597784610827
2.08908802747546 -0.675597919781979 0 0 1.33160160387079
1.76072210822399 -0.869936005536129 -0.124350035360954 0 0.72271835406594
1.3501700916664 -0.851445053873304 -0.174682608033111 0 0.214989463927456
1.02508594638974 -0.676387962560604 -0.329340381978301 0 -0.207329426616271
0.775618881389993 -0.502010106940755 -0.337266297694932 0 -0.546960058052128
0.54853559813276 -0.285139393997233 0 0 -0.539154507862491
0.726433589420458 0.107283730914553 -0.825564929736403 0.221712609788357 -0.907922866630961
0.666413049587793 0.430061608617841 -0.652515190969394 0.0669338553260132 -0.864522715616106
0.786162520662812 0.741157181588273 -0.300394242146315 -0.010857132895288 -0.806817096349059
0.421892463196701 0.933499804599226 0 0 -0.484088754020966
0.228280629268065 1.06181431150586 0 0 -0.573327502619902
-0.000787417979126264 0.856744144118442 0 0 -0.394169234867873
-0.910735640217682 0.0193436300724723 0.417079324666212 -0.246160037534054 -0.179918165386789
-1.05128525110819 -0.783236740030989 0.276051221544664 -0.0289724343652921 0
2.12840123486237 -0.884282303136924 0.020408712853106 0 1.42590714875679
1.6997831408485 -0.972756153456992 -0.0448047692832168 0 0.748056068617659
1.29716702386772 -0.902719222150973 -0.183451403977103 0 0.20259661003056
0.924268209383942 -0.784014093465507 -0.336319095091617 0 -0.34286699594748
0.558334844764442 -0.631980243024806 0 0 -0.835092568769989
0.173170410498302 -0.338515912737987 -0.268399832439131 0 -1.06847704531159
0.186894990724294 0.0313391136147997 -0.359494938205472 0 -0.852135293757356
0.581053835068957 0.399741894984382 -0.166839301757396 0.0584783093719246 -1.04294131985797
0.58637501369288 0.665706000543694 0.00345341224766299 -0.0560652305414615 -0.727531562788812
0.585018849101603 1.09347027493527 -0.151944781132806 -0.307682010117884 -0.683509516331212
0.366098149046791 1.08990899158519 -0.139134581627871 0 -0.632477969548766
0.095424200940097 0.879279696672332 0 0 -0.341442532285437
-0.208178205497278 0.685635956322984 0 -0.128111891636646 -0.185199101890039
-0.654708485177391 -0.301467820132112 0 0 0
1.84493803013996 -0.774811100849618 -0.129456719720524 0 1.27649668617159
1.49223147292305 -0.850888658819142 -0.168117507649574 0 0.60170379653418
1.0249101502828 -0.976406732595998 -0.200493269571798 0 -0.0386404836389698
0.650016318997088 -1.09766897189272 0 0 -0.586079699875329
0.525900093722194 -0.867296467359015 0 0 -1.06984576030666
0.547570986935998 -0.781828807265715 -0.0909385488148976 0 -1.13076179107912
0.670357791664185 -0.350228757160084 -0.128013095762468 0 -0.985675038266826
0.385532667645344 0.0930181918069183 0.0114367765211117 0 -0.595504646996368
0.403313313734414 0.45435751194217 0.137932620141441 0 -0.520957661433083
0.428735682376048 1.02904253421464 -0.148865667840074 0 -0.285831071979286
0.437842396105214 1.22062367332818 -0.257411589225164 0 -0.241843700750598
0.269319802446219 1.12496002205531 -0.402702103984891 0.0175013412540369 -0.00796494467656917
0.166846183102145 0.805197690117753 -0.455841993322271 0.173118451998648 -0.000940547949919739
0.130479606207941 0.354599487663031 -0.671014177103413 0.585945342729625 -0.013109062651552
1.36151036772938 -0.713402205391699 -0.238490038078124 0 0.889840043382117
0.977517247347329 -0.852206295170726 -0.19900088204633 0 0.274076872583629
0.725078945633725 -0.995690235335153 -0.250221686940872 0.179636640790415 -0.263244831846334
0.673583508609338 -1.15782740792562 0 0.201866457424035 -0.766822412508234
0.688577622426442 -1.25880077055324 0 -0.135550617362459 -1.16273601536788
0.742930076130556 -1.06550544574034 -0.254873330877115 -0.0511371348349218 -1.0943906650605
0.579998977874798 -0.574062442402532 -0.27092174026757 -0.0710385616499232 -0.822480968912391
0.387221131200134 -0.19742744364315 -0.0635414030363912 -0.0342990053190364 -0.543303519516369
0.0262551895780437 0.0989222055554858 0 0 -0.298406457753996
0.0818183535051393 0.796552166694242 0 0 0
0.213768614437344 0.995810692444125 0 0 0
0.387482741208467 0.990896376533408 -0.388556527764475 0.135050092442389 0.00555681652397256
0.105034112939061 0.869390481009013 -0.712889127986576 0.373421331101379 0.246560199766823
0.134730193386789 0.322878329643917 -0.660685519110728 0 0.038040290809554
0.68782046048772 -0.807677158000265 0 0 0.477068625205197
0.526582620165982 -0.881751320878583 0 0.0829849728888964 0.17037721084949
0.508500963402326 -1.15556736392804 0 0.0264391401814511 -0.320893683719963
0.698126074210745 -1.47843003653658 0 -0.179478198652093 -0.741891454942226
0.871431284114212 -1.5744543032397 0 -0.26569315044106 -1.04025700317586
0.799515489064083 -1.64509003701482 -0.0218555175810291 -0.234717985888709 -1.06537679986086
0.576949810561446 -1.494486091813 0 0 -0.626081828646173
0.479378051737642 -0.935244552061003 0.23859853566996 -0.216925670547711 -0.814274301493107
0.328644085763248 -0.440255802829095 0 0 -0.527847015412555
0.527245251597695 0.148028362690264 0 0 -0.381902939449082
0.509462022112782 0.562087778232111 0 -0.228687302721228 -0.404319011731867
0.532937479809528 0.471542576582623 -0.454603127033925 0.239383423745985 -0.213235845286211
0.200249500166827 0.498800210891449 -0.800210540476548 0 0.0907827591128948
0.270353431856806 0.220254878880798 -1.00530364638182 0 0.266148888944736
0.357201952870698 -0.844208852386768 0 0 0.208983767047581
0.457278005864783 -1.02188349020829 0 -0.0908380131234551 0.0967909407521752
0.612005463512924 -1.46797862108611 0 -0.420928012414034 -0.290606926351608
0.809744660420826 -1.7153623171026 0 -0.471395599652661 -0.621027359604849
0.987790143701061 -1.9161835990285 0 -0.512745569986286 -0.836785162958074
1.21974408625861 -2.02159714135648 0.0800756141233788 -0.272366043433126 -0.936732076294651
0.905162155671686 -2.03870931922494 0.382974561511403 -0.323647036364545 -0.944981307732675
0.590396776826095 -1.61085144015966 0.415833058124865 -0.334667927298983 -0.801331629923
0.354052253065684 -0.947145112178188 0.201427336921807 -0.42879101283187 -0.790072854374294
0.538957236735442 -0.475458239407078 0.107587855912998 -0.386255617988307 -0.633253680998441
0.56813413598778 -0.25197146969941 -0.149449924823654 -0.17920605690265 -0.442940151779374
0.454746945846838 -0.0457199840791093 -0.570204168726536 0.049036348116123 -0.113273292353112
0.404999929211796 -0.141504150784617 -1.01468598187493 0.14983286824788 0.151646838463246
0.412894032165168 -0.342790652924802 -1.3266063377933 0.170559337916489 0.410313497362064
0.363050808221791 -1.03696211133484 0 -0.260935198341758 0.275356983933213
0.780987986679199 -1.60945697292142 0.55735871290079 -0.896307980018857 0.568802091705651
0.90413115285191 -1.90953075983722 0.352130257471731 -0.922687591930382 0.130146263437631
0.964852128008215 -1.99063802099557 0 -0.753574116511505 -0.463557435016991
1.13192554767782 -2.16514825838169 0 -0.7530617414348 -0.693413326859557
1.27189386118305 -2.25506101024719 -0.0196396020848131 -0.341436987062086 -0.715792639721585
1.12537789496411 -2.25628962355338 0.248014776585253 -0.143797820426911 -0.682945637616548
0.664214699084826 -2.0264466680742 0.264644957361959 -0.212965339269385 -0.672647860700418
0.496093764777685 -1.48158907448894 0.0921890096457947 -0.34051337208026 -0.717000728056307
0.485205712692579 -1.0796313504361 -0.0532833572129827 -0.34624742708805 -0.769179969041583
0.599577120624585 -0.841921048020754 -0.333481118299752 -0.0814976196992056 -0.403087007669793
0.602034546826654 -0.713428347432203 -0.657216577493805 0.0774778207601443 -0.138551825881552
0.644397249297515 -0.747651844752997 -0.851242359127776 0 0.0457788954638698
0.642609951009701 -0.817927330545937 -1.18395925170758 0 0.156930132445125
0.785235582409291 -1.76539867155015 0.97997454796721 -1.41442466309861 1.1849152535704
0.981515155030273 -2.06344460414334 0.671762424633038 -1.42841379358471 0.725178905222227
0.879276730651624 -1.92244021853667 0 -0.895048615519171 -0.174894601562809
1.13696325260675 -2.29458089553665 0 -1.1277242145548 -0.315712760110748
1.26443842750253 -2.31714572869712 -0.372035783028649 -0.909054668381894 -0.582569517193697
1.17678477999302 -2.13906016128348 -0.34783567018707 -0.328558152867091 -0.496783309271109
1.03897581663016 -2.27257808700401 -0.15474574965617 -0.0176607207510855 -0.255579743285272
0.752226965618664 -2.3400176788457 -0.00696826619732463 -0.0549991055827046 -0.449604670366797
0.518737627385646 -1.92831604133938 -0.116083130012833 -0.11923770050131 -0.663859862483258
0.559415024820104 -1.61323291608679 -0.220875936791562 -0.081969352973363 -0.727635239084512
0.661413861386925 -1.3873451958668 -0.501207468825421 0.140045971208263 -0.462060616067389
0.612346384682657 -1.30293787342496 -0.855860039372242 0.150558381632087 -0.238142578375993
0.560291192490936 -1.32601821378979 -1.21497544983919 0.133176322521294 0.0727711053953658
0.583966728358324 -1.2372025405668 -1.42928350031009 0.337477479076068 0.412822497452628
0.591304551181553 -1.64423861397429 0 -1.06943357300133 0.245209208665455
0.926163815591907 -2.21318952590709 0 -1.47339482676726 0.214920649388998
1.10601701865401 -2.46619145135918 0 -1.51940744010399 0.0314350779401395
1.1849649516433 -2.56638705629313 0 -1.3652929828163 -0.219062248294787
1.21903563269211 -2.42280970848004 -0.6232946671923 -1.03361282353056 -0.433217180623171
1.03032687379001 -2.14912818673672 -0.648406613061234 -0.298874976410986 -0.182837077575954
1.1521940869279 -2.27394369360194 -0.488020106109454 -0.0896744861250173 -0.0626364573192052
1.14352706573477 -2.48508241650101 -0.252041697088658 0.0438789261928381 -0.233269210672925
0.53498673135199 -2.36030823643519 -0.369508748025929 0.1519304657211 -0.553689590157705
0.574658460946072 -2.02750704308499 -0.560512566041756 0.274055568647499 -0.533524209858495
0.586215910647085 -1.84905478543205 -0.753752110810613 0.355154982731071 -0.527086027357514
0.663342031005171 -1.77103456426851 -1.04650502380853 0.445869511825455 -0.312125028089451
0.635783051589944 -1.69524807731314 -1.33154604132566 0.506430500176075 -0.0206118467803432
0.534265686526761 -1.58263790618007 -1.56089557143009 0.59883805651296 0.302003992588833
