"(Intercept)" "X1" "X2" "X3" "X4"
1.08687477651703 -3.14332802622186 0 0 0.724278314068482
1.01259353577718 -2.91877231313174 0 0 0.687155509196952
0.991152975810427 -2.61615178152373 0 0 0.594058145559915
0.995529439916254 -2.36445196285881 0 0 0.554270320734631
0.979129197065379 -2.15064855634994 0 0 0.502503605286644
0.795909002142072 -1.82536653261644 0 0 0.220422646916065
0.366184680897336 -1.80915680121912 0.444372968166979 -0.0127581336526873 0.449039837459645
-0.0375357288443629 -1.80069398299179 0.634865543781325 -0.00532229116441507 0.555304493096366
-0.391177571912854 -1.80026437678881 0.797355591795692 -0.027452147361834 0.514922583324187
-0.70377830542228 -1.81019296290384 1.04311038585457 0.0195655820260228 0.514354594545304
-0.91847368404559 -1.81130328563202 1.29506560552449 0.132740644150328 0.344858349510186
-1.28578689174634 -1.66079510036176 1.06860869120965 0 0
-1.57807006022878 -1.81310059834455 1.48124298832078 0 0
-1.80056807093608 -1.97844630911575 1.72888296198802 0 0
1.07285583222201 -2.86664697734212 0 0 0.599107657587545
0.991734155710693 -2.60256139740851 0 0 0.534319599438931
0.954625550979244 -2.25974354573461 0 0 0.43960960116955
0.928770943727356 -1.9028913446584 0 0 0.316891879240705
0.879618872427685 -1.57320858062451 0 0 0.171742475068828
0.761870511508917 -1.21958585373667 0 0 -0.0852510492603854
0.45648583493683 -1.02228264778062 0.225105646570448 0.0420155191400832 -0.0863559431905864
0.0713096516735114 -0.992028769207225 0.342528591303314 0.146326169082084 0.0675222499363766
-0.294500776324116 -1.0408509235282 0.530979452325624 0.148065943416824 0.116860862231248
-0.501471078029451 -1.11842547411251 0.700934852583609 0.172940389843987 0.0729503490632981
-0.800699991719987 -1.00255958146398 0.76867902590526 0 -0.201777052015203
-1.14550248946105 -1.12182222535432 0.971501946206552 0 0
-1.40538879276848 -1.28709813019027 1.28625479630594 0 0
-1.65917447391888 -1.46938714367982 1.4987424845785 0 0
1.20133892089411 -2.52993122310258 0 0 0.562639936569976
1.05804718080545 -2.05423017952895 0 0 0
0.975206479526135 -1.90353669191261 0 0 0.270821019535256
0.932558745450353 -1.49044018330666 0 0 0.123113324208518
0.89652421425558 -1.05256874031538 0 0 -0.0402331342528505
0.704765097445066 -0.842876722737291 -0.0581190671610815 0.222753946315928 -0.349466436109702
0.53771218823877 -0.500235888255978 -0.014776858637936 0.268945894470935 -0.464969288558388
0.293077937846348 -0.3131807330783 0.0548326925904552 0.323121110467236 -0.4700157557927
-0.0767934128785559 -0.289052978520377 0.201303653853458 0.340997093611422 -0.386234057223589
-0.283374993814839 -0.450614075238564 0.401242166909857 0.362907975577496 -0.340433102186936
-0.694086598843883 -0.417225995931167 0.547947234073405 0 0
-1.00199239663029 -0.589813704494176 0.775265372527775 0 0
-1.23281958407829 -0.787826215738965 0.995656234740018 0 0
-1.5703600201129 -1.03567791281786 1.16074736535201 0 0
1.40949213543335 -2.20442650949623 0 0 0.580997220796548
1.15038889720206 -1.93408679352863 0 0 0.316335608953624
1.05645180359103 -1.46810603283466 0 0 0
1.00159202067714 -1.09645752317861 0 0 0
0.855102462234184 -0.839584134071788 -0.250399533821494 0.277291221210398 -0.365036118512799
0.723151099103081 -0.48363528876939 -0.284335954302064 0.386552136964928 -0.556425993348666
0.653052591226757 -0.11781489283368 -0.279339746931109 0.471732382506048 -0.711530871730548
0.631538569614173 0.141038022747757 -0.227004396699339 0.463151311523711 -0.833479717754448
0.307752130397194 0.285720768255516 -0.112665002057955 0.460461355586195 -0.782216394538549
-0.0681950088674204 0.220054235850871 0.14583093422836 0.448120862577582 -0.639592094271424
-0.608528669020122 0.119285237419376 0.446944554123134 0 0
-0.881851591567837 -0.0608532826695298 0.560379397744429 0 0
-1.14497008915747 -0.329953583541281 0.648491888190008 0 0
-1.54625045690522 -0.721688876860771 0.668190783417159 0 0
1.60673941735749 -1.82377682267038 0 0 0.628509487055642
1.32378379560001 -1.60810688667451 0 0 0.33841463110266
1.10676293953159 -1.30727713306801 0 0 0.0947787377643359
0.987811482622609 -0.862495754003445 -0.156206784915055 0.196732468163031 -0.27466667887532
0.728936043833436 -0.590084803185598 -0.326978355321212 0.319891316043995 -0.530306372296668
0.664283516026979 -0.25140076235359 -0.393248985346412 0.417852604547927 -0.66946838295177
0.674402591363526 0.0671517099834242 0 0 -0.512160953105874
0.727483718306921 0.358667400529816 -0.385049275138447 0.470639767997296 -0.925631398806202
0.571738095482677 0.581710554248393 -0.312833659684149 0.428647126325792 -0.869315842089937
0.131340049367716 0.757132076966731 0 0 -0.402281352208829
-0.377863173483788 0.61516568291515 0.214065595921743 0 0
-0.798534672195386 0.373116190090189 0.391527451257468 0 0
-1.12148289260881 -0.00999212744768369 0.444316048669175 0 0
-1.46932587051952 -0.537568259890826 0.427560512553659 0 0
1.67137594530296 -1.59710873129238 0 0 0.817778317524424
1.42177132065062 -1.36855860010328 0 0 0.454293081174786
1.14964472768531 -1.20352303084106 0 0 0.111784053574571
0.930516387710623 -0.889141719704124 -0.208271682113232 0.147870581193531 -0.381698049113375
0.46670015715628 -0.63667307176259 0 0 -0.501230614755338
0.214922510086214 -0.237453733777553 0 0 -0.789432122086762
0.347445786389645 0.169992354625868 0 0 -1.02379764300829
0.517185915121734 0.447212729637061 0 0.175110080866666 -0.800837850273889
0.462996072215843 0.77559565615313 -0.213784099861586 0.246879570471611 -0.94632547290519
0.175374511795499 0.925293591089952 0 0 -0.626481561837349
-0.0829941019814291 0.966445369819365 0 0 -0.498742279410981
-0.470632185314233 0.797240509342596 0.076419579235259 0 -0.301615273130029
-0.956192190178724 0.200842340064821 0.24260376688761 0 0
-1.34309107468655 -0.471352389292522 0.24394350111402 0 0
1.55116503214404 -1.385883669483 0 0 0.904919889288342
1.31844969291659 -1.35070263567106 0 0 0.499227863745163
1.08206752446162 -1.26434425111196 0 0 0.0929136585366232
0.752274276733807 -1.10088376367984 0 0 -0.350392929750623
0.340482629441241 -0.777083098775437 0 0 -0.735846820545376
0.0818363592316715 -0.439937197631862 0 0 -0.891652199707751
0.160763118230313 0.0238612624406483 0 0 -1.08354634478515
0.282023988755628 0.429751078112021 0 0 -1.12364638749163
0.312932650231018 0.701140719320004 0 0 -0.917057088167372
0.192489486502379 0.876953001254324 0 0 -0.770352059271085
-0.0316030925180273 0.868138083088754 0 0 -0.463649649881474
-0.179225156443215 0.731379256670069 0 0 -0.262319410780171
-0.513874051560235 0.475096151735022 0 0 0
-0.977401971718666 0.0321408974906771 0 0 0
1.33163566458522 -1.37601853683713 0 0 0.884840833494164
1.13345725010285 -1.39471066154306 0 0 0.48655921990773
0.857553817626036 -1.3656180256223 0 0 -0.0223021166352143
0.545965801752428 -1.29751547768979 0 0 -0.488964858594385
0.381091269543044 -1.11803985220994 0 0 -0.801328358873179
0.262329837051444 -0.844373948168392 0 0 -0.767217274296383
0.23262823208756 -0.415608002939628 0 0 -0.761748894418528
0.280103311069869 0.0391588969198676 0 0 -1.01665222300612
0.210337124205444 0.394660670666347 0 0 -0.977711148813945
0.245645174727269 0.638769242589664 0 0 -0.765675508130229
0.0924482221178205 0.72666257338599 0 0 -0.423990105323585
0.000247342906348955 0.798098357367504 -0.332495893227336 0 -0.320134496889803
-0.431257646352523 0.420606997209742 0 0 0
-0.562795431767839 0.363986245133652 0 0 0
1.028674813492 -1.32108641954877 0 0 0.765716687492443
0.717365476351517 -1.29038386039913 0 0 0.280403561340366
0.439256803166736 -1.38001287373877 0 0 -0.141991555457259
0.342655751833019 -1.52826156803973 0 0 -0.533864800902968
0.433993184020387 -1.5040582408135 0 0 -0.81223651390658
0.412022647668286 -1.32064513856832 0 0 -0.687179231206929
0.34443304197994 -0.948484732369723 0 0 -0.668934874274105
0.294542975636864 -0.46013633310203 0 0 -0.743269988745593
0.291797758815538 -0.0149279982212946 0 0 -0.672708853314211
0.41091972768926 0.344990793901582 0 0 -0.545192290960818
0.256323698067862 0.502747783283011 0 0 -0.290841282210423
-0.141046896006324 0.386289860868881 0 0 0
-0.277058444124338 0.335920750691082 0 0 0
-0.381666759873979 0.26261335128647 0 0 0
0.520728500261917 -1.2129814947617 0 0 0.375384313218218
0.363858874073159 -1.21289177716837 0 0 0.105985064923792
0.280526289851647 -1.44023169619904 0 0 -0.151142898836185
0.28839177459297 -1.69292931910398 0 0 -0.409474548160471
0.474671681316288 -1.76054904696649 0 0 -0.682251762196626
0.567225251918988 -1.74270559944945 0 0 -0.721885118929948
0.488529895131944 -1.45138692357656 0 0 -0.583965849144573
0.439494113597589 -0.987914949401339 0 0 -0.598854892672001
0.393078585764239 -0.477235105634158 0 0 -0.599140449369856
0.548543574952812 -0.0049451916387153 0 0 -0.356647613501457
0.481591860274371 0.189231449242223 0 0 0
0.302547600197945 0.180690672459357 0 0 0
0.0654265558585141 0.119259402142918 0 0 0
0.192539665187988 -0.139389007309235 -0.984599636907589 0.59989947051133 0.0503241381413763
0.374435765376058 -1.07488646845068 0 0 0.319735288491151
0.355710094128235 -1.22883481944337 0 0 0.166296520697868
0.340469145930508 -1.53740885338779 0 0 -0.0514618780060521
0.411329271337359 -1.80014858010023 0 0 -0.268185068474891
0.600361475164675 -1.90848785846822 0 0 -0.463364873541098
0.990331568385628 -1.98805895916685 0.184466183980492 0 -0.552660294472867
0.694324719444894 -1.82240608618974 0 0 -0.616364158640545
0.741777373391696 -1.46594139730207 0.12842717826319 0 -0.733067462868206
0.580618275917545 -0.98408964274399 0 0 -0.508476717610133
0.719208064724657 -0.542283669134341 0 0 -0.489481753179262
0.777421331623075 -0.303485632033191 0 0 0
0.749099789692022 -0.186114935710091 0 0 0
0.529954275914508 -0.182319077453627 0 0 0
0.25187351316154 -0.167722984906029 0 0 0
0.414565809986246 -1.0509166771784 0 0 0.391474649210666
0.446147109046436 -1.30090510407862 0 0 0.255351943391036
0.455487907418223 -1.62268253318216 0 0 0.0560476969217886
0.587119228081291 -1.83933184778186 0 0 -0.160476027503922
0.754530547278944 -1.89571235833159 0 0 -0.30914695770605
1.02445499187483 -2.0546452226996 0.173077795823172 0 -0.380526810901091
1.06902245042932 -2.04164061995946 0.149565525763743 0.0411739991892437 -0.346762393805394
0.826730098484906 -1.80326443353712 0 0 -0.494164452891118
0.759766789734952 -1.42968311362886 0 0 -0.503664687978334
0.858172131689447 -1.08571927429409 0 0 -0.4567009584696
0.643229368420062 -0.876969655695588 -0.364662719345933 -0.0575364695569589 -0.395113642620753
1.03540252335061 -0.66941264607063 0 0 0
0.919988415451621 -0.563734397433148 0 0 0
0.680263445823486 -0.464549246660914 0 0 0
0.474992764030071 -1.15536482458527 0 0 0.445756459766343
0.531365431310095 -1.38809807128234 0 0 0.272255880777473
0.593831423471519 -1.63746397566039 0 0 0.0709029761905598
0.713997608082159 -1.82480418686446 0 0 -0.0822687161172362
0.809416619764729 -1.98067803242458 0.209562358525597 0 -0.155738683601016
1.03117452679969 -1.91420145835006 0.166695011331377 0 -0.190274747831148
0.845381320379303 -2.04117878455734 -0.208342491928756 0.367474448923416 0.164783397859975
0.893104358205654 -1.93304750745112 -0.19256700682078 0.181393503376676 -0.123102263609342
0.929178248183266 -1.84627924329622 0 0 -0.384126344741638
1.13639745562336 -1.47771397199972 0 0 0
1.18573500472735 -1.20343128382392 0 0 0
1.20581559918716 -1.05015111510101 0 0 0
1.19536466354628 -0.942807637963743 0 0 0
1.01853842527013 -0.778302837821083 0 0 0
0.482890546418359 -1.27145427768374 0 0 0.426035911412876
0.591710042167185 -1.466403858658 0 0 0.289975327587325
0.678883964503789 -1.66732173380094 0 0 0.122577918715042
0.778402680428119 -1.76963801102485 0 0 -0.077281257945037
0.833341129630794 -1.91804672727902 0.206402341429412 0 0.0244864999421649
0.896141411841402 -1.90702091659162 0.0795380753047672 0 0.0886176703091933
0.75854051638047 -1.866349310669 -0.496579083803236 0.575712069640993 0.505534193736419
0.67585141033545 -1.96870723986663 -0.590982580123855 0.589787296578138 0.350279072713398
1.24045623168596 -1.80411947731634 0 0 0
1.29511231904996 -1.83400840319643 0 0 0
1.34896083141442 -1.59414826020253 0 0 0
1.37709189853797 -1.41235026707131 0 0 0
1.34934816860929 -1.23480932393691 0 0 0
1.19900501160613 -1.00474218577238 0 0 0
