"(Intercept)" "X1" "X2" "X3" "X4"
2.4655153509105 -2.12032760827068 0 0 1.03681331604109
2.06476473011607 -2.15067351354142 0 0 0.98458171985834
1.66279047613526 -2.24986868467766 0 0 0.986274750656771
1.27067438306092 -2.26900788421948 0 0 0.927753062699998
1.03310380087383 -2.2181107521969 0 0 0.92826308584015
0.759773313463694 -2.17996779837623 0 0 0.728604553714786
0.825848866610386 -1.75021895804198 0 0 0.508949748407055
0.276708075010287 -2.09093556780567 0.458892206886436 0.340236025131553 0.693627159455983
-0.533205448985036 -2.06677692923207 1.10138230633724 0.713186757328394 1.20594568088458
-0.925446441487108 -1.55711458829499 1.46621474943947 1.02765690493269 1.35950259233424
-0.733798076374174 -1.25914354031391 1.69312805773288 1.2121257730523 0.488847300109363
-0.442030232562658 -1.09010097729209 2.17280504840564 1.37787211195734 -0.376608709483413
-0.371504381285545 -1.13471578690343 2.68313742743668 1.49368035102797 -0.792843645171248
-1.35878056066963 -1.34439882764022 3.46910343660395 1.26705846237938 0
2.78557559017509 -1.61219742715345 0 0 1.0740082915087
2.15792730090956 -1.71739269885423 0 0 0.850859908120082
1.75058521391904 -1.7136629061897 0 0 0.756529156334853
1.23996691834938 -1.78851616913067 0 0 0.649872105209425
0.928818504319973 -1.62614115684858 0 0 0.56450104367139
0.736572515163691 -1.33535661713869 0 0 0.451781868300312
0.487406009860292 -1.09518186961328 -0.0224447480500773 0.0307400351102284 0.280835986051312
0.252678443213687 -0.976907936680723 0.155811086600887 0.161218978975484 0.156642973664371
-0.262649932213406 -1.37820232324398 0.459027378929815 0.61935950374336 0.601406933629206
-0.255498094928437 -0.976628557634209 0.721928163893666 0.736024482650503 0.547818023917488
-0.130317741165312 -0.73561671839859 1.1215603324836 0.871763033507222 -0.305796053245794
-0.165389226275288 -0.645815055324298 1.6593124493265 1.05031622123794 -0.584040488522525
-1.02016966818289 -0.87469414039948 2.35587387194782 1.1629343190258 0
-1.27789272640651 -1.01959292920581 2.87981316063194 1.32519319839228 0
2.88104775132553 -1.30524845868177 -0.0367348480157093 0 1.11631137964877
1.83814190433385 -1.41580311494638 -0.187914517711056 -0.328119245893934 0.830857007829732
1.76089920811374 -1.15387719317505 0.118487837060491 0 0.527875107199225
1.29464829019532 -1.22533312824356 0 0 0.383859846391522
0.852032084940921 -1.09575267733253 0 0 0.241433757745136
0.668157587364195 -0.735575139758581 0 0 0.167751785343029
0.593445605505951 -0.569202157101116 0 0.222397332094887 -0.03999102626661
0.498864892699101 -0.173184712835419 0 0.0615610904285567 -0.0688952561812614
-0.0251443179071102 -0.402982180988922 -0.0168517299181621 0.33288524520102 -0.287569490431269
0.10265737770384 -0.525686228575694 0.260835768263576 0.55321930401003 -0.241561944697171
0.346056377568918 -0.206186441707466 0.719599188972223 0.415002990705008 -0.83188241680311
-0.635856376719785 -0.510952707341482 1.21207136240598 0.886869857996896 0
-0.940095182925355 -0.593165182334151 1.66466140425818 1.1805501591268 0
-1.16006352246251 -0.768440899965677 2.08642246162059 1.43617175642064 0
3.013312661643 -1.03245108428771 -0.026027392537718 0 1.29371252036895
2.00241045931993 -1.29145416688635 -0.192734582769887 -0.304770542385098 0.856675876534661
1.60666341903015 -0.993781612968853 0.0838039549635341 -0.229608867936342 0.406697424068028
0.972750524703305 -0.872796253091932 0.0192867593716161 -0.0784363059232163 -0.172781778885275
1.06423109561561 -0.814445884399656 0 0.142784826778803 0.121623041181125
0.62077774896148 -0.612667563221825 -0.262745170785434 0.322444961759594 -0.2460012860732
0.664316436864165 -0.296070943479227 -0.265354663491869 0.574185112186717 -0.383304946964216
0.516745561404358 0.00267003914678122 -0.316588336631104 0.432816003416595 -0.376871622800776
0.393662110870109 0.315523125506971 -0.226213583063042 0.123523688997307 -0.519569282636297
0.119581818724155 0.301996406503417 0.161390259639667 0 -0.675541740922488
-0.353616704710522 -0.126175442808517 0.381824383329531 0.344395857216202 0
-0.403722674898575 0.091291984293421 0.628286598134352 0.826844644797835 -0.503009990560265
-0.489663359122864 -0.0810051775417233 0.833258378432135 1.13821460932194 -0.445556976315413
-0.541397873817824 -0.347533080159546 0.985891316884297 1.48185113216268 -0.15580547306794
2.9210780961743 -0.840167080941365 0 0 1.35425598274205
2.41018402405463 -0.78639466007353 0 0 0.953938173274793
1.87180259882273 -0.71271250032395 0 0 0.53623638063897
1.11645486981123 -0.739155202179363 -0.0498664625696118 -0.0118587247318531 -0.14434478076872
0.630495588102217 -0.551084370110082 -0.19779165792485 0.242481613154539 -0.467564992234704
0.48959477698408 -0.271772326370946 -0.252606248118257 0.472209704823869 -0.584682676402072
0.679541056395323 0.00323715991431078 -0.305780333716435 0.636742385459034 -0.571998624427289
0.593112428797189 0.337894433871373 -0.298241032554488 0.524339385859925 -0.610899782613963
0.480460970753922 0.655447055981515 -0.127211369228897 0.25096752699462 -0.703754321127598
0.261467600395507 1.03565560998815 0.0981216769085208 -0.0983422638689811 -1.03836433816967
-0.140534021282989 1.01350325784345 0.0498686818701195 0.00597630075945413 -0.803481925158962
-0.395645233716233 0.508567087265147 0.199704862178402 0.562060015940066 -0.555706563140165
-0.459046520002199 0.196242926256118 0.363934076759704 0.901806344721696 -0.308389642182481
-0.676704468177136 -0.28043798465534 0.475578321305261 1.5156380132429 0.0105049132031123
2.51406024812218 -0.996581531508749 0 0 1.32657336401464
1.97767466236199 -0.950555081456393 0 0 0.899805274761262
1.45027937150345 -0.901924934711135 0 0 0.432211475428079
0.88550999385206 -0.902072063382435 0 0 0.0195389696321038
0.521647573645271 -0.498824571653797 -0.308851305006136 0.304455089139435 -0.490518476955332
0.128759857005989 -0.206870872746582 0 0.162826503441295 -0.481113437096977
0.212028971747379 0.331748185529381 -0.291520410183696 0.301573204710715 -0.76549007673121
0.786286092855736 0.631830933796142 -0.187232059786216 0.750793155459016 -0.783136464088791
0.450093239018501 1.04196608602112 0.0660603252683944 0.287679555950312 -0.835704798890559
-0.0314133038289372 1.17358129678192 0 0.0381202341109747 -0.628941668222264
-0.164325022239007 1.19192727307756 0 -0.0624485712919836 -0.529622989677958
-0.169455419220311 1.05370624206758 -0.0878527365792308 0.161803340714029 -0.503387936423445
-0.322973105074454 0.428652476887869 -0.176517287312058 0.748426709760384 -0.325643353499891
-0.498969079949371 -0.216987320489916 -0.288911825322155 1.45491097296457 -0.116194113541219
2.16620603293915 -1.08377834763449 0 0 1.24761692104364
1.66134632646051 -1.06939078078721 0 0 0.848399290348826
1.1551041787638 -1.05724719290627 0 0 0.432772048296863
0.648784579092247 -0.963955966364655 0 0 -0.0934814604418031
0.387032902180734 -0.708198937243546 0 0.0370389815496143 -0.408340285094608
0.0845863960755072 -0.192542870102213 -0.32855700957336 0.126987050692511 -0.713648960944257
-0.0644727248018972 0.219178509982431 0.094764512963999 0 0
0.687913982786598 0.662868163944621 0.024220920135371 0.458877776884803 -1.03947201290874
0.522988959958107 0.988999857737927 0.194732901946865 0.237626352987027 -0.94324107570372
0.202077239656408 1.52238127193386 0.112354538385381 0.08318354399338 -0.514218751044375
-0.276901532143142 1.19885073560819 0 0 -0.372520902281941
-0.533065971140847 0.942941260825293 0 -0.224387998380692 0
0.00390755308984949 0.690138851414839 -0.510533870541905 0.684257519873335 -0.365082826984131
-0.262650851045917 0.0910571426373545 -0.549503654797764 0.986025011327338 -0.13747705477117
1.83978046595917 -1.19888274267233 0 0 1.16984823225237
1.42750399968053 -1.19432296312079 0 0 0.804755698527728
0.902430331780743 -1.20049530656138 0 0 0.166599599079546
0.294080976691052 -1.16304219233532 0 0 -0.258007461599961
0.488205398072904 -0.976739067631132 0.0549403798340164 0.0357214750813436 -0.538214188029403
0.420070787905267 -0.667566038135142 -0.0400883804912541 0.141418588236351 -0.70035281469547
0.112944631381172 -0.248436054140556 0.313070882207661 0 0
0.327759350224173 0.232655727331159 0.498453203317077 0 -0.729541168881262
0.519907240582863 0.668854649438225 0.324721483562883 0.118668225584462 -0.477824108620516
-0.463214703033612 1.16636244795626 0 0 0
-0.414853700863374 0.892249009278418 0 0 0
0.00409471089490405 1.05339072205988 -0.47871299240185 0.198654954784297 -0.337131488675866
-0.0141370760125675 0.466292181234129 -0.614323319621347 0.624669074515248 -0.177651263763894
-0.129507267675005 -0.121376826925859 -0.664097899331248 1.1591181681182 -0.135506289027801
1.47545882760967 -0.959491481384722 0.00399225823189796 0.0779211633966254 1.32446587822849
0.950996774270379 -1.27101932201453 0.229515667127609 0 0.640371316816013
0.395667025746473 -1.26582671275107 0.313392926653597 0.171168254393132 0.0610069068415442
0.265590159297968 -1.48585076610882 0.237629279396734 0.0948258640256557 -0.295977145278503
0.522496823744411 -1.41841085210391 0.136391897601477 -0.0571415322397525 -0.505546180250119
0.470889767763035 -1.04072839985733 -0.0711076795345462 -0.0507450399024009 -0.572595693583153
0.337739416901874 -0.526539803565009 0.139997256349082 -0.114615753531735 -0.654568505736587
0.0273782987476011 -0.0670994655607046 0.312902775073152 -0.0613305549125032 -0.430634500819409
0.142172082512035 0.216577514818068 0.525360329264089 0 0
0.224884255993142 1.06851230165032 0.353211801582904 0 0
-0.294732847938894 1.12955065156638 0 0 0
-0.484755539674003 0.953056155979784 0 0 0
-0.595037731513856 0.56338078950118 0 -0.266143771455815 0
-0.723332788547377 0.253336712755087 0 -0.20387705185321 0
0.655616434061398 -1.07224130424817 0.158547666954638 0 0.634970111217968
0.337049574336133 -1.2800357177457 0 0 0
0.148850062175336 -1.46957179084128 0 0 -0.187398863044977
0.115114919499185 -1.87269333319522 0 0 -0.25731408618081
0.619726485541955 -1.82007987618365 0.146175679984105 -0.143179922670021 -0.463050057632292
0.654288672411527 -1.56707269820636 0.00559916079407772 -0.197912416913815 -0.500268119415069
0.33888138443743 -1.22144026681359 0.39186491555117 -0.378079508703145 -0.629220257248064
-0.144125224406108 -0.879029691525163 0 0 0
0.224024187239814 -0.452953040874839 0.421561102966008 0 0
0.61099976526041 0.273612616892428 0.132056541369892 -0.0838079721766921 -0.278489189962524
0.794444107052908 0.831794230450426 -0.0343326934069451 0 -0.331478661895519
0.287908017925533 0.391201227182725 -0.583437392911748 -0.550047810552775 -0.395887147580812
0.0524334184758142 -0.303345748842671 -0.869032077021182 -0.121535062133028 -0.160878802820874
-0.544286529183587 0.241390844299442 0 -0.185013741631908 0
0.217400747724596 -1.06994875644752 0 0 0
0.14618255283349 -1.32233284682973 0 0 0
0.196635592642572 -1.71613997682542 0 0 0
0.0881312733789547 -2.14015610791399 0.249290446952134 0 0
0.427711045371023 -2.14503584324138 0.243357458383098 0 -0.247106294693452
0.868430351874793 -2.00683647153641 0.294923987036778 0 -0.434279174044803
1.00449924985574 -1.77219903988667 0.379967862783254 0 -0.455507258073949
0.796135710401045 -1.55296701547081 0.266121289888737 0 -0.316009695854452
0.666643782059341 -1.61215557634835 -0.168164915344926 0.382351268911053 0.0197234797655247
0.607297053937435 -0.647094746219363 -0.0684126115298078 -0.0347681937469322 -0.310594538878029
0.640320748609326 -0.0268881714221575 0.0228724696241746 0 -0.261232061378027
0.456736443221991 -0.130769095977135 -0.582134663410017 -0.759065163178894 -0.345002677320197
0.185768443029064 -0.623372966837088 -0.974335962385454 -0.943429741486153 -0.125548143719593
0.127709872185092 -1.2308534177773 -1.21885718677059 -0.276485827547986 0.0685954708185106
0.0869195132447733 -1.07814344046863 0 0 0
0.165992449776457 -1.45173034187139 0 0 0
0.249363881105538 -1.82414126734776 0 0 0
0.308396967154225 -2.14595098671044 0 0 0
0.512730516113701 -2.13000832450443 0 0 0
0.963682491952656 -2.04945067024416 0.250147385301075 0 -0.193258001162556
0.987499950219359 -1.80929289808961 0.295535817551764 -0.173196544146438 0.0928337300220972
0.852625753484951 -1.88565638923438 0.201047232959522 0 -0.0365331049433405
0.388197064398197 -1.84986775229417 0 0 0
0.502204106344311 -1.33707372922536 0 0 0
0.616387792753357 -0.744243869169219 0 0 0
0.46499478960196 -0.960681684115812 -0.73478411039107 -0.892354798577447 -0.338800205890453
0.354545580148171 -1.10263118231962 -1.01658182069037 -1.04773519645392 -0.181938164060263
0.254486516872778 -1.53072156312297 -1.31447242515511 -0.83215347499814 -0.0184672556829067
0.114318204075745 -0.990103426990192 0 0.247108501716783 0
0.147852370422269 -1.37554264100192 0 0.324466239701414 0
0.208820266661389 -1.83709567221816 0 0.256101271353568 0
0.0812933033270005 -2.18244346785678 0.0826919349862632 0.692288442073548 0
0.296110706120446 -2.45095305753565 -0.113582685971278 0.705734971810722 -0.00613238035137308
0.816015488828594 -1.68658652273786 -0.0267155778182839 0.273588472579873 0.19461217993591
0.76214148646875 -1.71287245365385 -0.149348625202016 0.0903241528466131 0.794503224681733
1.03576938461201 -1.78002221153493 -0.0297456882319471 -0.205714635588483 0.506889234461962
0.666966777848981 -2.32013356423127 0 -0.285549102799487 0
0.606495813919705 -2.01062351894231 0 0 0
0.643259629714032 -1.50943260562247 0 0 0
0.595991203902486 -0.963643625032295 0 0 0
0.381621303747173 -1.59097891562635 -1.02886436819185 -1.0859237606199 -0.242883160670791
0.329835791731879 -1.85232402113791 -1.33886065847187 -1.07425432483868 -0.0877744432212869
0.176884417151261 -1.00196815966331 0 0.46837418328771 0
0.192209335186365 -1.36686594338591 0 0.573044214871896 0
0.256111296080986 -1.81429382244765 0 0.428112474021595 0
0.128922043570746 -2.0994517469186 -0.00061736213194571 1.01530524663617 0
0.548169297515232 -1.96127348139746 -0.279883028256386 0.944275475530746 -0.005310366942476
0.694835569661588 -1.22882243782454 -0.291913621418238 0.53441258127361 0.483899971009943
0.781902992474537 -1.1721062104136 -0.359258893929307 0.255461836806494 0.872487398783132
0.659229306468162 -2.08348371816153 -0.184749473546667 0.244669739686057 0.659997010695242
0.927483434974477 -2.3458046726854 0 -0.468617231747015 0
0.684620371171363 -2.37995251080347 0 0 0
0.681483368580447 -2.19428601142943 0 0 0
0.611175660510625 -1.65065180551045 0 0 0
0.434629713519764 -1.03657602749209 0 0 0
0.189607196265922 -1.97532835488877 -1.24309471944771 -0.972097920754264 -0.134569759911341
