"(Intercept)" "X1" "X2" "X3" "X4"
-0.199870875718387 -5.56531808246668 -0.723749164596731 1.36555928804667 0.0521431749997703
-0.0460554220876265 -4.92531385577365 -0.533875193653652 0.812221244205632 0.461819045364013
0.175933538002228 -3.96487210589026 -0.101389796934614 0.450248229343912 0.601116725851854
0.440655254809478 -2.93786733514854 0.266736438876209 0.134521014327774 0.737577200175001
0.421166744302374 -1.87840599279754 0.473010491961389 -0.293670874032643 0.685775461029513
0.312394074912685 -1.64219043255861 0.632264272206374 -0.335835760961956 0.148753659012072
-0.215613233257453 -1.20454724258272 0.736322200289691 -0.687558695721629 0.0338492248494239
-0.631897822077195 -1.38891243127737 1.11282709687381 -0.318445916678462 0.468718128429106
-1.27135613051149 -1.30763829313841 1.56605380611925 -0.28476969639198 0.714920151748363
-1.55309989085921 -1.32047139054824 1.79163654393846 0 0.660218236224276
-1.78893047801757 -1.20031445537801 1.78923692740878 0 0.264222709222806
-2.33809107914782 -1.29642024313849 1.96165211334004 -0.335747423917163 0.19546487550205
-2.41495678972516 -1.52117879710726 1.68346661204119 -0.0532859059717142 0.0843615734182167
-2.14097293794327 -2.00781451027893 1.57753247935838 0.311713010790357 0.116719540871988
-0.469603537726869 -5.04349380655046 -0.716053187319679 1.08814885154966 -0.302600113564079
-0.295402732664925 -4.44820647269521 -0.664686426312661 0.745980032031047 -0.120758098462386
-0.145585957294698 -3.49892929836098 -0.197053154255199 0.380477258052936 0.0174027310337686
0.233877546678694 -2.58844316317966 0.161245952594641 0.129824789641968 0.119341032947934
0.655258714915956 -1.51931973532288 0.195763889041772 0.0733553829869457 0.288768191872852
0.400205322352457 -1.21064619149268 0.316022204416011 0.0435115222959482 -0.132308135034875
0.155514701144483 -0.708167356449633 0.245453499124399 0.0283903464603122 -0.260894394259633
-0.240371654277658 -0.474295840016223 0.558850261953288 -0.294870660949409 -0.210068183575164
-0.842092284322539 -0.747506637145852 0.952747873703313 -0.104589994751519 0.310074453084183
-1.04719526808699 -0.785895072758115 1.13724740331242 0 0.237465247159045
-1.61107649338728 -0.721421019681988 1.45341825320706 -0.30648321751624 -0.00484943670312293
-2.09997954750757 -0.564025836852968 1.3347588800711 -0.524199940974983 -0.111358104729536
-2.17290849773451 -1.01543129956643 0.864777544415626 -0.0765527717343176 -0.042891394793156
-1.76137944834077 -1.7476626980016 0.464224071006442 0.5428495333798 0.110502954578522
-0.511488007734877 -4.56402397282166 -0.72010469182302 0.779049313311392 -0.466633032993559
-0.589032255985094 -3.88309113022205 -0.51306351465705 0.576529723269621 -0.555952426548699
-0.466358177105906 -2.99925168387866 -0.291852647270949 0.237942170121445 -0.562144642186802
0.122104669790494 -1.98374647691141 0.0393096638239639 0.110455680189148 -0.413811391081864
0.902017174384012 -1.16447075412582 -0.084416499903125 0.456347545676098 -0.244119512224297
0.492781750965659 -0.813162818063244 -0.0427902404962551 0.370779606214279 -0.274655053272724
0.103546245542279 -0.135639328922467 0.0527526980484321 0.188209431961471 -0.649808275917208
-0.135637529143312 0.0976337925959784 0.220370869666042 -0.024612411332331 -0.542766441037651
-0.478232040577683 0.0352245096649644 0.361397343240354 0.0783310280540885 -0.432440577969986
-0.55298217582283 -0.0313804620392229 0.46089226963012 0 -0.448116837433529
-1.20648953728457 -0.100029470107003 0.911193361362429 -0.191843903186571 -0.474949361799444
-1.86121634113623 -0.0219505085995402 1.02137611087476 -0.922930946108109 -0.253266999174508
-1.56786247804555 -0.711808754352422 0.555154290872847 -0.13885140691784 -0.139036390324515
-1.34468675711362 -1.44856769907758 0.0304123317481277 0.46251913440058 -0.00840556843500046
0.364078133252105 -3.67750988758101 -0.484721035572034 0.509892864038249 0
-0.386262103247418 -3.41885395081192 -0.513141135275089 0.327149940260305 -0.506007105221898
-0.321749661013518 -2.55149856946921 -0.238401724847897 0.140761094719015 -0.670865250445098
0.304864126757839 -1.47547462788297 -0.0465491458337651 0 -0.699373888056677
1.01391847464283 -0.785896342048739 -0.390663957981797 0.65983816556125 -0.667849967235178
0.782628654938856 -0.281493252605501 -0.401817850032173 0.772932167489732 -0.769664808555535
0.451189610840472 0.0684833262868607 -0.278210641253096 0.667890961246409 -0.933606354605528
0.0926813194286652 0.440961504573548 -0.0977453364128036 0.197598867545689 -0.842989092384508
-0.094272599740535 0.529691554919693 -0.0668795361432321 0.362388634510375 -0.933377614605646
-0.497158284937703 0.617273959137036 0.180604691446256 0.308827291720699 -1.04878323681046
-0.616532453787904 0.43536652529706 0.403718708037564 0 -0.684606628365395
-0.898861518937189 0.311357065832893 0.678263492968379 -0.213293899804886 -0.610611645773607
-1.10609550926466 -0.239792259662672 0.289612720037114 -0.126647615970469 -0.250473179101598
-0.941596817775024 -1.00141480211454 -0.440586403342091 0.373621211224288 -0.150149478676736
0.458570744283718 -3.40403604999941 -0.557194540043898 0.368797119895169 0
0.372196131620888 -2.89162485648069 -0.513176360633194 0.15733365734097 -0.278762525633676
0.263480683198716 -2.0974325917255 -0.391828280820002 0.0503791975253826 -0.516772564827212
0.518919456435137 -1.1820483010584 -0.366195289726773 0 -0.619199143229963
0.815127594723823 -0.45244902518584 -0.450967621033274 0.580234429966473 -0.891516538952137
0.644229277141685 0.111741514244952 -0.623701008081767 0.845110072699968 -1.06487663721827
0.553228608909603 0.441205275268943 -0.605319259735486 0.963857007887025 -1.17245380145137
0.319614689963361 0.637705347293775 -0.359311443962238 0.498426136199047 -1.15923772052073
0.0432131670196144 0.791963124856572 -0.257134773379405 0.292177553657356 -1.21038614182185
-0.258834541139492 1.08313088055105 0 0 -1.01133818552675
-0.358943337399148 1.06028787827168 0.172933872888786 0 -1.06906344152371
-0.461621276000472 0.776229418896245 0.367872489629252 0 -0.734631713884323
-1.0571864505116 0.170769651566192 0.091631406353679 -0.208017258973186 0
-0.800490355614675 -0.7574862622716 -0.66940514334913 0.368805796718849 -0.00148594394648967
1.15064163492496 -3.08924705529761 -0.663736900054136 -0.0783358543193848 0.142667206422964
0.989718882438011 -2.4541466216399 -0.58915385993325 -0.00861871708873045 -0.0925779509986998
0.655238990331185 -1.82888603283943 -0.598249219714073 0 -0.454216146756047
1.00852685570424 -0.974770877110916 -0.464893411980565 0.312269259253065 -0.629413928472163
0.507314768381738 -0.33758588174246 -0.169249273092863 0.417672642971613 -0.953396914800201
0.0932708121649148 0.310463053993205 -0.451197208749441 0.494945535208085 -1.31432791677439
-0.10557972141331 0.734870680906288 -0.546180338709487 0.593050152430113 -1.63833694222741
0.189249749629025 0.9093422689456 -0.497900191953682 0.728323128283844 -1.61281510917205
0.335809583140023 0.996201335346043 -0.43784843892571 0.38839293602116 -1.52656100611439
-0.249973802956411 1.20062614148567 0 0 -1.06107577563386
-0.0234213089539214 1.36387586640341 0 0.474631076165998 -1.26529875765036
-0.0741321495979654 1.22328203410181 0 0 -0.794075029088653
-0.245454377587543 0.6029174280923 -0.216245518935243 0.325512341218977 -0.329362310195014
-0.633381398083307 -0.475201093352949 -0.305877265208467 0.303221179243503 0.0348051118075276
1.84167537201164 -2.74382493677281 -0.51008191784011 -0.514624864174255 0.731774788007494
1.82735960115943 -2.04493766902519 -0.47259982978849 -0.326707771750521 0.36577913288294
1.70855794656028 -1.47892775773107 -0.37496145162045 -0.0944382077984017 -0.0281894562704257
1.06708664124664 -1.12937211051994 0 0.198232048466976 -0.488319951025172
0.257232450870021 -0.736201266191742 0 0 -0.984370860202673
0.0250264010327226 -0.203429122707611 0 0 -1.26277746459122
0.443636688251722 0.551561761218497 -0.322972974007401 0.725542025545586 -1.74718415472808
0.531529942195315 0.86715466856175 -0.168461173250749 0.839956614861291 -1.87658155656675
0.44326018842602 1.0634820115897 -0.281340148193657 0.561767399388124 -1.90410552779046
-0.0552914476204591 1.24861933235006 -0.286894366122327 0.107066508103527 -1.48362381598009
-0.160735613938451 1.34961550862832 -0.1359943801333 0.175950194166613 -1.11360539252909
0.196948358612163 1.13903712323898 0 0.336216196344022 -0.861600953272902
0.0790034294149707 0.831068466216801 0 0 -0.526019523106682
-0.257035626698574 -0.0808274121737756 0 0 -0.0700701750737095
2.18098753537287 -2.22549239243797 0 -0.330091052519907 1.34603892293129
1.82683315008344 -1.92055414163993 0 -0.182843004267689 0.755448859685601
1.46313146492171 -1.56663819865471 0 -0.0529571807568762 0.0601491541989184
0.961015836595582 -1.23209279850312 0 0.277411724575456 -0.618700423372281
0.661567476593479 -1.16178418849643 0 0.157222866905487 -0.992950970056248
0.330840296564807 -0.847345116436727 0 0 -0.957503332192566
0.374895545737652 -0.271259082973909 0 0 -0.944569949642337
0.19795546043998 0.154900941125224 0 0 -1.31703942601169
0.108219327104279 0.509522159981097 0 0 -1.38847749022376
-0.034944934650468 0.845376603161975 0 0 -1.16414975889107
-0.357880736007526 1.128079243868 -0.244987592111978 0.0512532674706755 -1.0270193452892
-0.0621525750551155 0.894683361534537 -0.148251242230255 -0.0643934444698373 -0.920850308141922
0.366855784403449 0.760038371010453 -0.320079923378342 0.171543080050476 -0.670457884974716
0.309277734693513 0.338786923614041 0 0.27402574156309 -0.161378052828518
1.63161590067935 -1.82427148739246 0 0 0.974389056342402
1.15316818774244 -1.77285137632264 0 0 0.399436604825612
1.13961192387196 -1.67043410307374 0 0.0543162267691003 0.0179623752296489
0.784793906734105 -1.69807832332964 0 0.0328800580122021 -0.472526671398
0.501007152885906 -1.67577225087353 0 0 -0.838893901270934
0.579966886093809 -1.45371087727404 0 0 -0.883992304941548
0.452220675577201 -1.00746090268247 0 0 -1.03764496624405
0.277148282873841 -0.563676147086254 0 0 -0.988934199527877
0.185614685957805 -0.089474588131892 0 0 -0.89831435544996
0.330217153584762 0.376670455005834 0 0 -0.945838269874053
0.299748343360223 0.668341996821738 0 0 -0.783476428714726
0.17703005238355 0.770806512208712 -0.310424628674567 0 -0.794671186079685
0.200098936564465 0.344559471289549 -0.321513181822053 0 -0.568488283518604
0.427898440540667 -0.341515596468773 -0.424478081774799 0.421052584717806 -0.233827662210997
0.997565899892131 -1.6771960724862 0 0 0.5683122519101
0.620634070199009 -1.65908985652153 0 0.136959180503929 0.108244417789846
0.484266160853549 -1.81968126961992 0 0 -0.235916396374096
0.349274707205135 -2.07629896655048 0 0 -0.381697518199823
0.525891444098695 -2.12303510447114 0 0 -0.617487214711659
0.783745555478175 -1.90944944560118 0 0 -0.688577045250192
0.795612057319942 -1.4805547467812 0 -0.0303258376619668 -1.01736173794182
0.553301295526572 -1.140294499981 0 0 -1.04400768648494
0.443584698519242 -0.605836261044733 0 0 -0.869226643499868
0.647292651073744 -0.0495767288946611 0 0 -0.669476186941729
0.902806068324098 0.115805874427392 -0.343084229152574 0.33211226755752 -0.638020710655311
0.476922698033645 0.076090314972182 -0.54498185577588 0.395406873229787 -0.540222984518594
0.386525196008115 -0.208206679148687 -0.616939046527484 0.55837484725389 -0.242631193038449
0.574910703696931 -0.899965329560611 -0.798390678827246 0.824008986101807 -0.186285236459229
0.305991273850365 -1.62710990902064 0 0 0
0.462302383308358 -1.59301811179436 0 0 0.0236166765025959
0.336918310638042 -1.85321434162878 0 0 -0.0789146111618427
0.32851101483205 -2.35692043075519 0 0 -0.199558510754521
0.617570048772802 -2.44869526464152 0 0 -0.414233579592163
0.94453507419578 -2.23337568839643 0 0 -0.719660297683501
1.05091469565569 -1.95482237561979 0.106949867099088 0 -1.02385352997263
0.810880936137531 -1.58467899400969 0 0 -0.978676080607361
0.594635259683565 -1.03857893976642 0 0 -0.745008212209487
0.78660380760601 -0.568057564989886 0 0 -0.470481510530287
0.939725704072106 -0.671998070187788 -0.323968073721771 0.269976839701042 -0.604312040561102
0.773339032831291 -0.729914643283051 -0.552151364650317 0.559490031972587 -0.57652385890921
0.637511242394572 -0.867940565739395 -0.602420968118259 0.741187233233569 -0.391467029674839
0.779514449942395 -1.33683035263285 -0.740441915989438 0.99282790506918 -0.12394463932082
0.305662987276057 -1.42626772970442 0 0 0
0.348305220552199 -1.65466875792231 0 0 0
0.455472051656513 -2.07487597798905 0 0 0
0.554006701167147 -2.44414648345685 0 0 0
0.526775697595475 -2.43022868497139 0.185155554151213 0.258080153588819 -0.422814842870324
1.01655364855957 -2.2963044447493 -0.177602431196311 0.222101759821324 -0.325996225542857
1.10543305826611 -2.2780270943401 0.0200104121930643 0 -0.613356054319334
0.967556844757164 -1.98756817117863 0.0505695009239568 0 -0.614658202193328
0.771102783735371 -1.51950645540643 0 0 -0.587237290563058
0.882757169749523 -1.15831079347019 -0.199816847519808 0.123979922012256 -0.611153547996922
1.09681300259253 -1.47185063884364 -0.340803710650434 0.362641126808789 -0.638497926357722
1.10387509450991 -1.64668936767731 -0.565834557279417 0.659780530378985 -0.619572627372942
1.11752745444557 -1.88761421321729 -0.80256292458097 1.00026265899017 -0.453457982793583
1.24248009986016 -2.21049015346895 -1.00289644379085 1.35514100295566 -0.274943028042934
0.355285223215095 -1.49883229701574 0 0 0
0.453905323336628 -1.81868141540849 0 0 0
0.379597789152749 -2.06822935475897 0 0.238657840520138 0
0.580462267295868 -2.30189287675954 0 0.202939522223728 0
0.282765240306134 -2.05005726344728 0.12355682377552 0.834452429376969 -0.199791420393074
0.625010013516284 -2.01527608235329 -0.20150524099804 0.650359158043075 -0.0351654858612359
0.899904435578778 -2.27250666144035 -0.331394681479877 0.330960783704631 0.0448299922262596
1.00703268032542 -2.05066568859276 -0.294940166793693 0.216959617438388 -0.0990674860415691
1.06031836874619 -1.79203581522195 -0.166158212223209 0 -0.276099461610884
0.888652057314338 -1.6898654203705 -0.396345202128903 0.293866454934893 -0.461912933398263
1.19148743743239 -2.07875930165015 -0.451946658998369 0.525894396754122 -0.642531397141497
1.35845865303287 -2.42275683869126 -0.625420489955481 0.779008004665298 -0.691270045982921
1.43431312814377 -2.69865981856051 -0.834613610626914 1.1050864089084 -0.597697028515384
1.50077937874984 -2.99034996121391 -1.07706034614629 1.44795365867175 -0.455961331701158
0.434555980415533 -1.65355696293688 0 0 0
0.440148770268329 -1.6925524726429 0 0.207269179734628 0
0.526410380190848 -1.9088160026004 0 0.234644448908925 0
0.633205990648657 -2.06339264820067 0 0.237206202720937 0
0.0163086325894643 -1.64971969636358 -0.0588783987269033 1.21263848794071 0.100454097385319
0.318732435882897 -1.65746594812172 -0.313016020518966 1.09968286736165 0.203699648516515
0.613257397988719 -2.1700827637271 -0.646302219722635 0.629825585101154 0.483658469411679
1.09845146289464 -2.12159714268596 0 0 -0.30058360939472
0.847136457405448 -1.80345595456945 -0.787935873438016 0.241852803000892 0
0.771033870875184 -1.6200457067618 -0.86900425258039 0.246636045455155 0
1.05443984989697 -2.46850883149542 -0.711377167729582 0.679226158460006 -0.685935796804836
1.56524897631958 -3.09204323760686 -0.730108446454345 0.963406370458911 -0.8191310264775
1.78796786831007 -3.49750778310856 -0.907752796593545 1.23612313984289 -0.79074622173189
1.89136058945991 -3.82932111763449 -1.13513586292802 1.53818919615896 -0.717237017090384
