"(Intercept)" "X1" "X2" "X3" "X4"
2.47226042483962 -1.49230844183874 1.04368528447797 1.0084219798846 0.158803022423518
2.27147390147731 -1.3934882859481 0.919761910770669 0.879918065843314 -0.0205188333448735
1.96619293703845 -1.32056369814946 0.817897958778935 0.677165352612126 -0.155152864304723
1.68745903155211 -1.35740267662006 0.655259236180947 0.586827763181682 -0.158684771477937
1.19225792336518 -1.56091131286487 0.531304369962215 0.514212051569175 -0.115901104106203
0.345127526883508 -1.31702029919173 0 0 -0.336646110473684
0.189063044686085 -1.19796617029485 0 0 -0.352525967216267
0.179463290063725 -1.44328288090855 0.38281262250486 0.523460919166345 0.545789692404954
-0.153416920912114 -1.276371492169 0.415458936295827 0.495784649513145 0.389471063937504
-0.526857316126401 -1.15193715600227 0.515073080565948 0.330848013525457 0.0772266589386017
-1.02566853185753 -0.67907869748655 0.504492917905644 0 0
-1.35044116941177 -0.577885392003548 0.60081164478137 0 0
-1.72716119016153 -0.271146401625005 0.384119305340611 0 0
-1.92114261819814 0 0 0 0
2.38484960138556 -1.36194229643519 0.975250175409579 0.934427617770887 0.213408896823518
2.26981231297524 -1.23267991669971 0.814267723472506 0.87219374481565 0.00785854224191081
2.04092762436409 -1.12206004792918 0.675801644499816 0.739619506262491 -0.177389884851361
1.71644754358039 -1.04315213194873 0.497762831429589 0.574820167857379 -0.291214404277031
1.38301219183858 -1.01317372321956 0.336674282700103 0.448898940986618 -0.319008524921747
1.09765602505445 -1.00739435558126 0.239556663024819 0.426767784440883 -0.232117837630403
0.517670292811338 -0.67111019068428 0 0 -0.425745044207564
0.490668387819044 -0.88340106232543 0.0605479311958527 0.54379806981041 0.0741035831354938
0.0985496839225891 -0.771940806356257 0.0752284034065043 0.453714040417743 -0.168179709197817
-0.459568960635504 -0.326673363662914 0.280135315349712 0 0
-0.834258638778341 -0.376069793726316 0.438750065810049 0 0
-1.14106315998285 -0.367566530980278 0.572802342106482 0 0
-1.5414601956338 -0.102699893568043 0.356685524761371 0 0
-1.81855984804311 0 0 0 0
2.35052100332554 -1.21681533631233 0.894167014934716 0.851535434380985 0.319278240647364
2.20512097593257 -1.10798126734531 0.688320055195663 0.824896947400574 0.0581796725143196
1.98163810881596 -1.00868314515017 0.515959641780426 0.745593063621436 -0.174153240989086
1.78465945718664 -0.872125295134913 0.326131751445471 0.641193615439667 -0.345968674128047
1.55973833437082 -0.703773750726984 0.12306323879989 0.5141972674109 -0.437865911661515
1.24244884576726 -0.545558036884259 -0.0402939221789857 0.362839381720129 -0.482765880737725
0.839012471745595 -0.276401045759073 0 0 -0.289288792836677
0.705711923674858 -0.399593485906608 -0.29268502723593 0.498771412410803 -0.492961320244992
0.285979274134059 -0.346375845480147 -0.197143379362584 0.422768055986785 -0.498444928225496
-0.195105373806863 -0.106152933942909 0.214227679435343 0.253922486338255 0
-0.643839020875636 0.0328193074722028 0.357355696696174 0 0
-0.970227323495332 0.00562464065472143 0.457840103930873 0 0
-1.1348993411851 -0.0594987476056333 0.643396628117513 0 -0.140667812413563
-1.67548335363809 0 0 0 0
2.19844719965808 -1.18325331290617 0.814932792367832 0.735459875858843 0.414467642445579
2.05177009493366 -1.05332972446724 0.575541247080953 0.746240594919683 0.115059612731285
1.89447617895688 -0.93000044659038 0.35637490743817 0.72688445053446 -0.148555212315893
1.69353618833765 -0.818590566588409 0.1413636068402 0.647722489216429 -0.37127560804524
1.51965341306667 -0.630340747081971 -0.0333701179587177 0.529235028448786 -0.522534764819997
1.34703579997571 -0.379621315262413 -0.220559732187362 0.397547123740685 -0.647915786458979
1.0439777303335 -0.0545876860639845 0 0 0
0.848011861197486 -0.0777565463221576 -0.527674037236585 0.492321275956293 -0.728338420655806
0.515364744229679 -0.00233717372963118 -0.295080756751481 0.42667639578861 -0.63211745295005
-0.0212544207270667 0.249295134701099 0.11373374741648 0.28658295725121 0
-0.45592637550277 0.390790084770917 0.278189151368047 0 0
-0.612821511401854 0.346938879428725 0.347793963094894 0 -0.286922889782337
-0.988823909410647 0.205987818259115 0.507303657689831 0 -0.0998965657785439
-1.45712431553944 0 0 0 0
1.98033254832356 -1.24562145261227 0.780720823713933 0.579657838922084 0.498173383740426
1.86517205047555 -1.07542016372257 0.483328499930637 0.637798577347672 0.180025874796212
1.70948948386324 -0.935952468324195 0.179718094731183 0.678152426988325 -0.119910632726488
1.49639089541725 -0.837555027558455 0.0332222307487931 0.578044119397671 -0.384505334899982
1.34501742970862 -0.670196054765339 -0.12587877209493 0.457518645939063 -0.579014085225707
1.1529560351192 -0.418496575665787 -0.249024183911674 0.266966318189358 -0.744425687361733
0.877505610599573 -0.0296052251545788 -0.212201205472433 0 -0.681647418619668
0.900364326490538 0.104192322913603 -0.580336295319334 0.405338602460229 -0.799205097973202
0.646072890936996 0.295095924244657 -0.359659777129253 0.355486013999959 -0.709441128256716
0.277151662939588 0.455964949146185 -0.0968135164022667 0.227200321794738 -0.585565989561612
-0.0706310710145503 0.656645185422988 0.116735879220995 0 -0.443152580183821
-0.464278211456027 0.543988085931571 0.2680548223964 0 -0.290302323856606
-0.818758446586884 0.390718760906253 0.376491673062174 0 -0.0593221122359464
-1.15643087078402 0 0 0 0
1.73170015652653 -1.36958014385288 0.746292659392946 0.388264906150753 0.600780984093741
1.5974807056217 -1.19010261105722 0.469482315719426 0.46339104761399 0.220934273861538
1.39478718750761 -1.02777867894244 0.211681187573002 0.488884307470171 -0.119613992147349
1.20339067956436 -0.896330030371511 0.0313633752072815 0.433345679859834 -0.405431385338125
1.08624250412917 -0.721651334172507 -0.073880278772858 0.329941170178937 -0.617537494237148
0.836447843227615 -0.442075637162059 0 0 -0.658386249542743
0.660911255521784 -0.0804517828155263 -0.292791773753647 0 -0.843821087193418
0.882588367421211 0.13403529188752 -0.383187506939513 0.205679958178523 -0.868224765427232
0.623398315300949 0.488803270507883 0 0 -0.471061317344571
0.428683487437858 0.713608205075033 0 0 -0.700566115066664
0.159632516420435 0.766127363247415 0 0 -0.580591019583897
-0.0730982969782187 0.385656982953312 0 0 -0.410844577201854
-0.423516093264671 0.296768197550581 0.19194699026061 0 -0.177720528862726
-0.618045476662795 0.294559679668545 0 0 -0.0610716327986228
1.42809032652544 -1.46620668380723 0.697554393828932 0.200273676541155 0.753926884388386
1.32098934962707 -1.33174650255512 0.440154345697093 0.31989504375858 0.315528524503128
1.1781844474804 -1.19753862169953 0.229246099251966 0.381550903204712 -0.0712935991125245
0.942833010766935 -1.01541600880422 0.115056002955946 0.308116241573577 -0.415314901780659
0.824186622566694 -0.854796365653409 0 0.0567456811187444 -0.716563336901108
0.588748356528647 -0.509650938417398 0 0 -0.756467340506384
0.453085637659175 -0.156507453707323 0 0 -0.6052672485509
0.55981255852906 0.167961817999808 0 0 -0.58031590871731
0.635745623176952 0.404995405792049 0 0 -0.718602164260283
0.426974289134929 0.585342829890188 0 -0.179913840720471 -0.799822180012308
0.328655111967563 0.753052588528056 0 -0.151863778617298 -0.639282307070659
0.184446477981011 0.692702626422083 0 0 -0.419933559691898
-0.0904730464487061 0.526581397258585 0 0 -0.200871761623081
-0.364084610518234 0.34805037482137 0 0 -0.0663667808741319
1.05332913962432 -1.51475919958144 0.673441886736886 0.069049029190845 0.836799308240578
1.0027084096891 -1.40813917428135 0.459982220638956 0.200997071680868 0.423195156985412
0.931491035247222 -1.32879687498298 0.257938433503014 0.250622395909913 -0.023085763045702
0.810465901134346 -1.16868413127643 0 0 -0.537934307480647
0.722837679766522 -1.00859082346461 0 0 -0.741849055063436
0.588129954487063 -0.758810639234068 0 0 -0.82980615425753
0.473575835589876 -0.432413027855008 0 0 -0.627409874819873
0.498951371957679 -0.0844412963286632 0 0 -0.748420792448268
0.55270716673238 0.200780974429069 0 0 -0.755432074484078
0.576169610669438 0.366684640728844 0 0 -0.670399989999059
0.421545975637812 0.545705525118018 0 -0.149032566525627 -0.544437271156667
0.354050135554524 0.6348142084863 0 -0.119569640000664 -0.336845269524381
0.194563446248249 0.474728407981584 0 0 -0.246563850426663
-0.0213205606652752 0.325232096318833 0 0 -0.0896484384681132
0.65342138390445 -1.49025295509825 0.645525448814493 -0.0353035979249536 0.861839100053829
0.458215676253089 -1.30635052186062 0 0 -0.0367074954799426
0.509766498856907 -1.2648367299243 0 0 -0.210989831863975
0.627478103560889 -1.25553712945795 0 0 -0.488883040084433
0.723933032267871 -1.2393655575265 0 0 -0.751904151960683
0.735255341843556 -1.09307310397279 0 0 -0.779549039748784
0.611914553347853 -0.803880014054407 0 0 -0.62777848683624
0.561113633450605 -0.463409086399041 0 0 -0.723073674500051
0.555467668184862 -0.0999733260606124 0 0 -0.660180249800226
0.57385030501688 0.140450651455459 0 0 -0.505054956404763
0.598481223851103 0.264939385788691 0 0 -0.396320604964759
0.445803920922025 0.277296189175759 0 0 -0.251320700026065
0.351027170169655 0.266785580665434 0 0 -0.178346053632692
0.381966812179315 0.283922378684928 0 0 -0.0935931811831013
0.418789483389517 -1.37355740847637 0.242454319392754 0 0.647884212339421
0.2279489519241 -1.2696029011604 0.244722145773919 0 0.346781253296788
0.291698715137242 -1.43438284587424 0.188179547719865 0 0.000216421369086206
0.505784765433828 -1.47291776310807 0 0 -0.353479264996429
0.702301315806703 -1.4621516492645 0 0 -0.594547911724675
0.859233934476124 -1.35723608444821 0 0 -0.71195415668003
0.782564175665493 -1.16904828203031 0 0 -0.679597356645022
0.667332504616614 -0.850692056260833 0 0 -0.656059504319995
0.692487551392502 -0.50551714538856 0 0 -0.553562129550616
0.713702628892453 -0.205371509810065 0 0 -0.393981497255264
0.772338190460178 0.0127120393058133 0 0 -0.241480229186127
0.755660850651005 0.08354331618555 0 0 -0.119179935734611
0.69060706094617 0.126986202172853 0 0 0.013022108112366
0.631246751568585 0.166121174367362 0 0 0.147682888996609
0.163084124298346 -1.30138862811124 0.339121643394077 0 0.766740053859607
0.148210239869668 -1.41435338456018 0.305168386479957 0 0.460860324293874
0.395716915429137 -1.53340306901669 0 0 -0.000591717702650227
0.545803590988972 -1.61431757002744 0 0 -0.184103977988272
0.704528534238112 -1.66849235789637 0 0 -0.379703904803992
0.880043993373389 -1.5560706148104 0 0 -0.517157872427559
0.905109277909164 -1.34493297726836 0 0 -0.562191813008965
0.716474640463676 -1.22222866535237 0 0 -0.46471319605401
0.902872147614688 -0.937319920085429 0 0 -0.487576578819063
0.937556458126845 -0.633757184190384 0 0 -0.329274527232208
0.945305635891139 -0.37745456407396 0 0 -0.135635537222541
0.974634540538369 -0.236326080765007 0 0 0.0150758900982308
0.921737700935271 -0.155073153541225 0 0 0.147346979461713
0.832991786082705 -0.0704341529735089 0 0 0.285601865810754
0.0635954565781108 -1.43106054058011 0.397647488438996 0 0.834536571116438
0.145056152463595 -1.55725336780108 0.367990189075966 0 0.571075945016452
0.520807259204349 -1.59206159138001 0 0 0.128487868423669
0.658944412174561 -1.69657695587538 0 0 -0.00726491583511562
0.788759121181045 -1.77318877124785 0 0 -0.170652934018448
0.942922154943707 -1.67319527750156 0 0 -0.321341169706237
1.05782477331116 -1.58161298640849 0.210720896055596 0.0454694361696145 -0.25626161706989
1.13714568376525 -1.44819045260276 0.225957353480534 0.0359555036044797 -0.162153840669515
1.01976166745189 -1.26948654042875 0 0 -0.378432747375605
1.14271068239415 -1.06246134615464 0 0 -0.223765041457317
1.16114646116143 -0.813946451022826 0 0 -0.0349019143323435
1.20318778696938 -0.621193118361112 0 0 0.154475528485368
1.13235929835033 -0.456310327032457 0 0 0.298349575026769
1.03256476977643 -0.312617735888213 0 0 0.460578982411751
0.057026309705967 -1.60651612732108 0.449620678269182 0 0.982487751823183
0.513695276325851 -1.55514987756672 0 0 0.399310472075868
0.648309412516117 -1.66255842200571 0 0 0.306777835569428
0.783481826876883 -1.74942956141287 0 0 0.166623974102936
0.863988512523425 -1.83051589341945 0 0 0.0437318874353424
1.03161169517565 -1.69296773574574 0 0 -0.13703646329589
1.01230256809131 -1.68640353068919 0.123487380342044 0.340593756240281 0.0595294583084671
1.19479112205259 -1.55190134216175 0.0837535409533494 0.358968667703995 0.156478282540907
1.35896782184105 -1.40944616952478 0.161046069518118 0.340511362566064 0.161113353937209
1.22903932931562 -1.36393387627626 0 0 -0.143707718643727
1.36433382237969 -1.23995989485158 0 0 0.0627382631254097
1.40336438096173 -1.02126089393388 0 0 0.260707959028366
1.33491314704487 -0.803498923804778 0 0 0.418724834121382
1.20386752669936 -0.606003366761485 0 0 0.565155342593964
0.481829890530074 -1.53611439194596 0 0 0.647812267923992
0.633970830963877 -1.61490817913662 0 0 0.535398305136892
0.771820018872269 -1.72375395422218 0 0 0.460757231157699
0.867006445019705 -1.82682272497696 0 0 0.346257057086351
0.944994682288778 -1.86517150066947 0 0 0.209365922391541
0.675717916396093 -1.90098103464137 0.134860074576828 0.488593135930586 0.293769518175425
0.873775815856238 -1.75258358171187 -0.0172056571263641 0.639311107917095 0.390767439957517
1.13018266480461 -1.5997313674605 -0.0823294692908787 0.651944438108046 0.461013631926591
1.40828479194263 -1.5337946088548 0.01243690555088 0.668486155428378 0.530663940086828
1.2838480833496 -1.45376993599223 0 0 -0.121478618381949
1.39624827300491 -1.47902051633118 0 0 0.0382668851091682
1.53501770848395 -1.35529997776694 0 0 0.305914577951619
1.55254277589361 -1.16139982326394 0 0 0.532092450482104
1.41041909972351 -0.907266952560787 0 0 0.687750806005072
