"(Intercept)" "X1" "X2" "X3" "X4"
-0.100289555925589 -3.45213765389588 0 0 0
-0.137536092800733 -3.18325025414859 0 0 0
-0.754326600657346 -3.41332475704131 -0.592410460561172 -0.766063065382001 0.712804165018871
-0.285719297151074 -3.00338179570555 -0.498720713238882 -0.456619464015849 0.786554492735006
0.101695053216358 -2.28961945699974 0 0 0.296874616705116
0.141778149634009 -2.07116618008719 0 0 0.367205588428283
0.0429999744565789 -1.84149720488116 0 0 0.251526330421513
0.0356532504131565 -1.88781047492176 -0.251805358718503 0.43228687467783 -0.0273142808872792
-0.377103225809701 -1.85939069000277 -0.277587115149388 0.577599147242224 -0.376162728353211
-0.614722859769154 -1.92368873517403 -0.197639926274634 0.695423257807241 -0.592192458958905
-0.619261304806846 -1.91580461498888 0.119638539624089 0.775153061697372 -0.871777288251557
-0.668058689451378 -1.92895690154462 0.438254409097074 0.857370026134199 -1.13475732970815
-0.81276685784698 -1.8696949179321 0.732085141738183 0.980238069511304 -1.51270033203646
-1.10613232201025 -1.98701643583944 0.795043542674376 1.04628917647659 -1.64662127263143
0.283902132030831 -2.92675341615565 0 0 0
0.203750466299696 -2.68319247195325 0 0 0
0.233074155495551 -2.37118036461712 0 0 0
-0.087991178234835 -2.45080794050395 -0.458429203791379 -0.449793837253863 0.483601850528641
0.480413241051275 -1.68878545551499 0 0 0.301354366923958
0.49350922848427 -1.362166894694 0 0.0491794703462871 0.251748315696419
0.325653599977596 -0.946833631215755 0 -0.0334755913429369 0.138371643867503
0.109288918953528 -1.09360171023323 -0.127539520825678 0.335825023908523 -0.137034109600479
-0.194261804684809 -1.14281361678745 -0.232135872817496 0.451186083234763 -0.464035911961391
-0.319492226513293 -1.22372570144911 -0.113247732790067 0.533753718763553 -0.633066342960768
-0.382139749074502 -1.20029850638589 0.200054147508027 0.640908299697478 -0.742870453801241
-0.549998930496114 -1.1796404825852 0.461914942795976 0.721537862053572 -0.900461143449472
-0.704867841124897 -1.16987141584458 0.697635393977439 0.813302754304036 -1.20250867724106
-1.97564842943675 -1.43325960314955 0 0 0.137220185809632
0.743688181057293 -2.40919880831065 0 0 0
0.558506502211006 -2.18585703516578 0 0 0
-0.266398392155248 -2.36426972093356 -0.448858411934297 -0.809433594591892 0.306565900243333
0.0928042241492024 -1.86986165071319 -0.353764065795244 -0.493242186647421 0.182269724155876
0.329691085256118 -1.38438353610582 -0.295187163790872 -0.126220254104113 0.0453621546124124
0.679685144881725 -0.69811939544873 0 0.201116729009947 -0.00854244428527369
0.388164819477456 -0.378557646778565 0 0.168230845227556 -0.198378984012312
0.190446193014532 -0.244408143966284 -0.03312434689755 0.239872652782773 -0.247456916366317
-0.070372649146406 -0.354764166648493 -0.111200216822745 0.342677827796118 -0.436605408239685
-0.142929612292575 -0.479720310915302 0.0273342489588051 0.41760372798397 -0.563341720035028
-0.269864236582533 -0.475496263102025 0.202368871604023 0.484440981632771 -0.517433226706236
-0.422700532466121 -0.486607245388774 0.379972799609136 0.5419510042542 -0.641181409977658
-1.30734947577361 -0.611304270218344 0 0 0
-1.72366608515346 -0.812127654475362 0 0 0
1.04112854988847 -2.16794694808385 0 0 0
0.900488294823862 -1.76160486144335 0 0 0
0.846050750308804 -1.36248923869115 0 0 0
0.438211254878296 -1.32173117500652 -0.227868354007313 -0.32212362709384 -0.0409537496449156
0.856354388670093 -0.764785876236629 -0.382902401597777 0.142985125825471 -0.0431869137837671
0.920141000466674 -0.258312885841995 -0.335250139861218 0.411931050938349 -0.0518044210308286
0.73272759440284 0.0669199941843592 -0.20333700686157 0.350433058992746 -0.172769992521214
0.553441402792412 0.282810060294591 0 0.160506267586439 0
0.203677674843392 0.411142896504762 0 0 0
-0.00529694656208652 0.26590906367979 0.0958778667677523 0.371632325984496 -0.357418948225342
-0.352065366530462 0.276081061616534 0 0 0
-0.631018847357482 0.0442982628327646 0 0 0
-0.983368951846648 -0.328298184882917 0 0 0
-1.41108612026797 -0.604946677405413 0 0 0
0.848155343643944 -1.77427140762726 -0.221310289640104 -0.906840206770362 0.383404838906834
0.825350721584786 -1.50479834536178 -0.271678552437597 -0.555087606632858 0.0154258442952482
0.800941956308343 -1.11842020518089 -0.28559194471181 -0.155167728515225 -0.32967931514318
1.01246123917128 -0.744204214384451 -0.496563711636799 0.0694476913119347 -0.267757213061658
1.23613653660018 -0.395740367606714 -0.537912960096487 0.349783752463692 -0.137790228976757
1.13233904764117 -0.0628701267851743 0 0 0
0.960597006808057 0.202511465162363 0 0 0
0.728118330167493 0.48807326151022 0 0 0
0.458745296982619 0.739984484880725 0 0 0
0.136870514299358 0.752952759281314 0 0 0
-0.163933359902337 0.612158608657967 0 0 0
-0.430235932553054 0.300460785243093 0 0 0
-0.841948608852053 0.0551944401676657 0 0 0
-0.335983085938483 -0.782498454421208 0.143876440688868 1.00880017271154 -0.233732065253335
0.896474861777719 -1.21976420448171 -0.275998599983872 -1.11637333389481 0.532944412372869
1.12783935904354 -1.09848479042284 -0.428618289233887 -0.613334129951733 0.128666779846943
1.19059254349863 -0.965913793153492 -0.546578122447359 -0.199332086667821 -0.198871999436159
1.09812656024225 -0.748205699451478 -0.530827176945455 0.177336599481725 -0.437489632970632
1.09516229274389 -0.468696228717991 0 0 0
0.799546114822995 -0.179521114339133 0 0 -0.593391498590152
0.912693953137397 0.172410679554453 0 0 -0.586832926324983
0.804053049081779 0.513120298868812 0 0 -0.658881287790547
0.625045767552868 0.82851164044504 0 0 -0.671155185401951
0.129341305756319 0.685904612497413 0 0 0
0.0359975713118849 0.913159703861211 0.0870624262027145 0.245820405551385 -0.506484470335677
-0.36657525222923 0.579502616672546 0 0 0
-0.269929489838529 0.12192392163403 0.0930312063820116 0.62982452861428 -0.355090670145266
-0.409394062350158 -0.420547868004378 0.0511260484421454 0.62675628230937 -0.26216682106563
0.976633238545191 -0.99497952350947 -0.259519647352856 -0.975790286336588 0.517420757940184
1.2281290006353 -0.896543152619404 -0.480946991263104 -0.531525594083286 0.191375503827128
1.47734445865591 -0.836441182131952 -0.609371843517577 -0.0938484372791863 0.00553937669998593
1.16270544288138 -0.841165775761139 0 -0.0200014921219894 -0.161426843029915
0.569195300833837 -0.60527942658804 0 0 -0.574259161870915
0.250999313056772 -0.294489802383402 0 0 -0.874255699467543
0.20431107222894 0.192330197802666 0 0 -1.30262639015269
0.401191756745935 0.503813774880431 0 0 -1.20521882708256
0.311207133740315 0.799401796402313 0 0 -1.10560887861322
0.0860230516678768 1.01184976207825 0 0 -0.712041085290604
-0.148276055786997 1.04288219983806 0 0.0651773801153634 -0.461144826024434
-0.250417673804163 0.772097824143999 0 0 0
-0.456402036110175 0.442869159042449 0 0 0
-0.731982792977478 -0.275207201890441 0 0 0
0.711090777573762 -0.970746896285107 0.0470911243012615 -0.603821165836885 0.423061966836165
1.10079534394154 -0.939632455108358 -0.163931413975462 -0.247067267562233 0.330478012852286
0.995514764717632 -1.06465649997762 0 -0.0273001639788555 0.0981394315328094
0.792616216702145 -1.06171637032336 0 0.195657703700742 -0.275207236814407
0.589499782319829 -0.914593105841403 0 0 -0.504414214045305
0.748229262160105 -0.665737565676532 0.0518543377824849 0 -0.704859558054925
0.351638915418447 -0.185941384651326 0 0 -1.10435337189401
0.224756088788841 0.185689628179544 0 0 -1.06588300613302
0.101650256797862 0.541714848722043 0 0 -1.12433817160325
0.0672996453270095 0.958585801397388 0 0 -0.80042178039263
-0.11555279270647 0.935997814125794 0 0 0
-0.129551275626268 0.837872720471521 0 0 0
-0.131211133267411 0.537541498785137 0 0 0
-0.252350404987921 -0.0975337188242126 -0.306189751347498 0 0
0.292476751942931 -1.19206585436589 0 -0.18739867934554 0
0.355211862546896 -1.13476944358352 0 -0.00960225192053279 0
0.376823510996273 -1.33718912256265 0.049782783921505 0.261087072258534 -0.154706267333996
0.403881687426176 -1.58631840611191 0 0 -0.343403310452233
0.739407943971636 -1.47169561753732 0.02372500076425 0 -0.549837262439605
0.990006820541305 -1.14208579976568 0.148082587296602 0 0
0.342533687552119 -0.664467898835932 0 0 -0.606546980540404
0.303977418031537 -0.215466063736652 0 0 -0.730181026759855
0.2310309697091 0.220561258805376 0 0 -0.608663068583219
0.275388028648423 0.636303700335547 0 -0.1801918361701 -0.365024698896044
0.162620125078797 0.707465697053561 0 0 0
0.382460114979572 0.773606147347588 -0.47722585227478 0.32077013563315 -0.366034850945286
0.211740004742751 0.252831880421125 -0.532536918566065 0.48226293467314 -0.119596018449537
0.11549095137401 -0.591295269816977 -0.657744360359208 0.480770598257456 -0.107176960279786
-0.0235705712755895 -0.89497562867983 0 0.108512145232989 0
-0.13745467536288 -0.993828968449576 0.296739180960497 0.0970194970797029 0.0896000211314383
0.0494409483299574 -1.43953247506611 0.203362685880977 0.182332652932784 -0.161722906496947
0.338746432378044 -1.83863585220465 0.101379995720569 0.255752045514036 -0.411154379274814
0.711646763420322 -1.88997145932651 0.0755080048639017 0 -0.401740630747058
0.847403863459291 -1.60430092626655 0.135280778932929 0 -0.405331505294127
0.239141721771922 -1.26357371234998 0 0 0
0.363170810770214 -0.731760185599544 0 0 -0.820042321964262
0.351979736908762 -0.252290417284195 0 0 -0.749570687098113
0.493900725994395 0.122289884131473 0 -0.203446535693259 -0.374992408964784
0.303076951504609 0.512068787298103 -0.39883534656278 -0.211224809133313 -0.258300923274384
0.34494456373184 0.302423666565681 -0.515281557310239 0.161735149597537 -0.284019346910013
0.362548393384342 -0.279440286259795 -0.598159842898644 0.39130125872928 -0.273766630238191
0.438835347943947 -1.05009980180994 -0.769007781504607 0.617855597383628 -0.193518574080672
-0.279721937777705 -0.661328228004655 0.421716094787507 0.271719754467472 0.443484546012025
-0.199688604044209 -1.06044945545498 0.303255327622217 0.366886404113 0.185362643323145
-0.104147633617772 -1.55509037081096 0 0.539545354073212 0
0.00716950897383571 -1.92610592928484 0 0.550621502854153 0
0.353404010413614 -1.97667880860126 0 0.497717726728282 -0.343873178724077
0.824533369045762 -1.82813623497291 0.0774583086774253 0.287930804371955 -0.520696716713896
0.84665674908358 -1.7229288834138 0.358791284833368 0.00418610433578469 -0.729106443350623
0.111363456510368 -1.28015497886587 0.0664030688992841 -0.487122987796368 -0.885785752516729
0.058961273865873 -0.794967338883157 -0.0307212116722429 -0.581180748476535 -0.788244202685138
0.460576407127259 -0.424846754400189 -0.0537251493677047 -0.35399622358797 -0.274505298819784
-0.0293389663873541 -0.0694023137857116 -0.482422525743317 -0.25260868772581 -0.609989749701585
0.22974894565625 -0.422151208889746 -0.581956421853584 0.258310335022413 -0.633067893480778
0.542128728990756 -1.10471184287571 -0.641966896678832 0.647373590468754 -0.566055509846375
0.730046090604538 -1.86502410801016 -0.870803098430479 0.870924439489084 -0.593419766151309
-0.293874362720352 -0.911212576991349 0 0.711103470647818 0
-0.382252865098723 -1.18520401983938 0 0.869423672377398 0
-0.287521444263443 -1.46854272629584 0.280493426606943 0.984990675189212 0
-0.150161317416029 -1.86185505278256 0.28591120218202 0.863904601452 0
0.294709965211804 -1.95701961681304 0 0.698572915214367 -0.210449784479669
0.518674121403224 -1.87489998689836 -0.147910145223399 0.75531390894507 -0.300635778772035
0.677571072921659 -1.81766074978013 -0.00448134259495553 0.377211795265592 -0.364844363292827
0.508472362203671 -1.59365531744438 -0.0398730663459246 -0.109853586544985 -0.547918199483822
0.476087327732855 -1.40414289821669 0.121188163067891 -0.410829116436883 -0.45767274364004
0.46110510344452 -1.05438840711809 -0.0703946016577121 -0.266542395311483 -0.477728780914733
0.581169049365504 -0.961729558337869 -0.363162771554204 0.0136845963916317 -0.471404867429007
0.346380579649815 -1.19901932556308 -0.580735753694099 0.647473446504341 -0.940948103945429
0.923430588342707 -2.12275124617819 -0.689236915443709 1.24597000811191 -0.918082473688997
1.34183245011822 -2.85760458597196 -0.871516823515233 1.68411688234268 -0.906615669945923
-0.266144046829692 -0.852770806450505 0 1.31656337732935 0
-0.207424570398572 -0.987610748985798 0.303845038581708 1.48709863196381 0
-0.119523995410798 -1.27616147530641 0.276400488730043 1.43072153530869 0
-0.0902257355818568 -1.59827692093836 0.224963177774311 1.22718228323362 0
-0.0105210606495893 -1.80349981262093 -0.080136904938143 1.12855487988011 0.0137243731854834
0.124877761553262 -1.84589641926407 -0.357159452033902 1.03276260315362 0.048069325038503
0.422515576336713 -1.78192251578417 -0.425152625523644 0.835224035245291 0.0764905502635616
0.561656865515139 -1.73202093059204 -0.312339067967548 0.331462138092238 -0.101679252219357
0.805623828334871 -1.71147442332895 -0.158180662229696 0.0994399855759107 0
0.880277825029748 -1.79316060532807 -0.0227516192194903 0.0221141323964376 -0.653171165051457
1.03176350796803 -1.68505733223128 -0.251549184370469 0.249535020133175 -0.582839854705003
1.07570255976744 -1.96013575494871 -0.475689308034037 0.801099685334373 -0.690364229104554
1.32764825465181 -2.82387350684248 -0.79652908121478 1.20351612859915 -0.977338918934386
1.64452037321954 -3.41351176422469 -1.04431302752303 1.60608979516161 -1.01214142281935
-0.16719019597838 -1.30570406786011 0 1.09365854926896 0
-0.383180767138343 -1.07509949016731 0.236377509775565 1.82866842671851 0
-0.281885197384903 -1.27869332594084 0.191650258995568 1.70043304809982 0
-0.0983579185753591 -1.38087838965612 0.127921690710141 1.55695857443871 0.220379571284179
-0.247347673005623 -1.62807448702748 -0.246339731286174 1.39990766963275 0.295133099048226
-0.172163184078864 -1.72522892711358 -0.528494485794402 1.29861452721331 0.375033128448282
0.15635655703999 -1.66077013726528 -0.71454748111742 1.18628218221338 0.445376714451296
0.458824540096666 -1.59801060865811 -0.863473017250196 0.937517902832762 0.397142376989367
0.887295867448047 -1.99182895389759 -0.498501218169261 0.489516746543445 0
1.47459538143662 -2.4226120632698 -0.0922804062235287 0.672502684684092 -0.542857230308503
1.45257141044597 -2.37452396556333 -0.172955248877848 0.799566753284266 -0.777515978071533
1.47254378409537 -2.53176956264304 -0.489541558745262 1.17349798168623 -0.803693786557909
1.56627386493483 -2.98286690585115 -0.775542925009518 1.609736600039 -0.950552348015974
1.9476400357811 -3.4963945424108 -0.910267930832236 1.80336073161193 -0.946020185031209
