"(Intercept)" "X1" "X2" "X3" "X4"
2.59009774371151 -2.20593113325474 0 0 1.93143321163543
2.09145572451133 -2.36355009206097 0 0 1.41587188596237
1.69648171678013 -2.21823454676504 0 0 0.335242191949628
0.627431804267541 -2.3115975856409 0.0200915502574656 -0.55180064889404 0.430571124687414
0.275260646263634 -2.05363315513736 0.128431981283875 -0.639436257953152 -0.0863040695896567
0.0539978808549207 -1.8188015168532 0.300232160478369 -0.603261808874837 -0.165655518073037
-0.056396046700253 -1.6907296337429 0.541674767345679 -0.401980470936489 0.0937032501214369
-0.0795378559029308 -1.66140363453157 0.827425672135018 -0.145168289955225 0.377628129556886
-0.276166911573842 -1.65193138888402 0.933246991798458 -0.114137206840838 0.567391163721196
-0.409905881724139 -1.56080275349305 1.14661386029501 -0.117113092755319 0.389072427560828
-0.586908157410532 -1.45871299673648 1.44495503517028 -0.0724525679065197 0.199262529203868
-0.809818264147167 -1.15349834421443 1.54650952553576 0 -0.178304812141551
-1.1126761535955 -1.20926651491391 1.78847040527777 0 0
-1.39265686533466 -1.3714043811964 1.9933041172287 0 0
2.63099190581716 -1.77652039325337 0 0 1.78083050125638
2.11497449246034 -1.96228182231554 0 0 1.39051163597229
1.70762737408643 -1.83865984749342 0 0 0.620881505624907
0.814489655493976 -1.95803514049692 -0.108447107737859 -0.344842351598746 0.338164541210143
0.398002321086816 -1.67722469495745 -0.0814471725506718 -0.428150550972996 -0.284783488559862
0.199657452840981 -1.39466160709791 0.0225045262222763 -0.361497229075955 -0.354120163623217
0.183555835686657 -1.01007705474613 0.16569565747365 -0.270501910460649 -0.467456516436854
0.200424087152284 -0.987789438870959 0.371296686902445 0.0690323308630668 -0.141740733047183
-0.0779310445150707 -0.923168560269465 0.462222155278439 0.0917281731966223 0.0730988057925815
-0.248815103535784 -0.863937500757147 0.697956076848709 0.0979477233798467 0.0505895813669076
-0.483902619709029 -0.586306177349482 0.886957289474322 0 -0.174120525022836
-0.78464343682248 -0.738122524195782 1.4195169104139 0.00648107016119323 -0.206549859608369
-1.00504587218127 -0.790469736434782 1.46926894076404 0 0
-1.30634721382205 -1.17115543702594 1.75698546905115 0 0
2.67113096821179 -1.35144780455608 0 0 1.61325645614615
2.15304104260694 -1.49831046156245 0 0 1.18933414279463
1.6870472693397 -1.45927627858065 0 0 0.573122598029613
0.999079077539769 -1.57736498931945 -0.243804421569962 -0.150136490610005 0.25372440895343
0.571607162994305 -1.32267604981699 -0.295165379699132 -0.166039870529725 -0.407086179813682
0.345289124113554 -0.972040588086548 -0.260124552733794 -0.111463159045114 -0.602000198820288
0.363029975891612 -0.593307770209873 -0.100108107492088 0.0173790578653732 -0.701193416045291
0.401356071335224 -0.351942986064437 -0.0924932648860494 0.253681567016752 -0.613197356728331
0.149316610990485 -0.167044849504492 0.0184293410037699 0.27665351805234 -0.454316498488196
-0.05768325226895 -0.193995146581536 0.244487146506819 0.284004374356754 -0.258008620186624
-0.353371647403324 -0.208287185201635 0.660851005569284 0.222263746650958 -0.279018385571586
-0.708678797986221 -0.198888988799519 0.807855243210258 0 0
-0.920622259736302 -0.517626164272162 1.13872717531813 0 0
-1.32103012225992 -1.05554232035203 1.37664602259223 0 0
2.57086107697623 -1.04881542199209 0 0 1.42235114448043
2.14243449007414 -1.10106476441721 0 0 1.0046573937114
1.69858795547985 -1.06624570450461 0 0 0.492554613812621
1.09639962179312 -1.19699080340632 -0.387718476729073 0.00553738169201865 0.0584248664236216
0.783046158348562 -0.936676088876302 -0.492696866581929 0.083302428064655 -0.437139482131407
0.53834798888898 -0.529945606428236 -0.569567742135635 0.0839648590271855 -0.810893875076828
0.53756722265836 -0.117254838312795 -0.475211745530227 0.110390984996457 -0.884476313077273
0.624207591491988 0.148442718155225 -0.443684906340638 0.287514547754684 -0.812902070472187
0.47391528966842 0.436390321617249 -0.334952926538329 0.348988615237567 -0.783731720876903
0.065584683030997 0.579374452793532 -0.109889843121719 0.368498612952536 -0.561397104123256
-0.225532581470928 0.520294768973134 0.290096145081685 0.186107358962283 -0.451389493970507
-0.627831071845325 0.233810834812947 0.455815929342825 0 0
-0.981227631853176 -0.349216058510034 0.727805598222222 0 0
-1.31101377624991 -0.733170318250568 0.797188730843592 0 0
2.31505516740868 -0.694801536132905 0 0 1.01781717363791
2.00274624900528 -0.710726060094242 0 0 0.646884078159806
1.63846213647217 -0.722363949161264 0 0 0.278784295918186
1.14670804140539 -0.790448985142374 -0.467548514833659 0.142836341523795 -0.136224708583499
0.966559047085806 -0.621359232956059 -0.673592215602342 0.306511461668411 -0.509758494274827
0.551261507286393 -0.234925132814792 -0.708495617574383 0.104480404054984 -0.776412921414556
0.670315776693775 0.0494834989416261 -0.51240559314785 0 -0.633699400494637
0.684906234304834 0.429420838827156 -0.668430004836184 0.27473323168451 -0.878444173611059
0.760504023737463 0.724570774194463 -0.501462090671289 0.28487304067479 -0.839139598754861
0.312711575848126 1.11972756480174 -0.247410472913792 0.184563358582493 -0.671864339027044
-0.00604738698066012 0.949260401613333 0.0330355878974037 0 -0.48150788152726
-0.377079926063956 0.469685640464325 0.290506120531634 0 -0.369191836967121
-0.667159563391809 -0.147605103798924 0.523635481668998 0 -0.295239694880252
-0.961902458359814 -0.8647275811522 0.646214250133346 0 -0.235836084479322
2.15535478355687 -1.3419499041362 0.183486843092169 0.0919996193515096 1.23997001616227
1.5381345498462 -1.18418242338622 -0.103009327329718 0.0475593459039762 0.701911546341318
1.14117123161622 -0.939278582395948 -0.329927586163877 0.0892930316999321 0.156601396194436
0.906593137511887 -0.692458007876924 -0.367262589577622 0 -0.301376348305456
0.939930152054238 -0.42154710289033 -0.556977745058479 0.382341374476042 -0.596382822341219
0.398330850049019 -0.238867574772996 -0.241544482227235 0 -0.665923050237348
0.687356078258772 0.13443514774071 -0.885606628619648 0.294354095864704 -0.912957300060208
0.60822525148662 0.495691679429976 -0.698818712329763 0.0942976332189833 -0.894038672815623
0.805987779489029 0.803696540106666 -0.313186721961322 0.00634070265999525 -0.784983599716362
0.567823988306269 1.23871161302551 -0.191469404898519 -0.0675318457698073 -0.670129494942865
0.101259010187156 0.993239987340126 0 0 -0.384155178696854
0.0167589754616209 1.01261977582032 0 0 -0.405741357708048
-0.994279657974556 -0.0119516602829448 0.410574186288765 -0.249937698275217 -0.144770383940055
-1.17799232804529 -0.989192539569135 0.358930807825858 -0.239769635354393 0
2.03147672122139 -1.0301216731695 0.0742090292524752 0 1.23369966067432
1.5749914594141 -0.970890400062214 -0.0795189906857316 0 0.621335741201925
1.23694782413238 -0.86360244717614 -0.185531471309899 0 0.158449565198879
0.845878742668954 -0.750120014934746 -0.356432643267482 0 -0.351652934606009
0.500050492148786 -0.610731076885815 0 0 -0.881679542054916
0.0903953998299215 -0.312739375513868 -0.336573665192591 0 -1.01176992123422
0.157151712741954 0.0434301410513344 -0.415796394682471 0 -0.829526379915981
0.529292922414936 0.406170762102334 -0.164140942917733 0.0651502824798025 -1.05896354082905
0.521325235060533 0.738901351402967 -0.144514443879768 0 -0.795697564648477
0.702838118875328 1.14646120309624 -0.164326699436945 -0.329284874427873 -0.72146699079686
0.662432317427433 1.3850367535934 -0.153552599452803 -0.418966422720129 -0.648083240944869
0.051092936849659 0.876594658890604 0 0 -0.302925479567192
-0.342637446007741 0.518427768958067 0 0 0
-0.650653419863005 -0.489323635159364 0 0 0
1.86556693985495 -0.810554367201578 -0.105736000668277 0 1.30454192637718
1.46306758538055 -0.88130413176282 -0.129979488893935 0 0.57641540682515
1.00406117277019 -1.02727181034845 -0.111388886026784 0 -0.114346385492122
0.551279742709976 -1.08961067521997 0 0 -0.61634228710539
0.440916841411008 -0.884607110465652 0 0 -1.0972199715679
0.5308391590235 -0.780821090535755 -0.107549191811577 0 -1.11368545798263
0.664215980797816 -0.368021638898299 -0.11186914632095 0 -0.936632852755893
0.408705254469691 0.073068345977321 0.0221687777634332 0 -0.602132652243564
-0.183006187380634 0.638020361587579 0 0 0
0.238993336969673 1.22622245499672 -0.141917649587698 0 0
0.46334229891692 1.31634345583927 -0.209883744848345 0 -0.197019192291182
0.249240268270779 1.11365646990144 -0.372363526146912 0.0484572977666179 -0.00349018167818786
0.159165914335366 0.736992413028303 -0.433966341885211 0.223658308148416 -0.032597005429775
-0.101437298371885 -0.0736829545288759 -0.389498297221296 0 -0.190900685930784
1.3681531718419 -0.761585737346213 -0.219559347271313 0 0.949380163466559
1.05873030293233 -0.831314819739894 -0.254943274481464 0.100110016431879 0.34059953674686
0.54589723051323 -0.940177119727622 0 0.303597173816929 -0.253824010777566
0.660559276100034 -1.19298997570857 0 0.182446552333956 -0.824806635893965
0.464729490107763 -1.35639171792649 0 0 -1.06626968057524
0.783902842760971 -1.06902065501927 -0.262857159575648 -0.0243554124512107 -1.10217539210489
0.623967393405205 -0.560915384714877 -0.274547782069832 -0.047481409706317 -0.852369756560432
0.400099328429611 -0.249618732444347 -0.00973453295244127 -0.0152400345272355 -0.517519032851933
0.0166287296036535 0.113524373534651 0 0 -0.297599679530588
0.0279687340329111 0.873445162716714 0 0 0
0.51518957397054 1.02020740869565 -0.0488341074492691 -0.342663135383098 -0.256976839616586
0.466967644089422 1.08507960382601 -0.426032822331394 0.232270637734904 -0.0187547112113779
0.182913100482675 0.915840824894087 -0.852003956490528 0.612586036082277 0.183433404632587
0.202781328055408 0.408663462861876 -0.888082484937509 0 0.0878433434543366
0.679534609635045 -0.743549875121776 0 0 0.508250654946252
0.398010431244845 -0.744916920015725 0 0.26577556329234 0.186389233771483
0.469089132552252 -1.1653646706917 0 -0.0243884997945411 -0.337048366731991
0.614728727758325 -1.50515954566791 0 -0.0537796671572103 -0.725896850835604
0.877349335792812 -1.61161129513267 0 -0.209974000307401 -1.06460521585304
0.53944610182267 -1.78968899720884 0 -0.192398553335364 -0.857895840233771
0.631280682417988 -1.48476810008023 0 0 -0.712505273473638
0.482830120758711 -0.938401814807744 0.24934264958611 -0.233803255664864 -0.807596751635474
0.325708567854305 -0.446317834270848 0 0 -0.496279660320816
0.619005965036373 0.195701743776426 0.140107742631933 0 -0.412359381875405
0.528036545010675 0.533697385247445 -0.159031393870916 -0.433124589562814 -0.494599211882078
0.511952565083952 0.5269549243611 -0.509991541773957 0.347128838487756 -0.285405877216096
0.199041462884391 0.471101779993228 -0.783471228020291 0 0.047019980969309
0.30165169825844 0.146085620183036 -0.984624435947666 0 0.254735732395269
0.228501705320232 -0.795125380261472 0 0 0.117195411336299
0.424827031634564 -0.952489974597604 0 -0.0529227921863584 0.12456051900275
0.55750978235842 -1.42660386300348 0 -0.284653313400947 -0.263397640151161
0.765770156556598 -1.70515576160666 0 -0.38018774316201 -0.629907070644364
0.975864847744923 -1.94536153715621 0 -0.450382619960655 -0.847180382040803
1.24533906329434 -2.08427549738502 0.136515505916766 -0.209597171989999 -0.949616946442299
0.967306423384542 -2.08903740675028 0.459927363973404 -0.28400522859175 -0.965048146310402
0.611344465428972 -1.62913937045152 0.440966107364343 -0.350585414912306 -0.834373727267769
0.310412333867977 -0.939213883081491 0.202368412103105 -0.471094383687903 -0.801383597501305
0.458653288331452 -0.428949154765493 0.138956334100247 -0.414783454417151 -0.67746414715439
0.56049095693223 -0.249702373913193 0 -0.107734844796439 -0.649886093784024
0.434669390435154 -0.0449855345010582 -0.700878596072753 0.0663940411974613 -0.185462216620708
0.299230666408267 -0.0842123839139756 -0.96938906113659 0.0354024740862335 0.131092009557237
0.489619515183912 -0.27357514296574 -0.829962625611386 0 0.188018244855069
0.470455557861222 -0.831146537789849 0 -0.23115381281683 0.468743276974865
0.670886446027205 -1.25213488788927 0 -0.495491600752211 0.149454579226381
0.75548978730245 -1.66833391243393 0 -0.61910102261902 -0.19681346439756
1.04070897396153 -2.08963857064327 0.160512717538586 -0.78936665071081 -0.256061310882924
1.11518116888695 -2.11838768673992 0 -0.669215899295114 -0.724269826781667
1.24467044860744 -2.28097835461182 -0.0107907885133268 -0.157282464769663 -0.601568828968273
1.07067210873971 -2.32897568967268 0.265998414376887 -0.0786165728468261 -0.717867167859782
0.67366739221596 -2.04644192252875 0.300381623293011 -0.195486356425697 -0.697935319504907
0.45077175379241 -1.47300247126899 0.125499015633131 -0.403121794960213 -0.800981236274307
0.404450956575248 -1.07298687037986 -0.0453025516561992 -0.34937717172342 -0.834696590583525
0.607049063131051 -0.847842501730922 -0.349560545283867 -0.0752311594849953 -0.430111547818672
0.625826631070232 -0.779172151104154 -0.718974819194687 0.0197919584214165 -0.172051390905739
0.479839018383265 -0.779168483027948 -1.10816345439334 0.0607812570372003 0.130891828030621
0.517118778863281 -0.903290971807911 -1.42319867136916 0.151125798829096 0.408171031229846
0.881913517426856 -1.57310075101876 0.959614793476103 -1.27145318235364 1.22965836950769
1.01363313720468 -1.92503188770877 0.652723500976064 -1.31374398055553 0.731434542504577
1.12526276068693 -2.151362950112 0.458588421848935 -1.23944895647062 0.347892516850314
1.03256560286905 -2.15793267929266 0 -0.947029048777053 -0.356849128778357
1.17309455510785 -2.11634177573312 -0.509858603897844 -0.62902159673656 -0.523661067896991
1.2116356156311 -2.01843051633726 -0.468989012874926 -0.165448381115911 -0.399902589837236
1.014818511512 -2.24695040618624 -0.19034712567368 0.134056524209643 -0.222268398889307
0.726002745197527 -2.32988453210626 -0.0181063018808986 -0.0287146077431908 -0.437924819065525
0.530598220435387 -1.92387850247908 -0.0991418452725001 -0.117186991350068 -0.651881970720837
0.530201562126833 -1.64125470462119 -0.172707363668933 -0.147636767985163 -0.833815632490249
0.644236710625401 -1.42197870754355 -0.532872672875963 0.0735476255359664 -0.519272485818166
0.559321791391593 -1.3680428226683 -0.917275796346256 0.0492745831949424 -0.267671187773775
0.783086804482368 -1.35334011777916 -1.04400703185133 0 -0.0167446705138017
0.698374550364825 -1.3995065682935 -1.4615730078189 0 0.145201235255189
1.01666830562619 -2.08457352511368 1.12261603221268 -1.8597900282192 1.35261991124415
1.19430941950518 -2.29241067157149 0.73424559432673 -1.7372354141844 0.881295584432619
0.946408873521499 -2.12614803594332 0 -1.12636697054477 -0.0875151169156668
1.10910881703132 -2.40749753936058 0 -1.23823621402471 -0.227953160196076
1.03721452129462 -1.97837589518882 -0.976517892894555 -0.56983929338073 -0.282559322363931
1.04742671029836 -2.08619109988702 -0.69804834276548 -0.267735852157183 -0.138437255199573
1.05455672666081 -2.21347315795946 -0.540080344105597 0.0653604718824301 0.0200789012926612
1.2089109024385 -2.65830730401332 0 -0.352019671725172 -0.601022561523687
0.553522915738004 -2.3556162447673 -0.374112974010968 0.151492339182352 -0.547445507848371
0.601033506071046 -2.04962096493752 -0.512611809353475 0.267090001118049 -0.561789431087066
0.586304522148323 -1.93373749713884 -0.717608162003455 0.256896096297988 -0.631113840273002
0.506220630826572 -1.90313965833058 -1.16513486219415 0.197913121400476 -0.368028013836419
0.448896628037974 -1.87109262704706 -1.49484744899967 0.179183654793476 -0.0664637965725223
0.49959994234283 -1.87791831551033 -1.76892042658717 0.25149725191982 0.274695687998482
