"(Intercept)" "X1" "X2" "X3" "X4"
1.91499056143156 -3.33167089898544 0.731447063533036 0.201891186035452 1.69126143956064
1.60849219973725 -3.18793365270473 0.585495935140836 0.180588191658754 1.27426785236623
1.58305505532765 -2.82890414747852 0.415941550884183 0.258060074775238 0.923022520363689
1.51970810006293 -2.41349147378811 0.290636986054556 0.30177553151867 0.560242476185704
0.888754058843425 -2.21373944064117 0.257107017874064 0.00953540777029925 0.265805108336905
0.307309225368303 -1.9906100550908 0.303138804409463 -0.253928537081855 0.126454344249504
-0.485413792881069 -1.97403747242649 0.546488369191128 -0.503385310919208 0.263496665328702
-1.02754137301769 -1.98362224814099 0.909481399122919 -0.560922420707951 0.43507223294161
-1.22912638091592 -2.02558992438667 1.14084064049775 -0.462933244342475 0.571288555906671
-1.38365131282834 -2.02685005040181 1.38769899687055 -0.279301783271335 0.684644211738356
-1.528887948487 -2.03439644550784 1.62908723043451 -0.0836464672178237 0.806044684773525
-1.70648750665164 -1.98227745856659 1.84006010125062 0.0797685451276313 0.940713688094019
-2.00265150800247 -1.18326982082292 1.11421005813764 0 0
-2.31808262809519 -1.28831973191151 1.37050601615153 0 0
1.89304488181731 -3.06086795309242 0.681295587862217 0.197578085586806 1.52524079358179
1.65507745999094 -2.85157489058967 0.485804519218962 0.235408920140195 1.14232127087044
1.53212089273944 -2.55954245909665 0.289208118678172 0.289001245345367 0.764610541516349
1.51705419857709 -2.11062548483616 0.131739694485301 0.383572922381121 0.391726400633868
1.19734593895396 -1.74289769331715 0.0411669585394572 0.325701109257082 0.0200454567219118
0.729675835162448 -1.46248989916173 0.0220935505861349 0.148110805088701 -0.17626851565679
0.116325214378144 -1.24288521614467 0.170567915115581 -0.0520982477616174 -0.225291258114814
-0.599424871091254 -1.24440194788113 0.50653766713153 -0.140461281223145 -0.0595218816616319
-0.837217693572099 -1.3083756762209 0.719228735301374 -0.075678153061756 0.053779822419912
-1.02386446888942 -1.33113865701113 1.00065499723685 0.0227986514837718 0.232666611692029
-1.18729293791627 -1.35507638788416 1.2547373445343 0.209760291896368 0.36532087189707
-1.23896256750241 -1.05682002768305 0.84284281142759 0 0
-1.89638840388934 -0.717373086184417 0.999665924432916 0 0
-2.10692779589335 -1.0160112971815 1.26631810925273 0 0
1.8334488420015 -2.8120444675739 0.632108068676437 0.183522947850287 1.35974899504618
1.69971491406695 -2.5182396884179 0.405543128901678 0.271205699770534 1.00466146458215
1.58036095259174 -2.21824955630992 0.183537339137306 0.351360796974915 0.650389500154743
1.55925931907941 -1.8069254733007 -0.0315084374375613 0.472768671203661 0.254570958086197
1.27921018727726 -1.38311687092459 -0.174061803227997 0.501547139848699 -0.191411968843782
1.05745422312878 -1.04718881476082 -0.260708613953687 0.519342501923485 -0.482828736525999
0.571351442235028 -0.693715367231803 -0.138354261215702 0.373182055667624 -0.595905570928546
0.0143982447249055 -0.544000005950083 0.0186153664153595 0.309802460561156 -0.570471676976418
-0.414291451639588 -0.583302939066244 0.301409807455805 0.261409401339492 -0.434066939999644
-0.686632280214016 -0.642678432750843 0.63134268795954 0.291303874636737 -0.22069005912498
-0.84890385430703 -0.692119007621899 0.882362642130441 0.440178494744172 -0.072741544507027
-1.1716282632884 -0.435728658284647 0.695390878334198 0 0
-1.66126043510198 -0.435266692260924 0.888747027334754 0 0
-1.87372642454567 -0.791792703449233 1.1159558098973 0 0
1.81248106993545 -2.5601089789712 0.599101129567382 0.152132532747274 1.23366289358172
1.73622168503686 -2.19815799544919 0.333391810522177 0.24762293041759 0.891817249273305
1.66612465053777 -1.84157701251561 0.0791652725572187 0.392863799392196 0.557397976348574
1.63544805994261 -1.47207636429132 -0.155555322608618 0.54916634711417 0.153380879438702
1.40496637852694 -1.07684060784368 -0.342848956808058 0.641096650884493 -0.301320796728685
1.22185415940648 -0.664053260677708 -0.465212482342037 0.724209783259839 -0.669713085256514
1.10773268627311 -0.265041292942181 -0.521715324837306 0.722425657440137 -0.927327432137585
0.770561777462037 0.0364958409768089 -0.458835154428932 0.599422861256699 -0.946461940152116
0.318588517394538 0.10558214270137 -0.292621269630568 0.547331284845684 -0.941721492878347
-0.233778467076142 -0.00873659384389228 0.160267861055522 0.554611299642767 -0.681799116976767
-0.541758030161245 -0.0302268504924697 0.426286637764013 0.555317500108678 -0.413921884711831
-0.856015096602979 -0.0744112127472176 0.678917269708368 0.605235041670955 -0.152185483014507
-1.1588312568143 -0.306009209761642 1.03241019310335 0.653994261318737 0.224100778749484
-1.4662831524451 -0.620902964863594 1.37442323910713 0.751750006383123 0.914968166717704
1.82711905179578 -2.30296963861846 0.550153383629784 0.101489814494746 1.1635415206362
1.72453279078654 -1.92427152468628 0.286027069965951 0.200597381739466 0.797429851722842
1.6579469507653 -1.53103715710747 0.0194998181107771 0.343234637939722 0.430460935926081
1.60707344347495 -1.1862067843562 -0.246272022919968 0.548393127636782 0.0237956665136467
1.52351949512622 -0.84568393030832 -0.442851969812238 0.690822606499513 -0.367860251642297
1.3050570966989 -0.42509559261739 -0.569643256033834 0.726043619130154 -0.783196462285389
1.20974796123992 0.0274891011358563 -0.740930809904667 0.713633902730025 -1.05930126484562
1.13880320694186 0.325699667118869 -0.822969532836311 0.659524390843966 -1.18210673510788
0.846852406175982 0.48759784450921 -0.688019130546188 0.663297098778988 -1.27172994367215
0.189505185931751 0.613788352302696 -0.284749648759698 0.668671243239109 -1.09306217168035
-0.279116565717262 0.573672637219004 0.0415724488820577 0.698651576506436 -0.751509205771829
-0.636793478057276 0.340048268184088 0.480791362952311 0.706317931347954 -0.284531955167836
-0.985608976817502 -0.0418114946817999 0.857199616969517 0.697721583195504 0.388383758236224
-1.4808226313747 -0.40227568210209 1.17395460407632 0.666352662249056 1.10031642248919
1.81913295147737 -2.15039948586245 0.511233259695791 0.0146545880510099 1.08537292528029
1.69207151221192 -1.77154625091579 0.249044539638438 0.0917093331441462 0.675647858262216
1.56438509667231 -1.39004767554083 0.00223531255698867 0.206701072531336 0.242804034677988
1.48474887160107 -1.05420554595839 -0.213562839506233 0.325274336886405 -0.202398215449787
1.37260613441999 -0.737131750266676 -0.336451646171314 0.448479955916321 -0.585920106169603
0.602084933402129 -0.323363485427299 -0.350090077780426 0 -0.913110407837324
0.964084986236653 0.15243994949586 -0.682519692733658 0.464737519565154 -1.28021047179273
0.899879364400959 0.474901134753427 -0.743348145638826 0.426363839244168 -1.35566865101711
0.881395158116123 0.662240863504297 -0.656984029583185 0.473423197840263 -1.37323035793015
0.795902146473699 0.913650682507745 -0.763213516923702 0.577205683052033 -1.39375500945045
0.233602850968109 0.770621372419424 -0.24377820761937 0.579793039956537 -0.854568362581889
-0.148594549145653 0.243337809201173 0 0 -0.324845433703325
-0.554489740987443 0 0 0 -0.113395718938431
-1.12374637479743 0 0 0 0
1.86412439000533 -1.93542592907154 0.43703206725738 -0.0810583405402354 1.14397374245644
1.76921677731676 -1.64090867959387 0.27506486466697 0.0521297848253794 0.721111921818275
1.59792107992673 -1.30966676663694 0.0718824052621615 0.140196218965242 0.248165356425681
1.3992191319601 -0.92243713925018 -0.185147880113961 0.181465894954407 -0.398909860572376
1.15856615834621 -0.587190105433511 -0.294219226056662 0.305848064248255 -0.885000634452334
0.691542255018096 -0.338501774376708 -0.253770849629764 0.255114561796522 -1.11080276996491
0.669255632827038 -0.034649602575059 -0.402433479815914 0 -1.41845120648862
0.785998081928719 0.345749630169998 0 0 -1.40602066041881
0.697658557923847 0.679346397061422 0 -0.0212022359415013 -1.14079285027213
0.560578739256856 0.691992971647111 -0.354122482213282 0 -0.994290205481079
0.314470690758223 0.726805337566815 0 0 -0.642040209799073
0.0037535508963704 0.481357013757287 0 0 -0.255591848467611
-0.357136533911751 0 0 0 0
-0.747349034468071 0 0 0 0
1.1536305579495 -1.21500466155487 0 0 0.772978079821673
1.10277822607587 -1.21132462557896 0 0 0.295446756901192
1.23759239733954 -1.28708854652072 0.0103764644100097 -0.0253977676093244 -0.126664537515122
0.967452717242067 -1.06761963811701 -0.0563861273440886 0.0802665581441141 -0.697805750426407
1.06281310658735 -0.807908178754601 -0.082660473001021 0.228902164541035 -1.08716250178032
1.03824878319959 -0.693778797212224 -0.232416371356324 0.28396754494913 -1.25456895767816
0.543038089007419 -0.539545098969441 -0.368657228245935 0 -1.28677876259549
0.640685953175866 -0.104287915656273 -0.303577356683383 0 -1.22232068052432
0.629432021509368 0.146770390420034 -0.22348216923578 -0.150331163430173 -0.983565020329843
0.689655547496307 0.479755346984574 -0.303671246104162 -0.217210735025057 -0.820743056703641
0.637179344403534 0.664218117101532 -0.389630293910033 0 -0.652092988209626
0.416704149115564 0.664711091274119 0 0 -0.319182347261225
0.142145820895964 0.532520939381082 0 -0.0372344094447499 -0.085768561243773
-0.401983929410485 0 0 0 0
0.710588131994657 -1.03429016467129 0 0 0.586327985178019
0.734271419340921 -1.04410044846485 0 0 0.10553608279851
0.814504182276855 -1.11742313641906 0 -0.186010738504261 -0.235394310769924
1.027080734566 -1.03028171680343 0 -0.0724449645572891 -0.755978257058597
1.12454403107228 -1.11113187514452 -0.0257590277755415 0.143518021845808 -1.11365341716553
1.13593084679038 -1.05433136055845 -0.175631850481698 0.161839034986385 -1.23943348424589
0.501505933497848 -1.070794910197 0 0 -0.707421968738053
0.475352665125174 -0.69290912785932 -0.268589500810373 -0.0553067152233532 -1.0884603886915
0.582013400172932 -0.259685371065613 -0.306561517667405 -0.167605357280613 -0.93537643470757
0.635042514854009 0.129088345967844 0 -0.313230807559196 -0.636584377736499
0.782469592429886 0.312840510594638 0 0 -0.404388853657585
0.725649170455566 0.481413595995457 0 0 -0.196395290232914
0.602737121048578 0.462265346296989 0 0 -0.0138354192537427
0.260244690967476 0.184066117713568 0 0 0.0833063362801068
0.254365858680277 -0.935030119449217 0 0 0.307566245125418
0.58099776710361 -0.955325517066013 0.165233575585674 -0.0963502716020343 0.172106336859827
0.723019663307792 -1.10722896065378 0.230902299770456 -0.219306982006408 -0.29064714758011
0.876975790645639 -1.19879126886907 0 -0.273000504664779 -0.746868189167553
1.02510367179988 -1.38295458503464 0 -0.242535790518496 -0.904332198832183
1.12773033103787 -1.39104625246796 0 -0.238782285965518 -0.924754544222703
0.718638069516614 -1.51501648182544 0 0 -0.49516360692971
0.498737908809398 -1.17510485623646 0 0 -0.716555411405495
0.534011599911523 -0.668088849768235 -0.255110226933032 -0.161245799186041 -0.813648355726445
0.729045046233805 -0.245254087057153 0 -0.272076010681247 -0.538798309043039
0.839606468550077 0.0952502525256231 0 -0.30922597323746 -0.325730988251968
0.977245097619269 0.274616085954477 0 0 -0.028093739460091
0.903516623191248 0.381869224949426 0 0 0.171006730827651
0.714921360093619 0.342035108809356 0 0 0.35477403790739
0.408084046859584 -0.774843495206694 -0.0217535945745262 -0.123713317883512 0.445538148311747
0.554339369397337 -0.89079866634742 0.0076723003477662 -0.204575237536102 -0.0309034971961756
0.754770509798827 -1.10220415979391 0.135514737928746 -0.215944456525638 -0.386001145634555
1.01096960489841 -1.3424568510205 0.152817569791054 -0.289156615598573 -0.70021305339901
0.967917034156271 -1.67671580142462 0.120108879046824 0 -0.723653285671909
1.11088505385456 -1.60539168219231 0 0 -0.701622285142426
1.19648474327339 -1.4524888497049 0 -0.292389647571877 -0.921247251927389
0.728680786753959 -1.59197133199003 0 0 -0.614368687804921
0.820480838405196 -1.1666668299251 0 0 -0.495194723561329
0.857152816554972 -0.680581510527387 0 -0.184583716182512 -0.404186260015761
0.911923832222905 -0.269197363904123 0 -0.314328156431251 -0.23796008979657
1.08704746114864 -0.0379988894302217 0 0 0.0867545183488956
1.1178107781418 0.219980794853187 0 0 0.368819670060285
0.997228444999871 0.29370214711223 0 0 0.493414063348016
-0.0904041879363365 -0.881593979586114 0 0 0.087149568394806
0.605532355325173 -0.844716687422481 -0.10898007210552 -0.062746979759032 -0.0864185744032912
0.861897277382186 -1.06085886619578 -0.0190428641172124 -0.0562672946930943 -0.420876977986839
0.995766589222285 -1.49386453938085 -0.0159933378357274 -0.192603595790646 -0.57879791051679
1.14354678320741 -1.78332619647206 0.0101992355029604 -0.241339968941257 -0.563446416551022
1.41612724994377 -1.71403026371551 0.0944552939927069 -0.193285830313587 -0.588323810938682
1.34510197287919 -1.6131946258176 0 -0.24354841258624 -0.78633242701757
1.25294319786931 -1.46667026484254 0 0 -0.659971317484729
1.09823939787832 -1.46534516393395 0 0 -0.497004489019532
1.07087427177053 -1.20962129588788 0 0 -0.319499435075384
1.10877928818979 -0.744463690340247 0 -0.205645908021831 -0.148043275711214
1.16655014811908 -0.39264961624814 0 -0.21518483801372 0.085117887950915
1.21490337702147 -0.135971665418048 0 0 0.360177572869156
1.21163448549566 0.107743105831186 0 0 0.657484197233099
0.503021579067815 -0.642177114225696 -0.297711856641024 0.00298579564759134 0.2328155989896
0.746200222722084 -0.775575930326225 -0.27601750471532 0.13448016962405 -0.100508349085935
0.937496396781029 -1.09786979232313 -0.306542019615306 0.104309294971708 -0.314465167406772
1.05537896652455 -1.4555841530239 -0.353032175067596 0.0224228803271853 -0.418131205635504
1.10973569164826 -1.64964242352245 -0.368238457358423 0.0623748184158198 -0.341937970099382
1.09407054645969 -1.63803319351387 -0.224118507978268 0.14235283720153 -0.219296517319822
0.963987014533522 -1.66080448010205 -0.125483529777866 0.19417736577865 -0.224577251464484
1.10057232935614 -1.50612606663103 0 -0.105573788269053 -0.351265232114213
1.25424293691131 -1.39981596628772 0 -0.235438886773252 -0.468749001510968
1.19616323439283 -1.43161997067816 0 0 -0.291770115184992
1.28055854859323 -1.27300876705992 0 0 -0.161358425153727
1.34253761505977 -0.826433134846727 0 -0.135300840260247 0.0675741482407055
1.31179086225335 -0.520758602950888 0 0 0.171488640217632
1.32380604683285 -0.224737180514461 0 0 0.531740713912772
0.739422120128167 -0.586010668977439 -0.527247363582545 0.00744134489038761 0.258334590092493
0.928112247592435 -0.778080828527535 -0.556207342673854 0.149777262078443 -0.00276444508150897
1.06173649657393 -1.03449805115589 -0.632605313051685 0.190082114046318 -0.176615186419972
1.06593624139258 -1.2877038141792 -0.741907030706284 0.237181168681821 -0.198658783327687
0.85426540720341 -1.52187262290838 -0.649592113383441 0.249708254322108 0.071890257053789
0.64640104604164 -1.65626528485283 -0.43867813484954 0.434292050616946 0.239476359210792
0.457934264734837 -1.72465691587395 -0.311558519103884 0.560240605453614 0.21676585255334
0.8131896502717 -1.60651705286549 0 0.162708973215606 0.0378859366918221
1.00236538034322 -1.52968300582796 0 0.0739584180264927 -0.0247922139861038
1.16810046302 -1.47666829860922 0 -0.148357560065555 -0.177696647724019
1.23086992641457 -1.44449139480779 0 0 -0.0851702079875151
1.37126348405592 -1.22385276961874 0 0 0.0792612251780915
1.48361362237409 -0.886736046087839 0 0 0.271532351708349
1.46566178238475 -0.544940470826464 0 0 0.473724286821096
