"(Intercept)" "X1" "X2" "X3" "X4"
0.506805296754455 -3.3068421653312 0 0 0
0.350222193299552 -3.38129784816539 0 0 0
0.369688011180287 -3.07827596250619 0 0 0
0.478160671223967 -2.67061622864233 0 0 0
0.711000993800251 -2.55807694550831 0.286566409972558 0.0233548493338173 0.355006559317436
0.751722987047988 -2.16536457973159 0.262595771042737 0.00644740693789332 0.266333457722942
0.431407346321071 -1.96906858528953 0.47423237588737 -0.057130148897748 0.380944101678475
-0.105202692869657 -1.82835643699723 0.71219085120831 -0.148302612596537 0.583282591374428
-0.392149701814783 -1.73413872355006 0.863490111062842 -0.0144541829588113 0.574570164631937
-0.779119496269055 -1.66913084949616 1.13175352406176 0.259813735784166 0.619960696795531
-0.882156804791004 -1.65201023574488 1.45317206697463 0.299278997187462 0.503115086335067
-1.30610726228727 -1.26995766605255 1.54357588527703 0 -0.121414070871666
-1.05935581612018 -1.6807065106198 2.20695865760339 0.350208342967268 0.214838273755179
-1.13296744347456 -1.70666646782167 2.53705812850998 0.351241730841496 0.0265880089345094
0.641515999893865 -2.77922429517096 0 0 0
0.41702905100838 -2.91580702501056 0 0 0
0.42903586417312 -2.55942367553363 0 0 0
0.526835549604881 -2.11824489967265 0 0 0
0.579755413720932 -1.95582865039058 0.151849266819849 0.141797075329288 0.161436655270177
0.631488263197892 -1.48664844104052 0.110881803312328 0.169735242207559 0.0457348293243373
0.492871197385465 -1.08192088061903 0.128951642741679 0.0896803417508754 -0.0825037688123568
-0.00914407726659746 -1.07661592198287 0.38047760575335 0.12888581437977 0.149672246608647
-0.206039529268672 -1.05308924887309 0.455252263639133 0.252558092663497 0.196157516284897
-0.419967337905048 -1.02950460369085 0.613280755597098 0.345458261219082 0.244719443727544
-0.539895698518582 -1.02533291514359 0.986884509486325 0.403301645885092 0.175225624136475
-0.634007961944479 -1.06049994016961 1.39199676087565 0.433089894881265 0.0557557296982245
-0.708346998760712 -1.1179055441148 1.78522862324211 0.440351647929458 -0.0816157766587602
-0.796119408410961 -1.1672251960764 2.11424761170166 0.429252729884491 -0.248426454496625
0.651921835782878 -2.51712777044348 0.506428207090827 0 0
0.617982060414323 -2.31753065030258 0 0 0
0.54118281080886 -2.02205464260276 0 0 0
0.590425012710941 -1.5542259917638 0 0 0
0.484560002593654 -1.41614707243542 -0.018548170165046 0.211999801781145 -0.0289785056336742
0.592005000286742 -0.906898270885326 -0.0797697219583545 0.324825969751139 -0.104503828811469
0.527422215915761 -0.488229665953733 -0.126574933141578 0.314415106649109 -0.188638126111794
0.233987089675387 -0.315695417205932 -0.0477803541742603 0.368129801167364 -0.312559882981816
0.0218291855297839 -0.368404510250088 -0.0303877472249275 0.481509094228785 -0.184994076404051
-0.0869877177572776 -0.373619310215111 0.165299841440837 0.470744669691208 -0.109574638054354
-0.202853477947967 -0.410680393863841 0.540027209441409 0.512820319085636 -0.156463177956348
-0.309386337208839 -0.446298294285698 0.930368444967086 0.522584580563773 -0.259005827935556
-0.422538638330549 -0.514434873695191 1.26382764406109 0.516304119722826 -0.362886106329058
-1.60558128528055 -0.324083713627717 1.01181076471992 0 0
1.26744332159677 -1.39188888663476 0 0 0
0.782301049507741 -1.81762912708196 0.341942686745137 0 0
0.568464740053007 -1.57975099469508 0.195398268377832 0 0
0.449875363882444 -1.25290213107889 0.0272747421453907 0.125046266517849 0
0.510318295228913 -0.837994398558418 -0.19786232906981 0.321906017082077 0
0.663017381532464 -0.443077845045883 -0.300117863141719 0.453857782099078 -0.251435456107666
0.725383311735139 -0.07447857292587 -0.430538715169342 0.483009599854921 -0.242814853549015
0.486652900040326 0.270221818369955 -0.508432060918727 0.476033861200498 -0.417072314492527
0.212095224396297 0.391089843986818 -0.470509504679711 0.577743901953891 -0.501657725216331
0.178073731054027 0.28316281368669 -0.215240009271224 0.529710212770533 -0.397147539883768
0.0233600601949879 0.248788404354191 0.129638365012408 0.552391504159911 -0.446149685596538
-0.165442379172563 0.202054859386798 0.429448469517013 0.585629415101124 -0.481126300710905
-1.14199133290876 0.172799494325914 0.540952843545573 0 0
-1.37802912668506 -0.236624068516721 0.673480575559976 0 0
1.40469918450884 -1.75439480684965 0.466515035363004 -0.796311772095052 0.589586827601235
1.11880884240598 -1.53169583462574 0.409858213504426 -0.595357707855418 0.198142670826813
0.859448946227324 -1.22393932876678 0.276253522586337 -0.415740477044198 -0.11496686130663
0.637901082924682 -0.896884508610667 0.108259890749928 -0.224038032012528 -0.350729815556881
0.658254968327186 -0.68997144089433 -0.144072017635839 0.0184435067644807 -0.460987144614165
0.836460304232643 -0.373601538624975 -0.281106843906713 0.249587672825282 -0.570570846158454
0.743634714593981 0.10925149880859 -0.411269168172647 0 -0.54977222521244
0.503633459294405 0.559843528453519 -0.682244730010509 0.395344912060295 -0.3487590658367
0.286212265282441 0.884936353142636 -0.639079795320645 0.394861615005699 -0.420322139684434
0.111851909870102 0.938535753059288 -0.296636358760347 0 -0.46895810461694
-0.47614479279733 0.861389592009905 0.0103374418070633 0 0
-0.733902441081704 0.746317772708151 0.205194585421049 0 0
-0.992958284599589 0.403655460290121 0.329293717497335 0 0
-1.27247085765298 -0.00770513899729508 0.368618192131932 0 0
1.60782225004639 -1.56635250390017 0.148668331200861 -1.0831530891927 0.727797945504435
1.39695347558337 -1.32635498020014 0.119612099661535 -0.827747655011899 0.183491482761769
1.21781436454594 -1.05938402427372 0.0995228827083103 -0.52992628073385 -0.328796880043177
1.01770443282076 -0.868714647072261 0.0713059200108015 -0.265468210370637 -0.748849879187098
0.89357892922055 -0.699044864608056 0 -0.119740394337362 -0.922873526450294
0.481214069833045 -0.362350186979743 0 0 -0.524548580096953
0.778164638840573 0.0289395217872894 0 0 -0.845891519734763
0.719098510961684 0.367569502461528 0 0 -0.752039027594083
0.487111945515915 0.815051601912625 -0.367486701338835 0.167647843005611 -0.792461005823334
0.217105355130958 1.24892707635452 -0.378651722895701 0.256263940057406 -0.543069027682325
0.292411215319937 1.16303508125754 -0.292565758454411 0.302791248473203 -0.626456182777878
-0.407170992817841 0.974518925220715 0 0 0
-0.739848058225124 0.550516523945686 0.144807817922314 0 0
-1.0709388979285 0.00175537869983252 0.236808081248165 0 0
1.07468556252584 -1.23585728284821 0 -0.548566697461498 0.656661798016726
1.11855300049615 -1.14602098661829 0 -0.409742320567721 0.241432290699299
1.15417290597125 -1.07126368555559 0 -0.247402855724079 -0.230900594664597
1.18572345891511 -0.989170186932505 0 -0.116505442683545 -0.819030755294673
1.01365567989849 -0.837901990002356 0 0 -0.918643945602742
0.686232864368837 -0.483240535803111 -0.238592110757411 -0.148443975467457 -0.898232828741371
0.468203898789993 -0.0849936190299743 -0.292915699705749 0 -0.851058537778873
0.758350187866826 0.347925222446637 -0.133178468445274 0 -1.12323039236942
0.710701666843976 0.642788932422794 0 0 -1.07835439653451
0.60544195287342 1.18780518127551 -0.317305351799618 -0.285767747231437 -0.53947834992686
0.291624525757784 1.15516332726818 -0.255538479833695 0 -0.549409392738426
-0.0410615113918506 0.853671266517651 0 0 -0.231176716972641
-0.445707766155126 0.712026419196811 0 0 0
-0.830798604500616 -0.021532513620421 0 0 0
1.16847442708847 -1.26757332503787 0 -0.851769634719669 0.77278896744032
1.07036016379228 -1.25538435168328 0 -0.660872033327874 0.219058315985776
0.869955445925804 -1.19012704212757 0 0 -0.269960109402353
0.877130769438441 -1.22531932557857 0 0 -0.792241562761954
1.06074820486268 -1.08919127945229 0 0 -1.1444764772443
0.787480329538601 -0.949025994523861 0 0 -0.980468047498506
0.341380012163674 -0.561473882278779 -0.278827419893184 0 -1.06299466242912
0.716532484657022 0.0408235762270906 -0.209959535743004 0 -1.17757031825097
1.02012315709831 0.446078036624861 -0.182662066659977 0 -1.13570901201752
1.26957890709171 0.957095425794158 0.234581673045822 -0.0632377327646405 -0.581635717037444
0.491114800050942 1.21507862436972 -0.0908169487459423 0 -0.484337864394392
0.319481630801075 1.14081369944492 -0.0313209421609072 0 -0.472230824414993
-0.357876584743327 0.720729065912888 0 0 0
-0.703865185891915 0.603136667708788 0 0 0
0.934116417433782 -1.21157016165182 0 -0.425572342618303 0.820505701269623
0.608168918044644 -1.19818571077629 0 0 0.254853623838939
0.68986334662801 -1.27701353973028 0 0 -0.243418775064689
0.867263972657783 -1.39236959018376 0 0 -0.858044254011929
1.15157579060115 -1.41608066696643 0 0 -1.14794408601585
0.885392946996543 -1.29097577872463 0 -0.299733154944376 -1.06216677329759
0.514461882161293 -0.96521281792067 -0.104486184876843 -0.279237878175625 -0.948057624826426
0.455802312115492 -0.571160027283875 0 0 -0.880973520116283
0.680546861683151 0.0577984987497814 0 0 -0.959017774584623
0.74087924096728 0.541492793131558 -0.0492702268531841 0 -0.74858460842619
0.239717031009082 0.924933998957249 -0.190314926765449 0 -0.457547811878802
0.258280383840587 0.911936926895724 -0.0213756747311588 -0.00350751450915571 -0.416379798452475
0.114540769088645 0.7090376499986 0 -0.0925946458482305 -0.494438240747735
-0.0875093852504836 0.20084276529499 -0.532225056271153 0.720483602586594 -0.0288630988529372
0.77263875760992 -1.18685955524673 0 -0.327034039858807 0.834376801857499
0.412771713347324 -1.25283396144361 0 0 0.286931927238437
0.419970181245875 -1.54869992753951 0.197525477195829 0 -0.0963812117106107
0.838389499980484 -1.71330933159457 0.155729400035554 0 -0.488697782248881
1.11240851688053 -1.79158936272654 0 -0.377216267581696 -0.877988853450098
1.11190171779898 -1.78165024378444 0 -0.499295016813909 -0.976574818310469
0.969369228631291 -1.52808137093922 0.0322503607120585 -0.331935595106591 -1.10387321426099
0.540165670596793 -1.06121525600056 0 0 -0.816418317006977
0.511323375910901 -0.348138072307731 0 0 -0.778881059743987
0.570018904644015 0.193370943186175 0 0 -0.525785123701703
0.488747676479666 0.536100404407283 0 0 -0.506309024684621
0.210567663957813 0.645464498992376 0 -0.230099914574232 -0.525929842853928
0.0187673357153121 0.590565515978329 0 -0.165558812638926 -0.483961385780839
-0.115596364601102 0.444210691159684 0 -0.134694908620182 -0.448675748526739
0.263457239910126 -1.16283718437634 0 0 0.592871221494419
0.257218732128685 -1.43078485762175 0.170145301600031 0 0.435210067860711
0.421149726345511 -1.80644067886751 0 0 0.0669371278806803
0.708300557940192 -2.04892768106298 0 0 -0.185308784141252
1.54981125187994 -2.18939046350879 0.0352731062235666 -0.55744928054975 -0.336046891453916
1.74548861001231 -2.11304611352231 0.135983665431889 -0.57152138131648 -0.769695075909959
1.10905578986896 -1.87868312919695 0 0 -1.09401773723182
0.941703260019939 -1.31559091022893 0 0 -1.04794751019629
0.735511877074877 -0.7289058683381 0 0 -0.82926705346776
0.611176606465358 -0.252003809801159 0 0 -0.73298494320786
0.456269966474974 0.178117813544887 0 -0.203549605982705 -0.712502362738879
0.404142214618426 0.265761942147647 0 0 -0.489884133039585
0.159864153473603 0.277348925593378 0 0 -0.427952179977984
-0.101032343831103 0.230006448680409 0 0 -0.379690788034995
0.684968964719034 -1.2956649796522 -0.543640915933064 0.0264715457359576 0.94665077592183
0.612479433493056 -1.75130599177976 -0.334826628825486 -0.138678168978829 0.720170655721706
0.712751969690399 -2.20339503049926 -0.115526868997501 -0.361136907699216 0.53774759425805
0.93746234933143 -2.37670450835308 0 -0.408844804410962 0.182215776930003
0.905148843407855 -2.37397479467707 0 0 -0.218991155917103
1.59052806674367 -2.35032729357778 -0.0186165006895614 -0.376603663020855 -0.41293040034125
1.33106642330052 -1.903464967219 0.0967231250566622 -0.0312081775711302 -0.519849757091563
0.959760382158885 -1.54685340440882 0.0852276002579996 0.0426765360015711 -0.652408143408133
0.619902943000807 -1.18451207185497 0 0 -0.678413690063051
0.471476528032406 -0.820810854688036 0 0 -0.545751089845209
0.493283299145947 -0.597911414882319 -0.115787764105887 -0.155139120344277 -0.746952835341546
0.357101371205832 -0.18830149623465 0 0 -0.527990574270604
0.287173239102784 -0.0969780546897949 0 0 -0.457381350714756
0.060810337550601 -0.044399424152742 0 0 -0.367841056672004
0.0787151605688189 -1.60189086830804 0 0 0.784979658514833
0.221565731403108 -1.94385841807625 0 0 0.742403570183556
0.615605502867819 -2.43867916431251 0 -0.334150203453908 0.743107036446322
0.576296027752431 -2.43198375221909 0 0 0.340649335194805
1.13357990357244 -2.67432768316125 -0.37163602705772 -0.329868033640703 0.272140323075677
1.0783998526654 -2.46609558154992 -0.30089314498173 -0.0167457144259455 0.0745623079674802
0.847840885891334 -1.97208531224692 -0.2735560819046 0.436916422368773 0.123154147869013
0.645099179534069 -1.76556982074557 -0.0640501947957901 0.352140241814932 -0.230816804175154
0.384925129929201 -1.45149606960032 -0.0187806115614692 0.207537392678901 -0.553742960410351
0.317367109040678 -1.19156160321806 0.189613765068923 0 -0.606616706296023
0.241884436966757 -0.862820737568318 0 0 -0.3684116376201
0.0656183639127937 -0.539135038026206 0 0 -0.552556222243778
0.17969819397069 -0.443692088482462 0 0 -0.48886591637313
0.117363180970741 -0.334803045721711 0 0 -0.395104823158922
0.0615862333086402 -1.88278303444167 0 0 1.07718771218919
0.172953815365862 -2.16752988833201 0 0 0.926060706982125
0.287670534577338 -2.42378919687158 0 0 0.764759456551924
0.54405078097294 -2.40250210527164 0 0 0.448414448241653
0.855982904994043 -2.90540230565533 -0.627870253839306 -0.160501401181208 0.617809029381815
0.514014018746278 -2.59701891287961 -0.652437902386173 0.394634063469523 0.625885583506229
0.285127080706518 -2.14478107261415 -0.639782502629888 0.817462717372576 0.613897824011719
0.0190762541667926 -1.85780653147184 -0.451867261146144 0.881296434885857 0.25218570136892
-0.0115887700284111 -1.77029154809751 -0.267071013632108 0.508866670572619 -0.329115061297294
-0.145482719905546 -1.47244098142531 -0.327144151285824 0.396706596848592 -0.434434254605713
-0.0312858650328262 -1.22896566012466 0.0929597824617497 0 -0.478232106251232
-0.151346558144916 -1.1412233302261 -0.530245230493457 0.299700962998321 -0.463827862972234
-0.10191841835449 -0.659414477263388 0 0 -0.428424014535259
-0.153718343088912 -0.452991248101952 0 0 -0.421689787258678
