"(Intercept)" "X1" "X2" "X3" "X4"
1.69390721970775 -2.89839635134793 0 0 0.991179402601486
1.39405437706305 -2.77553658437605 0 0 0.89705557608946
1.23719663959176 -2.58422798625597 0 0 0.816880147047935
1.05709854525395 -2.3134558872925 0 0 0.650596039902997
1.32838004696942 -2.21299995248244 0.281179603401016 0.0775227716417497 0.856203798891995
1.06434991096511 -1.95615815956928 0.344110416524491 0.0115582774267654 0.784002589229934
0.703058363084072 -1.96125216889584 0.579248292224595 0.178205270462488 0.899052472568713
0.222110874236601 -1.86956609244336 0.625412912789577 0.118247351352194 0.808238051995282
-0.245809753708791 -1.79810181327847 0.655621938993692 -0.0385651612671414 0.559666657415671
-0.526475987270286 -1.94924870458139 0.931494563359323 -0.0283918565870442 0.328512076303985
-0.728304067089933 -1.98704329609132 1.16265890419582 0.0817288858519273 -0.0295364301327533
-1.06495126505222 -1.85882644447964 1.18956358841891 0.152423079821239 -0.509241053069569
-1.42598720126465 -1.72953509689792 0.765862748038536 0 0
-1.8174860770966 -1.49188263096691 0.783157743493375 0 0
1.81598579304074 -2.66875024080571 0 0 0.962520133933827
1.50103258358391 -2.53841644127195 0 0 0.837465993928342
1.36862851116638 -2.24212419400705 0 0 0.78750283567381
1.18337624083068 -1.92494623061248 0 0 0.676236216081893
1.45338752243209 -1.59704646035359 0 0.276257235845261 0.529308600004568
1.04944481564791 -1.30999936471943 0.197229886326969 0.209343039482029 0.278812649592067
0.66331648431065 -1.06574558184886 0.364090657429144 0.172073429951892 0.131173848924864
0.0229687804304633 -1.18006802021401 0.508490839869287 0.228070954047284 0.716759696072186
-0.366217058088313 -1.19057577117962 0.69665417109149 0.127174845318991 0.376751671902322
-0.596031547388042 -1.33969534886991 0.992412175561431 0.165522672007571 0.117468379411448
-0.704091192622768 -1.41749682423289 1.11461246322093 0.257738665205599 -0.211921312796702
-1.0706589832372 -1.1735620423424 0.779943081795866 0 0
-1.28883464336372 -1.30520720591823 0.860339486574168 0 0
-1.69655338793041 -1.0502593455296 0.780914948066662 0 0
1.98215446816546 -2.39730125219228 0 0 0.938190388274896
1.56833902302126 -2.2690877605258 0 0 0.710699830555568
1.44233051507132 -1.91593017977235 0 0 0.629899188860219
1.36216845594952 -1.50423436078026 0 0 0.610634971686932
1.46767338414592 -1.18458194984167 0 0.326660485635623 0.507181829901779
0.92705074145581 -0.892445033826187 0.0738404283112619 0.356151363010271 -0.00142863167954176
0.733482197295499 -0.49013468254467 0.136768836494024 0.435431832992974 -0.303366244026824
0.169367907122122 -0.538539644075742 0.330419462591162 0.363090037363129 0.17199696181968
-0.309818063921936 -0.66530619345356 0.678414813048734 0.358161944698713 0.13331159676016
-0.443820814459665 -0.802873710423074 0.933904015242383 0.411422348022852 -0.13640359468762
-0.633378430716893 -0.961929134490945 1.0463571867226 0.402355837608064 0
-0.960384087733598 -0.771468761358671 0.891345970089934 0 0
-1.20499803717935 -0.783127214142234 0.953532779574016 0 0
-1.62578337664406 -0.695649101748445 0.876664927711322 0 0
2.36370775580728 -1.94069897034464 0 0 0.977781582671447
1.87234026459721 -1.89140014805759 0 0 0.734415715515798
1.64354024173506 -1.57205457552876 0 0 0.576129844038729
1.63621134765527 -1.21440084310211 0 0.235265730954958 0.46364007680774
1.53230338663858 -0.963179633476884 0 0.386413898306098 0.399563881155061
1.0298799331999 -0.630294079633736 -0.107368293573833 0.564005690392851 -0.0534992854931591
0.796757422996249 -0.333537781392072 -0.0295430623841183 0.630453146898169 -0.129469796530364
0.512681497132778 -0.299407123100775 0.186390393444076 0.532395709317882 -0.0140973313089125
0.168180436047232 -0.543798769785136 0.638562423911447 0.580182709385128 0.164968494722534
-0.176036260348287 -0.611161386844839 0.901974194167007 0.532337689338665 0.0292277849674924
-0.549330903434859 -0.473563193224388 0.92467258502661 0.341985617208477 0
-0.734679306445207 -0.496778334387691 0.859428041018859 0.330478120618748 0
-1.12480674659127 -0.374754421350406 0.798832018544081 0 0
-1.29633209264916 -0.705481858940439 0.933445662884343 0.40619049475605 0
2.58215290534608 -1.76232892539979 0 0.0241688561500933 1.2493611363359
2.19846380617523 -1.63249125486489 0 0.0778233747052195 0.91268003669841
1.915486116338 -1.37904825039672 0 0.134116211069295 0.611993986370383
1.6603502320964 -1.01895655169355 -0.111127810483801 0.388378365947268 0.149839574822288
1.28279443305316 -0.804375178738646 -0.159036916163402 0.46747207139422 -0.0130392658157113
1.05099414120264 -0.575202471581632 0 0.303247358235429 0
0.876675041194649 -0.447132252799256 -0.0694586925618397 0.587621726553043 0.119875617294322
0.606057365520783 -0.346273462886783 0.136205011179275 0.584684350755484 0.034236199597494
0.279315219788401 -0.321585319016725 0.418577777693706 0.482806820822729 0
-0.0748877425341133 -0.345377370805293 0.678357203947174 0.504909369384851 0
-0.375500149794742 -0.242569668609513 0.678524714704293 0.456437443939753 0
-0.651515108886601 -0.29901500216609 0.701787538430906 0.438700064285063 0
-0.9067626890278 -0.444744151592437 0.738465427100326 0.444306780782968 0
-1.33034601392682 0 0.596414609876585 0 0
2.5578965790426 -1.75131346406375 0 -0.259156272258128 1.41595083251156
2.26922963888812 -1.63836344667897 0 -0.1520153037997 1.03612728594434
1.93977551436956 -1.47100281230559 0 -0.0101334315748175 0.625878879365212
1.5996607769417 -1.24031164160807 0 0.122399169909227 0.281698145631258
1.16660501575328 -1.01683602439957 0 0.154216340870781 0.0215986264636409
0.67338628339546 -0.728974651580211 0 0 0
0.81072481040533 -0.492944458518263 -0.066083482063446 0.537323127022789 -0.273152508112234
0.643239042434847 -0.336045251517512 0.114085236959519 0.548569234917463 -0.337631360972486
0.277138652107968 -0.314380716085024 0.290927061517349 0.386040061501418 0
0.199244782031965 0.326777657554308 -0.248938630293273 0.387810992811134 -0.774779978509459
-0.279858419248371 0 0.42554573565341 0 0
-0.638838144740058 0 0.564522008182655 0 0
-0.884162130658246 0 0.558561615506185 0 0
-1.13497007962906 0 0.540212928395627 0 0
2.42111741647508 -1.79801807791764 0 -0.474738871556347 1.50976978313056
2.08663581027745 -1.72794097505451 0 -0.293685341827929 1.0193502058608
1.77742003396545 -1.60189702928565 0 -0.147534444620235 0.607668886634525
1.4594636190398 -1.41409655024507 0 -0.00731359280358218 0.282463371454916
1.0078132322318 -1.11682776081828 0 0.133536092664058 -0.134540566435817
0.657197415277351 -0.792009861437722 0 0.252615565937918 -0.580971782649584
0.376188907263222 -0.599249194731221 0 0 -0.712445857108585
0.71996688878478 -0.347498354106959 0.127645929444648 0.453734417560318 -0.824405538112644
0.299334911718013 -0.142612952481287 0.00777177502650608 0.225610649659193 -0.87725424681553
0.0668360065885029 0.18716416779431 -0.224279660675014 0.063136501986164 -0.923230747044942
0.140053454832957 0.211235931645987 0 0 -0.514207707034481
-0.362685610382149 0.131625728132003 0.104408430906193 0.0907240060901394 -0.347319024674208
-0.659977213965465 0 0.340965372594259 0 0
-0.845437939831478 0 0.390413401869123 0 0
2.18464206352714 -2.02339911137544 0.30401388724032 -0.655811672314418 1.68137715199336
1.86079846772011 -1.94196594801944 0.25784548787074 -0.39920713256438 1.1411476091906
1.3161909969954 -1.54899245021886 0 0 0.377971524096369
1.16290566014458 -1.4677038723685 0 0.0939201221942771 0.11642378581154
0.905028438156866 -1.17210833811314 0 0.35815637489787 -0.417896394125098
0.711267740896496 -0.970730914723112 0 0.309734729206772 -0.764693143689126
0.641062752555446 -0.7415652458493 0 0.229811154567664 -1.04801977198859
0.552374141445555 -0.497132729163651 0 0.231524859912259 -1.16148001121933
0.438492026203051 -0.279143544271804 0 0.219170993039729 -1.089236338144
0.442328253665794 -0.148628250708713 0 0.191019610176318 -0.860957286827596
0.30237571885424 0.0946627070874825 0 0 -0.600877841678347
0.28576382440332 0.296140205366906 0 0 -0.425317997594429
-0.040089087878713 0.147126587625018 0.0571085138729929 0 -0.201299998365328
-0.463152708819679 -0.185566367947527 0.269711603481327 0 0
1.42697951769265 -1.3917203304367 0 0 0.75430074416385
1.27513913808972 -1.45609842641724 0 0 0.5107283716984
1.02941842793323 -1.48268296378407 0 0 0.211122406311877
0.850254733418576 -1.51579219743483 0.248913555374998 0.310839261557969 -0.218937759575507
0.88962715164048 -1.39947223636843 0.167345782085468 0.368687013712075 -0.715516594136275
0.95005347083789 -1.25773383341009 0 0.325943234520876 -0.793743500468612
0.832600839121743 -1.08761612429074 0 0.138552366479625 -0.906436446829513
0.644995872943856 -0.85224460660178 0 0.0602076178192898 -0.918246217753046
0.535650436404869 -0.604831846455372 0 0.0533943471741157 -0.901924218712261
0.440364860529141 -0.379545434135835 0 0 -0.683273391241877
0.480288072468639 -0.181098991780217 0 0 -0.517318931906276
0.535046572632 0.0400501368097926 0 0 -0.368637290599605
0.50764184395336 0.239139426091197 0 0 -0.173934034930123
0.322745257807451 0.280782030069474 0 0 -0.0957127296274221
1.08841677374707 -1.64703423487645 0.324375840978947 0 0.854543271483985
0.963510873809863 -1.66372497092197 0.31910939224727 0 0.536711411678896
0.663939588961786 -1.60842614513563 0.398086748758724 0.258133091073634 0.0538736872657014
0.695654802932829 -1.64651241308326 0.312823988811488 0.300786985183034 -0.344730226882985
0.898014424894667 -1.64742661753701 0.222744302082553 0.2187742672558 -0.624267152324231
1.03764489793059 -1.65267896012246 0.119145729346673 0.183934420157599 -0.83592762862517
1.11295844966419 -1.47400171637601 0.0482129953118607 0.160130165666088 -0.910948510513378
0.551472214568035 -1.14957805011346 0 0 -0.44689854562819
0.650943043114085 -0.961055143749126 0 0 -0.701008342548398
0.651633988399035 -0.699022759907699 0 0 -0.593944920313817
0.677517148123743 -0.473147126156066 0 0 -0.42936577732454
0.668688305319351 -0.274451091737454 0 0 -0.257403047684502
0.718702305369951 -0.0401333781578948 0 0 -0.0883481477732366
0.678481971516661 0.160958356407381 0 0 0.103150824044867
0.757174518038373 -1.66560353583803 0.373447812714604 0 0.688946207239876
0.736788937667693 -1.5721350644889 0.231036334520395 0 0.312469402119925
0.508246938095612 -1.67027229340219 0.428758709630963 0.240913389244712 -0.0685293972651408
0.634801563620356 -1.78134563359644 0.362272187881877 0.177268894734498 -0.322585479964059
0.827490396084727 -1.85662799164245 0.283892623626706 0.0543612061826783 -0.498099607116706
0.734881003174634 -1.73416765007027 0 0 -0.443047630085656
0.796547672978015 -1.66835572643104 0 0 -0.521246102805802
0.748269259645496 -1.48820072695879 0 0 -0.555903140123363
0.814457679369714 -1.23610548466461 0 0 -0.555321435171491
0.891238699212783 -1.00557825742989 0 0 -0.490624579488605
0.929506983792531 -0.772886532183277 0 0 -0.347407395791799
0.895249360873433 -0.548081250949049 0 0 -0.191417797670803
0.878892921255967 -0.336087779403994 0 0 -0.0354750308028708
0.911521805628838 -0.108240629328575 0 0 0.152300293771079
0.480447293008633 -1.71160572648743 0.401290838229671 0 0.511397667945292
0.245841141112229 -1.69654657539457 0.55937564263864 0.199669503590616 0.181388349812303
0.403269658076024 -1.77523635749098 0.449230882599015 0.210042068428489 -0.102698562959495
0.604931468943433 -1.89363960478175 0.379363079421708 0.106592020487166 -0.286734945870999
0.81316287432334 -1.99289405352486 0.310029946615917 -0.034766820379144 -0.413306764508538
0.843128571344727 -1.74236183608921 0 0 -0.361308325939011
1.03430404430426 -1.69571551442127 0 0 -0.497678304495463
1.00786146451813 -1.67275563011126 0 0 -0.543119547522645
1.00572621700437 -1.47938136401655 0 0 -0.475717312883629
1.17150486749072 -1.31847170847526 0 -0.108206164125168 -0.483012470922779
1.14485331675927 -1.06270587378705 0 0 -0.283905939802845
1.1625366239099 -0.842246254037299 0 0 -0.123495707011595
1.11294328305077 -0.607328950145115 0 0 0.0193160302285626
1.1159512865718 -0.386407231427366 0 0 0.212567718171408
0.443677778706278 -1.39090110118451 0 0 0.155959982634287
0.130164519483831 -1.81753043841326 0.550109241972635 0.115397940822745 0.104154191823389
0.348287950194364 -1.88788677401495 0.432507138894411 0.165150635039775 -0.0948815836932631
0.535398841511569 -2.05093306181581 0.393319127061097 0.0161965650673917 -0.212878702634119
0.730894556789492 -2.12308044873872 0.336021719667145 -0.120805919628439 -0.321492396119655
0.940279600342241 -1.75428054830444 0 0 -0.288582536447419
1.17661462142742 -1.7885614419703 -0.0304241172482975 0 -0.239174838457685
1.30802737693421 -1.67057407000217 -0.0713537972316504 0 -0.247236796737238
1.27555037915332 -1.67616301033965 0 0 -0.389529327340445
1.26716773436127 -1.51680654789265 0 0 -0.360068146723061
1.33624365007416 -1.3319758109658 0 0 -0.257001444607147
1.39323299246338 -1.12447324890296 0 0 -0.0887473467753119
1.35234591804497 -0.878516502005306 0 0 0.0662880330674595
1.31838715930674 -0.645768227314579 0 0 0.243992546899151
0.315260635230829 -1.23543763174736 0 0 0
0.0245261898587135 -2.03432165583343 0.568942492148773 -0.0625494138742967 0.1238103424144
0.259692002604053 -2.12440700696158 0.459058751705344 -0.0281614681805565 -0.00923713406778024
0.435502443644565 -2.23223978255152 0.422993945983818 -0.1253164336942 -0.128745741362175
0.614532760128313 -2.25202457028003 0.359156921263627 -0.219278044869855 -0.21927500409255
0.982188652864108 -1.75820083442397 0 0 -0.136659960310685
1.05331851545922 -1.76248268239976 -0.146535799155366 0 0.0299803228553872
1.31064543116553 -1.60387791073662 -0.230068936707521 0 0.0456434678258511
1.40244438895662 -1.57684734286847 0 0 -0.06107449124224
1.47531493103773 -1.65210713767333 0 0 -0.201479632057304
1.52956324823447 -1.58271180726741 0 0 -0.242190591969107
1.61501897112218 -1.3965008578525 0 0 -0.0662865757852634
1.58509875022936 -1.14706808496787 0 0 0.0932610720095553
1.53808610570321 -0.899831948076464 0 0 0.266410972164175
