"(Intercept)" "X1" "X2" "X3" "X4"
1.85514684596435 -2.58287873044661 -0.475717936034411 0 0.926360016939435
1.53167701014969 -2.67075270089098 -0.340312050908326 0 1.07868670325671
1.35656475949541 -2.50739661472705 -0.0655610342337353 0 1.01513894763442
1.04979579148749 -2.47033899190346 0 0 0.955156211773022
0.883340613844345 -2.39027174741958 0 0 0.985154757097163
0.793512961493613 -2.23627201046638 0 0 0.780946074637348
0.50932788912612 -2.16706298342152 0 0 0.370063025419612
0.388607465648186 -2.12139499965679 0.221637940691191 0.463529331610672 0.952769279989763
-0.492077328023868 -1.73382412629502 0.815043412247602 0.764211016545767 1.59192287738377
-0.7206943968284 -1.30701251202003 1.25155623946303 0.823011319352474 1.09470045821841
-1.08199860169065 -1.26422501686476 1.73297613377424 1.38087606761736 0.6290562109851
-1.00385124627576 -0.918503242249809 2.15853802736548 1.66859982072053 -0.464295984546511
-0.531536302410715 -0.484091336646462 2.71386315273058 1.76728171585551 -1.20972182019212
-0.383767595399207 -0.49582444807074 3.13948593766939 2.11329383174419 -1.65681841097635
1.51603183979633 -2.56710156928625 -1.03923750910609 -0.0967945330907406 0.901508655970868
0.763884927705181 -2.2893364451955 0.0766439964692539 -0.290808562795666 0
0.88095431459981 -1.64744338544186 0.547775690339097 0 0
0.945202941657206 -1.95198055030017 0 -0.0455382301873361 0.542459647361312
0.569451377929634 -1.92977563028577 0 -0.0728152009637578 0.453088991401931
0.602744354323599 -1.46912355408988 0 0 0.363098692794426
0.424386310640526 -1.15253103852865 -0.10076351308715 0.0772304921004452 0.139863836121417
0.330721155617769 -0.856927260334358 -0.0257348327051894 0.222717901562305 0.162555204519725
-0.227622287847032 -0.900274428002051 0.272207673225806 0.50910496280354 0.755239081800171
-0.141814655314867 -0.745693961588361 0.610832572311266 0.670368948228264 0.272007012897942
-0.293864206087618 -0.655932634185621 1.10018241724733 1.01987564866145 -0.380389423402724
-0.241821138145264 -0.201748336097571 1.68327277557081 1.18155922379572 -0.886860178340274
-1.31186039007753 -0.330549319989373 2.17020953343221 1.67101852446735 0
-2.15412781212629 0 1.94590284097937 1.77462989506882 0
1.87542330887383 -2.32173771047459 -0.953234236397424 0.0063424158154154 0.850816008933519
0.922588128167105 -2.22156404007411 -0.213751048560264 -0.262702943384801 0
0.000483727776277156 -1.86413130531755 0.126009702331227 -0.425936038858655 -0.557452221273511
0.161452355788161 -1.17297005877183 0.347115527576398 -0.278723663065107 -0.450273386072562
0.0870223442072633 -1.30983055328434 -0.17375335120099 -0.0825706652797516 -0.114020020674554
0.226851767857145 -0.803351524269074 -0.228172754185047 0.2217536152111 -0.132508851375765
0.261782758114604 -0.432204523056129 -0.2060572099005 0.322393623521484 -0.19337991038893
0.115888224600253 -0.17234961881506 -0.210324625751554 0.282471793574755 -0.171111836994338
0.231160041396436 -0.0593170085755801 -0.228128973982368 0 0.0598620229085313
0.420428388726313 -0.474474168931122 0.0544137749505956 0.479324935610437 -0.272909969225925
0.375598443676329 -0.074373493156896 0.650550810164609 0.64408385366275 -0.882947992452824
-0.844012114663902 0 1.14416976020456 1.1799206520244 0
-1.07887756953457 0 1.21647483648135 1.58349835919688 0
-0.115266289535834 -0.235773727104574 1.39287528895873 1.87471889042762 -0.772006244522642
2.02961655148254 -2.01838832481913 -0.753120807644853 -0.220696432189143 0.995646005238019
1.66025598808179 -1.7187811235034 -0.235459458217211 -0.293637678003182 0.62653731503999
0.86727795764572 -1.34995051100288 0.036581335794674 -0.307620465563934 0
0.0400560451266373 -0.954796289711392 -0.06124924126023 -0.338605666626305 -0.661885632907389
0.284972656247446 -0.772407213479649 -0.148054918707373 0.017330613677126 -0.638901282784138
0.5436724993475 -0.379633974435817 0 0.18349257802447 -0.211210549044188
0.575901320129689 -0.15386004299135 -0.299797017118899 0.563671121801039 -0.321175068638426
0.411646480570407 0.0526750004864762 -0.416486053626077 0.675940081737304 -0.454791758675462
0.193711446075605 0.407625649820586 -0.246091594919342 0.287839433304854 -0.720046352915339
0.519650680795379 0.502814433834154 -0.0616385333700372 -0.161663207362064 -1.07291737820486
0.0860133732000283 0.440422282867166 0.382879950045361 0.185168638542185 -0.808332920128914
-0.353891009470981 0.289981757460495 0.510076683610259 0.743481690768173 -0.625145172110631
-0.650882269338503 0 0.683173370306803 1.45931911257848 -0.177213569705097
0.140806675362059 0.125456087278227 0.781603566924609 1.40595059576064 -0.764797860009983
2.21688652666826 -1.5689673776072 -0.449602783362003 -0.180205367258035 1.32613257028678
1.4305079240303 -1.71890932186928 -0.0631539715876756 -0.334681780391108 0.740430636242042
0.692139819131691 -1.82395262800053 0.300226381423172 -0.684471770125863 0.0513014821219507
0.735025976138125 -0.922566775440524 -0.0437296000111338 -0.218150768885 -0.309505431174038
0.418420990172179 -0.540840927314741 -0.107800794212168 0.280013234465163 -0.788190906323155
0.376964092467139 -0.203309468299099 -0.212045069283331 0.467641850360863 -0.703464067693146
0.504356207266056 0.192340743346992 -0.443154742247291 0.657057891535396 -0.65867475190832
0.744393588798362 0.409272408937175 -0.291220791106427 0.706267286860854 -0.431089824121947
0.183770320725406 0.58569185367258 0 -0.105500084743705 0
0.375357656243263 1.13069028472742 0.169813553216191 -0.210449562318085 -1.24773342529449
-0.203828404331111 1.11757584371008 0.0480360617571939 -0.00567086779535726 -0.947785059571563
-0.0604157544683917 0.681627559032911 -0.0910651642263989 0.209916033539314 -0.684305913945623
-0.210078404712212 0.474722420547388 0.232682760521051 0.664157612567323 -0.547722397889523
0.139332983163781 0.444981441042504 0.15473751760445 0.977430839799502 -0.472978589964171
2.41928025357108 -1.16423213352216 -0.138755316350128 -0.0255555861967346 1.57033426162229
1.75007895533576 -1.22223760033792 0.117688638118076 -0.11017991517101 1.19360712917427
1.02232793840885 -1.05671822731743 -0.115557462415599 -0.100872870482488 0.501258012379056
0.895903835834019 -0.765127640054366 0 0 -0.0640276564154153
0.488000672861844 -0.474983669094761 -0.29977139025597 0.260950302096596 -0.668989679389259
0.0458484225694379 -0.0231799020593623 -0.376781808533745 0.426959218184618 -0.972415716228736
-0.0137127566735506 0.408855301224775 -0.32598500301724 0.446137193921847 -0.944823460195811
0.531232327330606 0.519855098831384 0 0.536078673116625 0
0.347263875536915 0.904536542681098 0 0.25786065895412 -0.578067964647582
0.265045049593808 1.69010106641221 0.169767226293853 -0.00811199066355685 -1.05367236670378
-0.0370384749446812 1.20709954209883 0 0 -0.600295167484015
-0.556981708767391 0.715409378765804 0 -0.171909045744253 0
-0.54649235214752 0.562911844985964 -0.137725503192978 0.317844887297163 0
-0.378470258736014 0.293757694264568 -0.411024781372556 0.750836568816765 0
2.34251887183931 -0.856225811292602 -0.116678275638721 -0.0601099671829219 1.44104434380791
1.68400481591145 -0.969153430107724 0.102786999730768 -0.0402679386097481 1.09556206606454
1.06511901595693 -1.10158909924162 0 -0.014437982299509 0.48700651106922
0.510910485770194 -0.888434096257108 0 0 -0.0941756217223882
0.178435777048726 -0.76114211361137 0 0.199931840745403 -0.420398253707432
0.341364892239757 -0.192615120787144 -0.352787182259163 0.422500078718587 -0.873584689082706
0.41958469854796 0.467022241594324 -0.0252989268396233 0.627050833372165 -1.11701391751628
0.805186814300357 0.724205000961305 -0.073501156252691 0.800656368319127 -1.28654378632695
0.79798719480706 1.20828591484256 -0.0677901360321329 0.492113204890614 -1.0215088516857
0.325986392264765 1.71049809148273 0.168921667098556 0.00918251760547572 -0.399332680884682
-0.245451003494064 1.39562982660846 0 -0.024231773718181 -0.284156451773725
-0.454329769700733 0.926662114257191 -0.0919085707583031 0.15829558223657 0
0.0992399832081044 0.759492696526754 -0.448340708178445 0.930412023628917 -0.380112644375832
-0.406000969197102 0.448272967139619 -0.473389937477083 0.742647463861208 0
1.69869413598701 -1.08666341169124 0 0 0.930043678357304
1.2973743607821 -1.10987340361819 0 0 0.771418533620682
0.778907467329963 -1.1015332356005 0 0 0.135239329768414
0.371835822404148 -0.967239965696833 0 0.169350010677815 -0.442293096588424
-0.0260274468643943 -1.29123330408762 0 0 0
0.764212905098376 -0.603270285334249 -0.140821847729342 0.406005135729156 -0.917163966165509
0.960859886307926 0.175048623440381 0.227836826561703 0.668020077129066 -1.46699458756733
0.425276163936005 0.473820740591902 0.290324464997019 0.249145925736207 -1.0327926562093
0.852532760563903 1.01123270498908 0.59416980056939 0.382686474103824 -0.462418011073452
-0.451212986815955 1.29706601341164 0 0 0
-0.34204131725807 1.36337064896429 0.000642065369137857 -0.28390842708613 0
-0.0781353921139651 1.1592629242208 -0.570875438245875 0.366576189235385 -0.238748555058628
-0.410956341324128 0.860368829798148 -0.339195580520714 0 0
-0.716765729659651 0.64757517517893 0 0 0
1.2711991288947 -0.963779045271708 0.0830503276904386 0.249077056677492 1.11036116831906
0.633258216367675 -0.972123889145377 0.198683613224648 0.40365330871079 0.314853600112397
0.38646802027114 -1.18491755063612 0.268641598885143 0.204373110936709 -0.235718137709486
0.396315170964557 -1.42669680591597 0.293672092456587 0.172753555336909 -0.448220441998877
0.435543741043127 -1.72128944350723 0.103496028943624 0.059649416731366 -0.35292679606456
0.796248059349061 -1.19462558725477 0.0358093084968812 0.140811230352809 -0.667487072993054
0.608133573107661 -0.458253238336209 0.325681366467028 0.089211229964638 -1.19180182703051
0.525355105030811 -0.280207816140675 0.605600578955895 0 -0.47505953122361
-0.675536639676554 0.818444779419176 0.256035096059264 -0.695144542967128 -0.0952301707392234
0.100633268602157 1.06029779800398 0.26527037123676 -0.714844365374812 -0.381098718084883
0.137048070670647 1.53034938201764 -0.315967695121182 -0.501493019583373 -0.454040900437571
-0.0176455970337639 1.22250710218817 -0.625570432195073 0 -0.231792700418436
-0.208314825659412 0.253973137468164 -0.35510861503465 0 0
-0.676508705413533 0.177913667865904 0 0 0
0.302013234907432 -0.728272123431872 0.362800200961905 0.621240301057801 0.634242297404117
0.0223641046933753 -1.13971849528951 0.38785430956615 0 0.0855592915933435
0.144876456566973 -1.55259995173367 0.491892024996247 0 -0.100125389833808
0.168555735448151 -2.09448834532638 0 0 0
0.0389396821539223 -2.3392144436426 0 0 0
1.18961757898003 -1.86185807996194 0.132990448690864 0.115910112498678 -0.530524556888099
1.10392197405664 -1.42707689483146 0.585809501703732 0 -0.858496134074117
1.18035086731957 -1.4771107652871 0.606719309129358 -0.029426778694074 -0.683105504095432
0.777196169110511 -0.525504888190828 0.356878566291139 -0.0802245120574573 -0.455540089048995
0.604955867208088 0.451632122917422 0.0206783031142825 -0.216339030846773 -0.525027553360061
0.821692059862996 0.84756770174937 -0.302590869270411 -0.287991702821074 -0.717637364414206
0.346935649829705 0.930451547140583 -0.513248421362129 0 -0.407586156271022
-0.116286130891871 0.604855640396582 0 0 0
0.0578433604438017 -0.306639769554982 -0.527468291523345 0 0
-0.0154020814496905 -0.910117727014861 0 0 0
0.0840763969233725 -1.3091401665138 0 0 0
0.0086118790715508 -1.59898957111079 0.712129255916521 0.243656365352622 0.0205216659615895
0.23473975354019 -2.16109775762779 0 0 0
0.239242579231337 -2.45177641584547 0 0 0
1.0213411936396 -2.31334765782016 0.253643205181917 -0.151446427291462 -0.503553856985202
1.17806182106756 -1.82881921639607 0.484376059366397 0 -0.524959088374696
1.64045369432825 -2.78101552244676 0.292242524631169 0.768888359022333 -0.300729679355441
0.845677504711527 -1.58881991517351 -0.0332473514389897 0.56408693836821 -0.0273546595862323
0.608980270481731 -0.622779184021032 -0.198433967666171 0.440274469379585 -0.044413173688042
0.88353300933477 -0.198846108675855 -0.111473130088089 0 -0.490600370635729
0.658504764036586 -0.296502883739296 -0.823320127850729 -0.98052749775618 -0.534601510650403
-0.0030982940824057 -0.188794029096236 -1.07225062462676 -1.3004160553982 -0.155527698656215
-0.248760857182208 0.181317353538763 0 0 0
-0.281514522037087 -0.629134265790292 0.329386193330653 0.63773049896712 0
-0.390401174773805 -1.08823740653806 0.540446215277636 0.9355228537908 -0.0288647724422774
0.0978952171931514 -1.81342710621662 0 0.361953428471488 0
0.160143808353286 -2.36255669920447 0 0.245821453733535 0
0.319515087503185 -2.71738706975853 0.00474899050593656 0.450491204917103 -0.0687734795059578
0.906318691175111 -2.27591284300536 0.227021846590786 0 -0.134936056995988
1.13617574892822 -2.06963460598065 0.240717039492953 0 0.0593014600914257
0.927111649522348 -2.30841674490551 -0.0341043724384292 0.206343732896715 0.257630793707227
0.68581806849216 -2.81343642347528 -0.489830877587729 0.561171715742534 0.312932976736636
0.619901440031971 -1.54086245460204 0 0.0133194620657683 0
0.851524061593102 -0.858434826251675 0 0 0
0.728395216112566 -1.3798979363374 -1.11453419732863 -1.23333736884291 -0.530877261527912
0.11138793872642 -1.30173891983245 -1.4899378440868 -1.74113437918011 -0.327353724262032
-0.014325843794912 -1.59022513959612 -1.62764911801545 -1.40984388441694 0.0765533750044898
-0.792130151963431 -0.53136786660337 0.731487760865132 1.52732694512295 -0.205158978177645
0.0472192414526566 -1.20605001977964 0 0.42742722522484 0
0.0939975688839073 -1.74601310318251 0 0.550406906272099 0
0.0639676426892624 -2.25227263481653 0 0.663768839647762 0
0.111683337671378 -2.61625548739195 -0.226032894558705 0.899983062652149 0.170995608939489
0.497359406262577 -2.37941666384106 -0.315444075298596 0.568999795695222 0.547045016585967
0.941694205462066 -1.90754047602191 -0.0843484267453641 0 0.670418323548318
0.861332630534297 -2.1767882768956 -0.24087446474258 0.060170105548326 0.617528731737883
0.928560920091103 -2.94799827310668 -0.188432135972935 0.548586720317016 0.0986578976712337
0.749761131747312 -1.83507922672908 0 0 0
0.976375920109226 -1.50453175819352 0 0 0
0.861552286342447 -1.08056714757445 0 0 0
0.465723420223514 -2.24892665463379 -1.59795065479729 -1.7313987518632 -0.373940680818161
0.128338270997311 -2.2497636117516 -1.83919286733924 -1.75880630030222 -0.104692774267835
0.024623611045028 -0.577300345188565 0 0.628668588837958 0
0.072847046524638 -1.06138258784047 0 0.672248353411931 0
0.0678555019142112 -1.54408804837315 0 0.775266719208827 0
-0.0369576663031191 -1.9591485939678 0 1.026389096616 0
-0.0890289013904899 -2.26731144213041 -0.359251444945131 1.21642327947356 0.340185132473614
0.119083581559408 -2.39166345237945 -0.773200282312998 1.02628140971219 0.887136228390718
0.337851413484038 -1.55910019189857 -0.604767580702901 0.467493652566186 1.32843229509986
0.945855622996286 -1.78061165850594 -0.292463002240285 0.415524561604639 0.890144000564996
0.976270686397773 -2.73684671897827 0 -0.350507519497042 0
1.00371324221219 -2.65135920988233 0 -0.289206339292761 0
0.927202449721675 -2.29951084737776 0 0 0
0.866147982352714 -1.43574709253624 0 0 0
0.738044482269649 -2.91437442295657 -1.57744949636782 -1.70968996419763 -0.37924531036635
0.301326414501629 -3.02188252778957 -2.01380353643462 -2.08578989895998 -0.327259286626619
