"(Intercept)" "X1" "X2" "X3" "X4"
2.4761292540532 -1.6215061753011 1.25414379167384 1.00142321151692 0.15394136705766
2.23532934486343 -1.62618950579472 1.04879202550722 0.907937580943176 -0.00933384292373876
1.91118169374033 -1.73147621490148 0.77910269930819 0.836124665906144 -0.0529092441923369
1.39655451191343 -1.77833842589569 0.643068911985014 0.603879321428479 -0.0599739522340525
1.04540237801815 -1.7760227768157 0.539884987446965 0.423371935292464 0.0876958931243775
0.100855115011542 -1.85105257388787 0 0 -0.0502442247225486
0.279944203321672 -1.9222216079347 0.364174672877129 0.458711597385687 0.940306865552677
0.0911430689789058 -1.83398230845837 0.322007041681352 0.630697854466545 1.05931279741602
-0.242282803287879 -1.6226373913683 0.292336790136154 0.538342562822834 0.705657274009108
-0.82275071899521 -1.5287562024726 0.627290221663771 0.0707516109566245 0.520145122145825
-1.09154691770676 -1.48919633152783 1.01136664803989 0.210412331472047 0.710720265288015
-1.15919452487852 -1.13061251734307 0.835826578999478 0 -0.206859900220127
-1.66937847933461 -1.13516192357372 1.2264655779145 0 0
-1.97007257559645 -1.00248879560241 1.2131958892351 0 0
2.44807602031159 -1.40303133458669 1.12500365389737 0.947614946348888 0.222022045321259
2.22804064677786 -1.35223212447139 0.916321783336874 0.879954721677245 -0.00182623784324154
1.9356095541262 -1.37960740205353 0.661491628221546 0.798560798994793 -0.146921556869762
1.75436098224284 -1.32460110240598 0.432918846513896 0.744032267772649 -0.181262593720837
1.33662898668153 -1.1934057154751 0.351520578981198 0.499864577921866 -0.188720874565787
0.777988123505699 -1.17270963192859 0.332691029500413 0.270232638594382 0.00848501233256651
0.643591494845323 -1.0417151173953 0 0.414808081824239 0.0402531583788134
0.270385331069744 -1.08836243867626 0.0521667757672243 0.569646824857261 0.283631125402733
-0.308684551798028 -0.92024199459896 0.129807512654911 0.355077303993967 0.254371439049001
-0.595172989858154 -0.86411600148528 0.43275673170615 0.240951189054893 0.238616758088047
-0.683927079769343 -0.599650606220494 0.498932316750353 0 -0.25664204838528
-0.980949150191474 -0.55776985195722 0.724015146064302 0 -0.236130598193524
-1.46353894159548 -0.601467934376284 1.01842859069871 0 0
-1.80297630097173 -0.533666575621823 0.89668754568435 0 0
2.38535040346372 -1.21686381560766 1.01111350049846 0.858393208792736 0.301544103623637
2.11074794099391 -1.18267059445787 0.748500933448365 0.840286457106646 0.0195999542215059
1.89332038253408 -1.09622775637491 0.520012481426696 0.771468208564474 -0.200498361415447
1.67543847006322 -0.993478598482781 0.324205848910672 0.67054836609413 -0.333745940451646
1.54341514236895 -0.815251456240102 0.136712271226917 0.609740739912407 -0.397146317584214
1.22647943801155 -0.565980727503399 0.0317476390550936 0.422621950860648 -0.42788349107173
0.923144296042126 -0.454778941402178 -0.189449979405944 0.423708474373065 -0.365240784940461
0.614348878962272 -0.445352300630498 -0.420252473575219 0.585840206627684 -0.538533736883671
-0.0721302994608713 -0.277705473522758 -0.0034298966659203 0.448118174274152 -0.200914115883912
-0.299290107992945 -0.202257875713518 0.223033560542858 0.330233562573941 -0.183002820323591
-0.522454350196012 -0.166515275834508 0.476122188320581 0.318831207347365 -0.143534146295061
-0.974121224540342 0.0173585303641971 0.504541447991128 0 0
-1.23168114834268 -0.0906945512664904 0.736869986553111 0 0
-1.70423679670737 -0.036272610103331 0.382992457472914 0 0
2.10067210261787 -1.22381317990168 0.880121469770074 0.736858362412298 0.359859100066111
1.97008929365455 -1.07113940999075 0.58158553489147 0.784582080542473 0.0649908871153443
1.84109560181411 -0.909211300003357 0.280441341118963 0.811698598706581 -0.193256247323583
1.6312300041879 -0.778623442830022 0.143749307138239 0.699497210505168 -0.413611024773594
1.46191216841912 -0.622703557829718 -0.0352051145009222 0.598866036051884 -0.555002918398555
1.30978606364008 -0.38176593745712 -0.251222494260401 0.472979323677859 -0.650199440147216
1.05156984502016 -0.12268589651149 -0.62203194278308 0.461544037951926 -0.796496578304755
0.86686342058474 -0.0372400686592801 -0.661826775005015 0.576528070494902 -0.760707532135543
0.523944265113079 0.0560222709361738 -0.335654738756885 0.462260143957465 -0.656642132052309
-0.0755546827640441 0.464130512441785 0.011269240518855 0.318471329209539 -0.611937899532188
-0.456873257696663 0.576959648439829 0.28977257602849 0 0
-0.787228155674211 0.503368414248728 0.377110306718654 0 0
-1.08884284124564 0.318867663013489 0.36727066801232 0 0
-1.16526618761021 0.0559697768397929 0.415146906797138 0 0.0329710590382155
1.89311398485189 -1.30469781857234 0.803821684625561 0.566976943338299 0.450793113233926
1.71688856442296 -1.08475903835318 0.500253856746379 0.623095794976278 0.115045687550518
1.55584657668851 -0.896508423951512 0.221544152974016 0.68565312262128 -0.189165236686835
1.45526295924695 -0.737589874238995 -0.132113863170004 0.75602564020384 -0.435227781869683
1.2909865617743 -0.62437554354118 -0.178072920876816 0.549389505315997 -0.625088648748517
1.08484718689418 -0.406578394765048 -0.362098305534635 0.347422947599621 -0.803788332143679
0.991827535805552 -0.0736711796784132 -0.63033576836479 0.41488057419165 -0.844119312720137
0.854965703412108 0.133769372671283 -0.639107522315692 0.496136308554517 -0.793739281763591
0.720505575582489 0.306301288750907 -0.405673712976632 0.372299077122061 -0.753637906041584
0.322285234008948 0.633844982146326 -0.181653209764671 0.210996076266206 -0.640131690474497
-0.0468715313977674 0.883227830957921 0.135104386174928 0 -0.456484132313066
-0.385146413031947 0.908753581787121 0.186814679536799 0.222327608580433 -0.521984767017612
-0.633390524965185 0.527863103271224 0.30335715824072 0 -0.189635055938776
-0.928552872417032 0.183035516193501 0.320104121799282 0 0.0757565232532583
1.8259317826842 -1.34278095683712 0.710530446967876 0.313132874540425 0.674843016112991
1.56167274589756 -1.13553949853572 0.433301941519677 0.434283036033574 0.228805748510466
1.38446507188218 -0.946431419795956 0.195845284508169 0.551715857723639 -0.142164753514565
1.08582320421037 -0.764038652949806 0.029041191338993 0.565772066627491 -0.432016188783086
0.939535990164094 -0.636203613202349 -0.0615781157444445 0.361001567014286 -0.683328306961701
0.694346381401913 -0.359190533851703 0 0 -0.755855317428281
0.605702539588535 -0.0242665378845877 -0.300290222262718 0 -0.867575623869204
0.825046552317311 0.17692368488474 -0.329475492432663 0.273998843584664 -0.86046853559377
0.597199339509973 0.573781744241954 0 0 -0.533228766671555
0.399733593200678 0.854451725675418 0 0 -0.63602771550383
0.195648186720501 1.01458392445237 0 0 -0.586321226288952
-0.0842850664909314 0.902612148339853 0.0465589413365994 0 -0.414480000814323
-0.34394048045608 0.680596942162775 0.0998197684664248 0 -0.223475733431804
-0.59900671431075 0.450154424827216 0.0974932902981344 0 -0.0769648141969315
1.68676300445595 -1.37885172649066 0.676976865097695 0.202564975594791 0.86356104074374
1.48348488793186 -1.15832677109506 0.438562437813489 0.343598516853029 0.457475442447819
1.24729898193423 -0.970377685497125 0.29196710719019 0.492785949238983 0.0126423916125573
0.902917506562577 -0.893011236647646 0.108457124159085 0.418448722688063 -0.487740829592054
0.698176033779148 -0.784252609084183 0 0.0977575038695497 -0.838519185963421
0.464597162881214 -0.43422079912662 0 0 -0.949152236714622
0.413930777518646 -0.0948043427585771 -0.0923237119018863 0 -0.932549071119428
0.59389142360201 0.228704154545064 0 0 -0.840324171846261
0.627718526857918 0.508764422076403 0 0 -0.829822728968873
0.354532407342252 0.676933626152909 0 -0.152442971486275 -0.810947106551161
0.260645471774703 0.815696052484097 0 -0.15776120445399 -0.547447216691946
0.336587922068752 1.0019047573488 -0.231269605061619 0.0086910759503515 -0.527069931627746
0.231149967055823 0.910539240223309 -0.277967601439032 0.164072960936703 -0.313542558441899
-0.284976212047021 0.482524601490599 0.0933055888709199 0 -0.0448730974500491
1.29869417157719 -1.34407356028923 0.651146040331271 0.168018617846696 0.974975273066811
1.15093135043455 -1.2572238538442 0.437423988642859 0.251849045326695 0.52024562967604
0.904575642294117 -1.16796501020731 0.215900342606366 0.318159585778248 -0.0578737125395994
0.728440949940392 -1.12243013696111 0 0 -0.549815272415258
0.708033386319352 -1.01503674841093 0 0 -0.830700853339942
0.573725862477631 -0.803282732601271 0 0 -0.886117262837755
0.479324813643285 -0.465555435109469 0 0 -0.791954635157275
0.540694872172478 -0.04797312913502 0 0 -0.844506768934593
0.536819515093992 0.299384111673263 0 0 -0.752592256029768
0.465200806104153 0.473763459649667 0 -0.142300370453143 -0.739115874827841
0.414208433171055 0.734383805069261 -0.222747852266734 -0.0690899238168997 -0.656059696469268
0.284353839326204 0.666848145477877 0 -0.156645461828803 -0.314014203382523
0.219260912220447 0.636281375816844 0 -0.103387201627076 -0.181084140604808
0.154402347045189 0.516078222884589 0 -0.0568375443703748 -0.114057840842615
0.444394152793637 -1.36177093202943 0 0 0.2379229632998
0.322099561668494 -1.0348146854912 0.221526270225043 0 0.258163565434116
0.378860458966433 -1.27471860322932 0.144842733624005 0 -0.123254164884483
0.512128974169756 -1.34867569764944 0 0 -0.528250756105759
0.692403101398456 -1.32193007302843 0 0 -0.801545934881215
0.712919754205531 -1.17098804193963 0 0 -0.861344540644876
0.586395617502483 -0.857116753681959 0 0 -0.677018309126232
0.590413554028232 -0.438658149996487 0 0 -0.736764239098614
0.54668449079919 -0.035885181973253 0 0 -0.62473141290762
0.555125938940715 0.241338171753992 0 0 -0.500628394870952
0.520146919306342 0.382973718349779 0 0 -0.322897832422835
0.485324168233464 0.435075017991011 0 -0.120271416453956 -0.226064793677444
0.386092037199387 0.381696842840308 0 -0.12507965055465 -0.0978819380182402
0.318598628944992 0.32643926164848 0 -0.103934686105978 0.0287423940409689
0.101146133024457 -0.829754410249469 0.311946140178574 0 0.634166283520052
-0.0041550796546779 -1.11573896545014 0.306708702112828 0 0.322709419095108
0.0599228528960073 -1.44445764880699 0.264779425014102 0 0.00216039758268907
0.355933703410678 -1.59309648759879 0 0 -0.382556809459685
0.61229507204489 -1.59206410699212 0 0 -0.617850164983652
0.79327331821411 -1.50989543078908 0 0 -0.776904407029057
0.744398826741125 -1.25389354588054 0 0 -0.691183677835113
0.664744957364508 -0.876974007806774 0 0 -0.689943450008765
0.627806958308319 -0.477652690686791 0 0 -0.619483901513692
0.738540464292001 -0.154933909892007 0 0 -0.421517195800788
0.806433718536826 0.0965710304303164 0 0 -0.186537601245556
0.847064243998615 0.193175268141011 0 0 -0.0381244581729415
0.702750876416345 0.109350007133171 0 0 -0.00265117955241729
0.579001807568636 0.0329846168390841 0 0 0.0351731460898547
-0.0395997482334189 -0.927956167385542 0.432162363773499 0 0.767819168157065
-0.0563647129560018 -1.23512502722677 0.329242546657993 0 0.415731956991117
0.105219910354226 -1.60040717117512 0.238031503853388 0 0.159606873058442
0.450560616639445 -1.71791919312519 0 0 -0.204581677885324
0.672914957171197 -1.75604974327347 0 0 -0.403742877945651
0.844553869609025 -1.67860421541663 0 0 -0.589793526654787
0.864860911306146 -1.47501354258181 0 0 -0.604920064201465
0.748853634958327 -1.23245243551632 0 0 -0.516724706960493
0.841629201008614 -0.881294092013217 0 0 -0.569747593731865
0.892718713150434 -0.611091990195352 0 0 -0.396912741196938
0.959612837579963 -0.402454502920713 0 0 -0.1527937033547
1.08873553694869 -0.261156642666808 0 0 0.0680739332298222
1.15400526047231 -0.207939457357719 0 0 0.191356498718507
0.986889949985808 -0.183863918067891 0 0 0.27686479843495
-0.0346420262934775 -1.07004257872033 0.381466059714836 0 0.797560346096449
-0.278739108199742 -1.30984385017814 0.581189290080496 0.302631943409822 0.659656414204956
0.33987456113716 -1.66447990863493 0 0 0.202108086668767
0.610110054639914 -1.75469534020636 0 0 -0.0473675069699937
0.783111990922041 -1.80949605288491 0 0 -0.210554207275399
1.00916915690581 -1.63975468152904 0 0 -0.442710603788077
1.02678696678911 -1.73116996935407 0.263350008346641 0.163763477958087 -0.279210095892442
1.22146513177364 -1.48089042327362 0.210363132939029 0.131014569664436 -0.277816201988812
0.972854561036638 -1.26343765674419 0 0 -0.462443496767534
1.07561202679532 -1.05755141819854 0 0 -0.299228801462109
1.1465670036732 -0.87448036530966 0 0 -0.12660839409974
1.27325525214726 -0.734770440854273 0 0 0.0686764868196528
1.40506297552003 -0.634774940057222 0 0 0.271727149377199
1.32202786822372 -0.521027530352457 0 0 0.420043397883418
0.0683007732534908 -1.29373585515598 0.434437215555894 0 1.01892807210525
0.282500804653633 -1.49385213257243 0.19431565015771 0 0.634549607419581
0.584597361884352 -1.63340940623003 0 0 0.190829078096563
0.788289559034516 -1.69563473436132 0 0 0.0525089867129182
0.947805580959045 -1.69517005962604 0 0 -0.0429708246387836
0.48975635595791 -1.8597397243432 0.184401448640829 0.474563719599391 0.0803693587041001
0.814472748839148 -1.64890419892026 0.00068865507877036 0.664226275331216 0.216633820629194
1.14147987472013 -1.57335596239838 0.0815481376375033 0.58412588344802 0.236413980602505
1.30605474923335 -1.48939920535069 0.141650356478636 0.341422426665275 0.064826057352925
1.23662883544261 -1.46711322402952 0 0 -0.216413387157174
1.37327517105506 -1.30963800687562 0 0 -0.0259724657846517
1.49571721209469 -1.17375335376207 0 0 0.144395674927729
1.60374975446374 -1.04384731378683 0 0 0.348968015968426
1.58693758873143 -0.891082080328238 0 0 0.543229815529897
-0.00575353497246599 -1.54866848033862 0.558568960892147 0 1.15212792884885
0.319778826870681 -1.61120233398286 0.24710967248798 0 0.744295272023194
0.584029144364042 -1.6969293625319 0.152037715280067 0 0.459637380347503
0.936320792443582 -1.66884628254479 0 0 0.229461219705821
1.11826092808145 -1.57419634557877 0 0 0.113156548838428
0.0948166000960421 -1.87836244561502 0.0589510283772001 0.754022324112989 0.557519748604806
0.551145348519608 -1.64071663298553 -0.212952641468478 0.982782015571371 0.642316642176365
0.922345856593157 -1.64351557307916 -0.166196158903922 0.994520127079315 0.686439975720114
1.27426517655775 -1.59662131579604 -0.0262079489162361 0.738682107827831 0.470892613335891
1.32918597740034 -1.61142947989528 0 0 -0.128718824813905
1.53121899498217 -1.69375125262621 0 0 0.0402736095217146
1.67421790054775 -1.55432705649209 0 0 0.260819086808991
1.76543511696279 -1.39618884512739 0 0 0.476527813226367
1.78843137485737 -1.23707700516427 0 0 0.690131920811258
