"(Intercept)" "X1" "X2" "X3" "X4"
1.69315704874039 -5.44051336779756 -1.90558759880334 2.27516876268884 0.55947869297531
1.22164292270383 -4.77381404965616 -1.04945919242804 1.59423727532548 0.737493536632775
0.904446386907076 -4.02472054673977 -0.344709222274011 0.940251298283195 0.932805467787893
0.875290247071303 -3.10637400389777 0.325513479767292 0.305683390361314 0.762732746371241
0.897451384097593 -2.40739747999889 0.209940366120824 0 0.536995673042397
0.846239461784368 -1.99055763637776 0 0 0.0837902791258585
0.548793814212998 -2.30285155557976 0.591691274176285 0.294625258771787 0.445567652611975
0.254463982603231 -2.34529299229375 0.551248379362791 0.344799763760163 0.337403184670499
-0.0538809793309343 -2.27031704623913 0.39363119004213 0.267285757497673 0.0787139050635485
-0.332988449767258 -2.21033683457124 0.353703433547303 0.354205404447083 -0.317020617559075
-0.53264524860275 -2.11121184951205 0.410698056494624 0.491054850454497 -0.784783868457928
-0.679918872495092 -2.03370848039045 0.709503902499059 0.681603243437313 -1.15681728596257
-1.03313814149801 -1.98530891763797 1.12409059068942 0.711306793765746 -1.28331506597196
-1.67153970151438 -1.9902209076529 1.42526253066519 0.462110118989042 -1.07816109435209
1.45952687493899 -4.6659283000113 -1.69004730332229 1.77000711765557 0.00372964233609943
0.779882537679953 -3.95349115336887 -0.807269985721303 1.09467524504019 0.0166651002352699
0.470996423959355 -3.36348325313588 -0.314576752051075 0.537862849509828 0.276921011019191
0.372422622167618 -2.61420892123268 0.0676750686187271 0.0732992632044252 0.511576542926334
0.734347337963949 -1.82095137933764 0.00588437281071595 0 0.105449908985426
0.805396607193074 -1.35952124231927 0 0 -0.237550505694661
0.470659290857305 -1.32717812403593 0.501505083050925 0.0930415006739076 -0.185262421977585
0.068360229759662 -1.44681414695552 0.417639611877563 0.371139953503206 -0.00183989353566411
-0.101842646071182 -1.44441273872208 0.355113028389506 0.399068809376296 -0.216802971856174
-0.348181082892939 -1.38383857565349 0.262256686514515 0.41955933989782 -0.679337599759194
-0.37529523605258 -1.33106448011844 0.412656690158642 0.635783826072315 -1.05809892621581
-0.618794239578507 -1.25912178823211 0.839959896217201 0.65384808117486 -1.19701562190777
-1.00157263766547 -1.25666114694845 1.254627411246 0.487497951767979 -1.26134526450823
-1.56639041550457 -1.4245787979896 1.4782331466097 0.28123509435175 -1.04952657421705
1.12758892860401 -3.78805780168355 -1.2284800650006 0.988427834870447 -0.320940067381054
0.527665221759724 -3.31494738718147 -0.682185107503048 0.620525720783735 -0.440976493811313
0.029261760241739 -2.60452345642424 -0.145799459988773 0.142430642203036 -0.448817515460219
-0.0886097053170548 -1.91202639644418 -0.0314228487895507 -0.295295401042117 -0.111895341555525
0.61361261651335 -1.10127003691545 0 0 -0.0220099034558296
0.854046616452904 -0.928998722940378 0 0.289041252905405 -0.431462534840019
0.487777364879063 -0.66248264024749 0.25245741018476 0.241998703812613 -0.703340238855981
0.139183068295561 -0.674935716202133 0.228810361065671 0.374753022764026 -0.477008560977905
-0.0568004219995826 -0.646357949096085 0.226428722758678 0.491890120787273 -0.553259222972631
-0.188774488986128 -0.623861093361127 0.191551929006485 0.627912710716118 -0.979214940453377
-0.245979986077424 -0.667265548999758 0.474623971144457 0.684401059127955 -1.08703541636187
-0.451727518318991 -0.533729643795643 0.840951471294669 0.449211538338463 -1.1751856085544
-0.881579150905693 -0.624090261691299 1.13721247518381 0.282802178225544 -1.09888283574238
-1.31729422209807 -0.911489480515196 1.18454219932828 0.132963916129178 -0.803113101454248
1.18391101030055 -2.83069715607236 -0.628720906201723 0.163831922969165 0
1.18124566129832 -2.14780937413674 -0.218184685550215 0.0246858577846953 0
0.95623104611587 -1.53278619862149 -0.0641899586789432 0 0
0.239671768755214 -1.16835011715102 0.0171100229888315 0 -0.58011668064291
0.348044290922052 -0.834789163305855 -0.124380971151739 0.214277390709505 -0.595349060886705
0.51295686436076 -0.602713414837736 -0.130326976006182 0.395474274594482 -0.641770935617108
0.643072400681916 -0.354683101931169 -0.0984340700793058 0.357182747835208 -0.857480928245414
0.577874611883147 -0.169740441812136 0 0.18926592741391 -0.59478329024462
0.318468734996735 -0.041981186986755 -0.0682834578425338 0.439068196591509 -0.851082098428961
0.0330529154689713 -0.0208847004982937 0.202818968049692 0.652338092196756 -0.977543144835079
-0.353921276963972 -0.0119164081343837 0.622144744917382 0.693716812241278 -0.950475220305155
-0.566240387660704 0.123733484086126 0.841663297868391 0.50167035207001 -0.983247216820484
-0.791340668125128 -0.0857382557006188 0.779144251288312 0.243520576805772 -0.759051562468897
-0.875920626350047 -0.488436130127412 0.6326257029733 0.018145164824039 -0.644687903960329
1.98835628417889 -2.04426642356131 -0.551361719450364 -0.200329703965545 0.285404862189026
1.62538291039875 -1.58018466081492 -0.244755685355989 -0.0465629338629916 -0.0220522115928385
1.22219703265293 -1.28509657168156 -0.170055494616852 0 0
0.619500924152565 -0.812533773019033 -0.141046224371518 0 -0.466365315938728
0.295326244929464 -0.431295954244142 -0.178925375387678 0.356400467288878 -0.832026417646026
0.663621482099654 -0.533694804911044 0 0 0
0.53129093191918 -0.315021424182265 0 0 0
0.324751410718426 -0.0454268922749031 0 0 -0.756588762941795
0.815434432444248 0.273271040045251 -0.533508132199154 0.301909144463874 -0.849551235199088
0.158315875609829 0.695566998766917 0 0.113917009122754 -0.73542641079598
-0.480554655869997 0.836917133859219 0.487184759128932 0.503931967654291 -0.806638177916473
-0.519364936397227 0.701069294795225 0.593759789358513 0.393800319706666 -0.724317410663558
-0.50163901508013 0.403918333421919 0.493895049574209 0.137830928041333 -0.624575918317486
-0.618672114433386 -0.176479719316184 0.420980746582207 0.0579856117824895 -0.641089688410042
2.48367563674545 -1.6104127957638 0 0 1.0087369052921
1.52910920510369 -1.66461197352333 -0.00587746505076878 0 0.354303025712366
1.0123008118496 -1.3310671186346 -0.221654110260929 0 -0.148788735689169
0.539865401266147 -1.07518903821418 -0.269141485910563 0 -0.482965441734884
0.281973955961958 -0.699197437902982 -0.30634595182072 0.28696486749209 -0.8035253213094
0.0539086966702392 -0.494255688414438 0 0 -0.568722876847802
0.0202509955184845 -0.175895441932856 0 0 -0.719993762785745
0.118950201370388 0.0960944282791523 0 0 -0.671260749328084
-0.103302135109159 0.366673251051356 -0.223662583299789 0.261895872513515 -0.96809801465107
0.0615773032863757 0.747343897702646 -0.292970217239208 0.0646924547091051 -0.626082999553363
-0.159873570670019 0.984090214342572 -0.0712767591234557 0.118789829346013 -0.61970519123557
-0.0897321021736492 1.10100183862889 0.0372407133068706 0.192883861561159 -0.567755145819294
-0.0949958621322363 0.695998759708012 0.257575382376449 0.284111354082245 -0.660363294940003
-0.467307836556587 0.0170705669834694 0.385743557669703 0.0322566315465674 -0.613793746461344
2.26434644044182 -1.28711145911976 -0.149937365648548 0 0.657965560093505
1.76454195941863 -1.49945010914717 -0.188951231166656 -0.100424084745612 0.615539079382899
1.09691840165807 -1.34992858839064 -0.184326932273211 0 0.180628489083174
0.770931808584743 -1.22986174477901 0 0 -0.0996616524107977
0.275523698908473 -1.01390065225976 0 0 -0.626304204341578
0.0466118524390321 -0.696650551671022 0 0 -0.272264690270086
-0.0203748606535411 -0.294582037083419 0 0 -0.594924542268918
0.082333841138199 0.0426607618860937 0 0 -0.766548171955589
0.184004338102846 0.277178185569737 0 0 -0.642474001326986
0.113498620077221 0.605243096828416 0 0 -0.462382490711597
-0.229745161882051 0.731791023628414 0 0 0
-0.0331381644364786 1.03085988587575 -0.294866956905773 0 -0.284087616409986
0.0162660964682296 1.02180362177755 -0.280064795568574 0 -0.229392656961606
-0.0912907999019104 0.509579201890208 0.0519454638923641 -0.0213367543795396 -0.346815957055649
1.4619717221587 -1.31157917345007 0 0 0.552661113495463
1.29651157332847 -1.37259701248246 0 0 0.499985679826609
0.854848495630083 -1.33422151909393 0 0 0.0189670159941948
0.526511641504691 -1.39758153557667 0 0.154983879790568 -0.418117922640346
0.330380134773949 -1.37229716448401 0 0 -0.686664182260594
0.170814583265057 -1.03849487631891 0 0 -0.617379882830705
0.181552459697053 -0.549715017642292 0 0 -0.576526297210581
0.180913590687352 -0.194228269988434 0 0 -0.565628544620627
0.11860258808611 0.0617927098067056 0 0 -0.741540646569372
0.171936567316679 0.413770347433749 0 0 -0.51969409690784
-0.203328925472373 0.558911339892435 0 0 0
-0.194345339064699 0.700018845945873 0 0 0
-0.235573296084499 0.638894845761436 0 0 0
-0.348367132098235 0.450206432520024 0 0 0
1.17653966978358 -1.10859617502504 -0.0516611039474697 0 0.587037640232687
0.488857590404306 -1.10529991225239 0 0.234804101896033 0.0805194321510705
0.2833967354354 -1.4614217932674 0 0 -0.336266284009869
0.427270654959178 -1.75054332427426 0 0.154436195207648 -0.560928551583018
0.742187271480107 -1.66677329726187 -0.253489254825351 0.46005142036571 -0.951651709375464
0.327301275525818 -1.55754353229668 0 0 -0.788176839006451
0.379803429212887 -1.05598683680277 0 -0.0642192876494286 -0.652774617787671
0.335355125212791 -0.54490068045149 0 0.0278121537243972 -0.570372849527419
0.184680462996005 -0.234704568975952 0 0 -0.543602607380211
0.287968810113298 0.189211413975965 0 0 -0.375029112969072
0.118119238998127 0.36893970536226 0 0 0
-0.00264661236952309 0.502024988093548 0 0 0
-0.195425179723221 0.483632308144207 0 0 0
-0.279083569044342 0.377528572751475 0 0 0
0.0568673353066458 -0.84187303661804 0.449886537006968 0.124798497788693 0.439116567295805
0.0698001925629273 -1.21354620581994 0 0 -0.246778129634354
0.237431698399272 -1.66746528094648 0.220845750782803 0.0637899584071487 -0.152910394851396
0.531015668045683 -2.04286688826388 0.0638908989686019 0.248218667411987 -0.65601754570248
0.528940744696675 -2.2999756725541 0 0.103372073362355 -0.817977218177058
0.544860677586042 -2.09380931669291 0 0 -0.735020362715033
0.531159648276909 -1.57241598201123 0 -0.163642833363959 -0.621448247946032
0.49253562910548 -1.09632319118756 0 0 -0.359519039968279
0.341246453519009 -0.630490204363719 0 0 -0.42259716028518
0.441521644615121 -0.161370150993804 0 0 -0.218385325565882
0.504652175933685 0.0775129735224433 0 0 0
0.359979061355374 0.164826572348542 0 0 0
0.129760528867528 0.23057444033867 0 0 0
-0.102471850441297 0.256877671987625 0 0 0
-0.0471151673508068 -0.847704564649004 0 0 -0.18985845200602
-0.126120010904506 -1.29709053527615 0.259262680983549 0 -0.175948800294372
0.13798099672404 -1.76588921883851 0.502587313503741 0.0570798753881611 -0.222987433310422
0.338555210348792 -2.39710976703933 0.188033619139126 0.0775086761571928 -0.27982108592454
0.703795932002129 -2.61427878861829 0 0.0566075919652208 -0.708256821412737
0.934725240036799 -2.38699312861212 0 -0.107916942209255 -0.845930894585769
0.814942482219174 -2.02290095754313 0 -0.132714012840972 -0.671445974821898
0.752138213896268 -1.56738048349492 0 0 -0.409219184327392
0.615782390494199 -1.17879585064461 0 0 -0.437358610823678
0.701603520315145 -0.721865564498909 0 0 -0.405151729696738
0.733940267933369 -0.365194111223799 -0.22017289363444 0 -0.311759524175783
0.796296229440469 -0.192754520710725 0 0 0
0.532611647238914 -0.104039236754314 0 0 0
0.188727068856087 0.0106053108704391 0 0 0
-0.174452262811509 -0.92110012740214 0.224053821670121 0 -0.045252578488085
-0.0651949069868162 -1.20623585271705 0.499620589384724 0.146978196535092 0.0496457859801614
0.409352208202985 -1.61919788146461 0.276315878424198 0.237386109778069 -0.0538921700551514
0.521225996660557 -2.32389893609027 0.132100891662111 0.231452649960964 -0.310801513923884
0.996129163953872 -2.78107162007198 -0.172583032112771 0.155593158044719 -0.444099349949459
1.23398353347487 -2.50282860533507 -0.148226575310628 0.091775404510761 -0.156624373988636
1.06472304515605 -2.44254427605916 0 0 -0.777141361604983
0.992098073912539 -2.07159413950526 0 0 -0.593057842800196
0.892415774577483 -1.70211005694631 0 0 -0.575678106116826
0.956698375929563 -1.35010338903407 0 0 -0.489448683158699
0.935410532420604 -1.12155239117908 -0.27313180946181 0 -0.563704870828158
0.592207775833443 -0.85729649702173 -0.539807735242459 -0.0559287791122752 -0.485663559625797
0.50047108385713 -0.737116769196245 -0.67625223470265 0.237805886786209 -0.342960229265712
0.6327760239173 -0.269996539979868 0 0 0
0.0336483288788463 -1.10946594062114 0 0 -0.128187094054398
0.400947810128614 -1.09440275646874 0.206492653154513 0.244118030357849 0.172234332093536
0.766202794895174 -1.55379662286705 -0.020154068728801 0.368398654244865 -0.0577091296494845
0.918515585269111 -2.17753966028015 -0.207154105607207 0.431073056896139 -0.304734710573103
0.945343571199291 -2.54673567193199 -0.0254528757353384 -0.0303447140200615 -0.262740560150416
1.09102290676251 -2.37047093645467 0.0569000805579723 -0.243912617048348 -0.0419738219835726
1.04223668840359 -2.51625036511791 0 0 -0.333963681521514
1.10222972190297 -2.57457934216758 0 0 -0.6537353020103
1.03028498314175 -2.20768574903563 0 0 -0.540634024948621
1.15809809224374 -2.08466556110488 -0.226109125889351 0 -0.71323207787483
1.14557069152939 -1.89634190063784 -0.277730353425829 0 -0.742985316803262
1.09721328639117 -1.5591635611959 -0.300345383278911 0 -0.567815567809507
0.625774624541946 -1.27691008171172 -0.691842228900741 0.125584876456212 -0.493426700543087
0.902917324540263 -0.469766661216215 0 0 0
0.144992539661856 -1.11426248390919 0.482903757145467 -0.216112945226801 0.420682224902265
0.763555359834215 -1.07311222098649 -0.0122558912882804 0.286879000686164 0.179333453774298
1.13669179978866 -1.47811159166957 -0.325529811788361 0.491685920185838 -0.110813256368196
1.09126176578816 -2.23688986996854 -0.430551640426598 0.43834283677949 -0.231542641453176
0.994913418376796 -2.1332562032229 0 0 -0.416065722800411
1.32906892625053 -2.1885410988205 0 -0.308985256982398 -0.126221944444435
1.34293904653577 -2.47118721907631 0 -0.338530596695792 -0.0512150385449974
1.14982668326817 -2.74104238132828 0 0 -0.52007555810294
1.11905468190478 -2.65662038111979 0 0 -0.417411764813636
1.30882116981452 -2.72433498217285 -0.275623742540859 0 -0.73689988010019
1.29715840504346 -2.596550433578 -0.327444542799344 0 -0.865319191494122
1.24053842734159 -2.34424677165975 -0.418897565090384 0 -0.753230342974518
1.12957390666635 -1.82343008186611 -0.345446088120553 0 -0.488285746882561
0.49364669776957 -1.38680049296095 -0.963198038191669 0.0908019843314908 -0.342724232781356
