"(Intercept)" "X1" "X2" "X3" "X4"
1.54644335804889 -5.21973356162729 -1.54925311109585 2.18288291592203 0.346427115991844
0.986835468854893 -4.58263495111054 -0.839534659710095 1.44676859037908 0.630838665877924
0.812165036514741 -4.27927583737699 -0.686326831436253 0.87690287208422 1.16668876116438
0.841160717044067 -3.46598150038524 -0.0515972357310019 0.431522210207999 1.29149066325107
0.743327319337601 -2.52246116267436 0.279272090813423 0 0.437156475970731
0.761077521937641 -2.16385381587765 0 0 0.0591786233801539
0.638106587620783 -2.26771179934946 0.608485322070185 0.248004202221288 0.41132346752747
0.218341651619275 -2.29034449484478 0.52133625665169 0.297400684459133 0.40202686239065
-0.109001698450494 -2.28626907867857 0.38684728115621 0.271844105832815 0.0876027277422828
-0.39697799698282 -2.28910554976084 0.485772457565095 0.333004841517983 -0.126568612245926
-0.700106826894859 -2.00492478606562 0.608463191736878 0.576792314387125 -0.798295319259534
-1.0895563869525 -1.73905974623943 1.06321599941816 0.85700343658732 -1.11495092736006
-1.37400312314519 -1.75424302986183 1.46289012986141 0.715493977666032 -1.32361169315258
-1.81983060117438 -1.88469242923768 1.84517451575612 0.559791570558025 -1.45518681783183
1.24275263552808 -4.57287128024538 -1.39543457669934 1.67621478703078 -0.266660585006261
0.449488831451464 -3.65086871975635 -0.35700606338285 0.834502388121374 -0.340393592594668
0.302053311644623 -3.18663103090894 -0.238809806990478 0.445427490540183 0.106141729212716
0.430529625674532 -2.71401144120936 0.00745773679848459 0.0985628188710763 0.557947542601046
0.711709405273359 -1.84777528537489 0.0397775915589261 0 0.125525953004885
0.723871385752282 -1.4245501866523 0 0 -0.308430234797246
0.577200935616558 -1.19974155485341 0.48823346078089 0.0581780127084759 -0.222505129108649
0.0757731073203424 -1.40173516640481 0.389054810154856 0.363272756616672 0.0344755604156405
-0.158940494274926 -1.42127989056551 0.321995714025381 0.397463763364566 -0.25372773964574
-0.427713601660943 -1.32933543829905 0.281835039771251 0.388822222283164 -0.675223747254029
-0.437130850600654 -1.11883576374014 0.493598929658729 0.694507611087582 -0.979745217580349
-0.767294677819101 -0.91591456606254 0.934704785011188 0.486714869980906 -1.18713830642174
-1.12497586959858 -1.11775137126896 1.2676483012417 0.425845558631088 -1.32874883423209
-1.65711726599328 -1.38043665425001 1.53361632314049 0.336332283225254 -1.24227115905864
1.56410778203105 -4.08662338225966 -1.58130441229034 1.52217262334953 -0.683978177525819
0.346024167447513 -3.37288124061026 -0.64831257829735 0.535475726900753 -0.695275154571033
-0.303872548274086 -2.44544832334104 0.0784447623607585 -0.0119756035628768 -0.937092976593818
-0.211597835394337 -1.80463780690448 0.145692001023941 -0.28677072130001 -0.261451723569782
0.384889312024248 -1.16875599345621 -0.0578028251982869 0 -0.163087198370679
0.479387509496164 -0.911207056512082 0 0 -0.605308448860057
0.57883296442385 -0.61361630935644 0.215012166464508 0.315352502283327 -0.710798135702095
0.400443609643612 -0.411414032425306 0.149271183829447 0.227838671169048 -0.700093351838442
-0.200483966366612 -0.568634551860738 0.111219601413476 0.478050551034847 -0.768151403537035
-0.202608529475497 -0.588527446279554 0.170116662549388 0.691263346830331 -1.03661099863212
-0.146635896210054 -0.436234450996671 0.407729039423046 0.512327687288921 -1.02533368257147
-0.489609195376693 -0.295968247704786 0.799911006449265 0.249364909111178 -1.12370198529502
-0.934195119091173 -0.559609948002964 1.09431080294117 0.244931366066322 -1.12436778442368
-1.35362481868655 -0.942549581884388 1.07789189746827 0.105706607937462 -0.815680732386894
1.39844471221617 -3.18711171408899 -0.984017134177074 0.537938044411575 -0.674914946889143
0.730693164212942 -2.63591742365302 -0.546705544714251 0.146080679110292 -0.69319318563111
-0.193392046156965 -2.05071164615567 -0.143993188965716 -0.166933792177112 -0.943751977422604
0.136228115103235 -1.06167396341255 0.0781545524460955 0 -0.777049100577853
0.179809684713268 -0.746603336707192 -0.0893054268626552 0.186941456772443 -0.721278558458701
0.381736657255435 -0.496979033241796 -0.0445114763722758 0.44406028982956 -0.795312520256665
0.593876896520131 -0.309825900648859 -0.101280616897285 0.483006378854088 -1.00660203948149
0.551308528470384 -0.108499482591947 0 0.274241069907318 -0.779201749587106
0.519764286668953 0.26390653234769 0 0.245672318593296 -0.745087682616814
0.0347459626423654 0.0715161357166583 0.181121683638708 0.630150259440212 -1.01104346905636
-0.375453394660627 0.176558582532954 0.605162946440904 0.670424212468365 -0.994347856054915
-0.533196253308728 0.257320906166994 0.79862887605184 0.421372209360778 -0.996486591504162
-0.678620847931792 -0.0524458164583826 0.898798090853319 0.160563370224976 -0.988120448666722
-0.935166286080074 -0.466466950402175 0.685336905307604 -0.0390408574695662 -0.658358239914407
1.55667983268905 -2.25815214317905 -0.415385520192702 0 0
1.222214368515 -1.85101052218613 -0.31303755548824 0 -0.106656015028269
0.890185978400987 -1.29005172318338 -0.235747168720654 0 -0.475063694260668
0.553715162812038 -0.855728336422911 -0.245177369307463 0 -0.486002982852971
0.116943164245322 -0.331106037005464 -0.163198817524214 0.393682646004418 -1.06310004069989
0.432939584442465 -0.470213634901442 -0.200744464183399 0.476208700205411 -0.820669237078502
0.463679413559311 -0.274241121485918 0 0 0
0.292245097033955 -0.00542679069500276 0 0 -0.589534614910977
0.880567470151645 0.303779213135597 -0.574473405797757 0.316254700356311 -0.899682565367738
0.0825353033046256 0.937895837736469 0 0.127901397679927 -0.882362839682518
-0.343176668378973 0.963954284712869 0.293582276275887 0.360436914271829 -0.798198191513517
-0.13734364767661 0.760157785686643 0.52721662751185 0.405314053691147 -1.00482783065323
-0.327174421009091 0.50548958251058 0.48269522472953 0.209634063748657 -0.747631704572878
-0.469272356184352 0.123955293317982 0.360755049845846 -0.0438773380515121 -0.541304027071559
2.25157527868231 -1.9096547885121 -0.0314126696074575 0 0.957145648535084
1.48340869402055 -1.67709267864245 -0.0100175152447084 0 0.310797286873564
0.9605640397212 -1.26458499668893 -0.17033928019148 0 -0.204695535966394
0.390178680163098 -1.01154288979322 -0.304538134267807 0 -0.630063082957214
-0.0149332950259454 -0.800189935707633 -0.239348910497021 0 -0.800533735768386
-0.131254160953704 -0.324232633262539 -0.111616050129464 0.277910925305877 -0.898756339314733
0.00515435498457911 -0.108333383574231 0 0 -0.702715326005124
-0.0376800282167985 0.181713895569809 0 0.189179145352175 -0.989866578290723
0.0429328474927522 0.414558389202897 0 0.0998295857005102 -0.835923027154601
0.149006398406852 0.803311527708394 -0.378424421048667 -0.0126372992185057 -0.533485422638387
-0.0852710315073144 1.25633931865463 0.0548384416817805 0.00893128402034017 -0.59302270553057
-0.0801243065253907 1.1464381665693 0.0676076822635838 0.196550843022849 -0.5652249140542
0.0294761961217083 1.0760795453704 -0.0965975442587721 0 -0.332409439029508
-0.180759631657016 0.301815991416394 0.289322245910269 0.102280793517032 -0.662956777016123
2.23140553246284 -1.67317559119431 0.108698281759386 -0.281699202028623 0.99863721445946
1.65741011616623 -1.47540619706228 -0.141555640601578 -0.0384784773968719 0.624345136272505
1.06363209029469 -1.27396601534558 -0.303554144677488 0 0.134102410267246
0.679226813900996 -1.17546105698604 0 0 -0.121983700376227
0.225854670915467 -0.991134511123321 0 0 -0.613869975137358
0.0148221614502247 -0.672565388985297 0 0 -0.306676935605195
-0.0409108967329049 -0.262945904457616 0 0 -0.572758446872946
0.065406007271609 0.0608565201359201 0 0 -0.629784029101422
0.12957472064141 0.321334524224918 0 0 -0.618853725651022
0.0965140088820109 0.672245350371217 0 0 -0.539358812120589
-0.238616579429833 0.780171325902412 0 0 0
-0.243098945085433 0.871169492565375 0 0 0
-0.0449486906926712 1.05468248936717 -0.230008030598626 0 -0.224416596565643
-0.0790329785083487 0.90065171533872 -0.299328125786294 0 -0.048493438519735
1.63369695042991 -1.25481410688037 -0.130155642276313 0 0.63343994542485
1.31734744909195 -1.21825943070499 -0.154300527083265 0 0.467822038067807
0.632480658778041 -1.16916824699778 0 0.256406843481248 -0.0436282859165742
0.3580597741734 -1.51965072792462 0 0 -0.420490710968546
0.289188232567487 -1.37883447376563 0 0 -0.70383361025568
0.0915932357734161 -1.00376599079486 0 0 -0.74009197897365
0.157460215061093 -0.589055251936514 0 0 -0.593165401621996
0.166054061503305 -0.205176185446417 0 0 -0.532893663366069
0.115993150710176 0.100754865354206 0 0 -0.704390927917
0.130282474311021 0.506659963479101 0 0 -0.54124052827588
-0.206175366369982 0.661666186060003 0 0 0
-0.186782706439903 0.761850592190749 0 0 0
-0.205867246299175 0.685007554481607 0 0 0
0.0558786091122162 0.82215256999121 0 0 -0.109579063592422
0.896467834639261 -1.2131308092259 0 0 0.359772174950729
0.544419240545819 -1.17103603315799 0.208422232116588 0.392624443927331 0.457927233826016
0.319537440530013 -1.44384110394333 0 0 -0.370486295794746
0.308577498219067 -1.76532222750958 0 0 -0.432328157466467
0.754184920483329 -1.64150645629362 -0.347001137573733 0.447288066811723 -0.917265793561608
0.27920077769129 -1.61055094032178 0 0 -0.763670065013245
0.446013528138563 -1.09747632190224 0 0 -0.723908639678344
0.356628843035862 -0.613397581273991 0 0 -0.542917093799896
0.142968793780206 -0.198408321214385 0 0 -0.533171890482647
0.227388327709685 0.261406970623926 0 0 -0.309992093308872
0.0981774864548552 0.502990500925483 0 0 0
-0.0736480201390961 0.625583044163367 0 0 0
-0.0320223102970114 0.835576955729981 -0.540742311707032 0 -0.122401533640423
-0.00717189642278593 0.68368634156937 -0.504592437816283 0 -0.0118463933046678
0.273209865877807 -1.01292683481671 0 0 0
0.0491383265720025 -1.20885730294205 0 0 -0.229616150676044
0.192902995192338 -1.65746400971478 0.262394674963561 0.0841877673275302 -0.198979827694809
0.558735300043254 -2.08714135591733 0.0904759653919653 0.246670788746389 -0.752021130486397
0.672693399577281 -2.29940213694381 -0.0980767631820486 0.322700147518653 -0.967351625889433
0.524679178318783 -2.13869176438508 0 0 -0.747652912018301
0.562311557859801 -1.61501829507461 0 -0.118720903248554 -0.644882785477749
0.377020501034683 -1.07181790357203 -0.227647857947335 -0.188687022387556 -0.757405608284069
0.248668715384185 -0.669476948756563 0 0 -0.465902160876642
0.434090307770034 -0.104213915771161 0 0 -0.19458830646066
0.488682744992769 0.343371265057449 -0.213740293152381 0 -0.0941976166302037
0.426035522542932 0.290760456284436 0 0 0
0.241151719350527 0.363226990843181 0 -0.254189550918991 -0.13647076014883
0.15190510803138 0.30856059834342 0 -0.217154705088566 -0.144804834676244
0.0496590332665562 -0.862475971963705 0 0 0
-0.181689080453435 -1.27623253684547 0.37954443584782 0 -0.115517368995398
0.0190874905749927 -1.55082382529851 0.702771404233152 0.214473808974704 -0.20558950400085
0.342039222132335 -2.39630483154202 0.279279312087864 0.0644076637832935 -0.419319049489502
0.58645827363373 -2.69156924240827 0 0.0359839035597595 -0.734035750608534
1.14590768724613 -2.57370724336238 -0.0614364379148644 0.170090201797215 -0.808723577596066
0.775549141744023 -2.02811254226185 0 -0.222995470312163 -0.768465093880484
0.710407699791794 -1.63971544999938 0 0 -0.364676372840958
0.556936080517044 -1.21916881969145 0 0 -0.459316798572565
0.716172390098868 -0.698927645107828 0 0 -0.424437363151973
0.785083723619871 -0.349013697837793 -0.212971259121241 0 -0.358854491679319
0.537580734218829 -0.260260568092741 -0.491835243084376 0.193431028708386 -0.376432828089766
0.474136983634872 -0.388010675698008 -0.662731253489379 0.624129798712858 -0.301170715469379
0.4345921310664 -0.447968399961552 -0.729088731452166 1.08407199809027 -0.107456263398433
-0.643092531327232 -0.616300532551919 0.57635351750712 0.143709046595929 0.141987961113655
-0.0200777215003784 -0.706464437146843 0.419236670572708 0.505363095344178 0.0776617082863139
0.351603056022652 -1.39010557706408 0.3639091423782 0.440243943760616 -0.133596633418687
0.525422939796164 -2.28986302025238 0.16694870674293 0.252479561562275 -0.328015562512853
0.784967407072944 -2.76357503472676 -0.183874504002243 0.454647232931479 -0.238526840130069
0.988400481344419 -2.4751968440673 0 0 -0.631776311977831
1.05443225843883 -2.41048934346213 0 -0.191754073221724 -0.757056269353193
1.00513464778792 -2.12636476526554 0 0 -0.616964373168881
0.86162425157924 -1.76335324125619 0 0 -0.455101929970664
0.945971379692779 -1.35847467346836 0 0 -0.681209183268994
0.849997771400776 -1.23636066908323 -0.313848186941029 -0.0465140107852588 -0.761984017215276
0.862989635444394 -1.06504397120383 -0.423254502828764 0.272478976650777 -0.60576517427508
0.850257672185029 -1.07392127179493 -0.555015419554621 0.77340059946668 -0.493451086107255
0.772844897974163 -1.08726727366991 -0.717444721116325 1.137006396639 -0.379927663112765
-0.0381748221474691 -1.01875515332012 0 0 -0.116697587828349
0.616056851888055 -0.559386451239478 -0.0649008017069243 0.688742040013505 0.154206265478864
0.869308608355065 -1.33640138311127 -0.14663571139035 0.531282461399161 -0.0719495274546039
0.900667363216814 -2.12948852232123 -0.198212250873733 0.510156013459233 -0.308789328920883
0.968087765289298 -2.60633757026539 -0.470897220588306 0.598372444776498 -0.110385096472539
0.878641664902675 -2.424581023739 -0.0696029104951142 0 0.0478606299484808
1.0657668872185 -2.62519835185425 0 -0.229153773339923 -0.222515834072809
1.13418968679815 -2.57211135130255 0 0 -0.695579609078459
1.04662568811361 -2.22113790218113 0 0 -0.534939004627566
1.07815367739609 -1.95372993833489 0 0 -0.565515716704732
1.15227279824183 -1.76475092458634 0 0 -0.746429263146432
1.11981566140042 -1.9232325690248 -0.376378932016063 0.315712081870618 -0.876328255616121
1.07631916601146 -1.70801249138697 -0.472882247945672 0.740765345656524 -0.678222972256248
1.02660762356596 -1.67187228697623 -0.681069196663139 1.18264152761967 -0.564253216250491
0.19282046386976 -0.542941703528772 0.267529240281624 0.305692883026584 0.363579345334257
1.04154342335309 -0.657011052622763 -0.302987019737893 0.598191343780305 0.142186805850336
1.22398397358216 -1.30704699949944 -0.436625858830036 0.62796555322799 -0.119250286020353
1.30436149186483 -1.93017685346364 -0.582871784263501 0.663026297579268 -0.31068297995757
0.780506959059877 -2.15184672948173 0.0722626556289469 0 -0.236947635124202
1.18479625773016 -2.11303548594349 0 0 -0.320889506787334
1.21126000486997 -2.55726299253518 0 -0.349858389034755 0.078163757144583
1.20232199950127 -2.83163051928423 0 0 -0.457439400578012
1.13767621569556 -2.61349425621591 0 0 -0.450668095385061
1.27544584870668 -2.89470757920055 -0.443869295951899 -0.158416775618432 -0.946823251110595
1.28551301029057 -2.57549452872167 -0.190298813707278 0 -0.850402409408592
1.26017950212987 -2.36343364309353 -0.169855809290155 0 -0.807738176002751
1.08513642471097 -2.3264832719162 -0.57189539998483 0.509376914156301 -0.834410952747829
1.03003805728092 -2.09082562672569 -0.625999548151122 0.919645368431408 -0.663151453851024
