"(Intercept)" "X1" "X2" "X3" "X4"
1.42982619638251 -1.9699180511189 0 0 0
0.829664053175974 -2.57379579813007 0 0 0.464057417954199
0.46215287519255 -2.56361910984912 0 0 0.333419783467551
0.172347490320585 -2.56682099810332 -0.529852130142701 -0.413817929379286 0.681337906528904
0.129331650999794 -2.31181469887725 -0.48391996131462 -0.294756193517146 0.593253163790388
0.0906708269743824 -2.14936560743625 -0.422668606091906 -0.113668499156846 0.49897308796781
-0.0422905609140112 -2.05141164143915 -0.326066748255606 0.12806181604314 0.276663413801466
-0.200131366242111 -1.96757801257746 -0.280770189286438 0.331506863939213 -0.0683845172383965
-0.396219218826694 -1.87740319060976 -0.237666197998352 0.44628040612779 -0.31520273614384
-0.523315161661367 -1.73908452748599 -0.0839931772328471 0.513647885473519 -0.568767794297257
-0.953805070807436 -1.69639429856761 0 0.278454380687825 -0.305827776833003
-1.29094030683744 -1.2809116014716 0 0 0
-1.52179559307376 -1.28971010385384 0 0 0
-1.78244433473858 -1.20479383533423 0 0 0
1.35941081179768 -1.86950777796985 0 0 0
1.04759064598168 -1.91265856154812 0 0 0
0.702614427996547 -1.9534334425218 0 0 0
0.668963498745758 -1.82904681006162 0 0 0.315127608172505
0.378953622119846 -1.73911261036265 -0.388363152857225 -0.181669890773712 0.377648328066644
0.398120349133763 -1.33174597508586 -0.199473472524235 -0.109857934668566 0.348324897933471
0.219530016843551 -1.26550875166949 -0.147291531109169 0.120366410377767 0.146751493815415
0.0813848422794835 -1.17944589514544 -0.107579883315919 0.288655901059865 -0.0754421180993161
-0.0894281866280069 -1.08260808939691 -0.0903027380328518 0.39414625457037 -0.274892415975881
-0.280254274162639 -1.04935055481129 -0.0166487875695405 0.458123779623185 -0.486662399693385
-0.838945332560379 -0.9093534751131 0 0 0
-1.04058084689631 -0.939804639264198 0 0 0
-1.28231994372201 -1.03416694165892 0 0 0
-1.5773563592744 -1.06252730107778 0 0 0
1.13388343265013 -2.00814785831047 0 -0.284328516079744 0.3621615627654
1.22851926560512 -1.58371703598947 0 0 0
0.947136864001594 -1.53228921645971 0 0 0
0.876641182244464 -1.28298528240659 0 0 0
0.887793191671151 -1.01495630611565 0 0 0.206830332814736
0.751036921799348 -0.72620432133986 -0.176617385653036 0.0550061925154646 0.243656574388167
0.601144597183794 -0.457152882836092 0 0 0
0.237053985697267 -0.392568569595198 0 0 0
-0.0639164349446086 -0.333655247594982 0 0 0
-0.334193048711703 -0.31819121802678 0 0 0
-0.564324308372965 -0.390669332003578 0 0 0
-0.793089741827198 -0.544616168399294 0 0 0
-1.08846163800253 -0.690404855278782 0 0 0
-1.41755417863963 -0.872275694483842 0 0 0
0.798759008598114 -1.83071830895291 -0.339053274590351 -1.00063760976617 0.501411066807354
0.742690671823274 -1.68410344868951 -0.345391577811415 -0.789236700830425 0.311107478055491
1.27599643419539 -1.11242692283328 0 0 0
1.0482274220992 -1.03594526474135 -0.41129938154447 -0.110698511564595 0.172457537500384
1.11786154232309 -0.59348847961503 0 0 0
1.04274682258674 -0.31160578033652 0 0 0
0.857732619301285 -0.0503622059259789 0 0 0
0.570292724487129 0.123055759376786 0 0 0
0.228150948936988 0.212841829062 0 0 0
-0.0752791458128591 0.208271111772128 0 0 0
-0.341260486050828 0.0504886535141653 0 0 0
-0.586167496653912 -0.225484848453412 0 0 0
-0.923374387638446 -0.477811968319805 0 0 0
-1.30686521266304 -0.616390133697389 0 0 0
1.11954229986684 -1.56351675362291 -0.378856413763933 -0.887120689972722 0.461266863856145
1.08130767091532 -1.38836614713935 -0.385369442143003 -0.648565089067246 0.222391750068373
1.02876795589517 -1.2080917687126 -0.399810734938282 -0.433660793801693 0.0142923296922876
1.14054874502261 -0.958729485042234 -0.403828044822546 -0.155138177895273 -0.0715824927246712
1.24674593516519 -0.52838297998091 -0.211746197618216 0 0.0259409458964605
1.21286587675596 -0.23555432330346 -0.218905888202807 0 -0.123036697047021
1.08427931332245 0.104588846392712 -0.126973640862108 0 -0.2603127026272
0.808627165466968 0.357098027666739 0 0 -0.22840935204599
0.436974358248402 0.524485649209517 0 0 0
0.0938906672681624 0.509399237954169 0 0 0
-0.181100574366316 0.241912295102785 0 0 0
-0.476428818194501 0.0596538736537206 0 0 0
-0.856998709351618 0.0285302645245663 0 0 0
-1.26450674443982 0 0 0 0
1.24975881777742 -1.45956923647583 -0.32049082516515 -0.842751772629406 0.484405617646951
1.35843918973225 -1.21473835990667 -0.432778557371591 -0.503147810655641 0.161258017786164
1.26222390311078 -1.05913225320105 -0.413883147277155 -0.218324823553974 -0.14441928168158
1.25762820387551 -0.892827804662775 -0.389077161797868 -0.0601404039040459 -0.290539174387135
1.10550979250454 -0.594647938841081 0 0 -0.156674874988526
0.988021109008826 -0.279526224970016 0 0 -0.381082356992648
0.99470977505797 0.0772437688534799 -0.162430639620722 0 -0.591684030307814
0.913407239231189 0.417747681039301 -0.0610859565616403 0 -0.603189759771836
0.590045920300224 0.591778915062207 0 0 -0.5175093882446
0.236330550212993 0.601244758547055 0 0 -0.423262142879209
-0.079707112779224 0 0 0 0
-0.379725752493053 0 0 0 0
-0.671469594329976 0 0 0 0
-0.958398006332067 0 0 0 0
0.978718715890305 -1.34476770991962 -0.136035327709542 -0.8035875064191 0.583879547954153
1.1686504005184 -1.22824191428454 -0.310736442526309 -0.47490164673217 0.24528701224571
1.2520869732484 -1.11291126842733 -0.418305392706103 -0.196127279009967 -0.0781993161190166
1.13201996234756 -0.941784120885159 0 0 -0.123317917466829
0.798066710294413 -0.636701311473586 0 0 -0.457109423564124
0.609920457158015 -0.306390111293925 0 0 -0.78826457662327
0.524815858946697 -0.00875144865661996 0 0 -0.804799172172678
0.486650975303977 0.282559864802732 0 0 -0.618965903897796
0.434205917231617 0.522259891778179 0 0 -0.775213212174859
0.270892829594299 0.697278294310427 0 0 -0.720639973591503
0.0148601337297647 0.595003474731615 0 0 -0.346501921306507
-0.131538925036929 0.648371568348068 -0.0690037366244341 0.223877634719231 -0.516135583276091
-0.239028587282465 0.312126924238477 -0.0997968695769593 0.338172675966883 -0.312016073279901
-0.384954177123821 -0.134012604283428 -0.141859408374108 0.34478346489403 -0.10374152959397
0.490570955679867 -1.20432699197134 0.0270477167969517 -0.724858871769209 0.599742061093946
0.805366566547497 -1.17634624372317 -0.173549324793267 -0.376412874418752 0.259650681720983
1.00464779532911 -1.25887871697736 0 -0.08916537812728 0.0808329689121785
0.825923336775697 -1.11461659319804 0 0 -0.208199542727579
0.658965545885716 -0.848202622466492 0 0 -0.566660305417458
0.563227938326296 -0.50144528330847 0 0 -0.827878111755084
0.334492051014662 -0.200212829304877 0 0 -0.937298346776203
0.159931340276752 0.127749976816215 0 0 -0.714882772009655
0.136715069489055 0.479884039325933 0 0 -1.02395145152816
0.170561117320115 0.791487815668275 0 0 -0.823495866497057
-0.069231962455152 0.93643871072521 -0.175141998057752 0.00460059609770584 -0.655800026438675
0.0564049644698362 0.836392267669635 -0.339932914759194 0.137202273583729 -0.428630484253087
-0.132756577301707 0.461274192134427 0 0 0
-0.302172854941303 -0.0686892239936454 -0.204633924092007 0 0
0.253738859077672 -1.27940542746195 0 -0.215359343209574 0
0.47918584730435 -1.3163451422456 0 -0.0671705705582967 0
0.587076198033805 -1.32342321994848 0 0.0801990536982132 -0.0263062612277743
0.598602991136944 -1.3460279193844 0 0 -0.259562054931285
0.599733073182626 -1.20844873666759 0 0 -0.374008906058485
0.571649825851758 -0.885622561195888 0 0 -0.54635251934263
0.351072028056278 -0.605910058747886 0 0 -0.474801470315538
0.202085529429233 -0.290944246810893 0 0 -0.296680187969544
0.334902965288023 0.0628051598509927 0 0 -0.80197528792192
0.363346369797529 0.459542050294332 0 0 -0.541330105960463
0.236907264774703 0.736466857882557 -0.260531337724127 -0.0405802078797426 -0.455357435718428
0.164217775696582 0.585370806207162 -0.395798843451777 0.0814089472741181 -0.232856460905564
0.20299038618268 0.320760397803618 0 0 0
0.217658237195862 -0.00755674939184372 -0.250007438751881 0 0
0.198649336002271 -1.37525943027645 0 -0.0072061015724892 0
0.144908612163513 -1.27059618018646 0 0.0988822029714287 0.0941500191645505
0.228240838159172 -1.44917181250752 0 0.243671031750125 0.0254087765335337
0.504584472612825 -1.62701569269809 0 0 -0.145926517359046
0.724469204459222 -1.59423488598337 0.0653361572890965 0 -0.333569841333251
0.932270989128102 -1.36341211584606 0.0999456080500427 0 -0.436034380472084
0.490405299833106 -1.03080162376657 0 0 -0.53667525200099
0.367223086545142 -0.740989062526593 0 0 -0.548064044255084
0.430393101422675 -0.350000547164257 0 0 -0.712136332036378
0.602496853421521 0.0281445618043559 0 0 -0.383654760153804
0.409101236881112 0.330464066277401 -0.213439525088249 -0.164284923619354 -0.104187281584287
0.344114243243808 0.149705613819894 -0.433665673002703 0.135543683129911 -0.151595034683265
0.496973942474792 -0.209404664289433 -0.548957209398607 0.553243724226863 -0.0779282368926448
0.557955707723973 -0.696524164894636 -0.672949365871093 0.790215055938933 -0.0607032913212298
0.125254454284926 -1.42758486787586 0 0.211310478385275 0
0.120759376440373 -1.39605640391631 0 0.290593682820047 0.253231751527449
0.260595264571917 -1.61527507368598 0 0.284223865688376 0.167754896737757
0.351933799801889 -1.7553703816208 0 0.299834361729375 -0.00296017849448046
0.515025454725682 -1.77229107692336 -0.0778755082903822 0.234248561854183 -0.17740424276857
0.746694861514209 -1.67827829170601 -0.0357657680155561 0.265587773052027 -0.361225012694978
0.543234787861103 -1.4578843383139 0 0 -0.45251392566841
0.455183853587224 -1.22437709135808 0 0 -0.480494123936511
0.508619311128531 -0.833089236567523 0 0 -0.64389221444025
0.531747412972997 -0.480374533694202 -0.104682192565494 -0.321305037597758 -0.370590344772479
0.58332391786083 -0.280940492899056 -0.198266056890273 -0.0578298181939411 -0.204428908000928
0.596217001600769 -0.364773525646345 -0.38016626601042 0.257947569228233 -0.248911511880909
0.711504003923072 -0.700080467539827 -0.5208740681149 0.642115266207048 -0.230637394709637
0.879663868405501 -1.04534143354571 -0.673487979294105 0.797633149185178 -0.0610277594954685
0.13310282156086 -1.40034893066653 0 0.459459600245028 0.605188162947969
0.219096404767132 -1.54766201624013 0 0.362677277988313 0.48492312327265
0.263070974649191 -1.66991490065339 0 0.467568455429408 0.300782325503521
0.343197674282709 -1.77890535833357 0 0.486175296683214 0.12612292546817
0.357501692597991 -1.82825901140667 -0.216513399707752 0.536255267112446 -0.037298726637586
0.549299266396037 -1.77860305626567 -0.215490836931429 0.542668622885971 -0.229264114701554
0.633384139939269 -1.71993331583519 -0.126169252910856 0.327776524128815 -0.345792970807283
0.493369247874649 -1.57592659680796 -0.0519672689175917 -0.21523779779608 -0.534523596981231
0.427744522994074 -1.29919976645251 -0.143128682281077 -0.318501020795281 -0.485863603434676
0.63261686991797 -1.11505731530302 -0.0872763468563005 -0.274441606061549 -0.378562480020553
0.799796511601429 -1.02536480164783 -0.193400911521968 0.126086866980481 -0.356185786566569
0.906477474982185 -1.10574692353226 -0.356301454026685 0.476136459154082 -0.371874321285787
0.971086163692305 -1.29045912550693 -0.512356712209629 0.681776668395189 -0.342887523647926
1.08950982573798 -1.49245882450566 -0.66270333325264 0.824558585661028 -0.228214431529208
0.258609959132823 -1.49413455316703 0 0.724251210828697 0.856663675358773
0.231290061339652 -1.62362884500845 0 0.672888584855631 0.657747960258602
0.257687945110181 -1.70746501599892 0 0.717663065610816 0.429755618291647
0.438717398143575 -1.71969268315084 0 0.64363055615903 0.100164074641895
0.195357859587363 -1.82333640898236 -0.383139903662259 0.857692447652911 0.144957391728598
0.264003418758562 -1.79758822187068 -0.483368533235313 0.876785092376245 0.0450022206505683
0.35686935718689 -1.71921554560604 -0.518471198772798 0.750133512720665 0.0684105271157961
0.623134293588009 -1.61958687894039 -0.428571759502956 0.39780057199557 0.0114853381551754
0.664558627400368 -1.66598620163644 -0.251663711395603 0.00576392241155344 -0.2423520056324
0.888882384912465 -1.66025770654346 -0.182808386811896 0.0613711897615649 -0.347803797405006
1.12163746955292 -1.74299712209543 -0.202714777760632 0.44383765571057 -0.521685582675904
1.3039727633132 -1.83473231835082 -0.336838413516682 0.819687093154665 -0.515602877130067
1.29481865383423 -1.96957840184022 -0.530458418018719 0.976421352194726 -0.499075802912815
1.34625435001878 -2.10601080128924 -0.693190501509177 1.10582604622352 -0.420166507186088
0.362613074503203 -1.66009016315422 0 0.780306146338661 0.963566595203607
0.469877278836938 -1.65042083568104 0 0.774522383143014 0.61897642759952
0.0531131248831895 -1.77336229850877 -0.242617869657299 1.17266698323334 0.598030893291682
0.00723692677381402 -1.85520243571549 -0.419362356142784 1.17709664333574 0.46604327274392
-0.0304346085178416 -1.84336938279698 -0.639526617810878 1.20211462631429 0.40005012498216
-0.0915172156463555 -1.74958349793867 -0.830793219354349 1.28508658113071 0.462419185662673
0.107374532959506 -1.65209130073438 -0.959337153942211 1.23882309465005 0.48143911062964
0.438991189727084 -1.59875802669285 -0.855619333831068 0.913829632849291 0.340849339037292
0.789244464963725 -1.85022150779955 -0.556830399393831 0.421813811100688 0
0.830392405731851 -2.04473405469901 -0.557152197153966 0.40146700897108 -0.32435004159385
1.43470887579572 -2.32009037828271 -0.375548298784331 0.814653667293434 -0.540884374742405
1.71123475978284 -2.50406005429283 -0.344363451406182 1.20886769568389 -0.674575464151447
1.69766879767157 -2.60459870345547 -0.526994062042422 1.3836015452454 -0.654826215305729
1.66625759533698 -2.70637568242895 -0.70935301136166 1.46292040625214 -0.59818355047188
