"(Intercept)" "X1" "X2" "X3" "X4"
0.969196562264055 -2.85344808350694 0 0.234993469445868 0.822729678252523
1.00292811630884 -2.47069623665666 0 0.265248643294902 0.621817352148966
1.03770535336716 -2.11964526673573 0 0.282146218671346 0.451576490659573
0.619183175836426 -1.80848549802955 0.259578669781298 -0.313964820104324 0.169006157525995
0.320881624694982 -1.45916410404967 0.309807123158697 -0.581431084601452 -0.0291489712335926
-0.085794072492114 -1.34932618781855 0.396106877812989 -0.650472631264234 0.0739430558997468
-0.402395408242513 -1.47840259496253 0.612566623275529 -0.379739060563586 0.374532090422292
-0.684120799839698 -1.60841535184727 0.836991452903093 -0.105668576494932 0.504529477453713
-0.690862870403178 -1.58304708918727 1.02859453443054 0.209564940837821 0.528851172205926
-1.06014687008818 -1.55390903166123 1.36386258267148 0.302885912969739 0.572635353111962
-1.23372086889232 -1.53389499840636 1.84256038884441 0.683279620423202 0.729749041998172
-1.37301019275264 -1.51556703790596 2.33829226239909 1.09841264734961 0.955514284409406
-1.53480841375671 -1.55607334289719 2.67829700087557 1.26923424512645 1.00588539067794
-1.72477843823815 -1.63004500769708 2.93661816118387 1.43634790601078 1.12843547908356
0.922887223909681 -2.77480356191713 0 0.209617350880144 0.779647297762733
0.977549946115916 -2.34183042317487 0 0.279261801611508 0.55301656316013
1.02732636958165 -1.94261177902289 0 0.308647969974794 0.359811757640992
0.992294510828287 -1.55486313287774 0 0.304952191654562 0.120018010303819
0.39720704078394 -1.22554699799754 0.136992361484161 -0.289237564411226 -0.226792265142453
0.0722176047504788 -0.863512829161812 0.205350473710863 -0.472925609544537 -0.417430235421882
-0.134417313785092 -0.736243714847737 0.319158387497405 -0.334008862818318 -0.315283772717118
-0.344882930592511 -0.845331796687814 0.475023736981661 0.078294465775968 -0.115516306827513
-0.595192815427112 -0.839475909021868 0.708034697955697 0.259528957163058 0.0101266585278031
-0.836757815679039 -0.889219280733475 1.00402541933321 0.358251000493533 0.115967463692093
-0.780173913390935 -0.982443656551005 1.42124370412112 0.86752224951813 0.451772819569825
-0.992675067441121 -0.988613595150719 1.81543065643601 1.02922053559902 0.588170757589385
-1.2457557640673 -1.01464453859411 2.13313891957583 1.17656861883617 0.749989708632326
-1.45659074450523 -1.16073393759602 2.35848235966433 1.33686993682927 0.966121584852178
0.805669108464932 -2.77352146829148 0 0 0.703816258567282
0.915674032726283 -2.24333956809841 0 0.26786113992905 0.453490746656211
0.958082605013703 -1.81454412256585 0 0.311447795773566 0.233655035803222
0.966572354173918 -1.38586816762178 0 0.328415398369364 -0.000417394260828966
0.548270618541724 -1.02860711901383 -0.0483701266553137 0.0393338967351536 -0.391281565542965
0.177178273943058 -0.597028420157173 -0.00447046693989161 -0.127653297810502 -0.663326739004136
0.156637013234772 -0.244091133192274 0.0343240381437029 -0.054772055922901 -0.811223627578814
0.150002812794221 -0.0842024787701861 0.0627416185496199 0.254811276719353 -0.81850138871772
-0.219345389100473 -0.0129720808375214 0.309820328478649 0.354897642844317 -0.58133127724579
-0.429105409956817 -0.233134937164003 0.59879687355137 0.495477900427052 -0.414788396210784
-0.419131345939264 -0.424863413892954 0.882183376730461 0.773350103478626 -0.0426989313195836
-0.722815901223287 -0.417462937699435 1.20554155984317 0.856560560796974 0.207832463501372
-0.983142647531073 -0.525978190856682 1.48000347371774 0.96937777140227 0.505839224934649
-1.20001580114707 -0.762549411991167 1.62239044388639 1.03308638751068 0.772001398583803
0.769425903229192 -2.76308711865543 0 0 0.555242047393158
0.750769955221829 -2.26011375074874 0 0 0.3128719485175
0.840865521669734 -1.74443887072445 0 0.268671062411503 0.096834927298667
0.861831067425306 -1.28675482065544 0 0.31252633726825 -0.156874784937819
0.68299406547856 -0.864895833344083 -0.190022802788555 0.316410239702666 -0.503259028314287
0.356327114390799 -0.365215563195252 -0.237358212777084 0.259904215196607 -0.847931662330056
0.35196586936481 0.0439502019594295 -0.200551058205878 0.396326262316494 -1.04025867214789
0.586498949078091 0.368631332172929 -0.284229458481603 0.467134022230325 -1.26524898207239
0.416173191991123 0.668587437382429 -0.168432400718367 0.401745835934434 -1.17457555755801
0.141412081671555 0.63386573068398 0.12753903578934 0.491646426313618 -1.01039282502521
-0.287791467532197 0.306783149147006 0.432057490021975 0.590866450183256 -0.533252878387532
-0.512116589239388 0.131753766280425 0.636636393158125 0.642805266969859 -0.16635729453727
-0.714338612841649 -0.0776977381675393 0.783769169174187 0.663807682762882 0.163925180083597
-0.883275690895299 -0.415279870259759 0.781991245409579 0.640059140552501 0.310761781150479
0.860457632806611 -2.66702881264155 0 0.24983524912556 0.572134946645561
0.835913632022058 -2.22995878384345 0 0.312578471338978 0.276399950256405
0.672469612215785 -1.73723641628197 0 0 -0.0947558989389595
0.738822802005108 -1.3113700303226 0 0.289156359129236 -0.338934685725665
0.727413724392182 -0.848000877392779 0 0.292166531543383 -0.61552789942893
0.665509198639761 -0.354759018615496 0 0.267732646089423 -0.898244674227081
0.664307141774012 0.197214735398772 -0.244623116702583 0.595548132910026 -1.21199952175261
0.701722083509162 0.57487151931961 -0.350572901328811 0.709320010124724 -1.22433061530816
0.66396757281104 0.91635158042487 -0.325896548928545 0.512670016229935 -1.17021301527584
0.371311609037293 1.31894886482829 -0.211847804110647 0.367028077102641 -1.17196464536375
0.192718907017885 1.29016372793001 -0.129362413105715 0.430240338831737 -0.981189315860541
-0.344042749716786 0.804847765160285 0.198692771922525 0.409069247199909 -0.457055138584387
-0.502083056796116 0.396612903408075 0.173399175188637 0.326262730342131 -0.196359769889319
-1.14579195845033 -0.377436471324264 0.118681325437238 0 0
0.819872845867028 -2.80726623957869 0 0.131387034946771 0.44022919041648
0.919770510478045 -2.22640514189878 0 0.129191928700903 0.105630023690263
0.865024825009317 -1.82472933694983 0 0.208169208772813 -0.25556944752036
0.748345876815338 -1.39089314581361 0 0.2699175897294 -0.594388773488866
0.384980654298048 -0.872608192929985 0 0 -0.884641622754158
0.255358344698633 -0.302540620926695 0 0 -1.10417864927328
0.514823099303778 0.248446071552001 0 0.339788255926383 -1.39796214153671
0.573765097377601 0.716488080253533 0 0.376840594115687 -1.25146248113089
0.518618443542277 1.12847974130342 0 0.325340440116669 -1.06250248601668
0.438199380224618 1.47794002111984 -0.236774244052948 0.436317538861022 -1.04418217094951
0.203202825031511 1.58004487133274 -0.26102167345145 0 -0.791341245149245
0.346640807936567 1.52306413118741 -0.432432697020821 0.322135652415504 -0.731943881246496
-0.558178037068188 0.677552063701372 -0.210041524321174 0 0
-1.12986697078655 -0.402457264652244 -0.093387194367114 0 0
1.0371807864705 -2.07626605378371 0 0 0.454136052899528
0.754243649901575 -2.17252039959872 0 0 -0.0809324605965591
0.821272699722641 -1.93785487528364 0 0.175666385707336 -0.363660091023232
0.825494948682658 -1.4392930413873 0 0.224077021200407 -0.793771325755822
0.552949143243294 -0.985785184652479 0 0.243052651212107 -1.12604300563113
0.167550195024889 -0.381902053372669 0 0.107486718680559 -1.35489541072326
0.475348453289869 0.468442484962709 0.210955291186625 0.417537913602366 -1.40636357523788
0.530970496637712 0.914500141308567 0.197377020808908 0.548653772817292 -1.38337721515166
0.275882557190284 1.13933289504892 0 0.211707384048036 -1.16527575558426
0.10734761372087 1.33897404289889 0 0 -0.758020843853127
0.24317414870126 1.5540437871969 -0.385823852496956 0.234328416684058 -0.693549543534882
0.258741826188304 1.44811256883226 -0.501890686084934 0.318258371106811 -0.600229866188386
0.168427196450286 1.17322846005552 -0.645950031890395 0.437409334652737 -0.37252282635639
-0.377295858171775 0.199633670438124 -0.632360890567339 0.538025544207778 -0.158801657951617
1.17963332857937 -1.53594518731116 0 0 0.545576698535148
1.04974168907957 -1.84966207432696 0.358039087599225 0.184135473746715 0.365279680059967
0.708224151815087 -1.74709554628593 0 0.263021339867161 -0.26790162726351
0.52515992171587 -1.69836466155007 0 0.190704818800757 -0.817340853279808
0.385569643419323 -1.31944583358473 0 0.0486825592089347 -1.0836036754557
0.358941259711314 -0.730696524439796 0 -0.0171499892333235 -1.11204882873852
0.586396210949242 -0.225851548582079 0.314895672233867 0.154385129265521 -1.03697482233928
0.75772212601698 0.307802115623376 0.302292121880932 0.615111613268299 -1.07879499979841
0.0498995183144664 0.619621066540662 0.0845718612438008 0 -0.878233060666253
0.0690273680129728 1.0164206513498 -0.119601880682598 0 -0.715171141213636
-0.0321863267859857 1.16885673577818 -0.408174986414667 0 -0.460711408960888
-0.0745479864567967 1.09243368617764 -0.571178574383984 0 -0.33046225159277
0.0260426207716831 0.70647326282949 -0.779384961213697 0.460895113297542 -0.313232140948001
0.00865797894682401 0.323614516704796 -0.989487948233655 0.782346604296083 -0.198358048784036
1.00218778855964 -1.94295069458744 0.547142841114924 0.0182968571443287 0.827337350512536
0.915265877972925 -1.81157266237822 0.436041189108072 0.0534613633875584 0.385155093514713
0.803089626648049 -1.69392481641099 0.310141095603205 0.098479568528668 -0.0860762743897496
0.642100428556654 -1.61596586479075 0 0.184752454185957 -0.601700473539157
0.60897466420526 -1.69014024862227 0 -0.237164224904162 -0.947928218789167
0.58676791608276 -1.26523917616456 0 -0.168125897529748 -0.882563343505116
0.441917506830618 -0.801077235640828 0 -0.00227830989630923 -0.917909657828239
0.25193588288453 -0.339273594338308 0 0 -0.790076161005899
0.0861957892316252 0.174965059648508 0 0 -0.65628520303557
0.304385524482663 0.600167107475908 -0.0465610332513457 0 -0.567978352431044
0.221368594773285 0.777230322783145 -0.215345407981215 0 -0.321179174701631
0.0437498333742464 0.612917898415955 -0.707217282665424 0.33028874646121 -0.303333748731497
-0.125590625333221 0.224510438984103 -0.91089288135849 0.403646794383416 -0.256174826392452
-0.10697269552514 -0.170815569161123 -1.16180460477986 0.750011406884026 -0.184097614471462
0.974843781405609 -1.62250138392961 0 0 0.394976049751911
0.875666979622823 -1.65864480200555 0 0 0.171210724130198
0.758215441377653 -1.8169117707593 0.395817838155683 0.0178734949865627 0.0219907692636295
0.707197856753332 -1.84319235975995 0.267665817386368 0.0519638906389821 -0.437236437904994
0.762827354609719 -1.82450709098013 0 -0.160965694607961 -0.717579216099782
0.848452191353288 -1.76871942993011 0 -0.334939740013309 -0.751062116219449
0.985327093393586 -1.32384987197414 0.107117164123403 -0.0681687839968651 -0.787451498879279
0.646692680480475 -0.853360641392982 0 0.081439844981799 -1.00052062132512
0.357973872002498 -0.442742710974436 0 0 -0.777943729014233
0.442669001628853 0.0950096187613859 0 0 -0.495160307547051
0.486718286861988 0.302589384482176 -0.236268201700273 0 -0.288910612748153
0.257792758259786 0.0899214894311905 -0.738251606668737 0.41122337868344 -0.20575158223325
0.0904010437887649 -0.295434948546583 -1.1343147329462 0.767508483464926 -0.240184855616703
-0.0591006123181111 -0.602615901473299 -1.42581585794912 1.03279760911354 -0.194396536553357
0.955898088080808 -1.75431136644066 0 0 0.449076952079893
0.853187401581532 -1.8073694061359 0 0 0.207871863857954
0.715553365841055 -1.85329835253357 0 0 -0.0950978094708578
0.599935608730515 -1.90168387561973 0 0 -0.39727899081359
0.834297634874551 -2.03436269215032 0 -0.281147908910046 -0.526211776419518
1.00528836733836 -2.08177692595432 0.132248067692397 -0.255381516255248 -0.503426259791413
1.24561970889648 -1.89063691513135 0.0585609783641478 -0.242233773061876 -0.693099906626562
1.06613655817982 -1.43815708716505 0.0715939688258455 -0.0932667942137256 -0.748482489416724
0.751052246948808 -1.00882166200692 0.0320434965201099 0 -0.727125738182994
0.615012471878225 -0.467099379628132 -0.0632622998554129 0 -0.591250227840706
0.463501067663588 -0.138288672564872 -0.446359041436806 0.0505654009267723 -0.329902159450738
0.365745405570144 -0.392836305640681 -0.770247100704758 0.393420877246848 -0.195032414143414
0.270164571347862 -0.830598449339758 -1.17695142086354 0.868706793920623 -0.207350486104343
0.0599265292145077 -1.1375942286859 -1.56433325352932 1.21805078802695 -0.185465356147669
0.864706561541251 -1.92720469923836 0 0 0.408266133717134
0.817146905502195 -1.96402651042286 0 0 0.212637076862357
0.766910043976818 -1.99068413378071 0 0 -0.0161060926837403
0.742537958837223 -2.08276351008264 0 0 -0.225514298415247
0.775451507280368 -2.11356474312361 0 0 -0.369098271736515
0.872372685201886 -2.17622179104179 0.244802522189307 0 -0.44664971272814
1.25551097485035 -2.16538370386761 -0.0419387918961365 -0.200491308663495 -0.242993498389314
1.35508935617493 -1.99339299571269 -0.0578511110349026 -0.1707927435184 -0.539284685067959
0.979809631131561 -1.5134555789311 -0.114525143739214 0 -0.694715643100724
0.811225576786446 -1.05979078700869 -0.350170423592284 0 -0.391568358791412
0.501817019568523 -0.731672095495667 -0.461846233994206 -0.0236124769554548 -0.348641177011047
0.378063761222656 -0.685153940182946 -0.829604401710931 0.187077679730366 -0.0464610587742336
0.298132204919838 -1.03220208766846 -1.19485679249937 0.66644250603001 0.00445999021190755
0.196937922614415 -1.5685730858359 -1.62056205132262 1.20401253612835 -0.084929046172646
0.864629749358069 -2.11258143990986 0 0 0.443505321255682
0.849364193355664 -2.11051521481701 0 0 0.257244062163454
0.840192408765661 -2.14947049256985 0 0 0.0831500884151807
0.877350030948811 -2.27900252148116 0 0 -0.0285839851446416
0.757524115670346 -2.39263806337712 0.240278284976509 0 -0.129447026498056
0.87836688965836 -2.26349573333067 0.153677124367349 0 -0.202176810178699
1.2440671999413 -2.24838366171567 -0.177758682753384 -0.125113130303458 0.0453221046611124
1.38463221726684 -2.21655379126434 -0.271131048296235 -0.0886984401626891 -0.0835514719384757
1.30098031432276 -2.00546235666087 -0.350561966746664 -0.0588163499976523 -0.357951670672513
0.993161145927513 -1.64525240724206 -0.555080893262246 0 -0.245512005464879
0.727698350934516 -1.34190514796742 -0.716065702220146 0 0.0157128976948344
0.646178845994698 -1.11989662208978 -0.71665073208631 0 0.161937940682773
0.275946816828705 -1.11169745287894 -1.21682218686583 0.339853082378958 0.391039030677783
0.0604581608501836 -1.30675254974882 -1.63819684924562 0.682689410180066 0.510411381363161
0.820511094711719 -2.29884753978262 0 0 0.411054384690323
0.861302438002912 -2.29503051568943 0 0 0.302652285208064
0.916321345279764 -2.36195288748382 0 0 0.205477584457112
0.6752003669788 -2.60080243978247 0.260649949444303 0 0.172244909094516
0.769569783200726 -2.48133851341558 0.187582087841444 0 0.0441116381539843
0.881264454564049 -2.33479184531743 0.0997981892714044 0 -0.0224278829205034
1.25719813913468 -2.35203419704424 -0.378252115789827 -0.0417746702765436 0.364108689080696
1.34784914708073 -2.31090392325466 -0.482328812635073 0.0161706603484547 0.261863771362584
1.38627727773189 -2.17200820405994 -0.621548847622357 0.165590015205825 0.209587850562682
1.27945302342789 -2.16391671299936 -0.715215344433898 0.112328940758696 0.0225400520511708
0.909605216910657 -1.90124419684125 -0.873283621789772 0 0.161410297106186
0.737716386092729 -1.5801121908977 -1.0098929103042 0 0.540192021005366
0.461947765856531 -1.34332774157091 -1.13096393053011 0 0.702693759505058
0.0272573865867594 -1.43397663771586 -1.70339736056603 0.413545442328738 0.969886340907543
