"(Intercept)" "X1" "X2" "X3" "X4"
0.629030364210398 -2.98072035204609 0 0 0
0.458229548638273 -3.26256477259508 0 0 0
0.45830571360718 -2.96522836989152 0 0 0
0.611932464480278 -2.48391031454369 0 0 0
0.686534809089232 -2.47421768169624 0.303298289691583 -0.0143624162387787 0.343460922891801
0.668435538735764 -2.15349476621245 0.300559454997085 -0.0178797048449457 0.312683115414233
0.417390903846145 -1.97323896002521 0.491505158210071 -0.0313146675183355 0.409116420627327
-0.114774757810437 -1.83144851960711 0.710970181928391 -0.145081805060341 0.538306944994127
-0.38557216228199 -1.73495240995721 0.874657630964054 -0.035423211120844 0.564364989457419
-0.718934317473338 -1.67129180491645 1.11906317928911 0.223206278166279 0.598232687107564
-0.864465644780648 -1.64740766865133 1.43351857072983 0.296800568433724 0.478460046505024
-0.968203921125365 -1.64205099946981 1.80382984992119 0.321201095904762 0.342890676402558
-1.03845074685133 -1.65919190351853 2.14873509454973 0.335485625221719 0.182191989306175
-1.10725675006437 -1.67253299555292 2.44648645650545 0.350212458715648 -0.0246763170126904
0.756717077885184 -2.49781748648276 0 0 0
0.561766092475777 -2.67732699099738 0 0 0
0.516442745146543 -2.44550985738587 0 0 0
0.606300441701719 -2.02270084721594 0 0 0
0.55542228779609 -1.93312286181979 0.165567681062164 0.106414574237987 0.149954303556626
0.62671858505582 -1.45515308931541 0.12372441815621 0.138847983261905 0.0615336044198081
0.458690255355211 -1.13926845938896 0.18180068079751 0.114738067594007 -0.00564233043280173
-0.00816278574629343 -1.09528303034926 0.398456791490924 0.135432925708998 0.167897677574277
-0.204664017799998 -1.04396522002554 0.480064626564192 0.224187549029013 0.195831533953318
-0.401256545732126 -1.04003316166012 0.604423017057312 0.342332401695111 0.233937801010452
-0.530055957195932 -1.0229494363154 0.975232741415705 0.392283618132363 0.163964642378584
-0.629712941519998 -1.04770759285635 1.36477893875442 0.417612930060285 0.0372421504339999
-0.710104322873696 -1.08964436804496 1.72731175298144 0.425429108852418 -0.109956640924954
-1.77602959317955 -0.582605105596731 1.24940074951416 0 0
1.0415854646111 -1.80033245088975 0 0 0
0.792073659870278 -1.9896127527017 0 0 0
0.619637156997067 -1.9307228212637 0 0 0
0.647065170738083 -1.50619736562823 0 0 0
0.505173230478579 -1.41831344003112 -0.00989568488265082 0.221887083116407 -0.0241529632315999
0.617586923960088 -0.901770212253027 -0.0756081310963298 0.314220011511145 -0.0939938483681396
0.551706466720767 -0.47898196563732 -0.12158081161168 0.295838580381586 -0.173062664247928
0.220023674039176 -0.348106475898569 -0.0355304943731045 0.373144762372519 -0.25686126018114
0.0153045800200656 -0.350256027187567 0.0051995571545099 0.454355208883748 -0.165727347776582
-0.0807792992193066 -0.38061299970755 0.165942851525639 0.458151990718993 -0.106338450500223
-0.203158265006555 -0.40537910177376 0.531650681033408 0.492802848652342 -0.171042230845522
-0.308198084846255 -0.452357805684518 0.922115029970112 0.513646318082821 -0.262070334170277
-0.429241646264439 -0.502669151617443 1.24065709823796 0.503255128585742 -0.373929493949379
-1.56765551345327 -0.339265160020754 1.0427127585964 0 0
1.20877829940405 -1.21678259200208 0 0 0
1.09721661079417 -1.30583714149474 0 0 0
0.555479852898985 -1.6245143435906 0.291012535411558 -0.0769957698961215 0
0.491965204150686 -1.26375873651435 0.0284061371026173 0.133411659296501 0
0.560191395825731 -0.829627942627585 -0.183984108165789 0.321051197784685 0
0.713577867792116 -0.449892122663449 -0.297685475535108 0.439834684528691 -0.227424848909556
0.743545336724989 -0.0790304988345975 -0.425384328522034 0.45981300140408 -0.249234189386271
0.508288590244438 0.237561473740873 -0.47247645859379 0.479370990238811 -0.386308222071261
0.165900353662835 0.403058379828937 -0.44458924322694 0.553823368070981 -0.455957136830858
0.163859552880606 0.265368850576697 -0.210388287934979 0.519070418193428 -0.382108269620004
0.0130817505077498 0.23379136850974 0.126017174629341 0.532016561327569 -0.417436753609381
-0.16332640733005 0.186717360330868 0.449432788848185 0.536106880653089 -0.45988153593762
-1.11074645215213 0.172100376625207 0.551367933607413 0 0
-1.40422962516386 -0.149544953007882 0.742646809783136 0 0
1.40873358224595 -1.66303374572564 0.438553116453264 -0.817209220372045 0.646214986413755
1.18078111876003 -1.45071956508181 0.384083266940454 -0.614240000739041 0.244920202560944
0.939316679555824 -1.19541940299377 0.279814869779274 -0.43623060051644 -0.102317482149238
0.725429465388849 -0.966942828974229 0.102096069855664 -0.232885534413746 -0.337517082552435
0.761352549073879 -0.738391433883824 -0.107342810587889 0.00827178297651782 -0.463621166197053
0.870559309812449 -0.43151275425189 -0.256357410622921 0.195823842643859 -0.583062033387192
0.798802850326682 0.0481117962914695 -0.365948477291889 0 -0.6137053151398
0.50687700784927 0.554205372497108 -0.640323259757271 0.374906670417482 -0.316907975919052
0.309201337376689 0.83618779741662 -0.621890208619348 0.397153889933642 -0.403636809467343
0.113413936302604 0.907403721572572 -0.294275787214983 0 -0.446729959480301
-0.50292283527258 0.851732773004246 0.0385424779933096 0 0
-0.757163973356848 0.686110612257317 0.239802505708333 0 0
-0.990624302524829 0.374845556587661 0.356256240345276 0 0
-1.24993414643337 0.0257449968887414 0.390663623042322 0 0
1.61071022058321 -1.52267070467506 0.148209459019554 -1.06994723507189 0.758775869980906
1.41915779285146 -1.30369435661745 0.130327269363139 -0.806409051268253 0.219045985211773
1.24815462075272 -1.05361016326659 0.113251018371644 -0.503975388015732 -0.284501342256958
1.03670999324388 -0.881556696087669 0.079668174987107 -0.265982031380838 -0.711986187040176
0.916454555365284 -0.708161369923136 0 -0.138885260498424 -0.873475589081014
0.529653731236815 -0.403303230662104 0 0 -0.621625730891712
0.842176590178814 -0.0228435054041592 0 0 -0.821875791441153
0.752082595046287 0.329191644994234 0 0 -0.815761956630258
0.646961698433931 0.639439494645179 -0.335341157396823 0.164623185196542 -0.945004486442931
0.204483702720349 1.22011620548064 -0.372504581521394 0.261530982285775 -0.543604670141418
0.27729514475543 1.14757657794862 -0.301224225821084 0.295388077273376 -0.604306484381336
-0.402920929808075 0.932290269174879 0 0 0
-0.721132069249607 0.58406900623599 0.157819231642126 0 0
-0.802433841679271 -0.262629653930189 0.0540175387659574 0.194619962994962 0
1.07345425297209 -1.25369234750787 0 -0.689703529810199 0.661251859780166
1.14537353628424 -1.16978666360883 0 -0.469736774585074 0.233578907144305
1.16057059328989 -1.0792528347639 0 -0.229049697531343 -0.22568946707326
1.19106169421966 -1.0022083746258 0 -0.126058857408609 -0.793813882385911
1.06224771669924 -0.811083823531517 0 -0.122353319564318 -0.988624456854246
0.743013581417184 -0.480538851057433 -0.198285647791283 -0.163081408948192 -0.901082816963835
0.650982364384814 -0.134892152381971 -0.291338447631676 -0.200891013049751 -0.989203064265127
0.653118145411069 0.287840624393087 0 0 -0.884207690352527
0.752502291354426 0.603029766227045 0 0 -1.09599342678765
0.68635523811331 0.956882415354402 -0.26708297226096 -0.186330201778942 -0.794290814084747
-0.12088456194714 0.726998912645988 0 0 0
-0.199218668038718 0.686003888654713 0 0 0
-0.429368031152594 0.749631115874482 0 0 0
-0.828784433658405 0.0666695502795267 0 0 0
1.14014760553286 -1.27635874873944 0 -0.872828076548937 0.799068285266195
1.08296320847853 -1.25422234519391 0 -0.674816366609399 0.226127461592325
1.08398009303273 -1.22127305703427 0 -0.337372735216627 -0.287125447600633
0.943456633664957 -1.20295128775713 0 0 -0.797196629900253
1.05678245368832 -1.08078487983982 0 0 -1.09440190933288
0.791075531211493 -0.942932071048452 0 0 -0.941186947305877
0.374713521847863 -0.552222883361457 -0.27294190021248 0 -1.04735208262259
0.667817486035849 0.0181612240844424 -0.216979540520131 0 -1.13309772002975
1.00979766532665 0.43624262563524 -0.226098670938236 0.00975801997389728 -1.17485130735072
1.13208290262233 0.8777933142839 0.0943435002605149 -0.10677988604259 -0.714674967180393
0.459542310926795 1.17364121313747 -0.140178500946741 0 -0.511599313631607
0.283586944491416 1.08772412053535 -0.0684000569115039 0 -0.463551873492827
-0.369930782036973 0.683974885459425 0 0 0
-0.699950394185797 0.599073110494913 0 0 0
0.985892422449762 -1.25812721246466 0 -0.639129206013615 0.841938040842909
0.850395813936359 -1.28898716603028 0 -0.455519171268669 0.311469871998923
0.739434864021626 -1.28385414094298 0 0 -0.220778683321996
0.900542571529435 -1.37010029423492 0 0 -0.826776393204143
1.14362111457033 -1.41421864127196 0 0 -1.07863552246073
0.885034753628777 -1.28400798967699 0 -0.343382548261254 -1.00571286648789
0.534310419582734 -0.952566443048499 -0.0872446375054903 -0.303425935257606 -0.901701827632495
0.44731492984815 -0.581364568341242 0 0 -0.812561419846752
0.651759831981333 0.0671319357230081 -0.16421340274513 0 -1.13878994646676
0.725737805276708 0.521799001941997 -0.114318302296744 0 -0.806637235568301
0.403705635952587 0.942736724408695 -0.119269448556157 0 -0.54561223477281
0.220830439109336 0.936284912807058 -0.0296951477488229 -0.0157662404201763 -0.433368657626394
0.104315914385158 0.712695396482101 0 -0.0855626159932046 -0.493832587021981
-0.0532847081581754 0.239323399962591 -0.506453819857843 0.776831909526517 -0.0805063358884754
0.794681506396622 -1.24448145999075 0 -0.307490221298995 0.890571483922009
0.486249145800366 -1.29830084046027 0 0 0.355460107464361
0.450773583704042 -1.55118512408412 0.219826817329466 0 -0.0526099742804388
0.874426864696717 -1.69958179701387 0.151912218529819 0 -0.454773531371898
1.13302008995333 -1.77442854094237 0 -0.391117182667513 -0.82764132175369
1.14742712187844 -1.74534222500851 0 -0.519731950085187 -0.94662579069878
0.969654871950345 -1.49214137421075 0.035706522903146 -0.343843991341662 -1.02174801987705
0.66848015544407 -0.957539486148273 0.0641165611760853 -0.142475410539676 -1.05403720208764
0.513845801000814 -0.356651672534051 0 0 -0.781346505245971
0.575532979171369 0.178759583222227 0 0 -0.57374876555154
0.516817956491895 0.478600556589397 0 0 -0.550953903271849
0.212430521141154 0.619982092046087 0 -0.239255724028242 -0.531646334928572
0.051219150742544 0.576522252423892 0 -0.148171628245847 -0.491990927221712
-0.103525335463087 0.462946233000156 0 -0.0973527512723912 -0.456324567298869
0.329209972799347 -1.23695934632965 0 0 0.622894615034479
0.591858472136313 -1.49402157083323 -0.172301493070716 -0.191554746360488 0.524276308830147
0.46417867563853 -1.77304171750863 0 0 0.0686072944015939
1.07195974544057 -2.13385851624015 0.0112761591394618 -0.527497465964696 0.0328918064921415
1.55877521807158 -2.17095814238216 0.0416376782201821 -0.595410952414575 -0.297900795066878
1.33209959975023 -2.04188166026705 0 -0.340693154378827 -0.790473610175711
1.10662067101731 -1.85592026590967 0 0 -1.03388292416268
0.926284132493393 -1.32851093256313 0 0 -1.01952079627268
0.717693929565683 -0.744035705895306 0 0 -0.811305872622667
0.569179363906549 -0.240924804603927 0 0 -0.747472425946806
0.452275872187312 0.163616502965911 0 -0.24649919970788 -0.724600926436885
0.404776526768056 0.236162602156658 0 0 -0.476714382286573
0.143589087993563 0.235561725091801 0 0 -0.40950905927741
-0.111952046425221 0.21620960774249 0 0 -0.371437265585984
0.167904640341068 -1.39853395576079 0 0 0.566225582311125
0.581048212309462 -1.87241809486391 -0.232487697559531 -0.236716396398535 0.78634316064733
0.464525080387929 -2.01055912611127 0 0 0.3295847186611
0.900862029827932 -2.33129177456833 0 -0.333276622805497 0.164165503250354
1.41713102045278 -2.51275171955909 -0.129009685596014 -0.561935686798124 -0.0178962650844711
1.62742028943373 -2.37113626485206 0.0302134030794178 -0.480306299829079 -0.366748678247772
1.36725392294615 -1.93115726965763 0.0901737348716213 -0.118141929995431 -0.477592378360695
0.963573829742639 -1.57287403737512 0.0983767139306457 0.00303378801386746 -0.643613636650181
0.646538505434759 -1.19476268357074 0 0 -0.682131626765814
0.491794311220462 -0.836964779580251 0 0 -0.50387920479537
0.472861870899904 -0.599146177211792 -0.126105855206334 -0.161065243547083 -0.744296832191826
0.305307406923362 -0.139107894154389 0 0 -0.526073593288214
0.27719799488755 -0.102239709568284 0 0 -0.445725832599718
0.0660800710739978 -0.0576599841016225 0 0 -0.368648788279823
0.126702723582539 -1.65981054361288 0 0 0.86993808755109
0.264657151095144 -1.97095843778239 0 0 0.771861582154937
0.442261967404712 -2.21962205274852 0 0 0.556123548967389
0.602515242786599 -2.41998139017408 0 0 0.335707143318345
1.20836909681599 -2.74680026000931 -0.352271334986366 -0.436836934708192 0.289620983853252
1.15313993124107 -2.54392721499607 -0.261495143595569 -0.141917319504902 0.0738597822223002
0.855104571301656 -1.98017581871506 -0.263063590647395 0.406041017407854 0.121736344147782
0.616238398202086 -1.75309884104462 -0.0789938127039266 0.361099401416412 -0.187513082930336
0.417367302074877 -1.47671469254887 -0.0220824362947334 0.189572119066884 -0.544876901571526
0.272498887605766 -1.15786100143407 -0.0767168883994771 0.125722329637295 -0.571503379566662
0.257127903561515 -0.869112356068627 0 0 -0.314172611289655
0.0900418727241137 -0.522625023727139 0 0 -0.508534470092077
0.053153152254911 -0.319437974854138 0 0 -0.485514010189712
0.0248366280438898 -0.239837966214417 0 0 -0.420479443844707
0.44159752246498 -2.41017238673262 -0.696532457585599 -0.20289564689401 1.57797617676602
0.564054245602415 -2.65315528457531 -0.615680182288903 -0.303157007133466 1.32222993854067
0.724950516247959 -2.84321586262442 -0.581920741168229 -0.360956157937821 1.04911319736875
0.896573642276643 -2.95277817150881 -0.619023835689653 -0.359699150201002 0.796145456653296
0.844497644851075 -3.07844005208313 -0.553159367845028 -0.278497083195526 0.628095014284787
0.573736706872854 -2.67391797094465 -0.634464067091749 0.319802723707387 0.59794549762428
0.259743377780772 -2.16881224475095 -0.613959884210689 0.785917903930424 0.574449640298648
0.0317249905703186 -1.86072837329383 -0.458659082928509 0.878831721055774 0.27436952376068
-0.00665405533081466 -1.72884690108196 -0.302088722707855 0.576347321692668 -0.239628284978036
-0.0701652312816421 -1.51346226526348 -0.30856048272925 0.376868336607883 -0.421996954306669
-0.138288859961769 -1.26635370075677 -0.371867943095823 0.304507612604341 -0.44890248957301
0.0236846406315932 -0.902615379846595 0 0 -0.233967159607276
-0.118286659849984 -0.59425531654528 0 0 -0.394549491817867
-0.203025083692264 -0.335874623602837 0 0 -0.372139620986762
