"(Intercept)" "X1" "X2" "X3" "X4"
1.97460386540032 -3.29022207011812 0 0.682448718388558 0.938033632114669
1.81150752219866 -2.90405691613118 0 0.489337606934473 1.02862564425787
1.37259445134601 -2.40903238202047 0 0 0.75423383064237
1.3755066544721 -2.30554324549978 0 0 0.857498911023095
0.934176541644256 -2.31373801911307 0.396386531592236 0 0.674306336280573
0.608109150638833 -2.17015993846229 0.348073158331628 0 0.48594506226068
0.0738876737747275 -2.24534435586902 0.650971652749748 -0.0571631073818362 0.45951989321313
-0.140551142894063 -2.32223135424262 0.727728922377437 0.000831779925422393 0.673244688066157
-0.38280874799094 -2.11569676660442 0.679671574216189 -0.212559626952105 0.69757851547413
-0.577461343687103 -2.20132786186467 0.909380551642327 -0.162651608483515 0.710325040534392
-0.651929029217712 -2.35917524037203 1.11050259985934 -0.0207916682639139 0.47700954111707
-1.08185600238827 -2.22178074567103 0.731159144070333 0 0
-1.40165731470831 -2.42868646763915 0.930923188515124 0 0
-1.68259247002686 -2.64268536012479 1.18138274558239 0 0
1.68809213103559 -2.98642004492751 0 0.453656933196498 0.646523323173853
1.46066393470378 -2.59697039222365 0 0.303203867440563 0.661299737910814
1.32383223041419 -2.16030551335363 0 0.148449828095693 0.753927492050668
1.25909810064402 -1.78008059989408 0 0 0.658503505579944
1.10470938682758 -1.54652142759993 0 0 0.446611556355065
0.768522451497412 -1.43064810189708 0.146234800253296 0 0.201854169594545
0.178230306749386 -1.44106445218184 0.384973735725679 0.0223705947232995 0.017864480703292
-0.0471796661111254 -1.4669568883969 0.352009824092344 0.231483617380331 0.346642550601145
-0.284955021460663 -1.31671205017271 0.372729983516703 0.0897461642238228 0.374021231163549
-0.405872524899857 -1.42555353932094 0.546800356295368 0.0910796932141672 0.292756548951915
-0.475402247530275 -1.59427637032776 0.72260371142316 0.203368078000629 0.169595761642191
-1.01836051142243 -1.55516747846005 0.665521448485327 0 0
-1.30801637913172 -1.76577586027681 0.867550766198832 0 0
-1.55288584736049 -1.99319418989086 1.04101067545044 0 0
1.60169311934263 -2.63505604039024 0 0.253065933178235 0.410862043571922
1.37125100207279 -2.2059703899528 0 0.0957982989774891 0.415543374710301
1.11400806591564 -1.78611804294956 0 -0.0405298723981355 0.42821315370542
0.918057609093984 -1.40261803623118 -0.157064705243505 -0.13784009151796 0.405106649051387
0.987455914265322 -1.00500020325281 0 0 0.216907452322936
0.837388188868004 -0.814951564797776 0 0 0.0327973672382923
0.350907228034889 -0.776430450485002 0.106116741188142 0.223775382950293 -0.271392133494393
0.10029419529191 -0.719478421412275 0.0769116455349908 0.542088747592954 -0.118174766455906
-0.133683949789073 -0.521135022851125 0.0990576099438383 0.411951305248551 -0.0678437835965283
-0.273449337411382 -0.692805672107669 0.265433311821088 0.363723676369183 -0.112716127256467
-0.683213741399423 -0.683314017813018 0.341892402212344 0 0
-0.957550897032756 -0.871000548925899 0.489988190170947 0 0
-1.19948689332409 -1.08940296815341 0.633999963378735 0 0
-1.4639423966059 -1.34851090286237 0.736656130229017 0 0
1.39706456180029 -2.3864197665256 0 0.0055498996088749 0.224320776380621
1.18179653832588 -1.93676733041791 0 -0.149190227124386 0.173595631289673
0.950330799535288 -1.44479413472016 0 -0.292639901989019 0.162716472962301
0.886698985157753 -1.02593798377383 0 -0.22862138613797 0.114445150229957
0.99460257429917 -0.655270428506613 0 0 0.124717491517849
0.941111144718479 -0.433936174197295 -0.201292963862675 0 -0.0484082471151744
0.889872972984815 -0.181844479358665 -0.219696516691942 0 0
0.635847607118145 -0.0490364124292512 -0.48481180785912 0.294997993541408 -0.10836572004832
0.237650060526169 0.0577914700657361 0 0 0
-0.204162164957865 0.135971221446531 0 0 0
-0.630667677007184 0.000667139091824688 0.257708088131237 0 0
-0.917070379536883 -0.197823221524202 0.329619873940212 0 0
-1.15301828885879 -0.456175752016698 0.350186208588805 0 0
-1.71596561282728 -0.951381513069527 0.40948153268141 0 0
1.06061142503889 -2.20338395387919 0 -0.247855906816077 0.231523624259048
1.01110155715657 -1.72510503032289 0 -0.362292792625973 0.106694718325243
0.958383948486837 -1.20620357156496 0 -0.432250700958076 0.0337059904806711
1.00701445148786 -0.859736911752709 0 0 0
1.04743647555102 -0.615845536467844 0 0 0
1.0020883591875 -0.280633796822773 -0.299954522266485 0 0
0.903989488287875 -0.00440992229200935 -0.326814320618502 0 0
0.708585796457279 0.303832712189502 -0.476688427235721 0 -0.261157920674965
0.413933373320251 0.391307264787979 -0.177031619650808 0 0
-0.00648541683731259 0.45847664527391 0 0 0
-0.572547907764886 0.412869191768324 0.11850111182547 0 0
-1.00738616354503 0.284034557468616 0.302006334284588 0 0
-1.38666420744789 -0.14026607038307 0.325673736806694 0 0
-1.55357335702384 -0.732696833715159 0.224301494777837 0.112868547991582 0
1.28813486064319 -2.14998162775773 0 -0.442639644989515 0.37617037942725
1.1486079408636 -1.64787487219851 0 -0.525841352034866 0.190621134867909
0.980021364976934 -1.25842521566012 0 -0.592177757507979 0.00946632410756192
0.897241080176661 -0.965717572807363 0 -0.549579381261922 0
0.765878532475433 -0.655350835186823 0 -0.425843718511017 0
0.28441225373009 -0.285939410444209 -0.417925466822541 -0.25359813885315 -0.379225461306422
0.706117558425256 0.0687615567716662 -0.345475419094907 0 -0.296277254227597
0.575935633383524 0.476643644697287 -0.470113979178149 0 -0.324615381549092
0.387803509947218 0.614117979160795 0 0 0
0.0339929488286379 0.644928572678684 0 0 0
-0.311904160533379 0.618748539301031 0 0 0
-0.76882858638186 0 0 0 0
-1.35495699197742 0.157906152753396 0.202591079715258 0 0
-1.85797657848837 -0.220970259275292 0.245599247702731 0 0
1.59953097246706 -2.09240659182885 0 -0.727910355594696 0.635846158488347
1.32681778755451 -1.71665402641184 0 -0.685245538110668 0.275805768536846
1.0878773800603 -1.42813665937985 0 -0.636291544767735 -0.00431834478851588
0.813014150230954 -1.12684758176782 0 -0.605389236960172 -0.186465951113184
0.596280151214475 -0.705747073178323 0 -0.430408332148197 -0.300624562183753
0.248467053982778 -0.417764865134443 -0.26324751253287 -0.164790050961103 -0.604225816312553
0.313570314438457 -0.0786681345698154 0 0 -0.462595851448431
0.37855300370339 0.305796946135678 0 0 -0.317297719748049
0.381102126211737 0.728327523021614 -0.294293003227179 0 -0.559479074542008
0.207965200559208 0.996930112247531 -0.681948896284586 0.323198504382645 -0.571813604885173
0.277646291577567 1.05394096094898 -0.820054562772958 0.507122946467402 -0.619777927036091
-0.537697488119429 0.468829332393233 0 0 0
-0.95215648825322 0 0 0 0
-1.48385530560729 0 0 0 0
1.50056926675099 -1.89812469822158 0 -0.693269071232957 0.616167733260863
1.21230117499668 -1.70031166968084 0 -0.644429216824952 0.259815465637995
1.00656036640694 -1.55282252002872 0 -0.6221099823712 -0.0310968113867455
0.803627008397515 -1.23967396409402 0 -0.464424364491636 -0.336169910383005
0.645319686168098 -0.987900552642243 -0.0975405182880408 -0.208128457691609 -0.561910177218038
0.411986334007703 -0.781406279814626 -0.156516747748249 -0.136871651485894 -0.694484468193636
0.169688431833523 -0.49754282285046 -0.273159799447917 -0.111441135428472 -0.738357768125863
0.160928487358544 -0.0682542793880559 -0.38081734359333 0.0857021675041175 -0.679060353431205
0.307827103357278 0.415728330653559 -0.456189424337611 0.271869879720339 -0.593704836111933
0.399427470933611 0.672800068727088 0 0 -0.396656672316613
0.215604460245492 0.858100012040554 -0.240297906091727 0 -0.370142106498961
-0.0265574140420454 1.02216131253437 -0.771276902140341 0.116009105013486 -0.450031575363951
-0.236433843089527 0.894450691634931 -0.607940267173379 0.113065058410231 -0.306287624788103
-1.12794412380425 0 0 0 -0.337481142185357
1.35165161050261 -1.84659891185527 0 -0.753928440634153 0.53529563112746
1.05517524829668 -1.67630655668846 0 -0.628769114901834 0.158686636463344
0.81665888866929 -1.61611089568315 0.0920434774067116 -0.53538332052477 -0.143845163391741
0.713504040246962 -1.42069323159632 0.175529447672736 -0.250832758107442 -0.4175311769365
0.676090520120843 -1.28356981060449 0.0791706226908702 -0.186696020716741 -0.628950267721455
0.404172804763745 -1.15818839337798 -0.0469744528477865 -0.212033174651417 -0.76966321370221
0.205553454615812 -0.933227000745931 -0.180552184605736 -0.170180796446111 -0.848306566344458
0.297441321215867 -0.68067545514205 -0.353411118631404 0.266507997363863 -0.822375874328892
0.219874129687835 0.0344977983130584 -0.53035659805867 0.209089258598291 -0.668795681329956
0.179371031970919 0.458625318024326 -0.576944406764907 0.0152196948073633 -0.603320979158087
0.345539203364914 0.477355997394507 0 0 -0.328193897126731
-0.168253118518137 0.893548416150981 -0.641744617797593 -0.449910487033318 -0.371140089691436
-0.131831985365529 0.901329993700362 -0.745385931097805 -0.227299581915522 -0.274978978366876
-0.657298205597564 0.312307264061656 0 0 -0.304209127502114
0.950532872102332 -1.58931764421077 0 -0.383298597340931 0.260327319099156
0.768843554659836 -1.64607873007772 0.134011252800208 -0.589371305007144 0.0768512033345285
0.573195262258911 -1.58029823514166 0.323122639575314 -0.274515330555046 -0.174994659287866
0.609233809527175 -1.61034703269316 0.285341129944654 -0.370387180195522 -0.47051698059766
0.606772055396467 -1.50624662685841 0.184336939576745 -0.406270472738066 -0.65726382842146
0.432727532490571 -1.50635912269015 0.0334965398819521 -0.284993617145989 -0.832235731248328
0.330703222339672 -1.43294418131818 0.0120179770984486 -0.164876947447228 -0.985422023038263
0.339742391509967 -1.03070288692044 -0.177488602088579 0.0751618281802469 -0.970778373992498
0.176172458278328 -0.355281787316452 -0.392505906067772 -0.0274909201202945 -0.823483147381232
0.557623545056799 -0.0547676241032072 0 0 -0.414137386249935
0.528830480675683 0.0910090372437472 0 0 -0.371690318857408
0.364601988483839 0.150591987441802 0 0 -0.305076326227261
0.142764203461701 0.206800655743952 0 0 -0.25976948097135
-0.267647381228918 0.606800045245611 -0.781269311401931 -0.289714745933267 -0.0698087448644464
0.714215716898299 -1.69678895181878 0.0949765926945863 -0.647055859997295 0.242443985527983
0.48993564140348 -1.59689703899129 0.28138759107668 -0.315345943955919 0.00926256608290893
0.479681144362636 -1.78103227506024 0.30544644499235 -0.436978154020693 -0.331035175022061
0.587735071198726 -1.8045137571919 0.341234268353949 -0.502831446174672 -0.50487472486742
0.699324639922785 -1.75635763744549 0.294004331830051 -0.496823196509771 -0.653411936781614
0.54719495454828 -1.71704736500141 0.225899824791164 -0.450548321696251 -0.870140332509043
0.458327454127293 -1.63303334048804 0.194707048213878 -0.343240188968292 -0.989054612058583
0.270854179005766 -1.33918573063393 0.0240272138253416 -0.265261357059223 -1.02548306317826
0.0904250103331115 -0.771336981896687 -0.249568950901502 -0.327144241189802 -0.951720827403037
0.0459422888710105 -0.433681521183075 -0.425114851597439 -0.384281636388577 -0.80133238115123
0.389206710448653 -0.282923138564729 -0.305445140538037 0 -0.46722099324697
0.274949742345731 -0.220774853643227 -0.3796019269595 0 -0.374042743322043
0.111376568311121 -0.150887167685833 -0.445689998739631 0 -0.294396571412184
-0.044207159438405 -0.0625352935369265 -0.461906087605709 0 -0.228509463097426
0.456935808360308 -1.86260167903135 0.197286842072223 -0.576777979308647 0.107826176974542
0.385816250187423 -1.86609032571222 0.29464069298643 -0.458449113348159 -0.142017703748117
0.450435711819562 -1.97357120328979 0.321456589105298 -0.519021133189053 -0.387683644226571
0.542991567228162 -2.00779938213146 0.382527423386828 -0.595994540064963 -0.541227578462666
0.634083029941127 -2.0099168356726 0.441195416437305 -0.600936306831853 -0.694218579178333
0.927671779518725 -1.99122566619017 0.536212731395395 -0.264068402313444 -0.712077185282434
0.60954585823308 -1.71778406128418 0.336099229330246 -0.485102855482387 -0.867570522638074
0.330499935091534 -1.57644638899424 0.165889217215751 -0.524342843055628 -1.0247872212016
0.0764157773421085 -1.24162525468224 -0.131891924081984 -0.526672656653639 -1.08035766307271
-0.010437573889029 -0.95263967208591 -0.321333440831657 -0.563737151983133 -0.999417832827735
0.391717587051989 -0.797569554457742 -0.366884757040478 0 -0.521522055224792
0.266603472453022 -0.682967270264298 -0.484624567218148 0 -0.414898138800193
0.110256106198431 -0.596345998347668 -0.590293807768179 0 -0.316224147805437
-0.052136838028989 -0.492429088963864 -0.66266708300449 0 -0.233232185549237
0.171024765313557 -2.08239322387549 0.334806479774272 -0.546662518270443 -0.00543119575840808
0.266183083767049 -2.12694004911325 0.282962252554193 -0.570462116208166 -0.285227494248081
0.332098905582578 -2.18369603347023 0.317892710810017 -0.616059871972652 -0.476996805959017
0.36766602001549 -2.22467109027083 0.426641722988831 -0.725336633265473 -0.616446776123475
0.416264771695817 -2.19195237667824 0.507682026241563 -0.751333910522945 -0.70489168432302
0.589347419337134 -1.99239718843625 0.380217271875273 -0.370073148853138 -0.50871723271589
0.528501880828768 -1.84886000086743 0.298688991342691 -0.435742964409582 -0.64508369448488
0.35557501230317 -1.71502693990846 0.242218887322935 -0.745556502199002 -1.03217619736722
0.171172171098591 -1.7480088368794 0.0455967217082606 -0.676417661217288 -1.23144510166061
0.397987261397489 -1.44325176093613 -0.339423129498247 0 -0.646881763192959
0.317365360505579 -1.30260088417006 -0.442567653673541 0 -0.575384566332053
0.197744667175328 -1.13975050650558 -0.574893759750949 0 -0.449845657506135
0.0639138965893374 -1.00751507793737 -0.710046656542177 0 -0.318572213720076
-0.0961144476429005 -0.884475945438938 -0.825589866692843 0 -0.212584474278391
0.00667262602468554 -2.43331409065749 0.322149183979765 -0.672924740230538 -0.220503854293414
0.130944682708396 -2.41171832542221 0.248957418314513 -0.651871336803856 -0.426522392338413
0.158002281744328 -2.42250246182051 0.325284417800493 -0.715127699687228 -0.559259168290482
0.100692090869595 -2.45707242469719 0.492213972966379 -0.899842541969591 -0.697524371905993
0.132541511103333 -2.29604943568533 0.490280393007311 -0.958723678609132 -0.688841394431003
0.186703496707077 -1.97317192830395 0.232279484393626 -0.617014957944723 -0.354447364427957
0.272522592602728 -1.92724951315775 0.153976727233568 -0.49556590270547 -0.491935020565111
0.382949584979951 -1.85285312975597 0.0961341517472623 -0.63569874687432 -0.854944814733869
0.485831321613435 -2.00843657958823 0.192564203475394 -0.776144385546514 -1.14525912882088
0.260836213683327 -2.1138861912516 0.0588829609644657 -0.617709803589796 -1.34154613859792
0.306487916035489 -1.74413906796012 -0.444522292685253 0 -0.575458237817796
0.137686078097525 -1.58007501046818 -0.621032696418002 0 -0.464017697312366
-0.00437686066026104 -1.36930599979393 -0.805457008602171 0 -0.283723999818646
-0.158383293694126 -1.21187236498051 -0.94209470181383 0 -0.151494170175524
