"(Intercept)" "X1" "X2" "X3" "X4"
1.69871219949207 -3.0107013047281 0 0 0
0.644228779351693 -3.44950420805223 -0.430596849312293 -0.150166105870263 0
0.706008101685961 -3.33515720783007 -0.0546343026600463 0.067893523098612 0.979431375664163
0.943410830463616 -2.79789664572045 0.18541706316811 0.00960841379052678 0.886363038670331
0.993160674146889 -2.38666941114241 0.332802195437643 -0.00437989484256212 0.645580031935012
0.984531330391364 -2.08149719525723 0.35175040371404 -0.00930811223998531 0.404264994590466
0.680420607372299 -1.87951391449951 0.447933885128978 -0.147117385480512 0.241539259231631
0.3778153590371 -1.80858409424141 0.605689903587222 -0.0762657355780989 0.493307111554559
-0.182725810887223 -1.75850706258913 0.849425511492928 -0.248821472320179 0.667849667811242
-0.369473284093403 -1.72754183925622 0.950639853905308 0 0.309498975808609
-0.888205000020737 -1.75267350012161 1.32813765159052 0 0.220577447971309
-1.26980687325384 -1.77724992928476 1.59412014455634 0 0.0185112227423087
-1.67053483412554 -1.80534131159174 1.85549845361182 0 -0.146472517424228
-2.12816531646284 -1.89017425404222 1.72031273744205 0 0
1.75672716870976 -2.85383326446988 -0.314844874745929 0 0
0.682932483841222 -3.11681021255805 -0.544517226345656 0.0950432584862876 0
0.406063814315213 -2.9846583781501 -0.288923091307406 0.181750386112442 0.282822088898912
0.6646994512346 -2.38705743100592 -0.0547501174257164 0.120550039566315 0.516032791422609
0.897427650655868 -1.88215358871826 0.0651334064929874 0.169597581637597 0.277415690324536
0.97059999155574 -1.41707956228378 0.11888502771489 0.212787467969977 0.0598427220309833
0.725790753796886 -1.13127514627618 0.180758361177139 0.129820805685062 -0.0183966079798841
0.283368929313041 -0.949593584647157 0.3219050192467 0.072944651018053 -0.0310533530920511
-0.217843856441937 -0.925450864476588 0.560314390123704 -0.0467172221892331 0.134138118909833
-0.45911713797418 -1.08349039015685 0.887957785824369 -0.00712227540307837 0.191036244978955
-0.665823839759467 -1.04768519077879 0.96410531036582 0 -0.108060773639531
-1.0448724040459 -1.14291817050713 1.30907104115215 0 -0.230547295902593
-1.63800358408981 -1.22084807686544 1.27744247190049 0 0
-2.06073689838903 -1.43386993568944 1.43635390043436 0 0
2.13672657893714 -2.25523745609866 0 0 0
1.75832685486987 -1.90898423919453 0 0 0
0.684966299660346 -2.15631936661702 -0.296623372463373 0.164935973746517 0
0.518842119216642 -2.02522101562886 -0.248019603487431 0.263340209120403 -0.0536112853375111
0.773061754459648 -1.34293598888957 -0.23731248850591 0.28263624805121 0.0434510177516969
0.900600654027037 -0.930114757414929 -0.116589733728192 0.428960390908874 -0.305957416828201
0.784227368819024 -0.546361363713596 -0.113285795950468 0.362858357166031 -0.39332768758643
0.446998707019716 -0.343034852952814 0.0482919136855174 0.335844820990688 -0.450034885413595
0.00515548526842084 -0.165296890026349 0.216298140863264 0.268476731187836 -0.431475659373982
-0.297679424282879 -0.381647302476748 0.524594474708124 0.246853012309136 -0.303784091856221
-0.51167204522596 -0.425007735212663 0.724149719343371 0 -0.302178607905416
-0.885419865941452 -0.573283191150008 1.04397673258421 0 -0.377602397322127
-1.53743966013887 -0.809015536449936 1.00165010795491 0 0
-2.09530847581227 -1.0905935330173 1.13006906750967 0 0
2.0157071401023 -2.13400178086661 0 0 0
1.57213846117021 -1.80764354692899 0 0 0
1.22438656150979 -1.38002251524207 0 0 0
0.76875099344444 -1.23566256323134 -0.323736656714487 0.292049031638477 0
0.821643191753173 -0.933441888432912 -0.444181732725431 0.511439990430962 -0.324555058436129
0.81260772224281 -0.421720725047735 -0.282480114465972 0.528946507836169 -0.381458434027888
0.839523950013501 -0.0968705865124786 -0.306266591613557 0.55889680956979 -0.61554771487824
0.784770759842145 0.199188126293571 -0.276167642398391 0.486370139534264 -0.712482229871028
0.487317743741027 0.306797496242842 -0.151535711310552 0.467827364716323 -0.768893564735124
0.0417763251744049 0.404198239069499 0.102726282946235 0.345634112721694 -0.686854525247453
-0.432653997969718 0.126073322960418 0.474433297916483 0 -0.300215819902276
-0.981668440445761 -0.193990457842853 0.617637796503862 0 0
-1.46157604474536 -0.534271186193359 0.740521665795592 0 0
-1.98068350703017 -0.88973521506549 0.825474684366632 0 0
1.83420387485017 -2.05072062237859 0 0 0
1.40412229993602 -1.73327650054035 0 0 0
1.07073928059283 -1.27002860319901 0 0 0
0.758258768013263 -0.732289796750453 0 0 0
0.765148898818247 -0.5391610681409 -0.410420782095417 0.559802401612648 -0.326027023291313
0.880599258791144 -0.118691392754267 -0.522427017700955 0.738661982231373 -0.495152295862866
1.04637276861978 0.251645375089735 -0.602186931498273 0.640762132295423 -0.55287560422097
1.1271626468366 0.393311916489096 -0.57960735600008 0.547270021471621 -0.656451786404734
0.817451449775083 0.60838544966596 -0.586374670684771 0.404405301996235 -0.773852539133778
0.249958347374841 0.746727824516074 0 0.144849077939538 -0.625443100840974
-0.342286216941406 0.646231574832963 0.173406892179729 0.197839747565717 -0.407076645841914
-0.986749852042956 0.0604323023249537 0.472263618310343 0 0
-1.34737709418274 -0.407088062331769 0.499596837794685 0 0
-1.70898630260426 -0.830486656034601 0.492803115257781 0 0
1.68202998561467 -1.98604011935811 0 0 0
1.41172552803602 -1.75965876519505 0 0 0.168889477029139
1.11344585433277 -1.3442434282149 0 0 0.177271951018724
0.734932975864686 -0.845645126985953 0 0 -0.182276152330938
0.298969417837222 -0.389902380243565 0 0 0
0.449327459505016 -0.237178364650976 -0.223302274856001 0.525467285346113 -0.540150581862361
0.768498364107138 0.181161798732375 -0.434186769445487 0.52462342634861 -0.793905521188938
0.700556959939632 0.469146353362979 -0.517551355032529 0.365360857302665 -0.738114020804522
0.603988994004819 0.785772932286018 -0.537035464383037 0.165021038134892 -0.594220744130839
0.284200430662369 0.980631998598549 -0.393226999823058 0.193342994842129 -0.623655755469856
-0.0316960046246581 0.970481922736071 -0.20566918083968 0.147384919179324 -0.556541980992282
-0.86762829596431 0.338951566550964 0.179814044119146 -0.0742722661093958 0
-1.40085819151325 -0.313529213491258 0.403123422691104 -0.432835410817696 0
-1.83402565930103 -1.00331973997767 0.484804308547509 -0.740583909276609 0
1.94776957940382 -1.74227409431626 0 0 0.506967821385843
1.55344708311681 -1.75965379538756 0 0 0.465579912253546
1.24910728711905 -1.46484042688987 0 0 0.1968459937814
0.853214492049702 -1.10926910009489 0 0.191275106979754 -0.203818056105202
0.42597956316034 -0.783681973510714 0 0.365439491534421 -0.456385014933544
-0.0803486273145072 -0.528038700664917 0 0 -0.513408476632503
-0.0371737169682327 0.0176918450021792 0 0 -0.652979895364796
0.377415822371258 0.500268270847425 0 0.263995067545858 -0.91542544355863
0.67330691330027 0.630105414666439 0 0.137566345012687 -0.849374878975341
0.407950458109916 0.908257617412533 -0.475346808651982 -0.218595463443181 -0.499862738358227
0.0211232459473669 0.971019331804748 -0.483095221150516 -0.214939092747826 -0.43950023401844
-0.0180833292362842 0.99634639469334 -0.5874813738698 -0.0831892183203452 -0.381893468594031
-0.64596392586249 0.396967201553725 -0.388652661370774 -0.232532002934515 0
-1.28866639148676 -0.771466306304748 -0.0527235725000879 -0.232291773848465 0
1.61261716200092 -1.66170964453969 0 0 0.567301570615811
1.41557278133292 -1.73866187365728 0 0.161613747126205 0.573225579517851
1.1054131952193 -1.61150175597905 0 0.205773061703423 0.123187332242536
0.875463441132942 -1.27029689026712 0 0.516562901296478 -0.26308223241198
0.632515178576997 -1.23058582634324 0 0.375179207266107 -0.575760308980561
0.0946601404877537 -0.991428991728993 0 0 0
-0.144600294778024 -0.531944104663874 0 0 0
-0.0948745141574793 0.0564306176959834 0 0 0
0.434993548650186 0.233023973439556 -0.293732760460985 0.0304032359262293 -0.769108844572418
0.420087645808726 0.646674405244314 -0.468219434229225 -0.212427189086839 -0.58039014058985
0.0853230903187922 1.01757876884496 -0.707789279147718 -0.558409186361822 -0.324714756490294
-0.151102546121529 0.874762323001478 -0.518241895772146 0 0
-0.196535621742636 0.749341428497938 -0.561009400321301 0 0
0.352896012822257 0.725936440127765 -1.07832550463127 0.526652909862511 -0.428963572899537
1.30838069750467 -1.53876669636073 0 0.0950161362361077 0.830753704994352
1.00904339742484 -1.54504792404816 0 0.121565072570965 0.464565049671372
0.761181366805374 -1.49998391495806 0 0.280746693863635 0.110453422760767
0.835492249108013 -1.5780923711936 0 0.281594901857181 -0.185593945425592
0.827140646057694 -1.5947734200941 0 0.303629205337353 -0.475600958481993
0.57230435519877 -1.48535040409397 0 0.248138941508741 -0.59424680485592
0.00989976132315762 -1.11681925033577 0 0 0
-0.0138740132314255 -0.631734076958148 0 0 0
0.395792921254705 -0.156622381753076 -0.298781450751596 -0.0323441894562835 -0.627309911992491
0.254783758181246 0.410119011190015 -0.52787660510364 -0.208463312631131 -0.41055821574357
0.0952759733565871 0.879754967241032 -0.763655600893899 -0.427237445583086 -0.27727064366293
0.0161442683087195 1.08239058310783 -0.902948892606748 -0.506093047714952 -0.228359682979916
0.0754364473318806 1.05327804653435 -1.10881921416941 -0.156023333407426 -0.222811005701352
0.254765082937283 0.901970372590678 -1.33042299388749 0.448712682239218 -0.247169699933543
0.847289751476269 -1.48463602053274 0 -0.0161456673284842 0.637782944939175
0.441975312905756 -1.40789289516724 0.276898145507263 0.0964868497834918 0.422617293551307
0.542676613088759 -1.60075490167615 0.271379478722142 0.046036905529653 0.0540858149831678
0.689828526837093 -1.80589110159492 0 0.0269590699068862 -0.186551461672515
1.04171598004587 -1.82690512670173 0 0.136053625100239 -0.426344928039279
0.907095679126335 -1.75900007139608 0 0.059170839010016 -0.630402066545587
0.330511392945115 -1.60693946113208 0 0 0
0.306776211674053 -1.21074294911328 0 0 0
0.411304489316718 -0.689106102530069 -0.242656684030375 -0.0934468769957576 -0.644949081979318
0.292194476582023 -0.0952582242145297 -0.450432726960072 -0.224443966693238 -0.467256785918589
0.383250840027296 0.425264531628082 -0.556044592986303 0 -0.290427556649493
0.284529719001918 0.868137925227794 -0.874145590778116 0 -0.215813503964174
0.0736965836348213 1.12087051036456 -1.23382768335073 -0.0967097648015035 -0.202944390160796
0.00150742722998762 1.11701342089049 -1.43896673198929 0.152819853246545 -0.0920628382608074
0.316585156516378 -1.20082262006382 0 -0.00411613224846986 0.337582313079878
0.290843797224842 -1.44401766653281 0.318740047775045 -0.0907958774715985 0.349498610238976
0.439351390040377 -1.71017584516276 0.298465590234682 -0.0513073190694612 0.050568646513784
0.785680504256025 -1.9658817825799 0.144950067124098 -0.0210812244641 -0.177485932486945
1.06800829117834 -1.985401931746 0 -0.0793567621099897 -0.350214403006287
0.884790549871026 -1.97601380399398 0 0 -0.435266653355825
0.623074543844394 -2.02840537195745 0 0 0
0.618853715907515 -1.72535821829677 0 0 0
0.505740836643623 -1.16219084741222 -0.255772063696089 -0.118657176947729 -0.660629707386399
0.54336909455178 -0.632167269844233 -0.287821096566496 0 -0.548568411691271
0.483969765264295 -0.128707858401917 -0.519330997961561 0 -0.460267791118065
0.231735824209287 0.315283158214138 -0.887226213207057 -0.175550099990179 -0.426341556957729
0.103177513732019 0.689704075387266 -1.17558772498811 -0.0357486021216629 -0.231890185168545
-0.0677129896432671 0.944269405716003 -1.5082061385039 0.10660707972947 -0.147051245254732
0.254689729050282 -1.16484292063855 0 -0.128328929804589 0.285799467879174
0.261442492707986 -1.49878863881085 0 0 0
0.498569078677157 -1.79108758456234 0.207916921376445 -0.0976987236482011 0.0749388925335392
0.830940824777176 -2.10637994082791 0.0941319848331803 -0.111185729953582 -0.11916138518334
1.20713532853789 -2.09333869691637 0.0463969171816148 -0.243641845033603 -0.259303594653044
1.29887318412382 -1.95098218709123 0.0561048415073131 -0.340256953763903 -0.30613409459242
1.07170179544786 -2.09993495930273 0 0 -0.338270567257873
0.954674888168208 -2.10463673207245 0 0 0
1.00487002958542 -1.61529599476884 0 0 0
0.51145572988492 -1.24481774400318 -0.451007566309668 0.0441111485338422 -0.735554336992529
0.309959272999555 -0.725275703056809 -0.621889367850689 -0.0924932894472406 -0.711072540786978
0.189686061895198 -0.276176904070277 -0.916045197267594 -0.0530196097840997 -0.557904747305036
0.107826239468136 0.10014209740566 -1.18908051839662 0.0556635296322651 -0.392648787134775
-0.00893243189013404 0.456476089910347 -1.47504916080468 0.181967869906544 -0.234013423040274
0.358185258619393 -1.26543333435578 0 -0.338555298037841 0.379089387228438
0.388524085906116 -1.55305881611454 0.193619388983161 -0.331839534158511 0.334944595915601
0.626544605711576 -1.88988229986456 0.0959864030579089 -0.214529174848455 0.122674030356872
0.83385895000442 -1.8336617436098 0.00272353632690852 0 -0.123535784538272
0.928489477161685 -1.6060708515917 0 0 0
1.09915698173173 -1.75959193047386 0.0480979328163197 -0.395654878790536 -0.0895162979731572
1.16387626268602 -1.90226918836611 0.0213438652550094 0 -0.0577408363208848
1.1995490501578 -2.00321354124961 0 0 0
1.30166599402438 -2.08083139198491 0 0 0
0.553588740813034 -1.80607506703712 -0.54521150772106 0.189988857954138 -0.704865076284311
0.311301322348713 -1.34318049382203 -0.755118009387921 0.12500263648296 -0.709136166715336
0.12607831120449 -0.863687046795502 -0.973183710016603 0.144122329725172 -0.691833717493156
0.097386023969236 -0.487650152665884 -1.22840625689049 0.202790578602064 -0.546744766373978
0.0106729112031376 -0.126717224472043 -1.49864381301855 0.293148157209475 -0.415645673570473
0.367641491855126 -1.32272746254005 0 -0.339941956568442 0.300679874586547
0.542589109712303 -1.63893324825393 0.0187436839421526 -0.536786979279053 0.341664927830416
0.861895724884554 -1.78082841932931 -0.162617964707641 -0.433522128088681 0.10379625288607
0.749848638164634 -1.5175075553087 0 0 0
0.941171936814468 -1.52581473612521 0 0 0
1.01870017497159 -1.54761613536169 0 0 -0.0781066327001869
0.956030864268132 -1.62694613873218 0.016324649228955 0 0.231706636527297
1.1266733584513 -2.05983852065415 0 0 -0.131310021311198
1.54309882980443 -2.45972835083169 0 0 0
0.706373029734564 -2.35977358329442 -0.584754594681656 0.468238373378697 -0.639985409104579
0.366439951771434 -1.90771384728059 -0.86709743230798 0.394051759813229 -0.69150204387041
0.11317375472781 -1.47413080699073 -1.1268586649844 0.348595390716655 -0.695745545727365
0.0252617699021838 -1.06297632181156 -1.32812481362511 0.345809141596821 -0.645467343302395
-0.024589440181519 -0.706009821057502 -1.52942858090494 0.317944842187456 -0.568075350281653
