"(Intercept)" "X1" "X2" "X3" "X4"
1.33567764829965 -3.72311559914485 -0.379583603146987 0.629205385884475 0.681193947280341
0.777385782807963 -3.18280282047204 -0.0658352730962306 0 0.573668873796217
1.02155827154166 -2.83555182646946 -0.0241379081634389 0 0.732714515374173
1.06637319682227 -2.41845415268335 0.0314056200652695 0 0.615351746202131
0.967296004872236 -1.95887335048446 0 0 0.208335544349958
0.751239025205487 -2.21808776843282 0.381599369132345 0.142792344373425 0.616555331505819
0.407449249858638 -2.29918987406104 0.50996946712327 0.315062184063303 0.521754282566806
0.0887561662579831 -2.38102096031257 0.60673263911533 0.35987821110933 0.250257747290377
-0.207189652978894 -2.23737376383852 0.484498193283283 0.367680495822918 -0.0361691249216378
-0.392791730339903 -2.10608210580167 0.363612423340702 0.39557937518219 -0.396849252279923
-0.561604861585577 -2.1162405896935 0.392290450427564 0.495887283037591 -0.699383092284781
-0.808393417668422 -2.16288110840462 0.477766479310002 0.561265798411599 -0.815281423364737
-1.21119505490325 -2.57261103553509 0 0 0
-1.41030207903115 -2.0986611125625 0.723036845573118 0.600230070453116 -0.90673204421757
1.26150529972884 -3.43231054381458 -0.512924068692706 0.59531398036813 0.3602600499211
0.990563182212904 -3.09493723528611 -0.299487644029054 0.402329972061947 0.378061368702371
0.863377222063708 -2.36728037485223 -0.101587652169792 0 0.439076785163226
0.922512699654193 -2.02177833948531 -0.0328775302156785 0 0.323420442457197
0.928385750738863 -1.55069539527802 0 0 0.0249251099189288
0.747420586098334 -1.47678815259971 0.215895888328556 0.085836542360167 0.0923007128458822
0.424158118668645 -1.57331759159428 0.408823077919204 0.318883268872653 0.0617324514124698
0.102869953075199 -1.61522747611331 0.504326530974156 0.410803635176907 -0.10353125814024
-0.153766692017674 -1.46298905178731 0.365613230260329 0.371863450574993 -0.281814374282139
-0.25777700085781 -1.43046535681171 0.343892288675659 0.457587293543848 -0.531088510672702
-0.433672696942446 -1.4345301292423 0.408691880430145 0.542215988350545 -0.8295884754063
-0.689940738744558 -1.49644464666332 0.513875087516812 0.56202260711286 -0.838427792674612
-1.02982553589685 -1.5522439937984 0.633136695195594 0.508318560825355 -0.741002188413751
-1.39787005438469 -1.5770478488721 0.802001803598081 0.405182073807508 -0.715977183706664
1.59122543923217 -2.81598221795818 -0.482690803004174 0.426102660935215 0.21678139476921
1.074491969788 -2.56883606251939 -0.284818293361618 0.252808478375508 0.126239766397256
0.91919094759314 -1.97734433332766 -0.104107680663904 0 0.198444630211379
0.823626055471828 -1.59626135471216 -0.0837284050413756 0 0.129923735469493
0.838037812945914 -1.21233555072521 0 0 -0.0760049821664516
0.724382303105153 -0.979711847017735 0.0306115003267204 0.247237383734568 -0.294571900631481
0.539574675486722 -0.76428878445768 0.179627947098897 0.139821390697841 -0.414725335205835
0.28003705813249 -0.792748854259933 0.281143530335387 0.412049989480232 -0.355865664096737
0.0641209142752115 -0.775181799859905 0.253858033476173 0.462669605273029 -0.493618498179344
-0.169561596252194 -0.731885030866729 0.287456054518752 0.521074032492577 -0.726099333194288
-0.319338244080049 -0.765121770754767 0.4458791984761 0.612094891771499 -0.945736523032222
-0.701860496672576 -0.856390585675962 0.580484290647046 0.483718458781216 -0.702646865479078
-1.04240647703346 -0.924573766586675 0.715174283965846 0.348197363818284 -0.59631912582342
-1.38751689156421 -1.0388432182029 0.850330689273405 0.207582784855968 -0.574248672430332
1.91750794598859 -2.30420915293304 -0.433621417845778 0.14913815364788 0.254756907235904
1.42086648524302 -1.93386470909131 -0.211484222613497 0.0702556491327221 0.0528003242069542
0.998702906740498 -1.56111507676283 -0.0682144223570576 0 0
0.825744999258508 -1.16552666592525 -0.0714819512944596 0 -0.120231093598829
0.807926356054912 -0.945400561878241 0 0 0
0.850737492478375 -0.79855796931214 0 0 0
0.541838518921981 -0.454868109890099 0.0999371302702717 0 -0.344992857795754
0.527915582142432 -0.221973406077513 0 0 0
0.24048218909006 -0.256589370413134 0.0610337781667407 0.42273247634883 -0.661229084572981
0.0361018767277715 -0.196580048768092 0.235250831168749 0.611110214024648 -0.687019447541745
-0.299557034373711 -0.175486468145911 0.506595794199562 0.57470889412809 -0.792702400966611
-0.743822658841504 -0.22427087712978 0.60506736904515 0.388982147256209 -0.512743658362598
-0.99456866646872 -0.350347010081912 0.69479635796877 0.233801492765391 -0.476963372807798
-1.29499064626578 -0.568608673433819 0.802881072419406 0.00270494432839246 -0.461693411905619
2.4874820883765 -1.71365676592342 -0.300643628182417 -0.00642561227105161 0.725138121983732
1.87851538610985 -1.4643420554664 -0.166602237138233 -0.0258157574571419 0.251438523824942
1.18847782546664 -1.22075620594371 -0.17342482157451 0 -0.0568056222067002
0.777180116374272 -0.917753417778288 -0.126202763114123 0 -0.257132470168811
0.676143002883907 -0.87511311450101 -0.106969816129667 0 0
0.638092242333223 -0.697647499737141 0 0 0
0.583493935449848 -0.397655511495732 0 0 0
0.408556438675358 -0.0865335262750351 0 0 -0.584472365087819
0.346299648193743 0.170173026078875 0 0 -0.661722387360344
0.132721153991175 0.228880962625753 0.110120120882369 0.444929041079693 -0.631908633241692
-0.439602272686572 0.330463469690912 0.419651352456143 0.466000979079571 -0.545207579210111
-0.759215533488325 0.32518064767167 0.597849332040317 0.388900046310188 -0.549698471534283
-0.918413008722609 0.0441431665542859 0.675737800888756 0.179340932550482 -0.559106413258737
-1.0633008570363 -0.261895782591201 0.774730236052659 -0.0975868591563237 -0.586676368268557
2.33941006486239 -1.43386561741738 0 0 0.97009015546736
1.78186504322009 -1.40925992586112 0 0 0.583442095286519
1.26305307164147 -1.32659569216408 0 0 0.190899709677216
1.03860986580748 -0.956833103018101 -0.34637010158074 0.217831930591009 -0.362132410329113
0.701283208103102 -0.757904062830333 -0.259829561161627 0.268060564723241 -0.494228055474828
0.349605018390617 -0.668313350422987 0 0 0
0.185121202817102 -0.334987890037494 0 0 -0.614273726804976
0.273339986899587 -0.0445503567363532 0 0 -0.568902998374649
0.309977558186904 0.247503051384277 0 0 -0.718823619530293
0.206026184482566 0.608313329754076 0 0 -0.653478322077416
-0.180070773643459 0.822677269380878 -0.0668782183154123 0.152696956058881 -0.599813483689387
-0.411108800623772 0.607036996509873 0.261553795813798 0.277917467178606 -0.557895652546255
-0.606922128648596 0.305633846320643 0.478654959531911 0.119857376738542 -0.536037209001924
-0.797800273743419 -0.0532889693237977 0.646400600361789 -0.123506141210905 -0.53518992514408
2.01514769181206 -1.41986802087006 0 0 0.825616047001964
1.51685080442169 -1.42901930027811 0 0 0.462518815097778
1.48989890348182 -1.36946984230501 -0.310199505656263 -0.162324623210981 0.163838867308664
1.12800784386761 -1.14971159084846 -0.38231016714845 0.0677113705168209 -0.234527399942896
0.695239189143366 -0.922560157918136 -0.304012531775967 0.309357109061758 -0.592159481025591
0.139605997450277 -0.707078355483856 0 0 -0.421558119789297
0.0580193435599606 -0.326528130774493 0 0 -0.756988047797738
0.115750458713285 -0.00356996062349665 0 0 -0.81622732353551
0.275356445243382 0.150565938773753 0 0 -0.65862435250031
0.165856538223476 0.484536142792367 0 0 -0.408180635486539
-0.0834518550778919 0.889155876910288 -0.411529265953569 -0.14444991112938 -0.604560134417786
0.082655516136849 1.04768920533477 -0.350381552823035 0 -0.353493197376768
-0.142482313308749 0.689171394623258 -0.0127402093566218 0.0479833995325758 -0.442287158498815
-0.421132512511979 0.0848023811692693 0.3537703372951 -0.0521016105263788 -0.464328631731634
1.93955047222771 -1.52794482672285 0 -0.240016770623342 0.981219875716739
1.55355392961665 -1.54439996527913 0 -0.237721441530182 0.664872955754461
1.12297064383866 -1.51293292374766 0 0 0.181110463071725
0.67404035547467 -1.4359927516436 0 0 -0.342074385826823
0.398933957523117 -1.34369645696507 0 0 -0.654905696784065
0.256785985792134 -1.06647922524469 0 0 -0.504947155534548
0.158803625730983 -0.589175950805233 0 -0.0229171866054753 -0.632793062526643
0.199939878585589 -0.232655030044301 0 0 -0.705167067973979
0.231047479116702 -0.016252463315807 0 0 -0.673128204178629
0.309174980232055 0.225247639980512 0 0 -0.489282679841012
0.149180370340433 0.50733853559998 0 0 -0.260046567004507
0.0423527112333114 0.668179053988305 0 0 -0.203617099932381
-0.263527907809773 0.538799151969761 0 0 0
-0.546466710180883 0 0 0 0
1.22368775156587 -1.46096934708736 0 0 0.615632507782946
1.04193977808512 -1.37748513102645 -0.0851316385190945 -0.214792379221299 0.271876204089879
0.510364668996089 -1.53120704164398 0 0.148388486517345 -0.118969899022814
0.502293981384573 -1.73090612640166 0 0.112446548417662 -0.550321257793863
0.354164230155474 -1.76351010156156 0 0 -0.740846041666972
0.415480290906729 -1.47952512613083 0 0 -0.663148726089389
0.399724414784247 -0.990083921207648 0 -0.0666975118264806 -0.610319190986403
0.349444143243441 -0.609818463142878 0 0 -0.448174213165612
0.348075979620371 -0.269677109625084 0 0 -0.514136159526122
0.379440454088763 0.0174933344717175 0 0 -0.43348120519011
0.376604364556253 0.239835837087564 0 0 -0.290960584069281
0.067028133008117 0.331800201965746 0 0 0
-0.0516597628845386 0.405538773209777 0 0 0
-0.12800809158606 0.459369594186241 0 0 0
0.568413137797648 -1.06181373904639 0.128701761672451 0 0.339774449787539
0.220017412586035 -1.3036469000112 0.355417537927148 0.0785454069042155 0.117044644149599
0.333536640831728 -1.70051913627464 0.217445704296658 0.043764799584982 -0.226612991997166
0.474411991136395 -2.08093947108536 0 0.0467032451865502 -0.49627160777069
0.807034218879481 -2.09709780810819 -0.311658227097292 0.366301454642894 -0.837977484875399
0.707014411323526 -1.89410656228734 0 -0.0612835142961332 -0.826648613967627
0.548207748592136 -1.48081066587107 0 -0.206055267573955 -0.625480066252919
0.535028670451814 -1.00588492258455 0 -0.101000853819145 -0.587994852431741
0.520153182228298 -0.632530887934962 0 0 -0.421785108711553
0.50016965666787 -0.320726940097495 0 0 -0.317942985490892
0.564121979900017 -0.0849375610766963 0 0 -0.229075673731681
0.347732614559307 0.0572961604094155 0 0 0
0.200050191896938 0.16300992349186 0 0 0
-0.00745574470939931 0.225710776950788 0 0 0
0.0124008971877826 -1.1264756969854 0.60841485565262 -0.193160049785653 0.464054820251057
0.107196015816621 -1.4130609158087 0 0 -0.209956014012277
0.246687412073882 -1.91054802092181 0.296501102131685 -0.050015843396339 -0.164758362686089
0.529153463590369 -2.30663758633472 0 -0.042894082525838 -0.518229087468285
0.97018899749541 -2.51222260550558 -0.298689836020014 0.131822990359348 -0.646431139841792
0.998955682522837 -2.22089519533917 0 -0.147521920042886 -0.774411665411866
0.786680400632899 -1.90949352569991 0 -0.255094257998837 -0.635122828990303
0.621557856826716 -1.47742457508135 -0.120788508853192 -0.272954545593608 -0.680042491376917
0.735074802562836 -1.13646947605844 0 0 -0.432629199252341
0.711278878320488 -0.774854130745337 0 0 -0.331165658049325
0.782427964961801 -0.453512265908468 0 0 -0.2433835242831
0.635795238854249 -0.211872898401808 0 0 0
0.468745151118046 -0.0418576075886158 0 0 0
0.290722230206144 0.0960453790924163 0 0 0
-0.0406591186361423 -1.32033414742887 0.702584293561489 -0.424042013904779 0.459460986235722
0.148934001643071 -1.63778179130501 0.44119198806247 -0.271351170489955 0.129410153212325
0.331870401653797 -2.06047675241856 0.292924623356376 -0.097566363353678 -0.106460638506954
0.844034269744827 -2.51503832501439 -0.00216727694465772 -0.131790489099029 -0.38422514303614
1.12247154038538 -2.47108557782591 0 -0.253848052102452 -0.629845386081046
1.24117393216149 -2.42168495750484 0 -0.306441415544888 -0.616475905682542
1.1078005272797 -2.23229406810614 0 -0.29769624881814 -0.595159127649083
0.943477095507842 -2.02699108323557 0 0 -0.520405860609723
0.914984626440246 -1.65630823278813 0 0 -0.424224086971075
0.963503988159224 -1.32250165775814 0 0 -0.460759121325547
1.00516477876361 -0.938160042981905 0 0 -0.305035852457292
0.894298460366427 -0.670174301941065 -0.224105763429051 0 -0.244695871792062
0.619040445094538 -0.335784423925304 -0.42142096612481 0 -0.101855699809509
0.367286390134791 0.0201501049297535 -0.570029445496077 0 0.0569683413715817
0.0627362374764653 -1.59352541549458 0.696483318682835 -0.712577254007629 0.477853853884637
0.322566219415654 -1.88480984648423 0.413122507074198 -0.46622694514529 0.169109673882636
0.708680077771555 -2.30658136320876 0.142211321051802 -0.357747709996947 -0.0844331683366963
0.937240019336691 -2.48502141549285 0 -0.276098957769196 -0.456890127857287
1.29354535464439 -2.55173440953774 0 -0.476342079518299 -0.4878732878267
1.36407411517296 -2.50776146676336 0 -0.512595569586811 -0.397602510714652
1.26733897688265 -2.42658245622489 0 -0.400238161805188 -0.356342754947469
1.10347673935357 -2.34472155081665 0 -0.303238600607505 -0.491374567691439
1.06120430894058 -2.15200584349582 0 0 -0.364976831552762
1.17301508321061 -1.95406176744179 -0.170053907369547 0 -0.589821697627934
1.16448616789759 -1.61333220025588 -0.206480337144137 0 -0.497994305257699
1.09858370903815 -1.16565263946885 -0.233151935222904 0 -0.309914522553186
0.939189306957598 -0.480139858877246 0 0 0
0.698034183928404 -0.397768973145214 -0.388072884047726 0 -0.0611541711009764
0.267851045351327 -2.05015207738393 0.610267728735181 -1.15475845567959 0.487870778883766
0.587199847701517 -2.33998078521469 0.328796047076687 -0.864104752211895 0.177336320695671
0.751078945903096 -2.34731230861847 0 -0.265261972149974 -0.319528294670943
1.14993773833209 -2.65288433117326 0 -0.592211774416789 -0.375928973697746
1.44982233863548 -2.64929039130844 0 -0.698431384330341 -0.346059468093241
1.41883914500009 -2.64470384525406 0 -0.688148392656536 -0.201752894140315
1.34976743801845 -2.59611301787261 0 -0.492964802767373 -0.141071297310034
1.34084834779752 -2.65713637024865 0 -0.386334431157925 -0.421953372535345
1.23417376338623 -2.30819903484277 0 0 0
1.24620768504225 -2.29289526221997 0 0 -0.352282535147572
1.35084112421267 -2.19868084953241 -0.253960450150548 0 -0.558340358897726
1.23914466638451 -1.70883507975332 -0.332418201191124 0 -0.3979839369408
1.21139754069958 -1.24009866961483 -0.250972950738646 0 -0.226940663386815
0.950604877393906 -0.390916110207177 0 0 0
