"(Intercept)" "X1" "X2" "X3" "X4"
2.21828196000989 -3.25039564256546 0 0 1.65673839784828
1.88569150711734 -3.02518127779886 0 0 1.30942581989574
1.7216995377272 -2.66304574022181 0 0 1.02885003954265
1.64592244509965 -2.20100066532839 0 0 0.730501324919774
1.49053607137628 -1.67681176634704 0 0 0.321485581550491
1.36447006814512 -1.18872487474005 0 0 -0.0106903522101147
1.45938460085076 -1.05549371206912 0 0.273637169434889 0.0607629783357361
1.11803530203737 -1.06362022465833 0 0.250308030901928 0.0260714400193723
0.928099225093716 -0.973418920622952 0 0.237864001021671 -0.0970960294319196
0.805328533460872 -1.01409647907674 0 0.339383164251204 -0.176461331109809
0.591298555876542 -1.06649879098017 0 0.356939332970131 -0.238841733147091
0.316019639589123 -1.05429876009558 0 0.351741097919186 -0.300848075745222
-0.448564070637129 -0.937118873469631 0 0 -0.437328190741156
-0.758569145942543 -0.733657135108561 0 0 -0.394185267784287
2.07240926167901 -2.99078047010647 0 0 1.47404518711501
1.73761246997467 -2.74352215760947 0 0 1.09004128715737
1.60572005867336 -2.33888603542476 0 0 0.817543179143394
1.51047767895179 -1.87820202399806 0 0 0.517931036205714
1.36256501357149 -1.35338313049585 0 0 0.12263746796473
1.47674483279754 -0.988550042174254 0 0.255850642507818 -0.00660210748081729
1.31363919214636 -0.671313609391216 0 0.305163363338197 -0.246602299462543
0.963256331240488 -0.64832910700485 0 0.291479280342242 -0.357979369120191
0.814153174201335 -0.584460475510805 0 0.34512578552299 -0.457152239252839
0.689949045389103 -0.618134570183927 0 0.406642284059274 -0.464060532817507
0.518054102206124 -0.65199162121214 0 0.428917931637793 -0.460593740151432
-0.179307053419703 -0.368493151534878 0 0 -0.559847040548263
-0.483939727475574 -0.535632754517214 0 0 -0.477124401410505
-0.726039341398582 -0.184336946820733 0 0 -0.478455547355024
2.13442248317136 -2.57677497787427 0 0 1.40083584186879
1.71121202963263 -2.42376553870867 0 0 0.981569040134627
1.57309573824988 -1.99936412505502 0 0 0.666543342781142
1.43318425958219 -1.5152350551152 0 0 0.337504073835736
1.22994014738616 -1.02966370940956 0 0 -0.0587848096252137
1.168523509228 -0.787632289359608 -0.254135251586343 0.252875472578722 -0.371858799161399
1.19119746463039 -0.372242486592184 0 0.364476816481676 -0.545325249672778
1.0379761498876 -0.209332090834477 0 0.390770451995153 -0.729381872839926
0.772415925699235 -0.193369115300914 0 0.454530806146177 -0.796796878561465
0.633983721091901 -0.201107449947792 0 0.498336364363065 -0.740828253601999
0.461269127468822 -0.231283647615697 0 0.489746402383549 -0.694297315335984
-0.193368573427494 -0.0288021023339029 0 0 -0.607344625823836
-0.430117866669132 -0.0283720607567004 0 0 -0.549456385500323
-0.660755681857034 0.124192250710971 0 0 -0.531263706731729
2.33724176894808 -2.1165999677653 0 0 1.41233026913048
1.89246406870144 -1.92513432955631 0 0 0.944412899691972
1.62301579480947 -1.58464909403195 0 0 0.563525236527183
1.37595522459371 -1.19138237666107 0 0 0.186949104443244
1.23179260058166 -0.88964283535997 -0.313591097815891 0.301998739807885 -0.282814685679992
1.14481824122346 -0.536305025042829 -0.377780024300232 0.448289532684251 -0.640228964033689
1.02349135598585 -0.172063096497493 -0.311811161147047 0.497371803516525 -0.915059701859825
1.0883658885274 0.0793247546712561 0 0.490936276132528 -1.02859925910546
0.860325351645933 0.172170437560288 0 0.558247620122119 -1.13068180196923
0.610475818789415 0.215697770724966 0 0.543426019801147 -1.03415712523652
0.405596321004501 0.250506878432891 0 0.477985477430507 -0.965354319042457
-0.150330252998152 0.386992350132175 0 0 -0.689186936946805
-0.358275358999716 0.34268544029532 0 0 -0.561066619037818
-0.582548719657209 0.276586061075192 0 0 -0.368474149999927
2.44032383021091 -1.78361067196002 0 0 1.52120709876137
1.97860977079885 -1.70851906803285 0.0751478022156672 0 0.987983547786377
1.60774427769625 -1.22842315489982 0 0 0.450761991254015
1.25153138512443 -0.945945798382439 0 0 0.0587418808671618
1.19701010842883 -0.705893804001018 0 0.251261332765919 -0.367432010812294
1.12691283961136 -0.393092519541006 0 0.333665778176827 -0.852500787811233
1.12505850416649 0.0167549729531587 0 0.383360982544011 -1.14651764697575
0.929762712185339 0.362189536225127 -0.17121491680162 0.489324488676516 -1.23893632692408
0.860208862671932 0.495279950506295 0 0.510547605807505 -1.32139010683074
0.614351536554559 0.628837681838758 0 0.541325716096573 -1.33166242205788
0.0393856582722796 0.782798470103977 0 0 -0.85733074628333
-0.0624476040144427 0.77375864569123 0 0 -0.811496919915781
-0.228131836583936 0.692033280869628 0 0 -0.601574485533803
-0.414573504658707 0.486985740050907 0 0 -0.310216628503703
2.42668769751056 -1.61352617133448 0 0 1.68261495893193
1.9546053896359 -1.47124273585716 0 0 0.926879556727016
1.5337219299721 -1.28470925653627 0 0 0.268979284762605
1.36996982120651 -0.990372384669663 0 0.0240186565424651 -0.269343308646427
1.27116033500201 -0.68771282140408 0 0.228222021441676 -0.812049174575192
0.488715613059089 -0.460057562708068 0 0 -1.2432274809673
0.920057505110251 0.0553392417936748 0 0.261577820951523 -1.61164631173065
0.950226305102039 0.405883054069463 0 0.361294142792652 -1.68824081578129
0.891064221011812 0.715188574150357 0 0.413206620036979 -1.5779112600751
0.626421834940123 0.948829417011312 0 0.484684777239033 -1.46762982598852
0.144975634839716 0.998379815164153 0.04393342612021 0.346878851041068 -1.08862360194825
-0.153146231778465 0.777380350472936 0.045517918741045 0.116191088871752 -0.740991591541888
-0.0772758396143141 0.649827099391617 0 0.0377335960799953 -0.506679720120622
-0.26682309092067 0.31093394873694 0 -0.032494956280959 -0.112352425449574
2.50324877441094 -1.78164398077728 0 -0.349315866402998 1.77301128104474
2.05947834494503 -1.63085168882587 0 -0.261594415171237 0.939438952888155
1.499078671029 -1.28286104091834 0 0 0.108878539784792
1.34701615594628 -1.07760910540886 0 -0.0195109382415645 -0.403065130067959
1.11179576730026 -0.709911079416403 0 0.195018195682014 -0.984429182279611
0.479737123766472 -0.36600536784356 0 0.181766535485541 -1.39792631026656
0.277666596990275 -0.0746032647802316 0 0 -1.55918412086189
0.432045916172605 0.322164529968806 0 0 -1.57888061880071
0.807460940615629 0.761552831978461 0 0.36203120404994 -1.76828811636309
0.607511458197648 0.997509410420471 0 0.284888278676743 -1.45487375680355
0.353470299135071 1.03055788152123 0 0.234538771041238 -1.18273421775583
0.221165569952273 0.925200230067417 0 0.0747209424403127 -0.930758101824271
0.00451006509054212 0.727297841552956 0 0 -0.412734631102353
-0.169997374499153 0.194249530943729 0 0 -0.252578988419203
2.35594823318153 -1.7410152002544 0 -0.512945123129351 1.75723669941564
1.91526528422258 -1.5967085627812 0 -0.409038110652201 0.854396256360198
1.51889334355285 -1.40776367460998 0 -0.246646008546068 0.0655358065993992
0.924369071189015 -1.28633802705144 0 0 -0.468773686449729
0.493604692106334 -1.05413496028956 0 0 -0.862916104288853
0.239835082735372 -0.817643051648423 0 0 -0.855567808849029
0.189817903633897 -0.419040586127318 0 0 -1.23042033868352
0.312168859877475 0.0157438619731929 0 0 -1.32649311218044
0.346281635347597 0.371170520107672 0 0 -1.42635563001451
0.412099701092566 0.675944848647505 0 0 -1.16897088875566
0.0725022598265244 0.886467241159251 -0.294176664060831 -0.220286120751058 -0.976749058316088
0.247373165037352 0.798833154747746 -0.262054282221474 0 -0.643145912996581
0.0990605121001492 0.400344479088748 -0.332697713708721 0 -0.355636261859557
0.00839393229351772 -0.0742088582729372 -0.2920250240789 0 -0.164210030611779
2.16643498471633 -1.62060822857906 0 -0.550202064317943 1.58570770722337
1.3097521953139 -1.24596197244898 0 0 0.522492616700175
1.09453235466482 -1.4503408880572 0 -0.319600198335347 0.0889995025283598
0.675410977228963 -1.33098454829189 0 -0.00696353325103286 -0.494969901447647
0.565260316003302 -1.3900950537682 0 0 -0.84875261040949
0.44709658811143 -1.29644820457632 0 0 -0.832572290155868
0.249546513589966 -0.956132242634884 0 0 -0.709826871741669
0.311071174624271 -0.473806063549642 0 0 -0.932088691607874
0.355726883067318 -0.0564087269529211 0 0 -0.938003364782338
0.529795348423261 0.343458001792168 0 0 -0.729546448055228
0.271487050368099 0.605408160188651 -0.303718469214007 0 -0.435269408074622
0.172428739253256 0.44800081563459 -0.527856415519082 0 -0.411463597258525
0.210553188234582 0.0816804676744918 -0.600466500272515 0 -0.372327952926312
0.294212764474269 -0.372085829745066 -0.789842785363564 0.351382182509889 -0.124883673638654
1.28157660168155 -1.24614652042485 0 0 1.06022071570863
0.922794443439401 -1.2817606015476 0 0 0.446695290214157
0.376854296601773 -1.34589086786336 0 0 -0.135216826589004
0.411405563154589 -1.56476155195716 0.194043689691488 0 -0.485160501654319
0.947811356283378 -1.66749836654134 0.072719628083151 -0.208798386331049 -0.619310712462592
0.745968214284752 -1.59612619130116 0 0 -0.884434308786863
0.546832156731715 -1.43697905555644 0 0 -0.96782235478492
0.587852872691293 -1.04977687094112 0.0799746947413484 0 -0.907780381918584
0.315163968798065 -0.595942514772725 0 0 -0.635665336195852
0.638353388457845 -0.0813331360976219 0 0 -0.291708563348405
0.566429290035113 0.220781856021331 -0.389765515017864 0 -0.0963677946332426
0.368024671076859 0.0958603695325894 -0.609315134607646 0 -0.10903471987002
0.280619926239499 -0.194091541578416 -0.99964758905081 0.17362979481588 -0.096028174978094
0.396359660028488 -0.548836517628261 -1.11532162776361 0.443968022484011 0.0415675095882981
0.932558608822927 -1.23035139156844 0 0 0.952047194304468
0.421876197136214 -1.19836839577676 0 0 0.397346291111171
0.24410656100523 -1.50243744664218 0.112890087531175 0 0.0690929640683381
0.434087515847109 -1.73000014339442 0.100897644858164 0 -0.253765825851193
1.01278920190213 -1.87166167876892 -0.0499256179338151 -0.305705689293514 -0.399375759935475
1.1901725760612 -1.90086543940022 -0.00391768253876951 0 -0.641287332587334
1.02445352885982 -1.93781283394389 -0.00133667107259578 0 -0.859335023177627
0.77650857610993 -1.57195432807606 -0.111566146942449 0 -0.737581264416934
0.71472557767068 -1.12816323632698 -0.194953414653417 0 -0.51260454177592
0.856872163765865 -0.590263320857497 -0.30984338306894 0 -0.348036465801091
0.762377881986263 -0.29157366300812 -0.398957771601553 0 -0.149040640425202
0.679163895286301 -0.378343914747653 -0.634013644852159 0 -0.0449152577856426
0.576922459004354 -0.540385301021218 -0.897861862454638 0 0.0332884152394155
0.547971010730626 -0.528556734054557 -0.355370419936174 0 0
0.593979579072541 -1.2045013328692 0 0 0.832923778303069
0.306696203311221 -1.29945327784775 0 0 0.45574446680256
0.310052011576038 -1.61649239730589 0.0257153303135261 0 0.273673055481201
0.568651138587277 -1.76390757111968 -0.0406854349946267 0 -0.0830412923772882
1.03986973956528 -2.03504753917065 -0.215139766660775 -0.343996077769875 -0.133466518682598
1.10624552709621 -2.08387563194266 -0.101808412522491 0 -0.259386700548094
1.24378367836847 -2.21713091188628 -0.158617714400226 0 -0.228765714817882
0.914546836423944 -2.05730492948138 -0.3051192127696 0 -0.323689002302489
0.847284514825547 -1.62475064106187 -0.43796844606379 0 -0.251396499236877
0.837115776114889 -1.21145033257133 -0.479660499208727 0 -0.238102300033174
0.891749973989315 -0.938185231102825 -0.343579664725539 0 -0.19464014781269
1.05347489458825 -0.928277919257039 -0.350361555963873 0 0
0.967749809867889 -1.05049984531712 -0.676697241944205 0 0
0.924058362790943 -1.10869401476774 -0.719630111602338 0 0
0.381056159079011 -1.24410730409238 0 0 0.751026469413802
0.258198718443167 -1.34615490774587 0 0 0.163804562931889
0.326973911787448 -1.66267867062731 -0.116637565546539 0 0.27994848541071
0.581552067506001 -1.74868134709096 -0.0228188452319756 0 -0.0158361290623836
0.928054718375098 -2.19849531628996 -0.35060941928816 -0.390143786735876 0.20937794216272
0.842070394910506 -2.2526076393895 -0.255997981530002 0 0.243585861548601
1.0514299148697 -2.30963796987189 -0.34441114835731 0 0.305854425208961
1.11400763320866 -1.96948232647143 0 0 -0.394221904738846
0.850236332439553 -2.13093591269575 -0.55562155923186 0 -0.0528208828111729
0.760681564003203 -1.82137256045507 -0.655127440597615 0 -0.0574935996054196
0.869996641829687 -1.53170619818172 -0.479870937446423 0 -0.129950328780713
0.590285804023056 -1.59072612220963 -1.11011773270114 0.23063496543105 0.293837916886185
1.2564256339183 -1.4505310293421 -0.455068695766364 0 0
1.13509276184458 -1.5734264195082 -0.802128755234058 0 0
0.148899867433955 -1.2705871855702 0 0 0.376542553125229
0.106155708542425 -1.47032145232481 0.109088842390327 0 0.298265196862486
0.304333268433934 -1.60198300094571 0.0964023634501045 0 0.147062205531557
0.729341893867904 -2.23719103017051 -0.520951080892521 -0.550182353346787 0.552337149906207
0.614064457354783 -1.92543838509394 0.0961702444526071 0 0.0980174733807881
0.61084472232719 -2.35998395320318 -0.370197656030248 0 0.629739244017634
0.872992902063096 -2.24843366505293 -0.423058922671614 0 0.607012374882905
1.15259875534306 -1.81916026279992 0 0 -0.370091614794068
0.921878408415771 -2.27872711499863 -0.435310354889602 0 -0.102330794521351
0.711897644523601 -2.29695822045422 -0.725564323110903 0 0.00869961577697217
0.707630559704748 -2.09596411589495 -0.760254597142985 0 0.0327948275377368
0.795268550851111 -1.93725413241431 -0.741188970201229 0 0.0818832664183399
0.553233616597618 -2.06105489489157 -1.4698882173392 0.455886571482335 0.678298334001353
0.49426516024187 -1.99654350477163 -1.65189508336208 0.486059636479104 0.784482511001132
