"(Intercept)" "X1" "X2" "X3" "X4"
3.055056634712 -3.09894483211062 -0.658252721674612 2.06039788887538 0.33551667665071
1.49099601404212 -2.12745658675614 0.349050506616993 0.884285085362509 0.363597116987471
0.891818589837459 -1.89819071109693 0.297792488176382 0.16923514830218 0.921994978936897
1.29269955544871 -2.04458176067605 0 0 1.29593863721487
1.06934901125175 -2.11253989919767 -0.154428657642334 -0.193967322427624 0.976746441625542
0.345432712915269 -2.28674673223371 0.616454923518871 -0.154236400442581 -0.0920570252017231
0.435932271064334 -2.02921527147839 0.427314117561782 -0.268444004157805 0.199488333611352
0.115811438836596 -2.23000133493261 0.299845967631426 0 0
-0.651226431032441 -2.95532719837231 1.3836599989028 0.869033003385716 1.14452538907407
-0.307669170313986 -1.70705849017007 0.486616386349821 0 0
-0.744624114486639 -2.03571912903432 1.05648626755594 0 0.372607387287112
-0.856075250422916 -2.14102492990366 0.592738343476996 0 0
-1.4076889651672 -2.42428460653621 1.00775150191102 0 -0.155465583968925
-1.92155451274894 -2.95946868195585 0.968898310511366 0 0
3.18108331876535 -3.31373973303962 -0.94521311815548 2.12381894532373 -0.350636689162383
2.3886793365882 -2.37298530593544 -1.53496268875368 1.20402084993236 0.429253785526894
0.434839910028488 -1.62993230178972 -0.0198107756203636 -0.068835371924508 0.28173542557405
1.09506325167961 -1.71225462366779 0.0836204206902187 0 0.667230535931917
0.479246830835978 -1.50647070862384 0.440323010566588 -0.0113782073027302 0.201160245561767
0.366883157993254 -1.57807989199825 0.516939882146401 0.128260310231242 -0.226429801859046
0.351352050486435 -1.20187001293819 0.11143737008845 0.0266620844033598 0.0405361962172868
0.170573106922438 -1.29303747706463 0.281521217669654 0.10653236006766 -0.146599276718146
-0.472996364615862 -1.84598747237855 0.764600874550413 0.85251918211335 0.718724295685456
-0.494544260988006 -0.98665914546839 0.351592320934799 0 0
-0.701219852641424 -1.04158091334124 0.511568727134885 0 0
-0.884237641705627 -1.23941102661794 0.597487280482019 0 -0.106211913396846
-1.50170757868302 -1.70427348366479 0.531453118074523 0 0
-1.99867612505575 -2.36618625136577 0.497270006374527 0 0
3.16708781248022 -2.71345958816667 -0.637091321910844 1.29822656336183 -0.0916699505374299
1.19259619399998 -2.66178171471834 -0.614600076828284 0.448853364943387 -0.410905309450959
-0.0242459447461584 -1.86569010528265 -0.710909778597551 -0.443265535343824 0.194554482215869
-0.110927114681494 -1.14414418079685 -0.212721240928856 -0.613457014947128 0.293419471163881
0.564805218984088 -1.04984188800465 0.217781314575666 0 0.0983569694689139
0.563713272584461 -0.78205430589007 0.121809412329529 0.0984759524658676 0.134077679185332
0.41232743768007 -0.639326958489683 -0.0821583181704405 0.366152030089521 -0.231814397890115
0.117855825860896 -0.432546610655997 0.0671060119494225 0.519322131081062 -0.503411539609639
-0.381008090695579 -0.499242946407148 0.257580454692714 0.84647539329196 0.00276554564983093
-0.381847506435516 -0.117059851829965 0.125079845240439 0 0
-0.37216520315111 -0.573973812747063 0.42926905552091 0.597166385506642 0.0422716114449051
-1.03286638146257 -0.15480126163393 0.374246741321394 0 0
-1.449242643737 -0.875662597248905 0.322802221176425 0 0
-1.8951607805477 -1.68895483410327 0.230181189061559 0 0
4.60440259893978 -1.40953739134953 -0.190440821767916 0.154815072589652 -0.206639412916149
2.25988357676093 -1.42874808991945 -0.0147138348649595 0.236748914322374 -0.127499381921092
0.4033356544778 -1.47984923523611 0 -0.338559560353488 -0.14756375372843
-0.30929264804565 -1.07411825351902 -0.489809782470345 -0.8004084647181 -0.0956964874453864
0.485544851316003 -0.517212595302115 -0.199052756101166 0 -0.331722758248232
0.457583455391457 -0.133080695853624 0 0 -0.245858799726306
0.503021436812964 -0.00108757923724432 -0.240345420199557 0.671553030781068 -0.610268897203959
0.294344330765018 0.0818922258603982 -0.204024345578172 0.879072275769591 -0.608932083553165
-0.398361190762781 0.551943120107197 0.0110370539033885 1.17933893657708 -0.397355844855871
-0.308019965013596 0.863398159703719 -0.081246980743543 0.729718324896883 0
-0.512106871989502 0.522155189820246 0.0436409404346765 0 -0.278906125925613
-1.00626653820844 0.302942880967552 0.279431222132635 0 0
-1.29967641423403 -0.187336029671518 0.103373638118368 0 0
-1.70729725057107 -1.10056329818295 -0.0590574851256548 0 0
3.64856541996291 -0.932229543801954 -0.108708208147058 -0.902480011378946 -0.00327601222950115
2.02949569413753 -0.882885432154196 0.0983453496021429 -0.503573044368012 -0.445799304184766
0.676400284188654 -1.0465273545979 0 -0.374426916479568 -0.630922803929279
-0.305684831870333 -0.886070831312747 -0.348762182148882 -0.761684624448889 -0.597440447891455
-0.109745114499909 -0.356575965172122 -0.312852489223915 -0.0440097247977856 -1.06359143058033
0.230675004585511 0.0980612988681504 -0.554253613719471 0.0499752685747855 -0.280800196986682
0.575706444752215 0.273576940291456 -0.294471994476961 0 -0.228702544722251
0.886747553023193 0.562890931581023 -0.532544573572459 0.438380526166614 -0.209147110349534
0.342817091885942 0.986582239484887 -0.172766396877458 0 0
-0.101888309358146 1.75628637099417 -0.415236084968492 0.938300154604019 -0.464751733794562
0.250669575960271 1.50577327689517 -0.413125528580225 0.964353761223235 -0.683954887300394
-0.777841202535965 1.00016209763712 0.0320050820106378 0 0
0.00324645234211646 0.736946430913927 -0.515701332607881 0.760139627461086 -0.220979067897439
0.0767401623632424 -0.201068558912853 -0.860563915002686 0.579282601852977 -0.450886137741231
1.85797193554509 -1.55537560920598 0 -0.762148937026202 0.212436492902561
0.911913326099533 -1.49433292356655 -0.111558268525953 -1.06985463432829 -0.609527973360243
0.282620825106918 -1.15943028999784 -0.334787990502524 -0.981660655915695 -0.776319640520249
0.285245793093755 -0.734061738902204 0 -0.674115822138568 -0.562633610894639
-0.054562819156188 -0.435744852167316 -0.264238310416576 -0.132213650268287 -0.900659165547429
-0.0173871323816916 -0.157481149418167 -0.351617885889892 0.0731651206579751 -0.658768587394407
0.231479486482894 0.2994673135489 0 0 -0.317482226238453
0.282009554382144 0.596787003546733 -0.104868400171288 0.602720239441076 -0.794749838999799
0.270090612988187 1.1046310496068 0 0 0
0.0846703341484953 1.34808534967536 0 0 0
0.0261416856343215 1.80923215601021 -0.315872019002536 1.0345772941934 -0.514429632403974
0.548880869007416 1.70838515091966 -0.701190467098456 1.24696285971731 -0.504060590863261
0.123237950702966 0.867124963704304 -0.761539870577997 1.03150387001704 -0.387681841606585
-1.41381868830312 -0.254356962900065 -0.207355861540491 0 0
1.41623397555933 -1.92715860800943 0.393665017944001 -0.0145108765419498 0.788623591552881
0.853355897199153 -1.59480947333374 -0.0438159007148968 -0.520397374474931 0.124831610913532
0.50866888612194 -1.04047621590237 -0.345589064522967 -0.982052393107856 -0.38875395854448
0.367981741789717 -0.788565967654314 -0.374609100117819 -0.634023213812355 -0.58027603044529
0.512986917714891 -0.687447851837332 0 -0.207922196058748 -0.491958989386644
0.367653121719239 -0.53904950988572 -0.342210247164426 0.176673779107102 -0.690300300951881
0.0448461813257701 -0.0290667240169318 -0.261222574096277 0.177875601656685 -0.88389986374812
0.747651172141979 0.118892516179664 -0.0967077053422423 0.703065758247155 -0.846460923093082
0.494905439719772 0.988573728143383 -0.474324914426005 0.807809576560496 -0.560890192157256
0.43177260185406 1.6515751943799 -0.797989058089605 0.709352196951173 -0.463293324736671
-0.0385467921189065 1.26768369669778 0 0 0
0.210348956188879 2.13734539608522 -0.761110741030183 0.883491753384948 -0.152014429095474
0.787918976785984 1.54869893477824 -1.19958382429695 1.00248489065418 -0.351364344897378
-0.55366409597534 0.0873665997667288 -0.740710130600685 0.146481466162841 0
1.50342976738912 -1.44253278859547 0 -0.497509594135695 0.799149243736462
1.22263045365912 -1.22390248604091 0 0 0.512600074547344
0.795499236982642 -1.44549046387955 0 -0.38421900551542 -0.16240109749229
0.562535772497639 -1.27417567471652 0 -0.160711356174245 -0.499674583337178
0.65326624738152 -1.01813916817408 0 -0.0851458912168094 -0.739118155145535
0.343945613497592 -0.965280411689596 -0.137253924593156 0.0307840050189676 -0.839124892564685
0.379696904951581 -0.585434843851386 -0.112140124466144 0 -0.740367617887655
0.774098602442981 -0.346208858907911 -0.266372465775155 0.771929339326513 -0.831671549909689
0.469900204918632 0.525321080850904 -0.555026031319178 0.690704097765405 -0.70322971644262
0.254048377310014 1.27935425774519 -0.758104778157679 0.596801120372423 -0.557275066791417
0.261347549795084 1.12737931620322 0 0 -0.427398674019306
-0.187859139372075 1.66614863949902 -0.855249695108929 -0.205663971120202 -0.313872120978155
-0.15142483745715 1.32446226036579 -0.763606326326437 0.0839046616002102 -0.137151157627106
0.777370612176452 0.443808491623267 -1.26732916308216 0.576164072100396 -0.380282728954543
1.01996035819872 -1.2367063359461 0 0 0.705625169228258
0.688389302277368 -1.31872899192486 0 0 -0.00570665719409428
0.343442913197241 -1.60719228951812 0.27201174613684 0 -0.35788505913974
0.512846942410968 -1.72823147658458 0.369042435521983 -0.0770550409192373 -0.594001684793306
0.67795022935408 -1.44888072907423 0.0726522300955839 -0.0732474337737185 -0.810738066124012
0.300813208214935 -1.32921181014253 -0.0398535962191956 -0.121078918203688 -0.902718114421504
0.809853186064536 -1.81721194859104 0.239399224040314 0.828078033520283 -1.08179389031093
0.523852956479 -1.0776923745544 -0.321653877307069 0.302153659536873 -1.19601282435239
-0.18454581540768 0.0537421194166911 -0.894192895301143 0.0584685553922141 -0.933301784664809
-0.0340225222962683 0.74524979623055 -0.837802361766895 0.11882571760257 -0.690909185988947
0.129776951238036 1.09022565148536 -0.733137763189586 -0.262905615910627 -0.855133424985274
-0.0982606722773452 0.957112497155108 -0.382802332986129 0 -0.485319854972079
-0.165820739072874 0.813658606266889 -0.706481277925655 0.325857426576738 -0.463307971783528
0.142330421598574 -0.302149766112337 -0.878400367477894 0.231881804694165 -0.46893433370895
0.432859297903727 -0.772191736316968 0.425883459595048 0.772500416741298 0.759744128410385
0.514524120720741 -1.11030284652227 0.373590975172595 0.210771646940229 0.202933417026838
0.367637873010739 -1.67010186631414 0.42311084686398 0 -0.322625203646825
0.42694806234922 -1.96650552546667 0.38594404347989 -0.258296293612902 -0.642968524460894
-0.0351138027683255 -2.02590942426277 -0.0975546315463007 -0.443272397784817 -1.01863875248686
0.782294463464102 -2.10650073820585 0.333925753669019 0.403995223627599 -1.01767620541341
0.778274848400306 -2.08036757419322 0.594637068232247 0.233180236944098 -1.09269139276658
0.434775386665344 -1.45526191391589 -0.0805312753701157 -0.349724218961401 -1.25612621222629
0.554351322230991 -0.479150430457471 -0.152266001964694 0 -0.732932850363122
0.635549318072422 0.0994904176330368 0 0 -0.467834081440519
-0.105939256442018 0.639685933628567 -0.702359444462414 -0.660224135529185 -0.765596331052765
-0.0959124205806778 0.896495628715898 -0.717605707751643 -0.612363458283114 -0.572928447358027
-0.255341685276013 0.0607300622273143 -0.56004775024348 0.203451051644416 -0.702351313481897
-0.359038241311394 -0.747679058492878 -0.547164682995097 -0.344798038637684 -0.535756819582094
0.23689231225719 -0.868856651062612 0.380616152460678 0.666747909232364 0.492876935176483
0.474128814207068 -1.17495445354918 0.448491050195568 0.280677379651346 0.160587118645212
0.402166215686732 -1.84026188245322 0.518621577014493 0.019028146130209 -0.176745534844574
0.0955219038882057 -2.46702210151072 0.393501158636372 -0.145980816285678 -0.751202134610722
0.914332553805172 -2.93738299904457 0.732780197131406 0.368565677543405 -1.22933839124409
0.705111022302118 -2.42346116684042 0.420903777220255 0.187145207105746 -1.07933547369844
1.08499319210342 -1.87546727459313 0.661972378475688 0 -0.618172630499572
0.886317352015601 -1.62477865941166 0.271695389171571 0 -0.981482916605404
0.347729855528501 -0.996471241046723 -0.130046984541632 -0.569577106447246 -1.17339301504707
0.370530630138742 -0.357867081579241 -0.18767661449388 0 -0.804048556474076
0.748613606667976 -0.294495476016125 0 0 -0.64114490433527
0.629175211843705 0.0296946935019157 0 0 -0.495038932597564
0.33212746404746 -0.119660353707959 0 0 -0.318335978712751
0.447358440556086 -1.05397424493244 -1.08562826280062 0.866964513790947 -0.227729321009224
0.242299025979193 -0.902567491820263 0.281463592386074 0.478221553543425 0.369111859788988
0.361170869019285 -1.30348267964354 0.34740485847699 0.112329730854697 0.0240149783550228
0.211101224001686 -1.99207698020494 0.382322573287622 0 -0.51145211071081
0.179443791012889 -2.78818768877787 0.331637757478184 0.050867632390505 -1.11312491743312
0.465998126484155 -2.51571776331335 0.365918321690998 0.12140723279854 -0.889121038072947
0.988433980814494 -1.87130441184106 0.561616698722519 -0.179837499209705 -0.582543670239908
0.735244933393946 -2.06156960007625 0.538185470645137 0 -0.685293026976127
0.656030208541391 -2.09340875106679 0.297321065952603 0 -1.07660787245762
0.0220885643004915 -1.52353578611688 -0.0650981632508088 -0.67126045281977 -1.34095465507981
-0.147980855476629 -1.20231267284401 -0.465059359906834 -0.791933825567954 -1.19965753115484
0.0807848055411667 -1.20278271781975 -0.43963223418076 -0.410419664889899 -1.12370084278579
0.372708854489564 -0.76385049711112 -0.36899382579433 0 -0.54302485952462
0.234382331950825 -0.453358301497322 -0.414649166941971 0 -0.143884758425561
0.0862397099656261 -0.721365614245543 -0.964098519446813 0.707254842246912 0.323545335866812
0.306710962772561 -0.882396400865557 0.0831001954759103 0.161627560560191 0.214812710554923
0.130852403652687 -1.44805594163714 0.257037061846523 0 -0.173696931345883
0.271642068758843 -1.9656473306569 0.160586975603121 -0.328892511426428 -0.527225566687707
0.257104534657965 -2.27106640003559 0.0616261703374328 -0.195531527408128 -0.677772020705573
0.335467232164107 -1.9212985707047 0.202595466385217 -0.0996433527140517 -0.476568309311033
0.465124513574448 -1.60277508716393 0.534911862680712 -0.368488887439211 -0.504868263190404
0.656003895406168 -2.00310737450529 0.543821119831041 -0.258413475294058 -0.599494748383722
0.582484989514633 -2.22958284050552 0.323706946022147 0 -0.820363449287564
0.738954399231946 -1.81634188705462 0.0772042349857558 0 -0.7512696447701
0.453229425043211 -1.84459083288165 -0.050819167606015 -0.621350056205049 -1.17335498039585
0.763862140791536 -2.08846583847973 -0.0169184537374287 -0.267271827366695 -1.26385328303012
0.629635686073701 -1.98090255970586 -0.237200732752913 0.150530311489943 -1.02018631346897
0.339576609597659 -1.34911552768502 -0.369452977955408 0 -0.449231343558717
0.243883489749185 -1.22269611986606 -0.383474971881421 0 -0.303405156650908
0.0345582477749533 -1.0604576474923 0.162141326447178 0 0.0712789466280447
0.00721993358861433 -1.39752275883622 0.225620815593906 0 -0.233141420398335
0.25940291318531 -1.64984726779361 0.0819828778876311 -0.411733914865096 -0.460883226609262
0.0726299375819359 -1.58760385426867 -0.195927930679369 -0.277953156085748 -0.373763860913437
-0.4672676963756 -1.61459830076324 0.577467403624577 0 -0.453808215349503
0.131623095846083 -0.885302530566429 0.554268248230648 -0.847660268898993 -0.630137729854917
0.00112154946958535 -1.39411831883413 0.738692831055542 -0.857709614822908 -0.726401970963096
0.344010850691997 -1.97309601868358 0.524243567460353 -0.633394469644992 -0.874369803596738
0.580673916136913 -1.97954458093123 0.0126442586073595 0 -0.626598522637787
0.808283548786335 -2.28544842334109 0.161378291965665 -0.391959710012502 -1.11376077901512
1.10036663108612 -2.48734827947707 0.0849771687916122 -0.0523146852390994 -1.05194125626352
1.19871756985655 -2.9196063465634 0.124954149987325 0.417838991666271 -1.33400680672671
1.57919543769881 -1.36460120701498 0 0 0
0.35867900957025 -1.75715721848318 -0.432632973340908 0 -0.366288401966183
