"(Intercept)" "X1" "X2" "X3" "X4"
1.73134918237367 -2.64267070448229 0.457546357720262 -0.434047770759559 1.29923940232433
1.62088070686252 -2.34988976366972 0 0 0.668522257021318
1.53892671379677 -2.18915518175109 0 0 0.638334527234738
1.45754565629138 -2.05968422904607 0 0 0.596508747230666
1.30547734186162 -1.76969001563447 0 0 0.399293613444826
1.39262686773271 -1.64638189483892 0 0.253074097224346 0.308401925591677
1.22373339354928 -1.57767504818078 0 0.390620243301709 0.159716787346043
-0.205183896929723 -1.77730592124475 0.570624161263803 -0.122504856394812 0.187448743955678
-0.532728169924457 -1.64230343644029 0.700670257090546 -0.219947850650244 0.0452028530583715
-0.561122641556057 -1.52139787108212 0.754704941085157 -0.0104077398400876 0.0630443952600056
-0.680901274962991 -1.51348522837195 0.873949220475374 0.106714239550497 0.0659048544070064
-0.754740646047733 -1.57991750591233 1.04454865983939 0.179702166454674 -0.0561339314768897
-1.44183633405465 -1.40730915813806 0.408720821120382 0 0
-1.71205217523034 -1.5739951133737 0.77228428039353 0 0
1.65855492979053 -2.32865718554564 0.41410201139507 -0.534393234509619 1.12193230434178
1.5233703916285 -2.29823228811995 0.283698258037991 -0.322518914972793 0.920379969113172
1.46186494655337 -2.11512927120166 0.181089195951135 -0.153300717879388 0.718272403140854
1.48398306539504 -1.87967836683805 0.0331043931472498 0.0543620973736025 0.497765919129148
1.25145631138427 -1.24324224986086 0 0 0.14383857070951
1.2882332419588 -1.06873531002136 0 0.248745584305645 -0.00012378721419764
1.14764380977014 -0.879903449403605 0 0.398067925046452 -0.216010064060861
-0.0886486289670223 -1.0203865904079 0.360253164536643 0.159360727555753 -0.24149534155333
-0.344244369438075 -0.90605898996639 0.44624990538899 0.131250078226295 -0.306057843653142
-0.327680696618295 -0.916340623125598 0.501674009298957 0.237632778133193 -0.228109347368929
-0.335913809549747 -1.0140677770903 0.669108201661277 0.30426396715888 -0.21183858646567
-0.453784207784655 -1.07623885993879 0.868201036733457 0.422069345324274 -0.301343341544985
-1.36036290898629 -0.952726952004968 0.555449724848128 0 0
-1.6815089535546 -1.01624314154939 0.42885388528631 0 0
1.7555400638834 -2.02710905739896 0.408853720721085 -0.559291958041789 1.00114260681846
1.59997940653449 -1.92595473197214 0.241363046931754 -0.346738198618621 0.755766744621368
1.65692791049716 -1.57123753524885 0 -0.0248540246060886 0.513980570197421
1.47802841910412 -1.4839638587222 0.00965836946675661 0.0796356628380582 0.268354389873621
1.34214778159642 -1.19469731423084 -0.109868595218981 0.251005527314622 -0.0347606613417659
1.10686672492691 -0.869491514947811 -0.163205145760573 0.347959471291832 -0.338529209944696
0.883228845552995 -0.461620377174428 -0.134743113369474 0.373304826118688 -0.612256740041855
0.376752969491255 -0.309476934083108 0.0216375889939633 0.473922321415609 -0.690206386999411
0.00107128205128012 -0.266978675164026 0.198455069205472 0.475771146909562 -0.678431150316663
-0.091616202442592 -0.321565020606743 0.251644763422191 0.463118148714276 -0.537476407509337
-0.108433107150043 -0.494861005541607 0.427174053511579 0.606497877547828 -0.531163592446534
-0.340766423662397 -0.529174527797711 0.667329683584764 0.52035617616829 -0.444767037201145
-1.27811694531867 -0.432507836529587 0.295227288004756 0 0
-1.64836914369026 -0.602240167074562 0.265720783439698 0 0
1.90215051339801 -1.82202545465421 0.388442789266958 -0.611073356120167 0.940052411876484
1.65443926393793 -1.61691302646713 0.24819278780216 -0.416254200746543 0.618011050912767
1.51551067004122 -1.36728760520102 0.092419422542841 -0.193512269300234 0.355524399942165
1.5101006828636 -1.14135196202719 -0.0314579074320721 0.105220455579805 0.0835284956630391
1.40750541210916 -0.870022507636277 -0.136176238708781 0.324696778805297 -0.236869480032441
1.24961719263219 -0.546610445778298 -0.255153553581356 0.447272815032214 -0.443101799140648
1.06909410515063 -0.189630276158183 -0.309929580792761 0.466105118638238 -0.667584343873264
0.942778285343748 0.114089194482951 -0.30376409151311 0.535923681441708 -0.900408912829689
0.617798143438866 0.197315184798547 0 0.524864938880345 -0.679124114963125
0.202188703129905 0.307765703707974 0 0.523426044296804 -0.746763697380874
-0.0622936219690805 0.0931167085521727 0.272658333184675 0.610894399464702 -0.687422884103529
-0.39828776158145 0.0844333280231283 0.411891220728844 0.387740967241795 -0.508382243948662
-1.1865401453662 -0.0540629579024781 0.228874894598449 0 0
-1.56377548393623 -0.314661909126719 0.224406103824533 0 0
2.10657212615584 -1.6685516119036 0.257286703350243 -0.77769245463282 0.893679549409842
1.82401005664078 -1.46553682835996 0.204577012574708 -0.516554649747612 0.548226941670632
1.44052339418681 -1.15571687394694 0.0995325198246624 -0.286779647206541 0.137442205440378
1.15361196739571 -0.882544291447849 -0.011780641645346 -0.0252916476918891 -0.272057184496405
1.12509609038854 -0.656968697278428 -0.194021443511236 0.252421131551633 -0.477086161224352
1.3235886095535 0 0 0 0
1.02655073346298 0 0 0 0
0.54285542047071 0.368126719016837 0 0 -0.815142031388482
0.712699140676062 0.501797048008911 0 0.550087259436853 -1.04725073112494
0.357264485407228 0.764705181978452 0 0.417199953401743 -0.929389429722816
-0.425236878616063 0.735460488943827 0 0 0
-0.570509950298454 0.826677358472455 0.203843770050671 0.33279574987563 -0.68839811094484
-0.940679072492532 0.52331378657945 0.254633924019852 0.0630000255596313 -0.476212802025836
-1.34588071093912 0.00244818453846718 0.277724053308394 -0.175557974867057 -0.260067334309383
1.79602204433649 -1.32404483760278 0 -0.691905077829635 0.791063658347919
1.62713459914194 -1.16838195354889 0 -0.518390617746353 0.386176638173105
1.48855539256306 -1.12783820924373 -0.0390847829261191 -0.455690350625626 -0.0144365852831315
1.0318119059994 -0.857019045365878 -0.105998988813732 -0.189821122169574 -0.534416903642825
0.821125213104943 -0.723577630949654 0 -0.102111901191057 -0.701435627226306
0.103153925811308 -0.422504657743668 0 -0.14726491120252 -0.948190923069446
0.207944299376991 0.12938993770936 0 0 -1.14300947754828
0.25984573911594 0.54444608963588 0 0 -1.16457296646966
0.360703425616277 0.870795424162686 0 0.317292453228216 -1.23719913946023
0.257917565788678 1.12842829968124 0 0.347358128136355 -1.07788211408553
-0.147516782737033 1.17715525174923 0 0 -0.678842361970181
-0.437662967988383 0.845902523956161 0 0 -0.327226885833218
-0.98837267741122 0.679446913977977 0.18943999746189 -0.0992698571094686 -0.433386818401748
-1.29768871235384 0.0860343566799925 0.181210265447719 -0.367467843430271 -0.24911623819322
1.78330320103213 -1.43707643640897 0 -0.905933764865217 0.883741753951614
1.55397136585972 -1.32049368793598 0 -0.763221207049236 0.349216697319944
1.23783001049641 -1.1516568177677 0 -0.577961370109163 -0.16763862473332
0.995957475352975 -0.999237036751546 0 -0.340534242657315 -0.572602108802709
0.600688012061706 -0.750556431217913 0 -0.100510444027642 -0.919057612019407
-0.277372992987071 -0.426481343002648 0 -0.0900864497774751 -1.07204621259481
-0.306584573755821 0.0467127010528782 0 0 -1.13951458585103
0.0429322307552654 0.488077123227314 0 0 -1.36191890170202
0.0362790235746353 0.898657571628125 0 0 -1.24652992727938
0.122527445609631 1.08206568213698 0 0 -0.894168998918323
0.00253067137752934 1.1803328645962 0 0 -0.688145106995532
-0.148604239722615 0.980515999242353 0 0 -0.496872087164674
-0.432042620702618 0.724192323146631 0 0 -0.428815032749454
-1.06791122087497 0.248309747288178 0 0 0
1.51613198346132 -1.32515404971893 0 -0.8700737859676 0.811385413157238
1.36108315846839 -1.32347445928905 0 -0.702000106142168 0.362488639718755
1.15364161803925 -1.30152351381201 0 -0.495097971562805 -0.0521585154703033
0.778812673680818 -1.18753224314609 0 -0.259665606750685 -0.457112557746022
0.246594222793034 -1.15938330559007 0 0 -0.685010327099891
-0.164779071384853 -0.925737835919067 0 0 -0.70408537898365
-0.559678818276741 -0.452154702967488 -0.0178077617874625 -0.0610720338791612 -1.03864977258649
-0.207956664635386 0.142904912790186 0 0 -0.784197029670094
0.153963375407682 0.537890125500353 0.150857515531465 0 -0.931678667562414
0.127169936261848 0.833366792609084 0 0 -0.808292692572655
0.137499716708849 1.04548968899412 0 0 -0.585390764104348
-0.0143596804996161 0.827938740502759 0 0 -0.447430348924095
0.551299140247109 0.63363466589873 -0.619302004013464 0.621518069974288 -0.746259596419928
-0.724934604046831 0.188143470714059 0 0 0
1.14431367254851 -1.27036153990569 0 -0.436714065363855 0.676200203417659
0.655278797653041 -1.25195880066159 0 0 0.203443890173683
0.309017742189144 -1.33213878039999 0 0 -0.205359675806911
0.14129950645547 -1.60163236955484 0 0 -0.519615565910329
0.375350984075781 -1.630230363148 0 -0.146534095194315 -0.672690675427275
0.0706279819832386 -1.51114048451431 0 0 -0.601728539236045
-0.104122552526473 -1.12295613792373 0 0 -0.666309066849341
-0.0657649301182811 -0.58173874621056 0 0 -0.65585077626895
0.0268696650628267 0.052798233234923 0 0 -0.469937890046297
0.0920883104327346 0.586901370719281 0 0 0
0.119968202412912 0.729409208245295 0 0 0
-0.0854938171171555 0.574990611631488 0 0 0
-0.222119106220003 0.399355153928488 0 0 0
0.478790248222726 -0.322734771678021 -0.756209416080823 0.89243991156031 -0.50593390683222
0.769638819278202 -1.00857645277469 0.109877960807909 -0.397254752756981 0.555503140404663
0.211280818528637 -1.17287691548071 0 0 0.0816787523157582
-0.0308833079948555 -1.53188689703987 0 0 -0.176439448303288
0.111744233591095 -2.0004084461469 0 -0.355562071853951 -0.402049568045766
0.631225774367425 -2.12718491457003 0.0455554824810084 -0.306795659093302 -0.547323919749864
0.267832029499677 -2.04231135849956 0 0 -0.584551637385646
0.174012368328305 -1.70078696668778 0 0 -0.605841850521439
0.137466252341903 -1.22772073577013 0 0 -0.507074411068964
0.180890353530853 -0.592796621647432 0 0 0
0.421478534867534 0.0111928707770168 0 0 0
0.514647646478429 0.345089793423961 -0.201960033725642 0 0
0.483081492210914 0.126802615077483 -0.622775977571337 0.233312841791138 -0.323402780662485
0.62139176598015 -0.428429879012247 -0.842647054804591 0.910860310131064 -0.384207532451525
0.365721768987601 -0.557524363441879 -0.92637652119374 0.715226618951929 0
0.461800319880143 -1.06353629340053 0 -0.233952481225654 0.433073487701089
0.0935768851726642 -1.29442628820813 0 0 0.1468009402546
0.038147355504177 -1.78191610274792 0 0 -0.0353836932246404
0.0996707383268403 -2.20604421593033 0 0 -0.194413991621064
0.284338142331101 -2.33340791221341 0 0 -0.422921304450311
0.901146512590926 -2.42136846484395 0.122836765707875 -0.222876233471921 -0.362477855597678
1.24765211416449 -2.22082108962764 0.455319409893735 -0.172790570619531 -0.42260972689929
0.728654262156372 -1.87310148675894 0.179090515896773 -0.252612847039843 -0.417964851466638
0.392681715883465 -1.19483964957663 0 0 -0.240133726438393
0.634821228738004 -0.567199889905669 0 0 0
0.656603535239251 -0.287435391235258 -0.236991697148595 0.153429263971528 -0.150881725730591
0.760186288982758 -0.412764733603903 -0.519181936142571 0.429202924141733 -0.231028205754885
0.767346501960226 -0.769263318721715 -0.729177831544708 0.80146600864287 -0.297301128302862
0.539665422918053 -0.904982511081706 -0.881929207942232 0.623468327564132 0
0.341417600948434 -1.19320905301244 0 0 0.510682920493616
0.274232156228661 -1.57226359909341 0 0 0.338675506330432
0.252914714930221 -2.00182289933747 0 0 0.196242604185979
0.316878555104461 -2.34133092759751 0 0 0.0543691091322511
0.494084446448882 -2.45559364798282 0 0 -0.173697118844571
1.04940915849688 -2.36501873907775 0.0806690470284882 0.229850298327908 -0.0346359914302495
1.21247016751343 -2.33828757854719 0.14374342469916 0.257925017906869 0.112470753763117
0.974618593603791 -2.12685742004709 0.0895760644199965 -0.0235226335258239 -0.048438545163907
0.485674101152191 -1.7863326695259 -0.267221229374863 -0.0391793323990593 -0.0201267716846711
0.616862104492984 -1.27683646348612 -0.153705703178343 0.0724993174540151 0
0.752554052161347 -1.12649592890124 -0.288453343648974 0.346886114869621 -0.268220841035306
0.980931675409539 -1.20246507462069 -0.516621440453445 0.700648615723314 -0.283793505994441
1.11301851272358 -1.38841246152797 -0.72174329766705 1.03776778077404 -0.363338833983235
1.12637874680521 -1.64690690215194 -0.946128130646277 1.29887758036246 -0.415058377948732
0.375116609397711 -1.54115970157316 0 0 0.69073590570841
0.389437287007955 -1.8587831370158 0 0 0.54141528480997
0.428747399013543 -2.17559154022419 0 0 0.421977135131641
0.489707353187346 -2.43095722659542 0 0 0.287731816043514
0.650732507902087 -2.4691965898845 0 0 0.0887182389031544
0.56425433723929 -2.28130981877686 -0.338970105349684 0.756808094735512 0.621450852045004
0.679888855993263 -2.27786889037055 -0.314509195562075 0.718520554998421 0.701365424256378
0.78017751378608 -2.21320269487871 -0.330627844574873 0.475759179040289 0.540168638675011
0.325572136810378 -2.12954335200164 -0.264595844406658 0.255468020212908 0.022904867826783
0.369371203269905 -1.91879381224099 -0.349415812539835 0.338897494545914 -0.12954982262758
0.759521417422076 -1.87137214962453 -0.332244910296379 0.597890583917607 -0.406424185698939
1.17039505186635 -2.03297766008115 -0.569013623557211 0.977169496002417 -0.428620611570473
1.43502118578267 -2.16776204757148 -0.762533767162757 1.37599450530747 -0.478432637754944
1.47842179747995 -2.25508808603728 -0.932354595260303 1.71993686321965 -0.531114615107915
0.424665455578843 -1.84697307523575 0 0 0.887409312213372
0.485544062033559 -2.09724465358683 0 0 0.762622015628797
0.547294612476361 -2.32750134728838 0 0 0.642585722813663
0.582313455031687 -2.54065659135285 0 0 0.544689665528892
0.207189162222806 -2.69487625313545 -0.279296819511146 0.398070850117342 0.871904639243935
-0.0741028525500885 -2.20692028377513 -0.790463829955439 1.20895214608394 1.1899277467497
0.110827137980394 -2.13000484437818 -0.8663748268267 1.28492004830502 1.23519050603538
0.24894601269607 -2.10747062539995 -0.789126040778274 1.09237900529217 0.942715114042705
-0.122748540215816 -2.29266516766148 -0.594443129270963 0.795999649968397 0.166974047947197
0.203878107875038 -2.45333581339781 -0.588144946712351 0.65292561052864 -0.0107203928308307
0.752394927446267 -2.42464334531486 -0.774258598483763 0.697370799799192 0
0.996891518963931 -2.58430193696292 -0.675520880353893 1.09328687539556 -0.477659119861426
1.21074700339347 -2.64779277355789 -0.81065379532929 1.45776091375522 -0.574058562733468
1.5322702644832 -2.67456328600754 -0.881616809961375 2.00824186948556 -0.557113360341939
