"(Intercept)" "X1" "X2" "X3" "X4"
0.521143789541261 -3.72088790519308 0 0 0.445095304356038
0.662967384502305 -3.50808966011151 0 0 0.651830768529124
0.944729698938547 -3.20112332021076 0 0 0.830455892682141
1.08598828149103 -2.94938339887972 0 0 0.854194149526605
1.09514826054337 -2.56484576597339 0 0 0.665814592036722
1.11691604294807 -2.03056423804234 0 0 0.399091531504678
1.37865166045376 -1.72089281028036 0 0.381405483215677 0.180655373136403
-0.175774036165168 -1.74266795119319 0.558343554479244 -0.229564533025635 0.19726083171103
-0.589985602411222 -1.60803039942112 0.712361980943112 -0.245576249804194 0.0458872059097775
-0.795160375440017 -1.49016043591561 0.965463601735777 0.0115870336299584 0.195589668742814
-0.68147267129432 -1.62571977405549 1.299767133814 0.103541374184588 0.292434869159346
-0.607918846810734 -1.75976577432437 1.66520074094696 0.398155728822034 0.135614321939496
-1.59309217288274 -1.28680010231006 1.52619094127187 0 -0.450920517732319
-1.77745081619168 -1.42284199077589 1.72412908305925 0 -0.453908983754157
0.504783703103579 -3.34542047574985 0 0 0.319070782369824
0.689073189256897 -3.05549105794732 0 0 0.459151984618779
0.840177578701047 -2.61511587207981 0 0 0.499811712749276
0.996747810779318 -2.18823127881613 0 0 0.521490236935398
0.911292044063705 -1.77160215007833 0 0 0.228358384720405
1.05810399419955 -1.43469082275248 0 0.309493334982196 -0.0215595925518108
0.887140559226902 -1.00887799531227 0 0.292512498546275 -0.288547792168058
0.0230014646458902 -0.917070905495435 0.288615659181214 0.172605561947244 -0.256067526061374
-0.464908650005698 -0.844581033753833 0.447845102933716 0.0835270295890247 -0.333140649163846
-0.514092683306689 -0.8824784505918 0.571806615829065 0.116291255336301 -0.128386067663281
-0.27237280218447 -1.08676561277443 0.868860353181026 0.534682782067827 -0.0540549605658391
-0.223396267804358 -1.25702625903832 1.34483788695905 0.684485559134749 -0.115694133055292
-1.31395190706099 -0.839592466477006 1.30429762002587 0 -0.524351951400153
-1.63165988339947 -0.988784517741528 1.30127831587028 0 -0.386123761957057
0.840786914313536 -3.09879158959238 0.360113932283045 -0.352576254030323 0.577089895266554
0.725381495820305 -2.29327540690673 0 0 0
1.00820775193543 -2.02692625451084 0 0 0.334213363364159
1.14999688762798 -1.46398405162078 0 0 0.297325836511097
1.16881653552195 -1.30633977851011 -0.148666636536875 0.28751510541511 -0.122845658155077
1.05954112306673 -0.756192315897233 0 0.344225058811449 -0.334490424693134
0.73385733464826 -0.464515464743067 0 0.466826363037409 -0.666319069285612
0.595140386299767 -0.135662966236864 0 0.510023033188202 -0.863256998019714
-0.295491661489979 -0.0895398589364524 0.180165453912549 0.445750837805149 -0.779120841836826
-0.12367230195677 -0.30795848540352 0.22027014430072 0.59283668723402 -0.628442230076019
0.0343473780772194 -0.598244940908271 0.535692878549657 0.756663926765178 -0.397283372568284
0.00514681667730205 -0.744628754012195 1.00594576546474 0.71705337770996 -0.387761974836117
-1.08638536883498 -0.39951728243978 0.961148060060536 0 -0.529270141961636
-1.7278997026374 -0.754288540549106 0.751089590224562 0 0
1.52648324333476 -2.43099547482846 0.39518469523232 -0.44886351883836 0.644614187076901
1.14349133127692 -2.16401998305343 0.247049201107737 -0.420477754364147 0.405894555158364
1.1196945513527 -1.59016692083039 0.168380947490674 -0.273979184403137 0.2310640208261
1.22380669772022 -1.15371086832605 -0.0306660372388386 0.0648970820253866 -0.0639394548996846
1.28905323227383 -0.948106357112529 -0.204681173470635 0.423135989724788 -0.404108892855945
1.0677962047876 -0.557757029476262 -0.275540857820633 0.548916092318326 -0.640753171594093
0.790415196420973 -0.146976606723359 -0.283655169123409 0.652931513393716 -0.830342924359798
0.791279866454 0.192224880284156 -0.292009996018105 0.645742966798167 -1.16124712766558
0.358081728610352 0.45104289572439 0 0.652310256263406 -1.15623314165494
0.251998845934492 0.454762344675237 0 0.548355897025209 -0.975978148887344
0.121217263999033 0.019212896891023 0.305586936972853 0.73753939034104 -0.794983934959184
-0.125980845349693 0.0398716803873697 0.580598363276983 0.540371845605214 -0.758768756980432
-1.02163383343846 0.118795663705181 0.548613040048571 0 -0.560514319058807
-1.26819025636847 -0.370952657018303 0.501764055702578 0 -0.510201645884104
2.0665752664221 -1.89482832162906 0.34049073614145 -0.579727155267752 0.82874704368433
1.65183066016693 -1.58163898690294 0.167822067057753 -0.485147853878949 0.425610981666843
1.33373093754744 -1.2022254742091 0.053182063220528 -0.322995054359793 0.0900660449350755
1.02001552960056 -0.782710074377402 -0.0505527776700583 -0.0505087262103179 -0.376978595233226
0.927890672024995 -0.526229179167793 -0.1665188084995 0.372725462200167 -0.740234254442314
1.2664536570006 0 0 0 0
0.950263945155356 0 0 0 0
0.86050334555308 0.257639192985247 0 0.558874119249112 -0.994195899477334
0.823239289586634 0.553182182260581 -0.337904849457214 0.695342681649359 -1.11889537038609
0.216956587125772 1.00331161255705 0 0.38354713549222 -1.13721635985819
-0.287679197728264 1.01785675317787 0 0 -0.444412161004769
-0.780438754421773 1.11256474364042 0.319822873987147 0.244398816570738 -0.802467578582444
-0.932080258924924 0.675659725276027 0.210845413143953 0.039334974530307 -0.603309446528452
-1.1857026178032 -0.236880579896462 0.268686343802987 0 -0.542827397137662
2.22869085923367 -1.54732620372468 0.142357963148849 -0.880530638291258 0.807635423699349
1.97050842826196 -1.36151139740034 0.0216242736172166 -0.655577855498177 0.434269569986499
1.3520828727914 -1.10128825367735 -0.114876313302108 -0.456469082116656 -0.17037780812634
0.782485849353148 -0.809756273682485 -0.172127038687222 -0.171199730557104 -0.697678685886715
0.204552523473307 -0.576099580669416 -0.130028113971064 0.184618063140511 -1.19378692925499
-0.0596769618242955 -0.336680397956336 0 0.000882732105770148 -1.13123755398652
-0.069778196063066 0.21350175614593 0 0 -1.30375348453843
0.265333453768947 0.546905779630187 0 0 -1.04112708624378
0.287587635863401 1.01697867387176 0 0.354115722892036 -1.27524988854862
0.107400276108524 1.38520287213448 0 0.335238246105235 -1.15826275165534
-0.103680127713548 1.39496845561388 0 0 -0.859578082026693
-0.307470302625927 1.38667808523514 0.0109398444805805 0.38436816509063 -0.795491714295809
-0.813041198014227 0.813717773509772 0.0686840296141437 -0.0204753070824761 -0.442404323114379
-1.13181988609585 -0.19027386153308 0.143556050870994 0 -0.397193344536137
1.74228720067385 -1.34437215786059 0 -0.788682484873674 0.755450767361653
1.45216437939972 -1.23057234014949 0 -0.727870757642664 0.269510994735954
1.20045856013537 -1.1001655789305 0 -0.497738384884294 -0.0399677840288207
0.760520877711567 -0.926840325756374 0 -0.321915680935026 -0.420674542326594
0.399247339305261 -0.684246901432252 0 -0.0183228400174856 -0.97430247269427
-0.455205061989123 -0.434931944422466 0 -0.0265552100486055 -1.14585693260854
-0.819973845939367 0.115133720443907 0.0363186174884578 -0.042352794881792 -1.44833784487398
-0.143677798181055 0.60104093655799 0 0 -1.32620498063245
0.0654728982250913 0.957891891824505 0 0 -1.17357362898164
0.130524270282669 1.28276401142667 0 0.167758760413814 -0.953579493955652
0.0891058389866505 1.43186935737884 0 0 -0.773053187839633
-0.025654331818542 1.239444122476 0 0 -0.599876932180673
-0.306457547235256 0.862677311727209 0 0 -0.474818155938643
-0.777392598639387 -0.0666804827075357 0 0 -0.368247627066677
1.59980751302865 -1.22884419149445 0 -0.580486627598351 0.778789777912997
1.38022182463525 -1.28986361856355 0 -0.618579325001756 0.374628461051911
1.05878643845978 -1.19316983343477 0 -0.439259835012699 -0.0390282585093051
0.460409668061287 -1.13715774352867 0 0 -0.482924324305366
0.247130373598734 -1.17603767266778 0 0 -0.796197089558179
-0.398421625499114 -1.08186967476069 0.0561835725976679 -0.163336278241674 -1.22009599197141
-0.439305933214105 -0.479767561669194 0.0286486702737251 -0.0289542841578853 -1.12344746340284
-0.191857810196985 0.139580422255698 0 0 -0.902609093527538
0.01556815795894 0.749325366637718 0 0 -0.58515112526734
0.295853952732858 1.05666880582014 0.16175255192719 0 -0.621270392298162
0.117376419540722 1.1855569216611 0 0 -0.556502578096307
0.017909255233125 0.973274884066525 0 0 -0.456905970625814
0.0179115639770018 0.677475950492982 -0.222170385131083 0 -0.493645011782645
0.848153287687666 -0.275980380939267 -0.701670963191245 1.24055515792876 -0.841028698776332
0.729748732859273 -1.09054705200838 0 0 0.470949245003781
0.404203042839834 -1.02788972891214 0 0 0.0162455777721877
-0.0275969855879482 -1.2705638310785 0 0 -0.472387983024917
0.0350186711478992 -1.66745478359865 0 0 -0.570042519799864
-0.00882906920723459 -1.80689253220978 0 -0.180349085867833 -0.73982634833457
-0.019144224822659 -1.61175539052347 0 0 -0.652810576249329
-0.00627608414682763 -1.1297330385527 0 0 -0.675941245860119
-0.0693788172081256 -0.610950464193088 0 0 -0.719475099882794
-0.0790562901465335 0.104260689685622 0 0 0
0.0958969416145156 0.684914022220046 0 0 0
0.112488439502551 0.863405980403284 0 0 0
-0.0819330522994449 0.678148129136069 0 0 0
-0.0606732269995733 0.35639749795065 -0.434499737262004 0 0
0.164853413721097 -0.403487213055854 -0.617603923658574 0 -0.358124585735907
0.420806591247008 -0.779464106469589 0.212956730829415 -0.0804952542888724 0.44524288263028
-0.200854758875227 -0.909135671200627 0 0 -0.222476129728584
-0.236852195252304 -1.42630436276076 0 0 -0.362764107840909
-0.094749437870629 -2.11289079501069 0 -0.35819936767633 -0.480105824147709
0.17124312369968 -2.36093579103423 0 -0.385605569626151 -0.668908776098741
0.757438876705899 -2.16627581910514 -0.083447751797726 0.032170888301461 -0.649347560574973
0.64057356314734 -1.89491922996798 0.409840615672164 -0.285145432344085 -0.700590527696741
0.0475191852313971 -1.31201033175911 0 0 -0.505355612252087
0.180060417140298 -0.608869870066515 0 0 0
0.465191762814999 0.0997211396283409 0 0 0
0.556068654960293 0.519645764225711 -0.338293815417424 -0.203789976452596 -0.352523123882343
0.586949056036812 0.228590040620757 -0.676182918759042 0.356397017093532 -0.350525501206043
0.602507587071299 -0.45135604587828 -1.00370437928138 0.782516970658771 -0.448173139608784
0.913691714232012 -1.26943725683994 -1.14628219760975 1.16865221645151 -0.454922099171613
-0.124195268755374 -0.628353637935225 0 0 0.0446927310124554
-0.161807608962154 -1.12395516992498 0 0 -0.0664310059138366
-0.513448216960442 -1.58391807289308 0.229020361251463 0.169592276299175 -0.244547236811577
-0.165665757035514 -2.34013557718484 0.055010699222776 -0.215010539435651 -0.328647041804323
0.2565394005977 -2.68271323527434 0 -0.263864274896393 -0.396716196842822
0.989100783600099 -2.54668511398483 0.252987092479889 -0.278936645341574 -0.560729748585289
1.48530792596608 -2.25471623120811 0.496238854714085 -0.0359247610728178 -0.415991444644809
1.14926930901588 -2.01145402728417 0.362524809555042 -0.285548177829926 -0.494025232965072
0.475199202722436 -1.17716742840487 0 0 0
0.398177089460144 -0.448645684235135 -0.150092830219641 -0.0868693718317734 -0.283891260944647
0.481943777657119 -0.214200610705569 -0.34323988863426 -0.0200460399393305 -0.321729431526876
0.623211149180561 -0.37779624094689 -0.593124267656786 0.369170848490891 -0.503121997114285
0.902185540404373 -1.07994619436508 -0.933448248816432 1.03071554043239 -0.388121676807669
1.17988934057302 -1.75286233471697 -1.09197138023893 1.62604512036284 -0.328021879572468
0.097536086052713 -0.862384212899865 0 0 0.277495503375739
0.0101104923779372 -1.17313775947985 0.0925217486037579 0.343170817812456 0.0934557151105206
0.0370095254387599 -1.74280499177006 0.0477065004703678 0.310149112349112 -0.0553020741605937
0.064119752641877 -2.41360916148664 0 0.0619738849371302 -0.0675266288681841
0.561639063803585 -2.5324935170376 0.0722364776540742 0.125529791347068 -0.222654161047122
0.913867844822554 -2.49641022761225 0.0446110392493791 0.242078669259711 -0.0275914032202879
1.11136287340815 -2.40946655538909 0.0944678272544009 0.268054168523564 0.133412269491975
0.940015551177738 -2.22940540064312 0.0468623532670974 0.00489731246229282 0.0214709176533993
0.798177045371398 -1.70314045787597 -0.263634582367754 0.0619331127490528 0.215671305495892
0.287454990073973 -1.1779860007497 -0.200153392835806 0.0281756587669812 -0.286581380076297
0.786211604148708 -1.1374093807852 -0.288862518876014 0.323025947810432 -0.264513724168532
1.01611631344123 -1.27938781456486 -0.579414094905862 0.50391193727755 -0.344763088470149
1.08231882483624 -1.53399199013888 -0.935655590151962 0.67016445111867 -0.306499128986124
1.22750860344539 -2.04509690009444 -1.19914630797359 1.13286421412494 -0.39512993407258
0.384889619853912 -1.18717280088368 0 0 0.45288244450715
0.423081028391691 -1.54352226189985 0 0.271507422110381 0.40753559294647
0.416147872936223 -1.90032289043557 0 0.376355575447709 0.28759516943158
0.303763869469932 -2.28977632725905 0 0.351008244253695 0.16750033264024
0.252380340979036 -2.32356518586781 -0.155754248567625 0.746919292197825 0.248902787435572
0.429693663415886 -2.43409182763779 -0.320113425787533 0.796351005710132 0.600249874489227
0.76507233903552 -2.29849367495401 -0.332699943188403 0.870374244317635 0.829175515915562
0.740101398901371 -2.31259566154978 -0.399515142292166 0.479986171923838 0.628394042011539
0.618339183944306 -2.12707807731286 -0.478895350262166 0.368024718446893 0.479288898967233
0.33710184177564 -1.86915757707347 -0.247615021343217 0.410191272818371 -0.217157254901902
0.994902798825797 -1.98343070398478 -0.336106620320983 0.76218945378607 -0.365429349630323
1.31998803161187 -2.27384526553114 -0.706805401637183 0.842015204530296 -0.449711516679236
1.44332469509994 -2.47766816502353 -1.03732540569557 1.00948588126475 -0.473025022665445
1.56476588506882 -2.58421860749084 -1.1679644503359 1.46605466567316 -0.502542219867932
0.538605833122439 -1.46673158754657 0 0 0.646185569242919
0.650256818534324 -1.70242542164401 0 0.407742395978006 0.681971074172912
0.557783484326498 -2.00993513188144 0 0.429651491115123 0.554111761474353
0.380870833801246 -2.31223903302554 0 0.283424056413285 0.500647232901646
-0.160590452218663 -2.15199249959905 -0.420178225638877 1.05411521327789 0.750890215782574
-0.0820100202387026 -2.23284197158912 -0.721056642044678 1.23729523854639 1.28334087018242
0.127198819890818 -2.15333215151007 -0.852048719708538 1.34903232801663 1.39583530600511
0.370051282900854 -2.09140920688868 -0.832840944826967 1.16127462781738 1.08424786883696
0.0298199750263469 -2.38640929281681 -0.522183730121334 0.838936553824792 0.3160937480039
0.269841893222938 -2.40750128679704 -0.495054879806894 0.865723417481548 0.0216404274712026
0.723975465779957 -2.48374384470295 -0.498824845653931 1.23961241196279 -0.472260173683232
1.58064755335289 -3.15084925208992 -0.763554978920604 1.28956463143464 -0.622351541240245
1.79327546317403 -3.33391896400167 -1.05553282501736 1.49889738553469 -0.667119812893233
1.76931725092922 -3.36675096026266 -1.29929419619316 1.69793374380891 -0.694052717997293
