"(Intercept)" "X1" "X2" "X3" "X4"
1.50343651605881 -2.84714382958234 -1.21089774329019 -0.830635396476138 0.751522694352828
1.43614882542866 -2.65250012926297 -1.20919614860347 -0.653120240853852 0.733835302045041
1.66717057862109 -2.48311639952165 -0.575885857391613 0 1.14053567244416
1.45337597741224 -2.22228816431807 -0.371955838091563 0 1.22445394228448
1.32417652005538 -1.84233107208487 0 0 1.10195791601959
1.06451825674449 -1.78345267495161 0 0 1.06687040199696
-0.0182982307663971 -2.07213650938745 0.141803749861167 -0.255134582421441 1.23727948020764
-0.787070794771919 -2.21085616257542 0.645163875126837 -0.175566534572341 1.54653786769908
-1.14417788465476 -1.85059029738211 0.838645255342124 0 1.20450103018965
-1.73459044731508 -1.65265472669806 1.26478748312316 0 1.101217258234
-2.21076973097008 -1.7069323824583 1.88258303235999 0 1.00509535549958
-2.44939097478025 -1.59326239719719 2.47090563256948 0 0.620631501837115
-2.71728709254947 -1.46599541138101 3.00596697892834 0 0.332520464048947
-3.01833016883325 -1.32994137753541 3.44506095614863 0 0.165230439265484
1.55774816363625 -2.49631657716257 -0.988624685773463 -0.636226734945181 0.716760462276769
2.03204530358446 -1.82609329771432 0 0 0
1.46402587253289 -2.11475818447597 -0.64670621694788 0 0.728373503363311
1.22613557965577 -1.83405528082638 -0.410744068393972 0 0.828987405331342
1.0828959738245 -1.44238452376819 0 0 0.794037241002975
0.732472821598611 -1.3405007265702 0.0134953527336082 0.0698187071849723 0.731954694908501
0.352103133398932 -0.898965789830153 -0.0189214186563727 -0.173674842686388 0.759188259819188
-0.455721955076694 -1.09691304179854 0.150474812440573 -0.091353906149581 0.571798677344293
-1.00954935772612 -1.2718556160418 0.654588664910752 0.0874187710152847 1.28180313903958
-1.20715818426464 -1.02723668140707 0.837391596635992 0 0.765356949041105
-1.50950410831967 -0.977415622216348 1.39183098127699 0 0.631355978759037
-1.84547237843924 -0.824362373438001 1.8694097116601 0 0.370160645245408
-2.12308135786346 -0.711038384417956 2.32115884551694 0 0.180701106719074
-2.43847744467129 -0.606338159566719 2.71102592744731 0 0.0767652076505345
2.29499346245895 -1.85487280267004 0 0 0.291814901639988
1.82926900827723 -1.6548725580812 0 0 0.164462973322123
1.3639162932701 -1.52285667157137 0 0 0
1.04704901844383 -1.40787918986291 -0.378421208136265 0 0.324142051013119
0.909304133046228 -1.01187038756554 0 0 0.36885799333395
0.5963804363076 -0.843747223743268 -0.0942798056086028 0.100866265505055 0.223988985326848
0.526457926255386 -0.425388482854305 -0.205518976952645 0.180106442643507 0.225358594339773
0.225842339556792 -0.0553634793843383 -0.209562002655067 -0.111208012669959 0.253415534088173
-0.605289586037664 -0.303889803799788 0.18324444560866 0.205501826576398 0.10630588710835
-0.629903267715237 -0.319054986087686 0.404564115225305 0 0.506074484975385
-0.869688373764412 -0.255762783193394 0.871971031900151 0 0.300056898970423
-1.30173462985159 -0.0604529067858137 1.13548778366065 0 0
-1.66650558032332 -0.0189010541934374 1.50809026875405 0 0
-2.04406680662965 -0.0289660843557117 1.81430851856811 0 0
2.1378695059642 -1.7452985014353 0 0 0.414130669676064
1.71997810552304 -1.49805918079613 0 0 0.248572033849917
1.26437316918784 -1.23610303816791 0 0 0.07690692692195
0.965012648937077 -0.939325616129065 0 0 0
0.991548648261252 -0.65440428466046 0 0 0
0.655759199654772 -0.411724275761804 -0.383072912433064 0.18505016685861 -0.162295762745049
0.746360507491013 -0.00317721326254255 -0.404163431780583 0.440599209520557 -0.254923128784661
0.572231126671728 0.314991623033981 -0.322004209059264 0.311033836925221 -0.299904047071259
0.264642132269143 0.557552652323149 -0.243833854734057 0.278267117693754 -0.340925299861549
-0.0948582174363007 0.498853854344937 0.174751525828349 0 0.045056466296795
-0.488584210482057 0.474478891550307 0.2792436466199 0 0
-0.828183526029367 0.556595860607135 0.638696902788222 0 0
-1.12083703407369 0.504935981023337 0.844931442602005 0 0
-1.24556885847154 0.343416312579539 0.923867691342235 0 0
2.15369350912879 -1.489203116587 0 0 0.492356557301712
1.57045576219351 -1.36422197301759 0 0 0.368219430041205
0.98761968779531 -1.16162101791089 0 0 0.09516157380781
0.737504435500565 -0.807280279493317 0 0 0
0.509013113449529 -0.411052644395237 -0.371562873011938 0.230161259008595 -0.661667811070546
0.611192830409679 -0.0235535954879054 -0.452513005502021 0.283979619099882 -0.434341303353512
0.91466741807403 0.281532908480451 -0.587320428699103 0.16985702954459 -0.285149905386374
0.94336068073013 0.567272009914282 -0.4403209054204 -0.0699857376091608 0
0.88695242226346 0.905988872660162 -0.643504331898128 -0.0412534914732299 0
0.525225242854142 1.29342707467934 -0.455814067958407 -0.0742752264187558 -0.0224925311516255
-0.298609198621811 1.12754686782046 0.166515201209468 0 0
-0.749531022637255 0.825016650015795 0.392020435938978 0.257238810698984 0
-1.02642633837476 0.39602577193681 0.481163158582291 1.15952846330175 -0.000589929260282766
-1.58451907307121 -0.395093684137814 0.554608953901442 1.22613260682348 0.427409267086649
1.95309233304796 -1.67116662616695 -0.0853091355590717 0 0.720005235338975
1.39846170191258 -1.40033267373532 -0.200583526937162 0 0.390690707315277
1.01150240694995 -1.0144311384876 -0.257643234171282 0 0.128841221690449
0.700184608325535 -0.573526101658515 0 0 0
0.285882800213147 -0.260884847930017 0 0 -0.365001007691647
0.597379344048484 0.176324549741832 0 0 0
0.930204197274436 0.347554191781605 0 0 0
0.648155455743591 0.626445732649364 -0.477269670472356 0 -0.494307933425662
0.66148272862955 0.983104259271373 -0.485548738829374 -0.0756293538202271 0
0.551576108062015 1.36547849798972 -0.703861878677954 0.168855423490057 -0.103510938564131
0.422974248048221 1.4779151408057 -0.628981852837025 0.395967533370409 -0.515990264394147
-0.434304703195724 1.00949575755519 0 0 0
-1.33666455974428 0.571950211438376 0.538392806299284 0 0
-1.90308250237506 -0.0413246974543685 0.642538623793826 0 0
1.95667645358415 -1.47502975719198 -0.0103688415136856 0 0.799804262877661
1.40364621846455 -1.24508943204953 -0.123698218399824 0 0.516059385708495
0.621711369807018 -0.803276190367414 0 0 0
0.442741882073489 -0.683198296932461 0 0.257489690318134 -0.363793582136068
0.115351112634348 -0.595284861576322 0 0 -0.64443554380174
0.258521318907166 -0.176322294964106 0 0 -0.609948250219373
0.283386398234005 0.264251728483651 0 0 -0.699825948718714
0.375990649038118 0.683618327321432 0 0 -0.697220167604173
0.543666385789914 0.850483781912742 -0.401045299360572 0 -0.953757222622631
0.52700961596245 1.23243933370471 -0.763391206426819 0.0136181216290082 -0.719321994022578
0.479163495180541 1.56377996442854 -0.956949008237149 -0.11255474213243 -0.606364376392629
0.266415135634558 1.62713844209055 -0.68759733039199 0 -0.616548206769609
-0.51307539407589 1.20394151982864 -0.128737712014829 0.317567968531382 -0.233341145431622
-1.40621570862329 0.176860856126143 0.322745562486099 0.323585621451371 0.506743968016048
1.69037170497461 -1.26098360300206 -0.0731463189238431 0 0.848135486220278
1.13483676500347 -1.22099335194774 -0.134339921245878 0 0.314641098370851
0.678404171074906 -0.993404437668794 0.0703418794394578 0.334340790031894 0.0254253472459274
0.313179451023953 -1.10371072086888 0 0 -0.643590177006252
0.214294694376834 -1.0957984097732 0 0 -0.869717456084356
0.425499821630239 -0.712462047933982 0 0 -0.772071562143845
0.623644023547595 -0.244065758994478 -0.152326420459444 0.14717482430697 -0.799869325277078
0.341145064138861 0.296338365604096 -0.277094167270657 0 -0.883187799387627
0.50878602341185 0.539915915923843 -0.392322811560121 0 -0.9829477317234
0.650932366058331 0.933616389090596 -0.536146113389302 0.130873610809829 -0.810425809032123
0.205032110093987 1.38656356088126 -0.738531894239272 0 -0.722834694309951
0.133560144253047 1.63565633972838 -0.808607897031739 0 -0.664656768570148
-0.0191405721108998 1.94593203274764 -0.612716820819332 -0.216806307758354 -0.374362780030701
-0.867932069361921 1.08523388106799 -0.227322311653594 0 -0.0884492752895904
0.631967829921013 -0.964636024507689 0 0 0.320029534391412
0.517392364419251 -1.00767816653648 0 0.139378174032111 0.173920454077378
0.298571321660462 -1.23701575580747 0 0 -0.41680570090409
0.19778232612887 -1.59052417178834 0 0 -0.782795859723408
0.79650809006079 -1.60631702479478 0.389015497151608 0.458514339064538 -1.13072074026581
0.669675313120422 -1.28885053282517 0 0 -0.937550602445011
0.546092658002381 -0.846099173163967 -0.139455660093422 0 -0.944477358775245
0.517636688286828 -0.448768579107563 -0.204611676682286 0 -0.874091909553693
0.472503691715048 0.0814562863860337 -0.459637358583084 0.0578407916992949 -0.624602693271502
0.500901580690111 0.5666503163982 -0.493226291892446 -0.0442165630293951 -0.727278140226317
0.275901921831373 1.1445567389587 -0.483699960873066 -0.360835940972437 -0.675402037782645
-0.0800982302424077 1.59812457472651 -0.665065078014548 -0.463616922727818 -0.761394660979536
-0.210254709725139 1.88319489523467 -0.38053709167791 -0.342450494941606 -0.433070057542887
-0.400623981947294 1.8957643964984 -0.31475500184987 -0.107159113483359 -0.0365411713627482
0.536279023620115 -0.689214475685684 0 0.133648655472995 0.595819440990033
0.342982569727679 -0.920307270824127 0 0 0.0067935173828203
0.494155221454 -1.38479951419577 0 0.0292281492282013 -0.107004491513775
0.466850451088707 -1.85986175908498 0.289952752646239 0.116138310319538 -0.549277069187579
0.900510243702901 -1.84687707030575 0 0.320456683342281 -1.01879585333954
0.844641595774279 -1.79261307736448 0 0 -1.01592624655033
0.532559281498069 -1.50865581156396 0.0666692704164658 -0.190063304308456 -1.12758109814524
0.62096135283014 -1.15720535938506 0.00937911971071011 -0.122682399576177 -1.16580539468383
0.538993372349989 -0.425486615708656 -0.323984661791203 -0.119430838160574 -0.889918723360958
0.351339068033946 0.215727231079521 -0.367957031424657 -0.283741909672988 -0.656966657237716
0.427311786671158 0.676001637463254 -0.303172754502004 -0.554620166079956 -0.547712067503584
0.217473689740337 1.17064859734585 -0.108108221210512 -0.836476904943554 -0.431133462897518
-0.209225844824321 1.51087269997466 -0.184837475484956 -0.664649114899225 -0.361394644167144
-0.372504114257447 1.72184038668543 -0.0868438071546981 -0.453266749017491 -0.0289942092418867
0.253788789501296 -0.736845007771544 0 0 0.224516836059014
0.390223851502623 -1.00712724924133 0 0 0.00306386561425652
0.551235881191647 -1.40412320430129 0 0 -0.156108550578047
0.527279999298865 -1.90043390357581 0 0 -0.428175799192339
0.875714557274264 -2.17144565404952 0 0.0280708240546509 -0.711695044844142
1.14488198291658 -2.2437917985442 0 0.0414243757606864 -0.909070146638894
1.06067874371148 -2.16720676680431 0.306903381214278 0 -0.928786215408397
0.658551382867057 -1.67243208574613 0.0527877319533915 -0.269822941515412 -1.17239063265233
0.454791924979155 -0.878727847698926 -0.132707874136819 -0.333166736982509 -1.25687700689656
0.158774146064823 -0.285507786425937 -0.313924835200779 -0.554845575693477 -1.0516505719005
0.204932768341149 0.137953809517595 -0.0892855430384808 -0.717981361081852 -0.76467928605077
0.213142348159028 0.558278352904975 0.0761040862164831 -1.03154206443044 -0.522978739114629
0.168522441501155 0.989101988186728 0.328077979525121 -1.19356817174983 -0.18625508350094
0.000610080726704888 1.33722326971938 0.427338066661124 -1.07896401390866 0.166621604551902
0.514758398925365 -0.762979678960549 0 0 0.377321199945856
0.67333750460436 -1.11197132916135 0 0 0.212054919260119
0.889079316996107 -1.56972744736146 0.0577878629926286 0 0.0823719575653762
0.825978972775192 -2.05292784413887 0.0500711122139878 0 -0.284867819800962
0.881774555972969 -2.09088653164574 0 0 -0.694645832127356
0.971182220247597 -2.32551322634392 0 0 -0.646732474640613
1.04340788500546 -2.37747600178898 0 0 -0.668582645623499
0.615526246394053 -2.00155353455969 -0.0522077184303767 -0.215109998228858 -0.868429454387359
0.126419329886288 -1.42375047930733 -0.466789077118681 -0.582270527421758 -1.05169335381177
-0.119680150372541 -0.923506529059109 -0.262525213136777 -0.801736360250981 -1.35179608980189
-0.199165635495041 -0.532249021668906 -0.245143491508947 -0.999699117023612 -1.04488685482416
-0.12431785235446 -0.0486194270808503 0.149685341800802 -1.24436857514468 -0.712858106028315
0.0396973989507479 0.314062180542099 0.44373506882617 -1.52228219185953 -0.325872358719779
0.0926655298076387 0.714596445987701 0.63781502611831 -1.4669733875301 0.0926242944689226
0.73371638985805 -0.883510909915969 0 0 0.45297951313182
0.75523582357345 -1.26417574084722 0 0 0.248640628905017
1.22893705487543 -1.47233094506493 -0.235545750325836 0 0.162467718527103
0.907297468291399 -1.83599876759888 0 0 -0.13292014010519
0.936510721351409 -2.05041153623966 0 0 -0.292211713950164
0.971626690694267 -2.25281230127387 0 0 -0.229380215667283
0.81513728902821 -2.76588422729019 0 0 -0.0772407993081961
0.995682596832808 -2.28018722299864 0 0 -0.458052898277027
0.419609966075148 -1.85234795804584 -0.232872621367114 -0.518440992054038 -0.83805317155437
-0.609859211006833 -1.39387404926961 -0.422763651693771 -0.982587688621434 -1.32900963908121
-0.726269461000962 -1.09593375033042 -0.284977225662652 -1.29956886921135 -1.30989697153129
-0.249186469343265 -0.68669369356382 0 -1.0569571771163 -0.777699351547551
-0.234772603264572 -0.385048144347859 0.337124204611307 -1.69664006726897 -0.511655426017488
-0.0981937543696253 -0.00403033425826366 0.620276728680616 -1.88503556278689 -0.129400666084046
1.08857921668962 -0.980302716004356 0 0 0.69918084406648
1.17779782745694 -1.24291871460081 0 0 0.547815173857998
0.92573691787118 -1.49918879690166 0 0 0.170092566470485
1.00460135910571 -1.70895237240926 0 0 0.108212199804751
0.897222132985654 -1.96124977131152 0 0 0.0835469276822151
0.957137502393791 -2.1292552066177 0 0 0.110076194482724
0.5533597056448 -2.98321759230735 0 0 0.468598156609107
0.721619286559616 -2.89327308357297 0 0.149819110270942 0.190932014700519
0.761848346743605 -2.31322281913885 0 -0.263579613538062 -0.654226655943084
0.0490204090898106 -1.98569336246149 -0.224526038815113 -0.733137591398816 -0.896338326158568
-1.4807326295071 -1.55784429104922 -0.549574328395147 -1.55774480571937 -1.38614149696216
-0.412418524944171 -1.28837474797935 0 -1.27154169388783 -0.754415980136251
-0.347511905323406 -0.890762019861637 0 -1.13749593602973 -0.574450423767816
-0.410856168340596 -0.648988667797072 0.536939553190367 -2.13045528428812 -0.338595655388519
