"(Intercept)" "X1" "X2" "X3" "X4"
1.26749912929649 -2.9889079809981 0 0 0.776142086808874
1.13059033172551 -2.78655732572468 0 0 0.684133111626168
1.07917660043381 -2.51328559367803 0 0 0.596692916673565
1.0296739848553 -2.2339303540116 0 0 0.476821520580164
0.956760835953862 -2.01780928933462 0 0 0.398532402938598
0.802741268794258 -1.77054423165138 0 0 0.198724021731765
0.33688229392922 -1.82080386417457 0.437231702230794 -0.00626122424611055 0.468936693799136
-0.0907074585850558 -1.81499847638272 0.65946926236703 -0.00866241904576967 0.556702844273206
-0.396301885577299 -1.79534077794534 0.796583780594489 -0.0386790791284384 0.500817706763332
-0.66385606404766 -1.81224446818498 0.994193196942005 0.00831121556988425 0.448747623491701
-0.898553086941488 -1.60185745714891 0.61744302702241 0 0
-1.2061598333417 -1.74358115897975 1.00555835919262 0 0
-1.49199968113016 -1.877424849168 1.38261230231041 0 0
-1.74974792829544 -2.00845456521358 1.57269074705682 0 0
1.24116442448416 -2.72414721563601 0 0 0.641622986298924
1.05314089991733 -2.51489803980173 0 0 0.5023391580679
1.02529336155732 -2.18841470680141 0 0 0.440564041886407
0.985644916506929 -1.82867632441085 0 0 0.286057080909565
0.923565077289845 -1.48708038232277 0 0 0.122420690382941
0.81423912850102 -1.1407235559305 0 0 -0.119732636578909
0.427602414627332 -1.05748451631287 0.23461752131324 0.0512087551590838 -0.0605608628712152
0.0591283347333485 -1.03458650419168 0.368508626872272 0.165076707888938 0.089840006193051
-0.278695271420827 -1.06143784340135 0.533001440916591 0.156756634709487 0.109523163129079
-0.484297254849043 -1.12425662386162 0.701573448764474 0.169619333961952 0.0669924978553701
-0.80151142923156 -1.00962115528222 0.608656224898602 0 0
-1.11017388262319 -1.16157796793465 0.926597377801009 0 0
-1.35604192746761 -1.32395232775691 1.23060779760899 0 0
-1.63154908805205 -1.49534327351887 1.39747397998585 0 0
1.29980575021185 -2.44567981418648 0 0 0.592223358300819
1.07937984550826 -2.21755775509504 0 0 0.397447416093984
1.02487285209523 -1.86202281228656 0 0 0.279577785505549
0.975856279980379 -1.45698578472978 0 0 0.133299480815559
0.882769089614981 -1.1668660987686 -0.0839227238184978 0.170631153255422 -0.116184841883903
0.720261270698781 -0.835101202272798 -0.0657253400870301 0.211628297132233 -0.336342203416222
0.54374233180583 -0.504465178126085 -0.0100708077723066 0.242396380107791 -0.455534588523229
0.281602314198836 -0.358962147122659 0.0711320492567977 0.340644186944887 -0.434996415895638
-0.0721020799830597 -0.328790043347174 0.232069664981158 0.342060483407923 -0.340121411828888
-0.2865739377769 -0.458420510228721 0.414474676160391 0.34483322862889 -0.318648225285555
-0.693347850224155 -0.452473548115285 0.549708059650436 0 0
-0.983862444413007 -0.616982751129085 0.780909745479612 0 0
-1.21608335460883 -0.804887775309065 0.97404494251897 0 0
-1.57603356450142 -1.07884329235592 1.07418185701864 0 0
1.45312395071494 -2.14626433280278 0 0 0.561769275289275
1.21675306234403 -1.88443037314333 0 0 0.348857401907498
1.08492991416321 -1.53630838917016 0 0 0.173380013120361
1.01646942943534 -1.10013779058966 0 0 0
0.881883064994477 -0.841624974015918 -0.236937041196087 0.269697203595175 -0.334228734058814
0.763006627138451 -0.489975841328175 -0.289575564627036 0.381334282962781 -0.540291617029458
0.686119703760054 -0.130898169632831 -0.276963611720484 0.432409085527106 -0.695986314593323
0.64457260990631 0.122704414166634 -0.22098737819046 0.453518486325135 -0.796405944179448
0.333388755811689 0.236651222534567 -0.099902775232444 0.464607485211674 -0.747340825462727
-0.0909595277911033 0.187213376783597 0.157356166466593 0.444522345587176 -0.58169858266512
-0.611883536890809 0.105112736715463 0.4516112080225 0 0
-0.867096738105866 -0.0823528391735883 0.555477198414522 0 0
-1.16341064698313 -0.383144079676157 0.642716769263894 0 0
-1.55284643618809 -0.744727804313947 0.65228845633503 0 0
1.59655250677458 -1.82919833700015 0 0 0.652286119017953
1.32637307627982 -1.6006551117387 0 0 0.330700200127207
1.28535479212829 -1.18810822385509 -0.0055474630803924 0.0941541899583899 0.0751231467087518
1.00730921065364 -0.876672922957304 -0.161584606440837 0.201583938382579 -0.236535160262314
0.793647965720759 -0.617646893384554 -0.312760293242668 0.314320924625348 -0.476544249477948
0.717854363547141 -0.285088586608254 -0.361038281293183 0.377415548790578 -0.636885925475884
0.680425966439502 0.048891470257381 0 0 -0.552728862838005
0.697966451663627 0.361800225525483 -0.375297360232766 0.407576424942777 -0.897881538874342
0.565878482109296 0.55656307792409 -0.298341200904212 0.428410033863232 -0.860705864266997
0.0337420016603085 0.613565998015053 0 0 0
-0.396211819741622 0.562103816539979 0.248061559089768 0 0
-0.792912083534678 0.319359296201305 0.400771207499004 0 0
-1.1265094921707 -0.0411213962753784 0.451788660746656 0 0
-1.49884279830022 -0.543743838946213 0.444513045240809 0 0
1.6624433377643 -1.63520967591376 0 0 0.849376447213384
1.4153852254068 -1.42956085688525 0 0 0.481686705266567
1.15308975924218 -1.23655422710861 0 0 0.126270419678102
0.87120807368792 -1.00071839575152 0 0 -0.191255808173192
0.518336536334836 -0.670416665695213 0 0 -0.501852089369934
0.271321769811581 -0.281871693772514 0 0 -0.81807364034659
0.405898943430484 0.126507708587685 0 0 -0.993792430203931
0.506939745629685 0.420305640789412 0 0.106180286197493 -0.737064660009305
0.48761885374496 0.666448020664202 0 0.168256058042621 -0.711733676147459
0.198631134184395 0.901599951362519 0 0 -0.676968094579964
-0.079648300985675 0.907804101456908 0 0 -0.494854715927074
-0.526271039551197 0.704524504030282 0.116067770420669 0 -0.287239906054139
-0.970768761827611 0.203131423473462 0.266634095226385 0 0
-1.3856281902072 -0.451403862570135 0.2597359330864 0 0
1.53995491892001 -1.40840243248948 0 0 0.916440707600234
1.30585614315171 -1.34637560806191 0 0 0.4900322275314
1.08454027354194 -1.28168421797187 0 0 0.0782516701235085
0.789885555707337 -1.1158421055358 0 0 -0.341870577762126
0.386922364544432 -0.797623515667657 0 0 -0.711617913254151
0.118891291461398 -0.434832612149543 0 0 -0.84594567346402
0.197546578609228 -0.00399868126990633 0 0 -1.09237762228558
0.297244739924013 0.388492338570027 0 0 -1.16693963883244
0.338776959289013 0.656813057251464 0 0 -0.910944164917528
0.199802667597264 0.832477958520087 0 0 -0.784048953998193
-0.0212072275916805 0.83149605091681 0 0 -0.468701367440352
-0.192932863516903 0.696425125855295 0 0 -0.263854788719454
-0.552958019235937 0.446844388640662 0 0 0
-0.991768395558001 0.175075966451099 0 0 0
1.30526505373988 -1.37045792336611 0 0 0.872233662429598
1.11785622476541 -1.38863331025853 0 0 0.471502017208138
0.868771107772692 -1.37678620365488 0 0 -0.0161575739992116
0.575962648672947 -1.30546317568182 0 0 -0.465681771032106
0.405109138509642 -1.10840526496667 0 0 -0.785428175923365
0.289571268127202 -0.830347974798759 0 0 -0.839131836022099
0.244836628533125 -0.418612596663447 0 0 -0.871361825089274
0.264475571190384 0.0159231063343068 0 0 -1.01653812311473
0.216956049420154 0.370296831834827 0 0 -0.964246930226189
0.268777537981969 0.604605453386977 0 0 -0.770079792327268
0.135559836592228 0.705507447658368 0 0 -0.4503566320813
-0.0223372206362402 0.754201315254651 -0.315303476780776 0 -0.314636567646134
-0.440273224753565 0.407986838692113 0 0 0
-0.582463401442101 0.356028347864074 0 0 0
1.04365264953835 -1.34367268052159 0 0 0.761048220515614
0.768348517649887 -1.32452924220063 0 0 0.31100354094148
0.482760132315504 -1.38298188340191 0 0 -0.117669256319106
0.381997695150744 -1.48882861548443 0 0 -0.52561521389292
0.463756487378114 -1.46704362398932 0 0 -0.789264635725999
0.430674149500553 -1.29110558611324 0 0 -0.747609474036484
0.337165004888355 -0.941338558247038 0 0 -0.60600923218301
0.317807504630488 -0.466671229004503 0 0 -0.761044651601814
0.322131229145945 -0.0350543247374535 0 0 -0.703423011034772
0.419421004894666 0.314467750195545 0 0 -0.562458894606911
0.283639560706488 0.462607392780706 0 0 -0.319215734490405
-0.131838413656393 0.354033917415779 0 0 0
-0.26590963050394 0.309236940452982 0 0 0
-0.403781792166785 0.249283366642966 0 0 0
0.625575761414008 -1.25608888408747 0 0 0.463717580968771
0.424662361792086 -1.26171571751628 0 0 0.133199036131121
0.306237949794884 -1.44468014492932 0 0 -0.139000823443366
0.330964369478781 -1.65884435715565 0 0 -0.407408115731286
0.500156473111482 -1.71936978251578 0 0 -0.650583622307532
0.590844489351859 -1.68778012838394 0 0 -0.698624894371638
0.495136265166099 -1.42808559753046 0 0 -0.521551545194993
0.450262986936227 -0.97404574883781 0 0 -0.6276807398948
0.414958426395609 -0.482268178405019 0 0 -0.589826289401525
0.55620889914678 -0.038919439772232 0 0 -0.386719549992848
0.457038518018011 0.125386646806426 0 0 0
0.289371885900766 0.151896657377777 0 0 0
0.0402346494314193 0.109470508373432 0 0 0
0.197398779625959 -0.138111371110522 -0.988393168367851 0.58435431273123 0.0275485686579681
0.421662192547244 -1.14399047859612 0 0 0.33806809706857
0.377531321382329 -1.2558700943268 0 0 0.1662159809514
0.354429911741617 -1.53898174892101 0 0 -0.0459570800715371
0.443994655577634 -1.7690871516285 0 0 -0.270301375381284
0.629803823081704 -1.86467328620847 0 0 -0.457665103344817
0.973794702143221 -1.94113728754666 0.171469147371614 0 -0.525206974846365
0.712906030722266 -1.78755924837234 0 0 -0.670031749891802
0.609004050528975 -1.44502441142885 0 0 -0.457214435182763
0.601311366099596 -0.985277876362421 0 0 -0.528510905664911
0.703418197702952 -0.551251160557628 0 0 -0.483598913818051
0.794320390678309 -0.290960823528237 0 0 -0.259530790687337
0.73852587070962 -0.194597306314306 0 0 0
0.515739885469907 -0.193649799295493 0 0 0
0.22862601923634 -0.162994362002439 0 0 0
0.437459437184297 -1.10858583949386 0 0 0.395344907918002
0.455454001152595 -1.32839081267281 0 0 0.248768632911263
0.476738014728975 -1.60740455747995 0 0 0.0277477847441613
0.616617103140368 -1.81700378151244 0 0 -0.157441777830538
0.762337663308329 -1.88373294351813 0 0 -0.294410363989943
1.01774211017337 -2.02451640362385 0.185349955516995 0 -0.377982915405319
1.07897248297695 -2.0123209832842 0.138683786427564 0.0235256277803009 -0.315688369265232
0.832640572867266 -1.76840910462187 0 0 -0.485748723403926
0.767288627643306 -1.43338594795284 0 0 -0.489209729767145
0.855936198712418 -1.09096318536185 0 0 -0.445872208960789
0.637272223600124 -0.868947059591902 -0.359047347641165 -0.0671061081439648 -0.397180767819221
0.992932466238968 -0.640480266403157 0 0 0
0.893911114045117 -0.543642153089915 0 0 0
0.652335351513241 -0.450674610162966 0 0 0
0.435734735211086 -1.22722291522925 0 0 0.404317563129816
0.513907169566423 -1.42065940239911 0 0 0.241734430213142
0.609461906363721 -1.64170687144036 0 0 0.0725479632093588
0.744611193008295 -1.81617325068943 0 0 -0.0677724911895718
0.842079048986025 -1.97144661690417 0.197712655854655 0 -0.133618024649307
1.01011381893614 -1.91395464670279 0.21828624173313 0 -0.210162575873463
0.906722671624215 -1.98194278576539 -0.197756621124999 0.325177229585869 0.145781336763557
1.0618886729806 -1.77246675195947 0 0 -0.356414466666383
0.925129775953449 -1.81858054540775 0 0 -0.393186185636336
1.12288853550126 -1.47770536231033 0 0 0
1.16710480421995 -1.21012645247967 0 0 0
1.1699479719493 -1.02443287981512 0 0 0
1.13227635063302 -0.881451706426209 0 0 0
0.934987127926501 -0.695038316068706 0 0 0
0.534958792025549 -1.31589250060133 0 0 0.479774675396611
0.628410979460046 -1.5051294748033 0 0 0.325560797666246
0.730761311142618 -1.69879403583727 0 0 0.162232333650551
0.839545012512933 -1.77412543039374 0 0 -0.020416038880795
0.879953626466876 -1.92083707267229 0.202295919123516 0 0.0238637583584929
0.94781044898949 -1.86086723475975 0.203902531716372 0 -0.00408594763668522
0.774671305408899 -1.86659791975327 -0.481842267899442 0.549772361168615 0.485576538937079
0.713048990845989 -1.97825706096581 -0.559405750734708 0.530225343625908 0.345578908478166
1.23039684871457 -1.79563678957591 0 0 0
1.2781040411093 -1.82204578621042 0 0 0
1.32623614414863 -1.62122583169111 0 0 0
1.34365936031216 -1.40924161358758 0 0 0
1.300109332788 -1.18117439431286 0 0 0
1.15533213979649 -0.948417088084572 0 0 0
