"(Intercept)" "X1" "X2" "X3" "X4"
1.82600175808188 -2.32975002331605 1.28806162603404 1.08942195541836 0.0480935551504343
1.46954527224711 -2.34375256898795 1.17716908193005 0.914599845637617 -0.0510314657324127
1.56458780683047 -2.14514183944078 0.934722409700991 0.853728726242018 0.00900079748117381
1.57927110385607 -1.93475660025495 0.778715267354739 0.728418441404166 0.141282579458939
0.778845237208108 -1.97480544734341 0.69582615338443 0.255972475801587 0.352399413018833
-0.104310185161278 -2.12203448498765 0 0 0.3528850951189
-0.165798924035212 -1.85495197029743 0 0 0.14556115078572
0.0767564767415726 -1.77132177809032 0.000602115147704236 0.590369849041812 0.68032727105977
-0.820866421300021 -1.65070193919039 0.107093712878799 -0.00255521809287737 0.289253691800005
-1.16211031622459 -1.51158019032314 0.583308150327436 0 0.184309208134454
-1.59108365714035 -1.47968875083955 1.21980305107584 0 0.282846529883452
-1.9140690445698 -1.44443005451984 1.8638309199959 0 0.312460093306291
-2.02126873000639 -1.41643230786311 2.23928735525917 0 0.210959091849213
-2.28797589062638 -1.24179502603645 2.30296007465114 0 0
1.72111387549678 -2.0383686248454 1.18903929320026 0.98832200252771 0.0131237119818875
1.36326146895002 -1.98479859425168 1.05742783968531 0.80993187043518 -0.161165761083102
1.41414170957434 -1.79317948416622 0.772315666731297 0.763575985117577 -0.185500139621464
1.53438269062626 -1.50059784524996 0.606509022505923 0.694390861088542 -0.127655605803242
1.24459882871115 -1.31512100540349 0.544762862668868 0.476393182628818 0.00013809199674502
0.764380498550066 -1.19655915459506 0.33469883043785 0.277379636112372 0.182363587048634
0.524142783967846 -1.1461176497064 0 0.434557821216611 0.227714131934327
0.093840462979594 -1.04244759013899 -0.342538251600393 0.474458808347726 -0.127457262693524
-0.612115699450662 -0.898588031844556 -0.0490362295516438 0.160666677036205 -0.121259588180454
-0.765663048873483 -0.785707178222058 0.355617556914906 0 -0.102693744778726
-1.29633832840769 -1.11564427809701 1.15831383211379 0.181180274529602 0.332447085686864
-1.42215244646281 -0.76709733783866 1.45706731832466 0 0.0697038951279767
-1.5131763414958 -0.797976664337145 1.80580534639475 0 -0.0162840070759055
-1.9208593604578 -0.766083176575259 1.93935552793204 0 0
1.66596888540927 -1.82295953722693 1.03972423219936 0.916977121424219 0.0284651676436845
1.28737098483538 -1.72624190800864 0.769595235134409 0.756584806526213 -0.226396579627511
1.38239967059813 -1.41470687558605 0.532921627382663 0.713441949618001 -0.302636470378694
1.52440364966262 -1.12150261215856 0.338816329002469 0.709167690268009 -0.340320982909591
1.40304418068548 -0.857896057596208 0.239593827764902 0.607771804850526 -0.347004773992899
1.12208521096786 -0.66872974328911 0.0845449386644183 0.512210002502805 -0.281958890738711
0.634362822603936 -0.460615324217656 -0.223715186108079 0.408157308080879 -0.387172200900547
0.240529633089014 -0.354514352765509 -0.35390041686986 0.546635095229655 -0.460532412803107
-0.396925774498507 -0.0964873658635241 -0.0445989654368702 0.322929392781724 -0.408561969325253
-0.296782021023031 -0.421056841675671 0.0733545276671397 0.354339708669308 -0.169185648442989
-0.601341425685357 -0.0583942365036409 0.48718987316069 0 -0.26194097240501
-1.01291896709042 -0.127156847651631 1.11430645263959 -0.0956041709445768 -0.423070686494855
-1.12753386732564 -0.188546796714307 1.57929790730765 -0.186592552942006 -0.424929853203825
-1.24535264088488 -0.455953949397732 2.01918825873447 -0.404722107886311 -0.344619442562909
1.64196612320036 -1.70983374288435 0.939719972068623 0.808945429623516 0.114946440219604
1.3150711833468 -1.44782193093284 0.60137056214392 0.674778668153453 -0.190198700757305
1.30204935851756 -1.1544537323114 0.310178171592286 0.636113253604339 -0.348949281285494
1.48228836668718 -0.817269820390243 -0.0468323079355971 0.737873469781227 -0.47531043484476
1.33021961461888 -0.614062160796524 -0.102534393268032 0.630570531441526 -0.604060903620632
1.18868650163769 -0.377042151086252 -0.278602865073698 0.565025714871452 -0.674013153303448
1.0224778717552 -0.14531529053663 -0.71492575434664 0.650075333730424 -0.827474362883129
0.800216112515438 0.0310867129182512 -0.6118195680997 0.686561710169588 -0.742461226957587
0.0573032175069647 0.557988111748961 -0.13108311124683 0.451751415459114 -0.676677981547604
0.0108130902875714 0.526360674785604 -0.110118098145314 0.362817306201565 -0.771668634713584
-0.227474905878967 0.603378699059719 0.111183175062107 0.218377459759795 -0.715897534541491
-0.539329695593452 0.695306693168682 0.421790886711095 -0.0799365084569026 -0.858084535549244
-0.601087416520665 0.411656950884302 0.736819721426882 -0.0789662900870167 -0.601535638803798
-0.905273579376578 -0.330004752375075 0.951208571313961 -0.258705736275909 -0.121812389986115
1.72758254219573 -1.53015094721735 0.835651532816683 0.526515905089893 0.341079977221888
1.36762173327345 -1.25258117489489 0.512651672434087 0.580718031005768 -0.0439132482882247
1.1664210735427 -0.941508657711844 0.227007080316783 0.5829465653019 -0.359318024204406
1.15179637324243 -0.670957059138575 -0.0795199677124481 0.636451080189322 -0.563330531049134
1.20089832943971 -0.545049395677329 -0.389247265626016 0.703839398528216 -0.707215137120568
1.01340637044633 -0.344406765637223 -0.511773081944954 0.453033940115272 -0.904210851717222
1.00333418230036 -0.0850430059866779 -0.777113234506956 0.622102835851243 -0.787094688771251
0.782453145526962 0.141086731276608 -0.650328529717154 0.592696109036576 -0.735570410229085
0.727792375656243 0.270752497210195 -0.490753462989321 0.493882756619612 -0.707010625726537
0.223917788487012 0.989164341282109 -0.195962290845679 0.3028174981848 -0.889017967544471
0.0162427025937217 1.40909553219181 -0.094696990051348 0.363186997966392 -0.882419002193964
-0.201778156038093 1.35583297450098 0.00585151886993689 0.360985810489432 -0.611967409792454
-0.742378614128368 0.64407921575434 0.142305167526656 0 0
-1.08722648621342 -0.516660826947032 0.0907997437922352 0 0
1.72969233795654 -1.36766471707151 0.725524747242717 0.37045734139678 0.58210049731369
1.43180448296373 -1.12539727322608 0.377295652364718 0.453450170117377 0.181174860664422
1.21382543728101 -0.894319440688319 0.161199796423624 0.603989447641895 -0.186133282680094
1.0248570099731 -0.710821611982918 -0.0173215283782484 0.664575790969822 -0.525930550365786
0.661922044750095 -0.542015555250029 -0.188069914750896 0.455087636317448 -0.828091601532162
0.485554441452763 -0.238717913884003 0 0 -0.950949340622229
0.869422784929995 0.00378243450429953 -0.396321195133587 0.385500149489303 -0.983876096640129
0.581473290580815 0.253144425073222 -0.264633172991854 0.324727145162519 -0.876182504862652
0.521379185654518 0.609286504781027 0 0 -0.503805460130426
0.344074409285332 0.922669335637598 0 0 -0.661137266035556
0.15715590722168 1.15671327135265 0 0 -0.590602327214778
0.149008998626829 1.5069854706277 -0.237881511333509 0.433208635751656 -0.598762524527866
-0.167720000035521 0.752117968543834 -0.167398355260948 0.231509784874687 -0.276433861005766
-0.944780638220318 -0.458084114987195 0.0114364775149306 0 0
1.74243089637504 -1.22534652241839 0.673695597397181 0.34467638382862 0.901480878670106
1.47504990262649 -0.988564393319927 0.449288154720159 0.407135290120308 0.531828690806518
1.19846768718758 -0.839011624010935 0.254649486001045 0.489784213996782 0.0329205893730021
0.808381175425569 -0.795983225410868 0.0974572396226824 0.51212595108207 -0.597208851808979
0.651268464906263 -0.688803368625458 0 0 -0.848981123599984
0.348014872895414 -0.429016402818912 0 0 -1.07640010530538
0.444282566100388 0.00336247437772396 0.0523264298800705 0 -1.1502949253632
0.57293699281719 0.380532864438264 0.266669190388551 0 -1.08768910460925
0.577327756820705 0.597104211064019 0 0 -0.820906942432128
0.370591487434346 0.838303126459073 0 0 -0.64772330868948
0.293110463076222 1.09326313731845 -0.224403236404971 0.170306667608113 -0.672569075608462
-0.114310370495344 0.720764315944892 0 0 0
0.0683132481243492 0.847590450198994 -0.245427755315745 0 -0.324057871142027
-0.259234646150563 0.461163682757537 0 0 0
1.61295386213105 -1.15087918542517 0.506618239795759 0.304231850371585 1.04045275019761
0.643096121149851 -1.16925642640717 0 0 0.132500751039393
0.778967021659567 -1.0377923205979 0 0 -0.0615826734766005
0.742651963168729 -1.0837079572521 0 0 -0.595453723573047
0.706616907287023 -1.03856908033945 0 0 -0.967537875575877
0.544398595679716 -0.826122647922944 0 0 -0.95612244502037
0.55424413154592 -0.47916723428656 0 0 -0.90593106909765
0.619517378106471 -0.0203763431241625 0 0 -0.922352419840399
0.518232429646141 0.405336063476115 0 0 -0.766391451985843
0.373613756834705 0.683549274769236 0 0 -0.524559435402246
0.466133180412487 0.855861898541938 -0.107812270733138 -0.0736143704839967 -0.59971336194905
0.7091502521445 0.92878615418401 -0.368136656336413 0.318691920891777 -0.58779954999461
0.60221635616101 0.773048272491718 -0.562403235770617 0.754061067081215 -0.360592821339728
0.271450022227256 0.397166885785617 -0.674760293286755 0.827965640558536 -0.12362597441328
0.45267810365763 -0.752944406870245 0 0 0.446851376904302
0.358388916038005 -1.01013123198248 0 0 0.160942635474443
0.290539888837739 -1.2624290552847 0.25009142023351 0.171119971056284 -0.141137776041445
0.375191231631591 -1.47951749904238 0 0 -0.595346460592154
0.612637537742531 -1.42214962255803 0 0 -0.8760666421922
0.706193305990437 -1.24285418520646 0 0 -0.981944061699502
0.664462360998685 -0.90644897694707 0 0 -0.873607946051703
0.583379508247191 -0.420053070596999 0 0 -0.592434049335784
0.389012595239447 0.0432137471286098 0 0 -0.36607957073105
0.445527454722418 0.336060797693592 0 0 -0.339993947460945
0.607122753662963 0.630020097390166 0 0 -0.323504133905869
0.819800603652581 0.839477951381693 -0.253596167440095 0.324186926583691 -0.198929645058068
0.765303639723154 0.586341911382099 -0.486419198835521 0.629461287051966 -0.156985195194564
0.667768220238051 0.344839115470874 -0.673967661761301 0.861477663319154 -0.0233778293011588
-0.120175739039984 -0.726771242805059 0.292558239965604 0 0.470536882456791
-0.193152301315857 -0.98269766717664 0.40622499930347 0 0.213089821004485
-0.0914592839936412 -1.41869642720218 0.412454290240941 0 -0.0814723531285838
0.205541185969772 -1.78337976491694 0.185116536561481 0 -0.397329967442388
0.57314827236212 -1.77228452407082 0 0 -0.674976098682389
0.757176638800046 -1.63795486310643 0 0 -0.851136873337092
0.634919961212685 -1.32036282942979 0 0 -0.629170563959645
0.626088290404886 -0.908824972548882 0 0 -0.632894291618624
0.570704718404299 -0.444206738884496 0 0 -0.661578750413298
0.755344356413214 -0.0858999466895641 0 0 -0.431055538951119
0.851444926942286 0.184223786019942 0 0 -0.16872959685869
0.888382362993402 0.340880338355516 0 0 0.013437326518375
0.813370535201517 0.265742076629324 0 0 0.139616633697201
0.363163157308399 -0.0321877003171455 0 0 0
-0.234052256002449 -0.786666579687067 0.380079674227648 0 0.618977538891515
-0.357559784434588 -1.04497295810832 0.617527239288543 0.124764706067594 0.406507668544369
-0.18116064828135 -1.52279643460594 0.546869344051901 0.145961967569661 0.118315468744015
-0.220887863814051 -2.0263528321582 0.531461875044657 0.152404181726412 -0.0838575710113132
0.627756575329838 -1.89076805812599 0 0 -0.441476285151762
0.869196980907665 -1.79453770533826 0 0 -0.715632948421997
1.0452929010356 -1.73133595764297 0.420145532882077 -0.185827381645958 -0.770289216133485
1.14485368449246 -1.34398622108707 0.290524149245474 -0.267427626489403 -0.947904663231173
0.701111105914154 -0.810268423824523 0 0 -0.63426718526943
0.795679946572041 -0.543949472352763 0 -0.19672639304247 -0.481454486174221
0.958601383841583 -0.31763150409679 0 -0.119456168514876 -0.205711735111309
1.14764503013212 -0.274603394770431 0 0 0.0412288328626008
1.24660583451635 -0.146375166318309 0 0 0.315971063450281
1.21062902438351 -0.178238934819822 0 0 0.44495125932612
-0.334256107140024 -0.696685258711582 0.695034099363445 0.287668290756715 1.15251383149691
-0.210303433943949 -1.03447325339668 0.612604665113713 0.436808874143663 0.818170951313498
-0.0950136557100735 -1.57702940505973 0.520303707538978 0.490787475684296 0.507926814519154
-0.256103644232369 -2.05325814878469 0.556504588634239 0.432806775819127 0.173088311876204
0.369512408818935 -2.06991349316952 0.415704342667167 0.373254278946344 -0.2456379339613
0.85429245443625 -1.9083486982791 0.325648529844972 0.510789325501806 -0.367809059824981
1.00308420589415 -1.82603434295134 0.300747506738724 0.311589152974299 -0.443446582005663
0.953621016929507 -1.52485496353575 0.077398131143338 0.0476921238432389 -0.545222445000123
1.08439947601642 -1.23474315338755 0.0917912693859369 0.0012594103686748 -0.389641456571001
0.950209621925693 -1.0616138560252 0 -0.122875611942037 -0.414988880788563
1.18567738854606 -0.904583580591155 0 -0.049381221283412 -0.159171169751557
1.38758270886335 -0.885524924784963 0 0 0
1.59088033465205 -0.749309651368488 0 0 0.270418445432177
1.63454115872236 -0.673303793423074 0 0 0.479543266015907
-0.174937491375958 -0.686789522555326 0.676585099420284 0.692229514637363 1.5233258032563
-0.0696258836545367 -1.06846632787214 0.526540520844655 0.814355056922706 1.18896779058781
-0.0893115583929329 -1.56615820278203 0.47939944016549 0.756136345589701 0.875338794751962
-0.155335200237076 -1.82078067443545 0.50414047920254 0.735530692385259 0.342257595372448
-0.044281891139359 -2.02477121597322 0.416511720694847 0.654399152542488 0.232840502714743
0.346752358857033 -1.90998602945773 0.132253872373069 0.72154459710362 0.18259578453406
0.493954060337555 -1.84677091707247 0.0103367156068374 0.715358121948116 0.185065437285219
0.942895866240478 -1.60632563552984 -0.0309454349016657 0.596639018353342 0.140991267278267
1.05454130532656 -1.53541574279135 -0.0254014146867402 0.352919711027882 -0.105105542414401
1.21022704985039 -1.47423885165418 0 0.0340316166660716 -0.235022877676672
1.49892699368718 -1.39052582069113 0 0 0
1.7059929935008 -1.40106897775936 0 0 0
1.91153688960789 -1.31124317271246 0 0 0.227887244270585
1.99179673059914 -1.1892597923219 0 0 0.457591410865493
-0.005249663561184 -0.740259224495509 0.584460242381203 1.11844486120927 1.70683072376249
0.0516548164790517 -1.05065532697941 0.479155408780701 1.10596782486724 1.41295883715882
-0.0653539236313271 -1.32722688087384 0.476705542158129 1.06074405644377 0.816319140813874
-0.206209577761568 -1.60225582110859 0.464580029112129 0.95694185384867 0.478257370985582
-0.462766566121795 -2.00011161292446 0.377943239010716 0.774824099754135 0.739660794769757
-0.167971078629574 -1.91912760686451 -0.00193789423682339 0.907428072325986 0.723744973074453
0.221842229772804 -1.737754636672 -0.31751994490036 1.13359912005199 0.755979840949795
0.677926797325315 -1.66989561178832 -0.29670568562114 1.09727477157061 0.617114938874882
0.964295341372611 -1.66882745216851 -0.262556953743905 0.86805085149211 0.346505744752616
1.34887842328717 -1.80747719643361 0 0 -0.22205251421756
1.91888598708225 -1.85704104436558 0 0.309080637983515 0.225029463356221
1.95003623040482 -1.8250242337931 0 0 0
2.10471260043426 -1.80589456999097 0 0 0
2.25986348829679 -1.68040308724383 0 0 0.378060987845798
