"(Intercept)" "X1" "X2" "X3" "X4"
2.05679251538459 -2.81538081660933 0 0.202929327604195 0.563010223649202
1.74935953013732 -2.74495838007183 -0.405180916399959 -0.0901222347419015 0.400360952628017
1.42071748802838 -2.50693491032306 -0.2824077765301 -0.162771311019147 0.143153572379481
1.22995122728138 -2.2420392324661 -0.189120878399971 -0.175596570236409 0.0274927709964883
0.81202383774104 -2.1434178775362 0.00397533108618819 -0.253078168669643 0.0929366785027493
0.475814605798054 -2.05931358204528 0.222194236260062 -0.27500592192107 0.230919034084553
0.236320604024383 -2.08592682774064 0.520288596425937 -0.126730928357659 0.575854830589085
0.000644384287024773 -1.98130869264451 0.77825799915539 -0.0854351695485826 0.652140690665689
-0.320768692078818 -1.81981585121912 0.922261446484965 -0.180749317893848 0.503560127823698
-0.658688480351596 -1.74679133033229 1.08622492954998 -0.270279363692487 0.391072333655315
-0.946917334252366 -1.69569362742245 1.21845647950465 -0.33914664209163 0.127202737344515
-0.951513690642011 -1.73611276390866 1.05987235172334 -0.0541470399401513 0
-1.4646432489913 -1.78090440035847 1.30178174848859 -0.233199025628174 0
-1.98508789731549 -1.90111416021304 1.50329868612683 -0.405779777597237 0
1.87448460519236 -2.56579531773483 -0.426317192873498 -0.0758778445370426 0.546555885116823
1.66008221605805 -2.41460064756989 -0.406677106730801 0.0139619735331956 0.360476812799379
1.40691275037088 -2.15939931361616 -0.308345623917654 0.00954167668642631 0.130433996143658
1.28546752448779 -1.85233187024316 -0.255685203312748 0.055661366616855 -0.0162413758055341
1.10050649026135 -1.56814866919252 -0.172011337527719 0.0601328100258638 -0.111796331382163
0.680535628800872 -1.45587204539305 0.0168054248231001 -0.00772110813132961 -0.0741724460975422
0.550272121153618 -1.22442200808802 0.166924229788358 0.0316545730295551 -0.046618805747772
0.202067977502742 -1.20955249080901 0.455423698169823 0.114502480174996 0.105522153310609
-0.177855139903062 -1.11725741857183 0.650587869175837 0.0173601974655287 0.118383559088089
-0.473799380141998 -1.0928952095208 0.830635555805303 -0.0592973091397157 0.039474298719925
-0.77001066381051 -1.10143011485567 0.982980370452225 -0.134133635192075 -0.0931744903846042
-0.992176409761083 -1.23382908598514 0.959605458342485 -0.0563737165695372 0
-1.49818318103977 -1.36998807171076 1.1651664218833 -0.21001422750043 0
-1.98062047521191 -1.53897815590563 1.34374666858562 -0.35043314767585 0
1.81674030357198 -2.3345736613801 0 0 0
1.72824073115391 -1.93400527917724 0 0 0
1.39813809449946 -1.81189577887759 -0.367381988799969 0.161113227814891 0.171814249399631
1.27001772623426 -1.49308857955903 -0.325340759168938 0.236653606031958 -0.0291603104002994
1.12974542240837 -1.178603195028 -0.315594288787584 0.291320292999125 -0.235678181802327
0.883471091725048 -0.91407069046518 -0.204875614172168 0.268743258909004 -0.356469113901569
0.768500225999828 -0.621595124606113 -0.0869539419896432 0.277156691771052 -0.350047807834063
0.551562509945225 -0.401918037733946 0.0185601649102667 0.256155835626723 -0.411933104372646
0.0862627397061185 -0.447192504540657 0.346873027117414 0.236710035070453 -0.259234183938619
-0.254623835923752 -0.470937209465796 0.545926039560365 0.151454604038934 -0.217454856776097
-0.507856031468366 -0.611227345198138 0.619464992961986 0.145122712861481 0
-1.03699953326835 -0.804921750012798 0.837412263444453 -0.0486996642492492 0
-1.53092445180175 -1.00974709664141 1.03388422066439 -0.223110826010742 0
-2.01052525381346 -1.26809464900077 1.22782219010468 -0.379342603069711 0
1.81204222946384 -2.12709651206265 0 0 0
1.55490142693429 -1.82864991647343 0 0 0
1.38944146528129 -1.50610890303376 -0.352257624422569 0.239711850511451 0.161037181399715
1.24271852408745 -1.15472361054324 -0.369008177210917 0.377627322754269 0.00942857960196862
1.1107794263542 -0.82332511294728 -0.405949107367861 0.458846701089263 -0.219264143338179
1.04829503435282 -0.514813139580698 -0.436018862453622 0.52953945474282 -0.438696621397763
1.02814238809539 -0.112020887426451 -0.383668749729402 0.461199751624414 -0.538690318798668
0.821300096955611 0.119408289601204 -0.260480249608379 0.398668129299464 -0.563030498142926
0.553900667463097 0.101559517442303 0.0463800046790288 0.467042446603557 0
-0.0573472776718294 -0.0564469250765786 0.288387086493839 0.360473798079162 0
-0.568641669808281 -0.278744508388487 0.508076645566459 0.166612893292804 0
-1.0376336290231 -0.483721102270317 0.709328857402483 -0.0506854608271133 0
-1.4665480636183 -0.722022277923194 0.85693479224262 -0.195575885303712 0
-2.06063701961289 -1.04540947158922 1.04570004855981 -0.412786639334535 0
1.92127027322141 -2.14697492795666 0 0 0.554305038775342
1.63082341632201 -1.73869073410176 0 0 0.299429603333489
1.23944875758915 -1.35501510480894 0 0 0
1.27147404279566 -1.00651370818589 -0.403394911564052 0.455051786750512 0.0223589538598678
1.16852632897641 -0.701531617700346 -0.519308975982861 0.622722736240781 -0.129282849464384
1.03850039531844 -0.414809414791421 -0.583175789128644 0.646450782744152 -0.391548052754532
1.07132161035858 0.0311216326094858 -0.544622615344839 0.508396962403035 -0.621812643961049
0.917969670385359 0.34061550040201 -0.428170940244451 0.445986166861813 -0.657735386001568
0.651037232291589 0.466955800669724 -0.296902295905886 0.48519585891616 -0.583562876231787
0.162264819055995 0.31810988650503 -0.04591374608828 0.419201651999723 -0.459230779144906
-0.405671730781196 0.0903599504628439 0.275992742324004 0.235126094049148 0
-0.848580226903548 -0.142099777630514 0.415581536603443 0.100653292129848 0
-1.44264953661357 -0.49324887566734 0.570964463387898 -0.147081841208388 0
-1.92976176027739 -0.502909644975643 0.51290449339114 0 0
1.92986888678408 -2.11154436110661 0 0 0.758581391722019
1.64997456672591 -1.81157204877275 0 0 0.401754823163496
1.31568693409023 -1.43240178829356 0 0 0.10350714770624
0.973259506573799 -1.07071518503429 0 0 -0.0946951310710152
0.701897195199821 -0.680563842885352 0 0 0
0.728009022797503 -0.296142983728668 0 0 0
0.762458722524666 -0.0721122072440138 -0.418492173326908 0.229787950842949 -0.679629885197524
0.918873744638964 0.261594153209142 -0.499130638141494 0.373257517188042 -0.874961741696906
0.743805500428046 0.443061086121034 -0.430864509870059 0.406073403794924 -0.86953616599289
0.42686744896223 0.594021347210614 0 0.146432912075765 -0.718356621321593
-0.321320692535011 0.239822218569884 0.0295141332286291 -0.0202630555527795 -0.382707364416029
-0.920314976607944 -0.151444856932628 0.301007701064769 -0.305733564599237 -0.180567201736687
-1.4293446017902 -0.498281953515147 0.48422408739609 -0.563278831636946 -0.0410487227948726
-1.87334973114834 -0.879530794815835 0.660407076065855 -0.707863016088837 0.0112897762732589
1.80554253410399 -1.96033023363025 0 0 0.839842077352322
1.55200124743855 -1.79369372947448 0 0 0.418550829235424
1.39431831906269 -1.57295863799519 0 0.168620619769916 0.17518561700768
1.00864917020145 -1.30816001857085 0 0.168428374929324 -0.0657849559139913
0.538639879452186 -0.880681428614086 0 0 0
0.356129365068207 -0.461054739212984 0 0 0
0.24280201435182 -0.0870192527338757 0 0 0
0.528737546564727 0.130260087294985 -0.304107697753837 -0.0269452736151636 -0.809872098669104
0.567781847205561 0.398139030682382 -0.379548495677957 -0.0455011627304453 -0.793776867520042
0.362205830364162 0.5936299765891 -0.444946367322151 -0.0421457755163438 -0.784471642498407
0.108161459160263 0.725287556570171 -0.489483066495275 -0.119234241916653 -0.604874254549625
-0.550721036204714 0.17708620718187 -0.182356076468102 -0.356326424891704 -0.324211028864687
-1.0537908026727 -0.403634355503922 0.0927390341541913 -0.478091633976248 -0.195692163885076
-1.36846789680934 -0.593968814273226 0.0445302114916459 0 0
1.62917082553447 -1.94168894997966 0 -0.103982039663083 1.04338821179377
1.51166937906952 -1.73930973143181 0 0.03253265872835 0.647733823680052
1.40213467966277 -1.5654069303321 0 0.182229600080756 0.271111258868559
1.17331424527655 -1.39701890909828 0 0.253748781581746 -0.0305022289842501
0.668007499837802 -1.19363992242608 0 0.283670292106038 -0.221186804448768
0.304344019858598 -0.80859952546194 0 0 0
0.132941401951734 -0.440968459106412 0 0 -0.34683064306074
0.288217628898748 -0.178543620171949 -0.170121537434857 -0.0192817875377141 -0.759167089742091
0.447053646473198 0.197269522384358 -0.319607189254508 -0.0736092345948228 -0.777644706704627
0.380337677583642 0.497102566263679 -0.508474871557059 -0.17463670643294 -0.627025073587551
0.232686504499833 0.754113996103246 -0.690676213819866 -0.213383416650013 -0.480150655614933
0.194710264445768 0.781526687735366 -0.597125011537371 0 -0.367972269557651
-0.455757974801623 0.194663164821134 -0.232655594487785 0 0
-0.930268791739398 -0.451323940389423 -0.288696763125642 0 0
1.38696195706948 -1.84098001220828 0 -0.235525358103155 0.940425505369007
1.33482682127795 -1.71988083784581 0 -0.113750735717752 0.653210988807937
1.25733105123469 -1.55094214287598 0 0.073690136081116 0.280579651697909
1.15891639941502 -1.42467634122183 0 0.217424079083185 -0.123744074932207
0.939498886441039 -1.38446513200328 0 0.205955159970076 -0.360461435307371
0.6048614832132 -1.17451933368738 0 0.070469352079901 -0.446594532367396
0.243360422955998 -0.907472202639434 0 0 0
0.304833724663316 -0.532451458141401 0 0 -0.401933317900506
0.390989732386867 -0.154934471914216 -0.316497741807199 -0.0485491462683037 -0.668961303667295
0.391058886089577 0.217421331247414 -0.5248209877353 -0.19757168709793 -0.548773572789916
0.323969585623667 0.54248866648826 -0.615152527752758 -0.259578622841072 -0.368438870074363
0.30754259064988 0.653734996288925 -0.741969971372821 0 -0.318645855900496
0.178577439091583 0.643612977700305 -0.845538612293009 0 -0.292986039028422
-0.431373511577143 -0.0510914483193079 -0.693000304102833 0 0
1.1939838711461 -1.83948428613555 0 -0.438250950951325 0.896104131995912
1.10913109826683 -1.70845871298277 0 -0.271552237526253 0.579521955045106
1.04747538839558 -1.60096701169522 0 -0.0980291818757156 0.227447262179872
1.09934579571591 -1.56924933360464 0 0.00271102247704488 -0.105228792682144
1.12028396587316 -1.51699927610428 0 -0.0374847665987796 -0.347856989117962
0.946071904792669 -1.41863875845336 0 -0.0866269512234019 -0.433803856531568
0.579185526751883 -1.37106456708936 0 0 -0.320206150163556
0.515257754149749 -1.06018906277288 0 0 -0.260690520718013
0.47230449559979 -0.607175426995095 -0.254874725343728 -0.0274800531544588 -0.540082181532012
0.404875594121148 -0.189870371234973 -0.365366491607212 0 -0.451288844417789
0.388902281107924 0.165012885367264 -0.557641320866121 0 -0.381847098949606
0.351868298758832 0.397129176237453 -0.745857443928144 0 -0.336677351175992
0.241354416676975 0.553123586206227 -0.982485490791369 0 -0.259752001524236
0.148955603672524 0.50049958302806 -1.05482109850428 0 -0.272754921858848
1.01194508927938 -1.83230674411628 0 -0.616200369080919 0.814498117581568
0.889101257095513 -1.71645897406308 0 -0.416029374321932 0.490677088850321
0.907097188639994 -1.6972915587032 0 -0.302342855612306 0.206353001803008
1.03998326418148 -1.74617728209614 0 -0.252921628882891 -0.0475858404006176
1.12315849682816 -1.67066673862393 0 -0.275945575382753 -0.239112267222938
1.14902389283204 -1.61146253246941 0 -0.321149608687536 -0.339728398810186
1.0017444731501 -1.56716411306934 0 -0.242465108825772 -0.401574699566359
0.704018476615311 -1.52259565687879 0 0 0
0.636127111734934 -1.14018135988329 -0.181202809435808 0 -0.436054162570819
0.562607758115363 -0.698542529041965 -0.30907140944642 0 -0.430319175758956
0.447548534821596 -0.264524316834937 -0.511166947437655 0 -0.401640203214985
0.352729581795859 0.0688605398009015 -0.755134245862533 0 -0.38076873592927
0.258955995332704 0.303347940334426 -0.983753358439707 0 -0.316729358498241
0.190072751563474 0.407123586712678 -1.14285914185509 0 -0.287258041221785
0.848763342319007 -1.87924739739786 0 -0.817067831977446 0.743869139679324
0.820501065670689 -1.80160969893423 0 -0.651675597624472 0.483713278193072
0.903077934165071 -1.80244385001932 0 -0.56087751125913 0.21767632101873
0.998342764335262 -1.79523132968722 0 -0.464706166252224 0.00866768567069533
1.12123696093582 -1.77298051446386 0 -0.494981181781951 -0.106717330439056
1.20324897187154 -1.75048399538584 0 -0.534567980090993 -0.208224586784721
0.980812836744023 -1.66023213040696 0 0 0
0.916407487174053 -1.68921636470033 0 0 0
0.943742669550585 -1.59530728005876 0 0 0
0.717163723845446 -1.20226952674081 -0.341842979656525 0 -0.46583218331145
0.611863313383783 -0.795875162921834 -0.509906472633624 0 -0.443924544828402
0.451704366998475 -0.41038857600521 -0.729052126138988 0 -0.412900825900457
0.376876039594486 -0.115939290963404 -0.895283899640347 0 -0.368839644175693
0.194940186155827 0.141416221628068 -1.15892390907963 0 -0.325512752174707
0.772445473843326 -1.97714508161722 0 -1.03825597533612 0.727121380743546
0.795922163451642 -1.93561232491512 0 -0.926086224788415 0.488885348152534
0.934025612392792 -1.94980576374439 0 -0.850510971753977 0.281748099812625
1.04310820195168 -1.89294197164658 0 -0.705640844743819 0.101519165941521
1.17920156670042 -1.88259881317265 0 -0.705600554911642 -0.00644211486560489
1.23990482933661 -1.87041868071237 0 -0.671745171646354 -0.0681642411761462
1.13099172506016 -1.68910288038519 0 0 0
1.11254665621984 -1.71965486807473 0 0 0
1.12837475108395 -1.71663603715684 0 0 0
0.889272428399988 -1.69650061769576 -0.388482157964304 0 -0.471111384308834
0.749623131204027 -1.30986128403347 -0.538992887172716 0 -0.476238134195977
0.623878682654451 -0.934193254565243 -0.70880776333831 0 -0.442831179917053
0.423476611001265 -0.534776589629836 -0.924410299201523 0 -0.409848819362876
0.278145391887675 -0.224527426137713 -1.12788094565506 0 -0.36950228494702
0.710606340891103 -2.15412478157469 0 -1.20323056621661 0.682130911603633
0.798967370464356 -2.0922777791208 0 -1.12354635908482 0.486784718986773
0.953365684022876 -2.06360761452806 0 -1.05327279010358 0.326505896071599
1.06685737481409 -1.97693703025548 0 -0.856632167509787 0.162798644969009
1.19471636082231 -1.99353967094656 0 -0.812390655875833 0.0971915015806594
1.1852539728754 -1.64110743994372 0 0 0
1.22845295250265 -1.72550899943291 0 0 0
1.24643165327449 -1.74843839882224 0 0 0
1.26671939740328 -1.67571304442381 0 0 0
1.3165061231878 -1.61678177697701 0 0 0
0.863944696700084 -1.71757507092607 -0.613641790098228 0 -0.425477899885999
0.784008457980817 -1.43538144336543 -0.713052978250817 0 -0.475080355988671
0.551622168803203 -0.990340919173797 -0.91152917437348 0 -0.438476865586494
0.384491138701818 -0.620274393861716 -1.10116509483989 0 -0.398291353850085
