"(Intercept)" "X1" "X2" "X3" "X4"
2.25915939717755 -2.80838785404726 0 0 1.81187503459284
1.91627299288702 -2.66683856814088 0 0 1.3064216920724
1.6526881195076 -2.42010917940794 0 0 0.539498783613785
0.631791153180908 -2.59568644622167 0.0678944339783066 -0.45866298737219 0.104916802517102
0.338514855523807 -2.32262569106753 0.21393396951944 -0.49501071697371 0.0678180010230464
0.172847279221176 -1.93505028878484 0.328954650795942 -0.470420824871934 -0.0232417555010155
0.170072427690813 -1.5437102162231 0.525717338801071 -0.385838137596324 -0.122382166874495
0.0161222871751855 -1.62254063571622 0.671631581937689 -0.184767314167854 0.505957987067871
-0.25528943985666 -1.60027540477347 0.992981977669805 -0.0893895916587724 0.684075274827984
-0.472366877427076 -1.2838880939746 1.14035859580267 0 0.233346437170756
-0.697911400258138 -1.25575740556167 1.46741740882137 0 0.0776438244335229
-1.13542515535339 -1.39890051450342 2.06400950489487 0.186349925629914 0.104954075036914
-1.63231504212898 -1.2520734494514 2.62248568895077 -0.0946764809027101 -0.0902158257552006
-1.41324060982985 -1.37214544308723 2.3811474600909 0 0
2.17914816041467 -2.53964132395289 0 0 1.66321540942754
1.81894271012588 -2.3865230099942 0 0 1.17746530298372
1.58399524191573 -2.07708818526649 0 0 0.659166835836975
1.18756648692183 -2.01387992951979 -0.251556333912119 0 -0.59840847500515
0.410803253782025 -1.88192898910219 -0.0263973685665486 -0.306784690614178 -0.237816365700178
0.269423623352384 -1.47217220352925 0.0773452663088405 -0.262942091228861 -0.318932930291478
0.351545310958937 -1.13193080881249 0.267937882714815 -0.0791077134032052 -0.358788557887865
0.192945337153189 -0.782271720887916 0.177070411978288 -0.0417636740634528 -0.206478576145946
-0.0281577197053469 -0.790023716318879 0.402645083411226 0.0875408333418024 0.0112340017678063
-0.300939712496675 -0.616333212682321 0.57264058910834 0 -0.0359949347480156
-0.60377070031217 -0.918587324461715 1.12067605765582 0.392796586915867 0.0699873570033833
-1.06602059083053 -0.713809423727513 1.66211750736707 0.0921764328607046 -0.111434098454003
-1.43071468625517 -0.611196158765283 2.19572610792772 -0.22897982458491 -0.299412805450075
-1.34365585299472 -1.03296360131632 1.94726272482178 0 0
2.13379228867692 -2.19386812953496 0 0 1.49702828263125
1.80840755978172 -2.0243850667693 0 0 1.02474241098088
1.53045078963625 -1.73534337491661 0 0 0.514491141618627
0.782596773774734 -1.69129756651634 -0.308589613269602 -0.179410058583003 -0.0989088443078927
0.472477532661727 -1.42955046013694 -0.324569548395167 -0.109763700885984 -0.449421208581738
0.405269628477651 -1.01758394005316 -0.203931158270135 -0.0131540649677496 -0.570805360553867
0.510907213288707 -0.698699429792695 -0.0590424578178518 0.27222185978093 -0.592611820638887
0.339732105670416 -0.347703419736762 -0.12951850499972 0.275448915272414 -0.515903961838489
0.222359563180199 -0.010480073820025 -0.102192529721066 0.206801075121982 -0.54251482235937
0.0438363492161256 -0.206903755800098 0.113367094501898 0.389120779775415 -0.279537233260015
-0.367885665585669 -0.165822036090179 0.619456361957774 0.227322618431744 -0.236309750803497
-0.84562891756319 -0.063403964684596 1.20260622129246 -0.0453042852726702 -0.340616387330929
-1.03655297089803 -0.396703023194763 1.14847829967042 0 0
-1.49486598501414 -0.673686203355373 1.38082238917855 0 0
2.7304994875799 -1.04578173584126 0 0 1.55846626206117
1.91133676232529 -1.45717863624585 0 0 0.843899053618577
1.54854339084415 -1.26635750164771 0 0 0.327222793094591
0.980608762294916 -1.22170589510668 -0.403818381686504 -0.034076909095091 -0.129312684364633
0.621989839178748 -0.99227453327672 -0.60559828225977 0.113712447038343 -0.592992478465695
0.46651170775882 -0.543540047846387 -0.538441448971536 0.193796175901621 -0.792632184715436
0.654308291524407 -0.188996455404581 -0.498156317890255 0.635042580760818 -0.841474148992705
0.547420356531221 0.0706317446201316 -0.427801102693542 0.604320472949936 -0.807013359331083
0.334876206280023 0.450718334572514 -0.4790053187743 0.496752299882469 -0.696619376552868
0.203542374541113 0.663540707539859 -0.234780189204631 0.310488741084387 -0.69139663704386
-0.12568533248175 0.587998885748683 0.19835427917241 0.183056193472312 -0.565618183146554
-0.70680177638166 0.480436901514452 0.7681644465132 -0.0836873550613719 -0.501186139335382
-1.02601731639039 -0.0545154909233319 0.671365788194659 0 0
-1.9809592562438 -0.558191552693853 1.54897075551528 -0.665040027118966 -0.0864948490729945
1.91528639948828 -1.90601734850845 0.0681566759032544 0.145992155643608 1.29850206731591
1.18899828452492 -1.57931284122065 -0.198905363022114 -0.0802300047755918 0.537022672153865
0.862633179245463 -1.26473920186859 -0.433611045320438 -0.0376759354658306 -0.159746914835132
0.984071413477289 -0.762647842923667 -0.416688280843433 0.112357900784872 -0.371669133170821
0.904655806511177 -0.618598401969415 -0.734697188331425 0.402695513159455 -0.771355362203967
0.45861211241997 -0.1446361243779 -0.811664087620181 0.276093558928215 -0.946542360220729
0.615839348118682 0.224479389862133 -0.874968724305615 0.368892071776127 -0.846015251255537
0.761385853594111 0.445750732529723 -0.792265581183061 0.452700870869459 -0.829147226310217
0.681897563598732 0.82464768144601 -0.602760628376137 0.364171667124448 -0.765540713731845
0.262789273095522 1.29764674587261 -0.35061744866296 0.259582694130731 -0.703975660609105
0.0084942941751403 1.42276195530077 -0.182454931534819 0.270333958026166 -0.64973426969302
-0.60065596219947 0.974840962095623 0.12884887120912 0.133562174447752 -0.374233398032584
-1.2975890347531 0.0219210665031148 0.729793101294801 -0.331367040443162 -0.185145333763203
-1.90802762954299 -0.819104591003919 1.10830088050711 -0.74082435446836 -0.0166289965229102
2.05043828045656 -1.62073740719521 0.312210271578692 0.395932602029452 1.46186251668151
1.40259258273224 -1.29379290412429 0.0315118924951373 0.218210803539166 0.821483909174413
0.986906048914545 -1.00105231421623 -0.42002291134558 0.255701040886744 0.143988375387492
0.78309500357706 -0.636120952406048 -0.596883747777821 0.266370674085814 -0.57521196350797
0.722648571087454 -0.363578664918741 -0.768816019916144 0.57972802796565 -0.835075645631912
0.248248962516727 -0.114121909846477 -0.337996109552534 0 -0.80949119281503
0.445386934068171 0.241818272061059 -0.953372638640296 0.353014521833892 -0.963691152007959
0.620384121311378 0.538584548998079 -0.736323299811434 0.132373311944474 -0.967141721488166
0.796508459662531 0.995401376319297 -0.381144091742792 0.0898657504619352 -0.832649978144523
0.605347157728943 1.41854697717318 -0.0570111933413391 -0.0670394239666456 -0.89283997296426
-0.00280880116725274 1.13913254925672 0 0 -0.363905242068672
-0.315278410101665 1.07241380987723 0 0 0
-1.23913370852969 -0.0461979877265427 0.357987288759641 -0.267535231406906 0
-1.74719960742001 -1.24862301170281 0.435236044055284 -0.479140477884423 0
2.08793978640099 -1.33840995690082 0.479157561271015 0.527416836479741 1.53283281476346
1.72077093700702 -0.976055712417508 0.0179164520828878 0.641752855060294 1.06725688351606
1.00588923438406 -0.837942259225145 -0.383166649617684 0.607646716115006 0.221019310767864
0.524635047547816 -0.586282803431775 -0.231813723080739 0.214137361948723 -0.432796245208948
0.531719755730912 -0.341196052275185 -0.295871175600025 0.298331714596726 -1.05488533970619
0.085247856070243 -0.34315738485875 -0.450702309652769 0 -1.03793086086048
0.146779020311739 0.0896109599681542 -0.48067057748909 0 -0.974657832385437
0.20766034708636 0.371029203459018 -0.379410309304386 -0.0318054826892469 -0.927625509881766
0.665188804165052 0.869578169614029 -0.111051066029655 0 -0.876578114566856
1.15198599183451 1.30759486362034 -0.266216523228637 -0.377156977849655 -0.724719789142663
-0.156634737757454 1.03284791233694 0 0 0
-0.347200134651074 0.787586370606857 0 0 0
-0.596063891192491 -0.0988145000008927 0 0 0
-0.627068676316949 -0.487452255552822 0 0 0
1.75643639028716 -1.09995869715067 0.384344050860637 0.355356556739412 1.30717569591418
1.2883485113261 -1.10942137845471 0.240341229133117 0.458680298156786 0.586169106492227
0.812191905747764 -0.76532872573697 0.0120701276574863 0.536037601774716 -0.0463645721550981
0.312042905115719 -1.01108335960045 0 0 -0.789000264424835
0.304710242645015 -1.01773513105175 0 0 -1.0946595991258
0.483316468912149 -0.836799051437264 -0.094369201750219 0 -1.04323361010639
1.0694552627381 -0.351617555976532 -0.108928326347949 0.257134723453609 -0.991622401586731
0.346236348137097 -0.0261595616003184 0.0653689443164629 0 -0.572677823945492
-0.216970757883385 0.784297979213447 0 0 0
-0.0624842392113557 1.58329045798345 0 0 0
0.149191322684049 1.6716655750395 -0.391998206134807 0.0533799383944722 0.174378535447468
-0.0076961378870964 0.978002721988605 0 0 0
-0.222591041425333 0.448856411610874 0 0 0
-0.350181934016205 -0.0926744219681575 0 0 0
1.20309009812044 -0.790151986673743 -0.163923465469054 0 0.807064380622373
0.581207169229671 -0.545882743716109 0 0.563438011801828 0.498220645865739
0.380557720560495 -1.02105882903953 0 0.130875023116206 -0.402734365844604
0.463058720936527 -1.42650118785737 0.227801901079332 0.134949640463145 -1.03333786076282
0.888967858935674 -1.63785693818211 0.71266964758595 0.152310887099957 -1.22421989828627
0.85436288191691 -1.20443348164758 0.0110664117312504 0 -1.16799540229335
0.850458753733686 -0.489233070734251 -0.295655270872467 0.0906372804348859 -0.99391981793624
0.392640054927238 -0.385856983966595 0.088979953675572 -0.0103948599357603 -0.511566534314578
-0.201933077496948 0.198828686674153 0 0 0
-0.0483127663792159 1.04392998428562 0 0 0
0.417370057389228 1.46440016613622 0 -0.24875240152781 -0.233740787941409
0.477682402161604 1.77589115512193 -0.842178959295998 0.731637555474747 -0.212043810795804
0.484878704523332 0.890836039932791 -1.01394865766324 0.517562118282394 -0.301799437240821
0.486341911004111 0.190849377243512 -1.05052913031577 -0.0709568415399479 -0.359837205808521
0.490824030382723 -0.318562425794854 0 0.332589758527676 0.970373311906442
0.409521254709548 -0.781802957882464 0 0.0622239248821022 0.227893772913979
0.359180424067974 -1.17602609730614 0 0.104910566564649 -0.353404747214348
0.575879547217336 -1.56696206617517 0 0.0909525441855674 -0.808129216630317
0.855940525102413 -1.7907897026941 0 -0.00822782284089585 -1.14888063263692
1.11944760448827 -1.63220859493051 0.0279006804904893 -0.043034245559479 -1.18791653809224
0.775182534756026 -1.47856698283034 0 0 -0.90574812612751
0.51102647868363 -1.0198894819001 0.345754262962972 -0.329489855768945 -0.7609129556747
0.482602305567628 -0.452007248834706 0.234782518104142 0 -0.42489965736592
0.187221395716827 0.418287888758828 0.147905690696945 -0.510006910746647 -0.522808057901746
0.137398751224925 0.701900487069389 -0.283008597037935 -0.583737822225789 -0.622626794846592
0.428740647573272 0.74466773833233 -0.651419819317655 0.48191979125438 -0.402822586002323
0.535967377734734 0.0571871844306428 -0.957541340419242 0.53607290798017 -0.0951124312903976
0.266098363414223 -0.225282222426547 -0.660936919103827 0 0
0.948859568186599 -0.527454481130918 0.354011014010962 -0.59377593046994 1.40277647039674
0.505775142065895 -0.940055308170648 0 -0.246625823120015 0.197924687803933
0.506407643729414 -1.33182449970112 0 -0.0461285837353982 -0.211601852262174
0.471925010485804 -1.71921321423879 0 0 -0.632945465914333
1.03824723822692 -1.96581723610331 0 -0.257864237809468 -0.970340022952944
1.01673566901219 -2.42366305022071 0.402549723622643 0 -0.933546196599041
1.32672472811702 -2.17331603132642 0.669338951795447 -0.0706823047223453 -1.08355263803786
1.09073385176799 -1.82773759970104 0.648453815960662 -0.34326212678396 -1.03462013090953
0.451405446967742 -0.933671678258567 0.307251112211888 -0.477211055545207 -0.822841239927257
0.147256662733043 -0.357868309525665 0 -0.472419708191045 -0.690653804232346
0.406168310413258 -0.161179359831447 0 -0.150998052746754 -0.722965451038848
0.310143275584501 -0.156749192290983 -0.647703077179144 0.27696360990848 -0.458595063623377
0.420232400868546 -0.566752623022865 -1.13726428328601 0 0
0.569697225128305 -0.992625204725062 -1.42997467622011 -0.234124479787251 0
1.29994246300526 -0.756487063592753 0.589992610119329 -0.831688807901434 1.49320720076173
0.356026200199745 -0.971024435424367 0 0 0.0481377848022443
0.47435852359815 -1.38137655595621 0 0 -0.163511557775888
0.772213777373685 -1.83778246405265 0 -0.366768569916832 -0.501744346075612
1.0758680615554 -2.11297654984498 -0.112279099564169 -0.286465037575399 -0.706351965668132
1.30034973898673 -2.07454990492508 -0.0247309585590979 0 -0.884684844904812
1.20639807450522 -2.33883191125037 0.320325651430892 0 -0.806666774299081
0.79968654755828 -2.08454992176503 0.262878187594818 -0.163092538404695 -0.752263067744914
0.30121201374905 -1.44753055853272 0.225509998477998 -0.595387694143984 -1.05629574577164
0.16149506014836 -1.06446209885546 0.100335269345065 -0.308980332252828 -0.838896535195716
0.686341117267966 -0.933129002517731 -0.403957591843645 -0.0551576869871355 -0.533028124893813
0.23518185593634 -0.708733521382413 -0.920222546688232 0 -0.226051839176147
0.507468090691658 -1.11346868095102 -1.40178578878149 0 0
0.656669208503776 -1.35231954346823 -1.63126226428873 0 0
1.56618152121123 -0.856026511448908 0.822072395081119 -0.872256258750005 1.60842657887978
0.591328889623872 -1.04579342814279 0 -0.119849662315266 0.175527947278348
0.369965493688514 -1.40030324565227 0 0 -0.204192796845232
0.549363114927092 -1.5335351438142 -0.21215161620665 0 -0.428836583206865
1.10567861588896 -1.96855367432827 -0.314804551230241 -0.389129360719481 -0.403304756355436
1.06865607233057 -1.91856087779392 -0.335035085918007 0 -0.484421952008736
1.15292570786706 -2.37828518225303 -0.0520340925101966 0 -0.500912604000406
0.606191155786223 -2.28664201347066 -0.101777305991164 0.130896299991798 -0.410783549797741
0.583695026177772 -1.94416726180936 -0.0359864322626102 -0.186251698006184 -0.712343347480912
0.651923107228603 -1.71467502432339 -0.123214765631356 -0.13875042017701 -0.84570800890504
0.625496605519174 -1.46893269546355 -0.512793695550191 -0.0435656548551354 -0.624736271334348
0.725534256977972 -1.48509022722105 -0.890890939092463 0 -0.186544525189028
0.52832503088527 -1.62292880766694 -1.63884532050196 0 -0.0268796226864647
0.767107412342152 -1.9836824697104 -2.22914519612447 0 0
0.716817688834086 -0.837532763768325 0 -0.274938667486479 0.489119436933102
1.19999342942779 -1.36659526840378 0.842699143421328 -0.831787517606287 0.963680687295329
-0.0480640802504788 -1.40040348887898 0 0 -0.363505346774615
0.878415653328084 -1.55028832517542 -0.503749379225819 -0.466269979932976 -0.0768013061807142
0.921121804907734 -1.77207113365726 -0.611811660358263 -0.417981219909532 -0.128628881104586
0.768468424310796 -1.72952614857071 -0.444636219472867 0 -0.182554305856515
0.933680945984669 -2.09342968058241 -0.358320176577866 0 -0.0730056803492936
0.63240796905822 -2.47735584880745 -0.416527716986137 0.489659050786221 0.010176480732617
0.794221959483748 -2.37272566398037 -0.296209422901109 0.196033640632715 -0.401937485388739
0.778857113167866 -2.18806815682598 -0.355876258845352 0.146721688844127 -0.673432899285065
0.585058838398964 -2.00330974518136 -0.668106819238389 0.135505862631421 -0.710935944093573
0.305550184471765 -1.89305655095262 -1.25511879005755 0.162681053455482 -0.456449350799384
0.503567128666778 -1.99714653915998 -1.68115180374666 0 -0.126660527045423
0.837986982194229 -2.07774169356101 -1.985806042318 0 0
