"(Intercept)" "X1" "X2" "X3" "X4"
0.202380201409254 -4.27216009299202 0.241493984823876 0.432574838653202 0
0.374769213641071 -3.98322870037337 0.104011054581583 0.721174919434363 0.21578678830237
0.637080299499887 -3.48937002583235 0.119029517201764 0.482566029747651 0.561733797561027
0.776171402652211 -2.70147489406751 0.438298104237977 0.254609331666714 0.526543574875342
0.687694744922116 -2.0715270014616 0.68631896418167 0.0628568845991858 0.371360188493481
0.0972950166020399 -1.40742877522493 0.78164568268484 -0.476343608724201 0.308911860846718
-0.215583675894219 -1.40443012886469 0.921387488588361 -0.410048888545188 0.209204817629253
-0.510551663560563 -1.44670759779095 1.07388744153978 -0.269632749359351 0.445496737090826
-1.0007473983926 -1.41533119648228 1.32084254710054 -0.273043382672533 0.4721287452949
-1.08804250440363 -1.09336454773232 1.2782300647519 0 0.0409149574875927
-1.52543250388431 -1.21245246402602 1.58168700777316 0 0.0986622740652661
-1.67918076923681 -1.29660318840941 1.62825896124002 0 -0.0722655972470339
-1.77932150018645 -1.4081819014297 1.62265574405107 0 -0.217926747639924
-2.01619258639922 -1.50493352698232 1.68776573356881 0 -0.26707093670378
0.252606289472321 -4.04810618402361 0.0187167974591185 0.501556640689977 0
0.0255706825071384 -3.80435144054271 -0.0810774108831578 0.60925915377461 -0.0632837562394282
0.324577314755218 -3.13215302145766 -0.00116104938713067 0.425369274165943 0.0456494957301242
0.658072967472803 -2.30337923818023 0.175126651332756 0.257111684672576 0.166127809258892
0.703569811643395 -1.6486091373252 0.327688827869998 0.201825589560177 0.0330332786233135
0.364235994365108 -0.970997470707542 0.412678665030915 -0.0414689473936878 -0.0650552043244985
-0.00476120665341684 -0.697999443464909 0.535956678649116 -0.220555306902828 -0.195582392170078
-0.257365644523784 -0.768286335376081 0.602049843722393 -0.0201501070990769 -0.0196758558822557
-0.730929106599128 -0.766760514836284 0.856691967802028 -0.126455396050395 0.112444906675527
-1.09769559769931 -0.809157862938654 1.12434079072045 -0.196803736851581 0.14162019666664
-1.10421248698455 -0.6828320589552 1.08136947419805 0 -0.206282745004965
-1.33300269559645 -0.819512608780601 1.24163502333587 0 -0.285894360982288
-1.48770141144946 -0.957291341041271 1.36288060806706 0 -0.356757802147571
-1.66644701615953 -1.11620053975701 1.42355310518723 0 -0.33263561616018
0.296397094580755 -3.86198310105227 -0.193104903701987 0.554777104605077 0
-0.101696827166404 -3.52546793232048 -0.243695676374357 0.496542811286521 -0.227896060376102
0.160059147265806 -2.7355463335411 -0.0582708441742252 0.335250425549014 -0.279968354848563
0.664156973226807 -1.85701140014738 -0.012343844326165 0.289699193510522 -0.293190360140553
0.780863395190564 -1.22798402872824 -0.0790220235293435 0.359365378592557 -0.252895105116298
0.592086930689463 -0.603162281267912 -0.00396890453957367 0.374222477361705 -0.437332676037649
0.0607375461102555 -0.132830393240711 0.18482786593924 0.0689011257032535 -0.571191377765409
0.0223138110920165 -0.13109585498048 0.19044560269952 0.174612187382131 -0.524776602783575
-0.410447540408902 -0.121823113208546 0.385320563326146 0.174094845883427 -0.377653040872666
-0.670882094382987 -0.199369154889575 0.59947497078403 0.08277039718124 -0.375146032712107
-0.814247456525218 -0.142040479429715 0.671149306666303 0 -0.486906293620226
-1.04688205369264 -0.292413623930382 0.892983444189789 0 -0.474879163184077
-1.21281760921339 -0.473290279861782 1.01093660150184 0 -0.42032498174723
-1.32288635454912 -0.752499014556186 0.968982721324411 0 -0.355384257303933
0.371708293419225 -3.66283633551899 -0.370030394589979 0.487702311914426 0
0.509836019472902 -2.95801899161873 -0.240665872747071 0.373198619343984 0
0.13193516188933 -2.42515114286299 -0.208289050453811 0.253875951543024 -0.393264878551685
0.47910996154136 -1.50362643760427 -0.134780816458695 0 -0.495168154735502
0.9538825628682 -0.822661447983785 -0.360451502412528 0.575612254744628 -0.631133545999865
0.812806879123208 -0.335039099525044 -0.389540741399564 0.750970943939174 -0.683301642501333
0.387210277955728 0.135325727064612 -0.221129876093953 0.537491081993056 -0.924487647034701
0.29745774563628 0.30174765698401 -0.13609249953542 0.30328840797358 -0.882733596700805
0.054155631592104 0.396067890615029 -0.0356241186881929 0.445387762338765 -0.870330457712499
-0.438511558009609 0.405076703730167 0.210874283126158 0.355091880711672 -0.930288648805711
-0.659170578869716 0.348396444870437 0.463902128487135 0.290611392227964 -0.881302378290946
-0.781466491825979 0.226849265843204 0.605443307311901 0 -0.602095226609061
-0.88104618628059 -0.0249927166400713 0.640358687818542 0 -0.463671479239823
-0.962504614323208 -0.456307595781374 0.601301817967222 0 -0.345614478987028
0.602338963537945 -3.28940427023051 -0.470250473833587 0.31209531490477 0
0.413387174748628 -2.83760489298665 -0.428761411316857 0.253698120515931 -0.146779475522297
0.531720131437504 -2.02453455588795 -0.331979042207443 0 -0.317096845165088
0.977387569780992 -1.13045218752915 -0.260262253970373 0.427022834613785 -0.481874716149864
0.833952384064219 -0.564143245542351 -0.361992877958321 0.479563197602064 -0.658421629020123
0.791340632163225 -0.0192571848872516 -0.676561845524554 0.816593490553939 -0.918038393924261
0.51176060047935 0.407147840437495 -0.540301351177063 0.791346775145383 -1.09873348264078
0.402668034198713 0.564002185336416 -0.286540416684465 0.443045146333943 -1.16798100826029
0.136556322325593 0.720646687788961 -0.26926916096441 0.527989396865486 -1.29790793503935
-0.299870655900421 1.02716823243523 0.0170970701097335 0 -1.14640811673171
-0.476261188744163 0.929523181945991 0.268033449109565 0 -0.957858511755911
-0.563569763375034 0.709800604968515 0.371948043740674 0 -0.732436470157011
-0.602842748782531 0.320499791620414 0.392542791164932 0 -0.401418370072477
-0.665558837901044 -0.305387736435077 0.305474350196814 0 -0.0845539574903674
1.60959238009943 -2.77884726120985 -0.52385146168009 -0.0994858912146942 0.431866230662543
1.5461146244131 -2.13871646668284 -0.370022378521299 -0.0354996754430203 0.188263867960682
1.5074809314156 -1.49178697027238 -0.249231535372355 0.156308714027263 -0.109931886617501
1.18686964996743 -1.02004995435193 -0.253166352195876 0.313199493404378 -0.584346636090632
0.654358325363932 -0.54413463467817 -0.182927622043998 0.287600817446049 -0.811470476154921
-0.119266914352907 0.05972050270293 0 0 -1.14600403066503
-0.0732598875164383 0.500550771809812 0 0 -1.34444472990297
0.371323018298232 0.714158167296394 -0.467770301840375 0.605852065164603 -1.65330495394944
0.401390528216603 0.93583580632055 -0.458640624952767 0.412472113974428 -1.51755029960849
0.104545578799948 1.18272430548163 -0.218046443692063 0.513518298147147 -1.61743200756139
-0.198827291051188 1.27892808941253 0 0 -1.0189912250266
-0.154458788444711 1.04370974474832 0 0 -0.720274457089365
-0.362408106606886 0.413762355583341 0.200488389724655 0.0731189337794889 -0.350584925419849
-0.567224230794325 -0.318929111677745 0.262964886075519 0 -0.268060347784116
2.3343856616047 -2.5178737578243 -0.478038599500546 -0.572871355179104 0.982053722515099
2.11979610538628 -1.97897369449999 -0.380394233813937 -0.32181538825263 0.497334102433806
1.79414501235372 -1.51833857170483 -0.293800807882373 -0.0852678687102077 -0.0211442736733687
1.33098166028469 -1.1279762237423 -0.220497682859264 0.138206455586882 -0.546760098568389
0.479412653414012 -0.743603415493199 0 0.110677690962883 -0.92287137188894
0.037958887374084 -0.24698605966842 0 0 -1.24575760524978
0.385445248442025 0.488481981106923 -0.357232320777196 0.600602546454302 -1.71916649484336
0.401978799348291 0.795572702403903 -0.225843969257047 0.647423509747787 -1.91150067003431
0.128621903252245 0.751820186162356 0 0 -1.1820175102957
-0.243113166362909 1.07888883771486 -0.363345564103806 0 -1.38146496240399
-0.132022933065806 1.05660236911147 0 0 -1.03221084515706
-0.0155802443707288 0.921994311778447 0 0 -0.779928853038779
0.0756317191108707 0.586593422003153 0 0.278003760609441 -0.528259645003033
-0.211223330783297 -0.0467237969123786 0 0 -0.365239318215408
2.19328227692857 -2.20861729012626 0 -0.388488355081206 1.29944650483152
2.07362411257102 -2.01777139886237 0 -0.223501985890959 0.864128748464393
1.68954887080456 -1.7256481530609 0 -0.0522513431143443 0.175379847489948
1.084964455625 -1.3751818299973 0 0.128010470241508 -0.472650916911011
0.627131840285582 -1.16239749726193 0 0.123974987703573 -0.932541418183226
0.34604971796679 -0.84870646653982 0 0 -1.00997536681405
0.329134569244862 -0.328010552239536 0 0 -0.945775000498313
0.186235554099431 0.0976782673226511 0 0 -1.33436747195483
0.0200537993995148 0.436244372185637 0 0 -1.30386334514655
0.0692765264435436 0.670849297159525 0 0 -1.17138653194637
-0.180329117885373 0.930627814010955 -0.392610110401055 0 -1.10590824618696
0.0355719779420305 0.81566396294927 -0.263137460724936 0.209542789565545 -0.844680837974326
0.138065901471858 0.474374236756662 0 0 -0.566530387939264
-0.0144725496853546 -0.180684032145409 0 0 -0.235865953187414
1.87700416008402 -1.97699336968892 0 -0.296775195275715 1.13042821990721
1.56250697848653 -1.84900646056098 0 -0.0907395862660245 0.606733185214953
1.19702438832806 -1.73668651694527 0 0.0197069989910015 0.074474904194178
0.907093682901032 -1.68082186334587 0 0.0652541968530413 -0.396527699460405
0.861628976117107 -1.52394119047225 0 0.00669992432236385 -0.756437767971428
0.608553163442299 -1.38128293706716 0 0 -0.778703516128768
0.420605976217075 -1.02035165795025 0 0 -0.738045842841358
0.295739830106648 -0.544467425811539 0 0 -0.942083871544573
0.19499661852475 -0.145956922993255 0 0 -1.00971687186179
0.325812772451677 0.284529528231816 0 0 -0.94218974662501
0.306312834460294 0.572998468588903 0 0 -0.743402077075858
0.235470089465728 0.471217227371603 0 0 -0.699204256371326
0.200919292875718 0.273125159981168 -0.347486030438791 0 -0.611316829328561
0.234016886828214 -0.173658775961364 0 0 -0.341342223405467
1.3646643013569 -1.77233715230633 0 0 0.74119332328512
0.876168982712908 -1.77229130030964 0 0 0.180360834306347
0.541872758089914 -1.84680852450814 0 0 -0.185816512278435
0.508783307685361 -1.97284058963793 0 0 -0.405922516798537
0.646519443808415 -1.95708657464158 0 0 -0.571069892735739
0.787579174835304 -1.7579466414382 0 -0.228377355042204 -0.780430815751709
0.758603107336101 -1.40603268198108 0 -0.106308038768171 -0.926751418413576
0.472420245938871 -1.09987142043505 0 0 -0.866364132760762
0.416932935723538 -0.584209154001551 0 0 -0.877130756307083
0.604392682830761 -0.158033752835874 0 0 -0.601052837259347
0.770292588111614 -0.0379317450836354 -0.323715157974246 0.375142672646541 -0.450055847820659
0.630933599143703 -0.155371684644049 -0.544029189239923 0.441274892059051 -0.426897954402241
0.582677138529334 -0.468657441051309 -0.733098609780614 0.842161872815913 -0.438040281632882
0.570196453175192 -0.787013867138934 -0.611155216168662 0.818098377186363 -0.277135225034748
1.05780914427969 -1.6777828892043 0 0 0.48805206418704
0.569735284513872 -1.74473297574904 0 0 0.0285030361268894
0.456590099270297 -1.95722122968646 0 0 -0.10234174363713
0.496034408990968 -2.15645766092555 0 0 -0.222069773441641
0.856203304814076 -2.11189877175801 0 0 -0.421445098996994
0.960726616332039 -2.09431611318727 0 0 -0.625601776795063
0.888428124212774 -1.88721866866512 0 -0.187090382893636 -0.882626345846535
0.780381006547146 -1.47432211339634 0 0 -0.924508703993619
0.627095105749841 -1.02139330382863 0 0 -0.775955385277248
0.787373027204163 -0.658857532081703 0 0 -0.545011713926882
0.934051844758236 -0.729728052088506 -0.301644785014756 0.3258598795173 -0.449537972742123
0.932917716032712 -0.945495946760707 -0.569512271581081 0.604493612204934 -0.432295785762036
0.925656442503197 -1.17469898137886 -0.814002427965856 0.93590126314043 -0.31822513583635
0.924943832650857 -1.55138911951857 -1.06719280302501 1.27767525383587 -0.24190836488966
0.482187589859461 -1.69475133620869 0 0 0
0.636979946136153 -1.74795929382268 0 0 0.15067705795986
0.547037435613659 -2.07076530558711 0 0 0.0526665527771585
0.688435147829616 -2.24505888466973 0 0 -0.131612566136854
0.961708692063512 -2.24057506477312 0 0 -0.265671991314184
1.0899030534167 -2.20037933298742 0 0 -0.437606343691864
1.1273161315506 -2.21904242847345 -0.0218237923870461 0 -0.612278795718606
0.955535748209265 -1.8295607005983 0 0 -0.717908036756932
0.761021104308572 -1.42743752164035 0 0 -0.625525208640239
1.04999551168231 -1.08790650415482 0 0 0
1.11289697101514 -1.50013166204063 -0.358267424297625 0.363355425146085 -0.572087859397454
1.21030840279528 -1.76555385604788 -0.579251601660012 0.711149195525971 -0.537215744298246
1.29933692384461 -2.03091567412344 -0.80312898654576 1.05543551835426 -0.461432080763086
1.27298777841755 -2.30471109974364 -1.10246523748893 1.28522470780649 -0.342687987683215
0.50013492833359 -1.74977402800225 0 0 0
0.753593589275996 -1.8293498287998 0 0 0.186070425543371
0.698354273349493 -2.03405274937129 0 0 0
0.880303527013539 -2.13220632978989 0 0 0
1.114315622495 -1.87740999674022 0 0 0
0.809635434414921 -2.07654300808925 -0.0659195921835623 0.393625197738225 -0.155081748485996
0.933653394905279 -2.18948138618148 -0.432905961818788 0.340221886666042 0.113466659299064
1.11092836174542 -2.1056108403495 -0.15975671505077 0 -0.306670604378952
0.907085529927325 -1.71421265153921 0 0 -0.488093162963565
1.26507715389879 -1.29041342020354 0 0 0
1.12934990521004 -2.04736434483555 -0.431244500966242 0.382009180380037 -0.649713791403917
1.47888996237084 -2.53801463688643 -0.625385559971507 0.823012787147354 -0.67646404354467
1.6195963464451 -2.8311326999688 -0.831549612759095 1.17581005430514 -0.627058759279079
1.73793720625007 -3.10580675470246 -1.03345679275213 1.53712480345133 -0.549536659379576
0.525766489777718 -1.75303500574803 0 0 0
0.654252718420239 -1.87124707102364 0 0 0
0.804867186774174 -1.97327012037991 0 0 0
0.946992433123835 -1.87848395388496 0 0 0
1.0298242024032 -1.90396646166072 0 0.0921870054823462 0
0.529960236786047 -1.88944051953801 -0.253660011272462 0.841389170900923 0.233471097934023
0.747863943081721 -1.90169049385547 -0.535614882268671 0.698941603654047 0.388624828273594
0.796606690133219 -2.00208774473587 -0.801810872051676 0.52616930400856 0.327854824651841
0.835407624546881 -1.93906604705475 -0.32372807361372 0 -0.409215385213334
0.71955441165965 -2.00947857557982 -0.670957056347495 0.244735699235563 -0.315309618896195
0.977661563021828 -2.30196815580462 -0.693336815490352 0.33595636225953 -0.481384531503648
1.41870010416825 -2.84775512943518 -0.719996640420545 0.74690018158754 -0.653914210232345
1.71530845528844 -3.32751908010979 -0.847915336833238 1.20980937110219 -0.734311135359931
1.98760863215173 -3.66018402708732 -1.00079995591517 1.64853128369417 -0.645222154126375
