"(Intercept)" "X1" "X2" "X3" "X4"
0.693478874001009 -2.31533124108613 1.251685516021 0 0.309458061832897
0.717449741275266 -2.13721777609159 1.13879769608546 0 0.120873333601754
0.74282393507951 -1.98189460568567 0.948516258891468 0 -0.00789038131741803
0.765625100957053 -1.85384964074998 0.65690892729567 0 -0.0440236382398725
0.842431651624195 -1.57479614742042 0.458235292589578 0 -0.0791882545644416
0.786035086838028 -1.30709966647361 0 0 0.0751994735926351
0.885796069795419 -1.51907783081002 0.384526684475977 0.593244776668667 0.546778094230112
0.605694867718095 -1.37305032382106 0.494396348323028 0.660377335781511 0.482871456362375
0.291948432643576 -1.21143944831133 0.651198872374973 0.713682805747085 0.402899617987247
-0.0567188180816627 -1.08583731373171 0.83262334866453 0.69955241536521 0.270414673164277
-0.258737730087979 -0.931146714368181 1.03587657085711 0.660695047941933 -0.136828598470285
-0.428855308090368 -0.745989372068718 1.15667735062475 0.553762747393432 -0.580643618509793
-1.03206606166437 -0.281843290340824 0.877911031343961 0 -0.366277942554579
-1.22244603079703 -0.186633486463353 0.98797169689341 0 -0.394870041354401
0.62280082038577 -2.19356379058743 0.955035022272354 0 0
0.712027216213059 -1.96897042400142 0.867076379030131 0 0
0.628095334838382 -1.81480182640857 0.853108424749367 0 -0.104380086335434
0.695863033919664 -1.59669740013449 0.620201793811109 0 -0.194318209517961
0.769841477401973 -1.33543029408496 0.343481033278275 0 -0.216787110143612
0.786196622135314 -1.05777358007862 0.201888141685452 0 -0.289371934835354
0.91034665282065 -1.04411554517956 0.184639794538691 0.549428630723948 0.0935208450971618
0.649727179229086 -0.934649931187739 0.29368258729315 0.64048446485358 0.106207756442991
0.337713071209783 -0.796716681010853 0.454359014977298 0.671712113130562 0.0441901958505999
0.0578765799987306 -0.690426898555063 0.653864806795266 0.661044954257944 -0.17875404910973
-0.136516515502546 -0.546949790359866 0.847620922570141 0.584392521496402 -0.552541570670399
-0.645064526175842 -0.140365633518448 0.682949537006043 0 -0.532443253531146
-0.810924215621605 -0.109587879763466 0.819171345552288 0 -0.780209974574075
-1.10926888170226 0.00176795300241744 0.855144206775888 0 -0.597295760281504
0.572553710521068 -2.08975772296001 0.853229212390084 0 0
0.659657410422035 -1.84795036537401 0.77977099030707 0 0
0.704752943348494 -1.59343750160008 0.633976666630187 0 0
0.642434759385229 -1.36233184624701 0.486342730527839 0 -0.221703256581582
0.720929658658196 -1.08575202736531 0.265517417996863 0 -0.330273545074105
0.749275776869913 -0.811902750608249 0.0432092734594004 0 -0.385595734551357
0.700370599009194 -0.522206152321313 0 0 -0.370433834568722
0.552105490016028 -0.236384602976044 0 0 -0.526158304816382
0.389533946119592 -0.380655936781999 0.254845237187625 0.606720048007416 -0.345139780497939
0.120790038359174 -0.276815493441471 0.48645396876658 0.605997082002131 -0.565664865129496
-0.0232463594065221 -0.183250635123307 0.651071235578502 0.519205381283267 -0.96656659235966
-0.593585162052118 0.0859622536823923 0.597963325500544 0 -0.669514480948795
-0.840804442234188 0.112852692329527 0.685631056719584 0 -0.721480684448833
-1.16945343048032 0.178059271585119 0.68520260533593 0 -0.506421304637745
0.495464695725844 -2.04229394425539 0.765293823871119 0 0.306875501590871
0.490541934909732 -1.82587228918215 0.644932656321747 0 0.0680681608948496
0.553515906539319 -1.52186404841544 0.499156371027309 0 -0.0828638943707293
0.602175418722533 -1.22157028507247 0.310385493448044 0 -0.158157226824466
0.718773236230872 -0.89760482272276 0.0761191588439924 0 -0.295541542055622
0.80643270028618 -0.640706205503738 0 0 -0.243674961158474
0.710602825442161 -0.310194245790579 0 0 -0.497035297278985
0.583529258792591 0.026447931512149 -0.130656425138734 0 -0.775215266113469
0.445177969093733 0.0371087540227425 0.0264774026298886 0.470119995609029 -0.787241839162983
0.214045526235014 0.133426744991174 0.275462325510515 0.519398528447469 -0.956570048104558
-0.320026012409915 0.379609905344205 0.321698091261971 0 -0.728311803439393
-0.613583781674574 0.321922103924758 0.465725433336563 0 -0.661215416951997
-0.926803439949392 0.32418934709704 0.48230588854131 0 -0.539219266349347
-1.22605731726447 0.374831178106871 0.441947362676558 0 -0.396774056713817
0.579894837994415 -1.90046051032191 0.622902068660544 0 0.466786024281175
0.509108436922666 -1.74780418260776 0.457259907044835 0 0.186238431877554
0.5110878505197 -1.48611289415908 0.30379107536004 0 -0.0244688047112542
0.563849312406371 -1.18756693261599 0.121835872341072 0 -0.168266737054818
0.668470282781746 -0.945342085931635 0 0 -0.124501908562806
0.731524555301199 -0.56665102282277 0 0 -0.452580393377033
0.721272503180872 -0.153034292888621 0 0 -0.723477281256886
0.55770586176146 0.236012325412644 -0.247802962108208 0 -1.02623544681016
0.348759964310679 0.478702195622623 -0.159325013372313 0 -1.02487302451168
0.0142610525934558 0.634901383618643 0.0346483793210818 0 -0.882900185965129
-0.343043340203421 0.630138356465893 0.199329909543398 0 -0.708604144724325
-0.667895487125958 0.553495102674589 0.286152310853496 0 -0.569721247914588
-0.917630641653223 0.494986125069157 0.312796190249046 0 -0.430808053242827
-1.15754138715602 0.491158854607458 0.267180129117229 0 -0.306516510452202
0.772936367923478 -1.62183130350731 0.533881404296427 0 0.666739993781164
0.663298259420996 -1.61877254411812 0.298204648505092 0 0.353078855826446
0.606989470227835 -1.48758283226088 0.0990132128427619 0 0.0878743998217467
0.674773355442525 -1.30421518065296 0 0 -0.0931495354881524
0.505648605669064 -0.940653844826922 0 0 -0.418977742321214
0.354100537614333 -0.419820111449636 0 0 -0.904708473154592
0.384259372233956 0.0212975707958948 0 0 -1.03316861835347
0.497011481012064 0.309302991685132 0 0 -0.956884694453
0.405671869109136 0.544731485676351 0 0 -0.94654714394292
0.0677904223655882 0.752834113949124 0 0 -0.696989955605705
-0.385342704418161 0.779143358518273 0.0450813806222124 0 -0.630850494291202
-0.689085165839982 0.531548100028946 0.200884738509743 0.338930882139499 -0.636568352287021
-0.849128123624 0.274757806098623 0.281490938409872 0.34732927158973 -0.432586486370276
-0.984161467591655 0.09760967082009 0.335397946634256 0.48055143336575 -0.0488352908728803
0.853439452291889 -1.49744760527608 0.526436870547315 0 0.916247888507294
0.685555884370675 -1.52786061238155 0 0 0.494577710153001
0.634647976622592 -1.52057885066809 0 0 0.122840871805295
0.526307432669888 -1.34098613812431 0 0 -0.267015554574452
0.0289112891207375 -0.76421367229762 0 0 -0.815418294396525
0.0171205700920936 -0.385821828024471 0 0 -0.841478623573937
0.203650497574912 0.0501627956783997 0 0 -1.12845460921579
0.320458605046476 0.376433361824165 0 0 -1.21282517751643
0.244094828463374 0.537234098341669 0 -0.213600555242825 -1.00166097792856
0.165260173524032 0.691471352523704 0 0 -0.760298413469163
-0.163329020121842 0.687046510582887 0 0 -0.486136902490768
-0.493909624161908 0.721342380053387 -0.169597564518507 0.166280087774501 -0.578906696240975
-0.698283279657388 0.651192997705391 -0.0100556673119624 0 -0.12521194238878
-0.829303152032106 0.188469834679781 0.00717483734030632 0.439834270991349 0.124430098902033
0.361055224596342 -1.56123859308057 0 0 0.664912156472627
0.421066166003274 -1.61130185192034 0 0 0.372142154390321
0.352319687362755 -1.56829045997459 0 0 -0.0740353850484352
0.0442024686105146 -1.26198290850753 0 0 -0.726952289281561
0.196260284290704 -1.17057187394011 -0.0206014363246992 0 -0.882880154103441
0.384647791237267 -0.814339156417524 -0.1108096954118 0 -0.978582202562613
0.325212827690839 -0.232498019246327 -0.174600782384644 0 -1.0572591338253
0.267928589555249 0.104754221256408 0 0 -0.865218398972976
0.148574261694111 0.410669479265911 0 -0.332209091336744 -1.08635155302991
0.289056094831302 0.592011049411396 0 0 -0.833751154914701
0.0989686182394527 0.864015029061252 0 0 -0.503884493721609
-0.0581648589092127 0.932414775080293 -0.486698349511274 0.176437655590179 -0.491691954917331
-0.339806777258213 0.63915521637053 -0.421630023185032 0.291290351155189 -0.089455740183163
-0.522522134225367 0.327011161603195 -0.354369749769469 0.482188878749647 0.281778855548167
0.0945411653820734 -1.65329413731566 0 0 0.555498960304601
0.164513693184587 -1.44837896413291 0 0 0.106800075674992
0.0861995645326727 -1.36752600155596 0 0 -0.474893622654451
0.18161601960994 -1.60119437860674 0 0 -0.709828810048631
0.675389599792175 -1.60112197356545 0.000833189156177723 0.211004160932251 -1.00520480565033
0.702297072215803 -1.29251731437475 0.0261228189340193 0 -1.00836626808993
0.498434626314577 -0.800144899708038 0 0 -0.754551995959558
0.273202376285243 -0.341598142510962 0 -0.21824864145319 -0.716552449158116
0.245789258631746 0.0154288558362787 -0.117490310539939 -0.240980219595453 -0.930857225072495
0.417393785635768 0.414746123262427 0 -0.278968990052143 -0.704831891206683
0.579197789677004 0.670683684839407 0 0 -0.393178757670239
0.223214379201049 0.593566723428934 0 0 -0.188388765870019
0.181291888029502 0.755576067666494 -0.727806289251884 0.278973598199233 0.00284380186527503
-0.10196666095545 0.453059225398888 -0.653210223181454 0.465828480393868 0.439295453788448
0.0601162044139775 -1.33477709087362 0 0 0.404635983039851
0.0340865507219535 -1.1535766704222 0 0 -0.136863326639817
0.108235796480263 -1.55162628944109 0 0 -0.350113545478047
0.356894952599562 -1.88176575036736 0 -0.00262606393542657 -0.60824266919913
0.864054482299704 -1.99064876210445 0.106589809445047 0.104551462331229 -0.881314754086437
0.980349446265166 -1.69395377999904 0.162994338690359 -0.0875067165858859 -0.990815174108592
0.65897429127504 -1.37082891947007 0 0 -0.559817887593327
0.554886192187172 -0.837196265006705 0 0 -0.80373531875981
0.466193519655394 -0.422951731857311 0 0 -0.583847730666361
0.842767875347142 -0.0363153069177072 0 0 -0.353629524495092
1.1794159791477 0.337327620252206 0 0 -0.0962597809999142
1.08456512086159 0.546030602092321 0 0 0.105940395648273
0.847987205870379 0.565808933172806 0 0 0.320704299725577
0.48104400461953 0.397952771701895 0 0 0.466387475331131
-0.0569139565175841 -0.995463868400353 0 0 0.0215453958617047
0.243862336341994 -1.23477294335679 0 -0.291123784390132 0.0510395346508516
0.336291233175371 -1.6689144543478 0 -0.151213867084427 -0.222038740414638
0.312135873057432 -2.113102435354 0 0 -0.396334981663681
0.867157826633021 -2.32888598552839 0.209232364177491 -0.0652892670489201 -0.60969729193181
1.08610598480036 -2.03302987912769 0.255122319581234 0 -0.770441882006937
0.850076277613566 -1.76742688049069 0 0 -0.789070373406457
0.637255790897819 -1.40872477895885 0.043411810713955 0 -0.907881668112895
0.618855180756062 -1.07000400109801 -0.108803029772856 0 -0.543037310076936
0.908196801305902 -0.660105737877673 0 0 -0.224284224620254
1.38327868321517 -0.204003042938214 0 0 0.134754893109292
1.68443684965033 0.0846753466509338 0 0 0.475421172899032
1.4207654052349 0.328492268746077 0 0 0.61752044169796
1.10150297029409 0.438459043868278 0 0 0.904455935596727
0.123891728968474 -1.17955854383218 0 0 0.398681532959785
0.172757254337073 -1.52191790808493 0 0 0.159149243122563
0.276092275105382 -1.92295929773843 0 0 -0.00414608553013301
0.495045323541681 -2.23382183260874 0 0 -0.251797302606436
0.771522079253135 -2.38560958864932 0.190181083181325 0 -0.517115952519578
1.14656412634066 -2.23486712320665 0.325935445630178 0 -0.593741766156944
1.04325729010089 -1.894988779595 0 0 -0.711421097653865
0.921443902155737 -1.84228960735228 0 0 -0.713971386229719
0.907519362523246 -1.64287757246665 -0.110938799448994 0 -0.446011837398711
1.25050561825083 -1.39735866950532 0 0 -0.121924136815638
1.52401165341505 -0.922523754654591 0 0 0.232132511867871
1.94015257330397 -0.482668732839927 0 0 0.717520921552112
1.90687878477369 -0.0976980164521472 0 0 0.95564753532523
1.63861792851956 0.193531957597026 0 0 1.19496996729517
0.148245919980789 -1.50750508411018 0 0 0.426415456467401
0.261714527717315 -1.78350697115824 0 0 0.243481144946314
0.423407333560346 -2.08845453207205 0 0 0.0716550809677249
0.716541042627286 -2.29159687228706 0 0 -0.329309929814741
1.0016123468162 -2.27819792964841 0.261067124000489 0 -0.46705827853786
0.976045072395506 -2.32374935771711 0.327027919580498 0 -0.39728327259205
0.818509338940676 -2.3286953444962 -0.143939974028487 0.168860105672066 0.20850326499944
1.06742195050393 -2.02995659131322 0 0 -0.584830702043726
1.22623025617934 -2.11379039596811 0 0 -0.394951594304075
1.54933609669286 -1.96680695544921 0 0 -0.000556318968440245
1.79364685777335 -1.62497272265742 0 0 0.399783280910267
2.12912114688109 -1.11106362555801 0 0 0.854145372902356
2.3884219675995 -0.638086380853241 0 0 1.30868063236093
2.10281012234841 -0.144259796661453 0 0 1.38666559850685
0.285208303471253 -1.79608002720649 0 0 0.436583770214534
0.424985233692475 -2.02072669512237 0 0 0.258339078145485
0.660424365547565 -2.19082536933057 0 0 -0.270932419836868
0.846619347054017 -2.30686272673185 0.183786639955709 0 -0.314856704422482
0.879431415886954 -2.42286392343005 0.299566536686985 0 -0.251511466164855
0.94754660902931 -2.2631025732382 0.270354050532366 0 -0.32414175028538
0.559646944677877 -2.45841538869753 -0.471912802945738 0.477462540475246 0.761999138167902
0.511619276940347 -2.64489509021325 -0.664537702185305 0.329204338450265 0.802910830682548
1.22138055030175 -2.39764905556001 0 0 -0.311356994944014
1.59141597061934 -2.38441619632935 0 0 0.0333888212315444
1.92263919104644 -2.17973540311629 0 0 0.445491587173092
2.17177301636078 -1.75307398074903 0 0 0.807938411046456
2.6159003294131 -1.17374379370119 0 0 1.48242300698461
2.47452398324717 -0.577954678689075 0 0 1.59262719248752
