"(Intercept)" "X1" "X2" "X3" "X4"
1.37964431425039 -3.12460901391861 0 0 0
1.24327199630489 -3.23321107670807 -0.190689986356837 0 0.745414700759081
1.08696774407531 -2.69987396429877 0 0 0.528904728233788
0.899406781237712 -2.56078814538974 0 0 0.661833453256423
0.928910372606571 -2.28834687626805 0 -0.0761331077026409 0.670149364511298
0.597875930301786 -1.99644425011123 0.244002606355505 -0.108761334455439 0.633601274445938
0.917679713633506 -1.49551947305015 0.290543097396501 0.00660758813157986 0.665517357407199
0.150926276418884 -1.49911051505838 0.563578413622519 0.142474442014226 0.818287227654562
-0.371147720537561 -1.60485784722985 1.05186641919595 0.869923816306072 1.35873079178706
-1.12810632267 -1.50235145609998 1.65299997186819 1.11264838000288 1.92577466758596
-1.45696893780247 -1.5222655890803 2.35689322391116 1.40051630714954 2.33330037388133
-1.29386088620034 -1.56302315361759 2.89735948926029 1.56336564118931 2.29486268633456
-1.25091214695131 -1.68493010138639 3.39194489563085 1.72408117839457 2.29003374442703
-1.44832347345657 -1.78075690594014 3.73580308468242 1.88355553320719 2.2835061465609
1.67893165506609 -2.62721257720463 0 0 0
1.37217154872649 -2.25288994062423 0 0 0
0.996456296644553 -2.2808831286029 -0.0628392004418811 0 0.366639783801066
0.919978867725473 -1.88235106360245 0 0 0.39722044964671
0.909975027696262 -1.66677960088106 0 -0.0236491586760336 0.388397866286627
0.933429599220904 -1.3857303732041 0.0440287443696441 0.246726116461408 0.286949072649239
0.552849978655939 -0.915864265189089 0.158395173753114 0.157944659992191 0.158250938043723
0.351739896103153 -0.595386075090863 0.19759684307033 0.174006366393753 -0.00700078604866507
-0.204392853515266 -0.918156341327927 0.672094051302302 0.794153246682706 0.815469875278534
-0.693390675333343 -0.917776131060707 1.09208575257162 0.987179230139733 1.19881691786308
-0.850649905808496 -0.977017569434908 1.6475575243404 1.20076789097004 1.46764172000559
-0.930091812440702 -1.02061705977728 2.15052938445269 1.39153453244724 1.5850105546481
-0.996086982235994 -1.22273533235807 2.58835885580889 1.56028890316793 1.56860234239774
-1.26724696409604 -1.45119902443644 2.91279401082947 1.72639676830699 1.50483642294773
1.84791990768659 -2.26939220849481 0 0 0
1.45011561596775 -1.85673585151399 0 0 0
0.0176926277151116 -2.09726903884292 -0.190729503831384 -0.337345794315957 -0.391889015373603
0.803671657598527 -1.02417501008818 0 0 0
0.881343561184 -1.02162699786945 0 0.0608607738629478 0.043994826977188
0.768780944339905 -0.816628923329881 -0.0977525807667331 0.336354770157928 -0.120589441245878
0.478404747534388 -0.421493420034579 -0.0431756378975839 0.427288967388848 -0.173921438025144
0.262159814796311 -0.119617742113148 0.0489778343995735 0.446976448075479 -0.223464548052343
-0.116177843877403 -0.0869500612719278 0.283513710271937 0.701227824937083 -0.0287046161972822
-0.327182584611995 -0.25405285437587 0.549494252818588 0.832066403802564 0.368903755406814
-0.471163486921476 -0.393907697324361 1.0086415010698 1.00770412415589 0.753483812939691
-0.661479429031967 -0.486161600765755 1.32381437419686 1.13253515222959 0.852094346028979
-0.944486970421518 -0.829801042329134 1.67917185285978 1.34214025865653 0.819230798995909
-1.28524426936892 -1.18694781742115 2.00028560289554 1.58770471415123 0.864241968766497
1.94786611237048 -1.93770527730105 0 0 0
1.53429738729783 -1.53664027678881 0 0 0
1.08443820863458 -1.06841384690385 0 0 0
0.717378901548912 -0.581870452854759 0 0 0
0.42510710842468 -0.61886923246465 -0.255481192601315 0.134992917576767 -0.418602059227593
0.619008922179864 -0.419879466087209 -0.242412158384088 0.421980847363317 -0.468086943633224
0.542663269860376 -0.0538295838603524 -0.268632800885997 0.605145590576782 -0.522259368002021
0.315086976623267 0.287905635191925 -0.181843967289886 0.611645631020867 -0.442542114429732
0.191529032738764 0.560447691208074 -0.141946264972875 0.626992524717239 -0.541788415241151
0.0446557320301743 0.579034410048344 0.0443729099679556 0.653932478651029 -0.372424024405521
-0.396998073945422 0.216614552414978 0.367350390169362 0.838017889112674 0.159761374734461
-0.748357746772136 -0.0564893278059857 0.679220607537301 1.03953088919314 0.368614160108292
-1.10133121065261 -0.397203709568802 0.901719834774326 1.14945556971135 0.524730583689475
-1.31763114058756 -0.894856904213229 0.928700963617448 1.14978698883915 0.507046324040129
2.15215492194386 -1.62422394883718 0 0 0.24178154743537
1.66124480804519 -1.3129364989895 0 0 0.2002700698815
1.16308509938264 -0.909555761711032 0 0 0
0.285746086796099 -0.682033236301649 -0.514775799271522 0.0359428590481095 -0.660695064904316
0.891088832977788 -0.325882886773407 0 0.308138164882596 0
0.424026765910329 -0.0457829209958601 -0.363731607980511 0.548544796509536 -0.552586077237429
0.537143319219759 0.119330509654735 -0.461302757327272 0.550361139407423 -0.53680971747602
0.709926967290998 0.336065776568571 -0.512405707138021 0.480926502514665 -0.48805337666371
0.574276101251139 0.725929695710445 -0.446790768428498 0.455834639158641 -0.505773829033994
0.0615132833413563 1.13552281664591 -0.333468304850161 0.583137405553345 -0.568785190569025
-0.463609398790047 0.841080808416607 -0.0748509793665289 0.583963198693706 0
-0.914086319136047 0.556540832211215 0.162059931314123 0.682892927648197 0
-1.14377702027873 -0.0240581048237737 0.257435594247963 0.786533106764917 0.269273848684811
-1.4695964983575 -0.84552478864531 0.155973364703178 0.753019865685388 0.21185301147074
2.17009637051283 -1.28953945329749 0 0 0.383558172910194
1.77401336908231 -1.52280196616527 -0.30335744808467 -0.281644003277173 0.417911619487312
1.1302586805105 -1.06312921099649 -0.522741104593129 -0.193862484235728 -0.0744141252839677
0.796955414714239 -0.623902616373133 0 0 0
0.323635403094811 -0.296630004921728 -0.36718033188207 0.267431214880633 -0.730517029323821
0.184428073210993 -0.208738334568025 -0.302301980034445 0.32331953751139 -0.610723444734372
0.0824677707875241 0.0662854005698168 0 0 0
0.246899819150279 0.580860636755125 -0.626848816812114 0.393779822163252 -0.533651367253022
0.441572600294743 1.00196182066114 -0.497210035812501 0.361687230993325 -0.407627386557288
0.135071969713024 1.19876833748915 -0.491357989115706 0.56079020392324 -0.609916251470174
-0.235795364506819 1.03027459041141 -0.48797837573572 0.496866829813037 0
-0.823333400308678 0.747283567810793 -0.272851833411964 0.722632336456525 -0.018262343975271
-1.28488854955167 -0.0202922986577328 -0.170115340710426 0.549331176433443 0.0894158222437499
-1.60743966583552 -0.918320931886884 -0.277486700551329 0.557944497420793 0.0217903904621086
2.56476538274087 -1.80557464003021 -0.0736909007264947 -0.719644888527081 1.11770317216822
2.00643673798982 -1.5364425097869 -0.301062536704 -0.581984520565968 0.616379281262926
0.973303502613581 -1.00000203081133 0 0 0.0840143135860655
0.639299805924274 -0.925295696862408 0 0 -0.279520596188117
0.511900493914108 -0.844035285008271 0 0.0454394176353093 -0.617887225695702
0.345391081295707 -0.76964039044157 -0.0607216875757004 0.152977843446755 -0.686720410999924
0.266652269893828 -0.106387941163094 -0.33519620773508 0.242285115864451 -0.826769665685492
0.0838594784257111 0.377662976734993 0 0 -0.700390013614889
0.321220223688438 0.897419583503351 -0.508729794985027 0.355187663611556 -0.42639547688322
0.199735404453296 1.38412202107698 -0.445864020497704 0.00544485749543631 0
-0.162531734708634 1.15489913551395 -0.511604065943702 0 0
-0.536087187612339 1.0027582101244 -0.727686439295871 0.432691629973348 -0.340747300571124
-0.901953114063457 0.296518708708834 -0.603947134716389 0.401470952831616 -0.137682992820451
-1.29517104774875 -0.923777335497075 -0.670941041931608 0.534680316292965 -0.162345305309884
1.83795662036004 -1.28150662564941 0 -0.371295963439976 1.02677335396445
1.43569783973781 -1.32324754917783 0 -0.413219198317438 0.49930730187195
0.898710341278747 -1.26182489466478 0 0 -0.264939028535128
0.684121519159493 -1.2532583225872 0 0 -0.669459364800514
1.08441701754273 -0.966351798515526 0 0.2175685805741 -0.791382232573537
0.598224026245551 -1.15933114152998 0.11959158578958 0.344755304188999 -0.769627566498051
0.761085721275002 -0.785339445279497 0.0566447091339878 0.534572442554937 -0.705799954867189
0.393320927103713 -0.035306182432257 -0.236184668156249 0.345096593553501 -0.814282520074367
0.0423258976811566 0.577516770741207 0 0 0
0.165273644976652 1.22559295081245 -0.401753743170778 0.252739730024535 0
-0.148583180924307 1.33704823459074 -0.497489134939979 -0.00842276973357586 0
-0.238413555828368 1.14847124447714 -0.535512581446027 0 -0.203739372212272
-0.485085291266578 0.47205542060777 -0.756542865169164 0.472732307110159 -0.373275114518091
-0.228003110396501 -0.426641254183371 -0.989483535343588 0.763430873938095 -0.411387794365221
1.46882869145778 -1.24975698726861 0 -0.423718724390821 0.926121227492265
1.15796373143472 -1.26291670904455 0 -0.409946228965278 0.369583110835012
0.774636280992663 -1.22079651485365 0 -0.165895676295073 -0.176528425310585
0.725133383369095 -1.30982342533097 0 -0.157157226957282 -0.709309245082461
0.67319415954336 -1.43527202156425 0 0 -1.05140492303071
0.815120096054359 -1.44382357908823 0.119450526929518 0.540826574064349 -0.898806798058035
0.389331109311673 -1.29533087852178 0.055649079067769 0 -0.989269000925886
0.354768282411133 -0.780721937264222 -0.170114367518956 0.139789707689674 -0.810401693424844
0.368571944702443 -0.014396771794181 -0.332891839187357 0.307349158911171 -0.347269510586984
0.419360667201205 0.793731458841222 0 0.155544892477744 0
0.213870062675236 1.48292819056548 -0.269662867892229 -0.226855308471873 -0.45765626580321
-0.199024634011442 1.17143626962298 -0.534155532598845 0 -0.377143863270257
-0.201114612687454 0.332525397683602 -0.831241587487045 0.520188890691282 -0.488413674548765
-0.00186180860159618 0.130105215505114 -0.944204436148468 0 0
1.0517297963994 -1.18971494256511 0 -0.38453759528663 0.742120155767316
0.753543832344037 -1.20286092056105 0 -0.256868755420587 0.165412110831064
0.56023227739204 -1.30918287296451 0.228483440565786 -0.344146892004755 -0.357463373032576
0.720237474085346 -1.51114990264802 0.260272448480729 -0.310118472011579 -0.659223881294517
0.803733723449161 -1.62343797324414 0 -0.00687289423258778 -0.952194679551293
0.832548575240495 -1.83298309293557 0.23491413604262 0.191980782022733 -1.15159861290913
0.344715165324551 -1.98901967272922 0.33187001655116 0 -0.979778876569429
0.475788363965052 -1.3360549278413 -0.0319486256421427 -0.00362087757810302 -0.865112130474236
0.434202021689194 -0.598955901752715 -0.345779287375903 0.0134802838033006 -0.601991956814031
0.570855568063428 0.159675626482528 0 0 0
0.587728743497973 0.803664301321889 0 0 -0.313499882816117
0.126021129393383 0.914392981039268 -0.488797552445975 0 -0.296999055072945
0.030462456809942 0.445886713167055 -0.610337232822482 0 0
1.03470567560539 -1.29669643289032 -2.37393889473535 0.704969992450757 0.35170734121029
0.682003232133896 -0.953810374211927 -0.147935591297404 -0.195964975795284 0.410730443719843
0.458795938451949 -1.15336912869645 0.0621803840250584 -0.305691032919316 -0.0667891976506468
0.290711022332786 -1.28597202425444 0 0 -0.594880565125716
0.608252630518967 -1.74321663488717 0.204390190406268 -0.45587951210257 -0.717678482794439
0.839468722084244 -1.93297875581505 0.225563120717617 -0.349382440226568 -0.94125892036028
1.32044381995985 -1.96822652489523 0.409477356735458 -0.0745431497185056 -1.22302594565941
0.803542712280863 -2.34387451931793 0.589966909393738 0 -1.03588799996361
0.702919249723565 -1.8504512280021 0.245087027614811 -0.0826121036599516 -0.893973436731996
0.43822639321223 -1.05564065949034 -0.205892210215176 -0.196261819065278 -0.776642501479618
0.191145184395177 -0.307505488901828 -0.372095750855867 -0.42012569616993 -0.627368062578591
0.344564765930548 -0.0138585802477864 -0.383968584824613 -0.174219846126734 -0.608713827847418
0.343558610757543 0.221287353712764 -0.571969248140419 0 -0.183867630742061
0.281787286862528 -0.0374980188808461 -1.24135404999572 0 0.113463152529882
0.454762131515663 -0.771853537195541 -1.76537571990343 0 0.314674343402769
0.361823209295063 -1.01736860597451 -0.113926131361029 -0.382945301127596 0.16334132354078
0.0147340581595663 -1.10245353854417 0 0 -0.401208841278411
0.36875553646576 -1.58667317068423 0.135505265626304 -0.508661985018829 -0.456929803346409
0.558198207866111 -1.85584775666818 0.139816561508552 -0.565128137109962 -0.736737446914942
0.857067148989418 -1.91178898080159 0.131441963390922 -0.365802986660702 -0.922313300919412
0.990879978916965 -1.93971766038241 0.122731497117238 0 -1.08667565013164
0.598133405293883 -2.67331432938219 0.522992481621929 0 -0.944223224896672
0.708304218452891 -2.19952324119949 0.24570246595259 0.0368880106429776 -0.78602676612719
0.514749195341863 -1.50525716658521 -0.116108918691038 -0.412326751238361 -0.68333602039815
0.412033873790622 -0.959683465495336 -0.30261945362608 -0.421579404749463 -0.485801569779047
0.61593882418342 -0.721585180338711 -0.617089569896861 -0.103711068196646 -0.11586742173156
0.621106814590355 -0.655634807655964 -0.984662647133779 0.115192527447404 0.149071845711099
0.428581233991153 -0.650944546422883 -1.36307629292098 0.20375131492428 0.381382741457896
0.447512780623956 -0.966168218592987 -1.88730813135645 0.307019803916426 0.710386247705242
0.232693539586971 -1.11508118040709 -0.142633721790159 -0.537294453435757 0.0442298065873392
-0.0591213240223137 -1.16621645049396 0 0 -0.384210086940745
0.0855599858681692 -1.39850632399507 0 0 -0.5295706767715
0.175650625427594 -1.64674158841577 0 0 -0.769312400895404
0.748026946515119 -1.68665579647344 -0.193429021645744 -0.127005247211882 -0.658978197649538
0.662794504137868 -1.87600413348252 -0.0393319862312511 0 -0.958165992974177
0.376030189957465 -2.53875083225824 0.182467460344337 0 -0.891804183662613
0.49072888449798 -2.43267452707194 0.0463066311204596 0.0963130678485924 -0.661115304275894
0.734430035940328 -1.92535736768809 -0.0683388584020438 -0.261867585595553 -0.489795909510137
1.06444518477512 -1.57899138354645 -0.203000088506875 -0.079499182722986 -0.353338007287475
1.20409069980305 -1.37871949966711 -0.623685088467703 0.215761350130799 0.035790726783371
1.16707186009667 -1.32344545367128 -0.973510302411478 0.38664564843769 0.335719760932571
0.941817842827183 -1.26200578598767 -1.32502290869694 0.517409268004804 0.566664839884634
0.43538604326161 -1.24819518200456 -1.78797706162007 0.468459075180705 0.719590082986423
-0.292922955150076 -1.04895100369595 0 0 -0.297451428030591
-0.181379875913891 -1.24743044416164 0 0 -0.426737513911552
-0.0473718888806157 -1.38240902552523 0 0 -0.457851754972085
-0.0245035687670976 -1.60737153226839 0 0 -0.714265156376267
0.0683284610527914 -1.75100342753944 -0.0154696428068655 0 -0.81102707238835
0.376095437987964 -1.85045918718282 -0.497070040521917 -0.0600482960044719 -0.467673504523647
0.34517171958558 -2.03918338970327 -0.737645631214972 0.436651164488068 -0.148813369462716
0.560631763321426 -2.61978013698232 -0.00070494131192326 0 -0.735340423872593
0.761898532225914 -2.42813956151517 0.0863294775918349 -0.220281359184836 -1.01382101433479
1.39649107428171 -2.15684498533726 -0.252339622089096 0.24850751004523 -0.400992921416574
1.68583443533654 -1.99229557963413 -0.690844366049781 0.590590704519582 0.127506531541267
1.66612479545229 -1.91025490828626 -0.961989897443693 0.750809984982553 0.447417142014495
1.49877178292034 -1.85360330722149 -1.27239222847291 0.856841141379872 0.682636997817678
0.989217388757175 -1.79283993161318 -1.73820367527077 0.906057516462708 0.867101817815062
