"(Intercept)" "X1" "X2" "X3" "X4"
1.55340032898036 -3.16235427244655 0 0 0
1.31421117059265 -3.0856610917493 0 0.159563098005654 0
0.891620300253734 -2.95113685928226 -0.179614322610024 -0.13823393237911 0
0.95770984904121 -2.65789714807978 0.161213666484841 -0.0829744691484798 0.586618823467495
1.08761496565731 -2.25264791112328 0.199778706824147 -0.0378199208549843 0.568746555644988
0.822760918866192 -2.03715025386522 0.288911948658993 -0.110561561082688 0.469520129879058
0.557016622550419 -1.83132909866184 0.456386089164814 -0.182257213950925 0.299451357860041
0.222890097267362 -1.82572660730192 0.67139170058007 -0.10702384753911 0.538784468832182
-0.165581946261505 -1.73892315272888 0.833625099561531 -0.316635514052252 0.618705590442544
-0.520917361515534 -1.80353303992178 1.1291024719661 -0.365926934868211 0.564350258594814
-0.858428121159027 -1.82169091173338 1.37534999218288 -0.26212721119477 0.297339313832056
-1.06539977984222 -1.77574124353957 1.26918686886406 0 -0.0948709865963464
-1.50671646395895 -1.85562712734863 1.30853718274151 0 0
-1.99465624307248 -1.93809768628701 1.54898919050364 0 0
1.59866220963657 -2.82241949954405 0 0 0
1.39121911092736 -2.51562169109106 0 0 0
0.875767445181115 -2.47904428980538 -0.301187926227499 -0.0175932667963638 0
0.760308592177634 -2.30342773511678 -0.0874864246494404 0.0785129794948238 0.283528135067557
1.07312525245674 -1.76351253317779 -0.0367358766881041 0.178664164653077 0.202195995263172
1.00225456007427 -1.35815588631768 0.0277621471590086 0.171717036972968 0.0524497447571616
0.65101466926677 -1.1242599479458 0.191835051796837 0.052025810160884 -0.0534691225503826
0.308131728768174 -0.971813908510028 0.308894242827453 0.0466279811794219 -0.0583512359742096
-0.21482112580117 -0.990449373713321 0.620149899153658 -0.0262679501493855 0.182205365227613
-0.471895594136006 -1.08994525619836 0.864850612522244 -0.0667691902734835 0.131490201985027
-0.708538301685804 -1.15104874514638 1.09818867562966 -0.0513899738586907 -0.0332318934332486
-0.98988581920797 -1.17433791030976 1.09413055697762 0 -0.213041542041569
-1.43155799941929 -1.35894546157028 1.14718445009193 0 0
-1.95440888766106 -1.54919253105313 1.36432673392255 0 0
1.78550818549615 -2.44032463034609 0 0 0
1.47469340069944 -2.12802705878592 0 0 0
1.26089307414941 -1.79377673466737 0 0 0
0.969285559446654 -1.64465725929527 -0.312282642191266 0.206610422892314 0
0.90258674254299 -1.31619914124952 -0.277013691426934 0.317945666141907 -0.0868088993575157
0.91272308854142 -0.918107913238409 -0.159306480384508 0.3732571788901 -0.279813808651192
0.817308335287444 -0.56028493010893 -0.0883579002997386 0.32377880388373 -0.384289375719418
0.446772351132027 -0.379244229196283 0.0544376923606119 0.295198916299157 -0.408267367554482
0.109023617898773 -0.27581128784301 0.227037781264816 0.269340044469685 -0.399093532187203
-0.310949878630779 -0.401043463436194 0.571680334647653 0.187726612627054 -0.246323359603738
-0.550053549830616 -0.561126628792077 0.801520483340532 0.123168584812942 -0.317131025172646
-0.993229972578322 -0.67961294104884 0.792335478490222 0 0
-1.46764879042791 -0.927089710305287 0.984064113711646 0 0
-1.97411121662319 -1.19831037407072 1.11164912536019 0 0
1.7849932983894 -2.30150529553685 0 0 0
1.50018821323311 -1.85715620037253 0 0 0
1.21343561156491 -1.43119829788002 0 0 0
1.01021574748058 -1.18034332166627 -0.329371705628676 0.282785285619698 0
0.939309164266665 -0.879740963983813 -0.440466887842881 0.484580523102569 -0.235160639077209
0.919124787843656 -0.500169927436701 -0.337244300005796 0.563171046945197 -0.457831728469198
0.934917186091238 -0.10886914800624 -0.348847351815462 0.537774456635986 -0.58911476283166
0.861997113612242 0.17402991772816 -0.323984940193962 0.445134092681493 -0.648003989513171
0.509905303240862 0.274724157103338 -0.118603814241677 0.430007756614622 -0.702728871167607
0.00383898972303665 0.172590425364128 0.177143275968951 0.365497224519067 -0.552517635311819
-0.505122102777548 0.032356742035193 0.519639556434817 0 0
-0.958499553890193 -0.306762541236521 0.636725769794213 0 0
-1.43324169197918 -0.635811924753637 0.750452798949126 0 0
-1.93773902319634 -0.90052246199264 0.818132656938166 0 0
1.65258560171762 -2.28715580874542 0 0 0
1.36146990792811 -1.82106624494069 0 0 0
1.11084295149934 -1.26190385312821 0 0 0
0.841278194812878 -0.738959576037127 0 0 0
0.877545412623849 -0.583055684636774 -0.460472183242113 0.606028450830061 -0.231012445833057
0.96869538735774 -0.256212392688283 -0.553400945579407 0.736725256667301 -0.367508112815158
1.03811302724505 0.154129607339007 -0.551618254039655 0.585062362161001 -0.640871228150216
1.00146444416558 0.433560745089783 -0.526274952432921 0.469035081401805 -0.617283250213398
0.783058216415196 0.536309500779131 -0.46535532589284 0.464390591541717 -0.685534418120368
0.279165510639213 0.679998870551944 -0.220672897968957 0.325624751381432 -0.619385230649144
-0.423941350700338 0.321954219631059 0.26346407814139 0.200360910575432 0
-0.901595004024429 -0.00674511697589676 0.445427452816931 0 0
-1.33917306513928 -0.384927346393209 0.511079130128784 0 0
-1.93396646148505 -0.572770334935728 0.52281385563673 0 0
1.91183186722803 -2.21038414755957 0 0 0.365133165856157
1.54899687639955 -1.82476376788515 0 0 0.281845038323671
1.18120650295005 -1.36768857355261 0 0 0.0745157186018939
0.800196854439116 -0.92937249101499 0 0 -0.153553433059851
0.503451210935798 -0.522094743320795 0 0 0
0.395682597068136 -0.123907664403891 0 0 0
0.768797299576047 0.0700256349643707 -0.500375765127541 0.45341979781844 -0.649602508655683
0.847614150615274 0.423329650827786 -0.537482520979701 0.357728465625809 -0.708982320093017
0.672134798093584 0.60446962198271 -0.501439351263863 0.322685436686356 -0.722907517040931
0.223081802310672 0.854472122854031 0 0 -0.715316459037767
0.117527509382698 0.779114223213601 0 0 -0.611575837502689
-0.830462361783553 0.215415515329914 0.255495521308743 -0.141904693739726 -0.235021093978467
-1.43574600292956 -0.424733997339868 0.405887270477497 -0.439698509655629 0
-1.79121055764169 -0.95622101982848 0.422486137766004 -0.542454933016024 0
1.88896244947598 -1.84530473525818 0 0 0.648411502482483
1.61738673796784 -1.82939908025648 0 0 0.448990561709373
1.28318141634961 -1.51367474134679 0 0 0.119092505930537
0.995654760216348 -1.18055859438364 0 0.230479594348562 -0.134515452953315
0.544657995942153 -0.81720867217445 0 0.336799847693211 -0.362921475747377
0.0169196790599801 -0.451946722805058 0 0 -0.39786035319206
0.0703601205730792 -0.0425972683844149 0 0 -0.346143077577725
0.519970973913007 0.365308160902617 0 0.172593137602323 -0.681206039534908
0.703063395924017 0.59209236490481 0 -0.00786186775912326 -0.74805565548178
0.293504908592976 0.722666146996805 -0.453468805094382 -0.179499794817901 -0.656448041409287
0.0357598427147814 0.922527752436209 -0.555227283022141 -0.105812423441779 -0.50946878074721
-0.00689638440707762 0.958074236079854 -0.624767325701171 -0.0650015008480028 -0.395510716826844
-0.9170604713978 -0.0477457251431364 -0.16642587308834 -0.315201996496149 0
-1.30607406731602 -0.955718473766959 -0.0240254071861074 -0.369073066156256 0
1.69430342751854 -1.7242442988016 0 0.123886235755991 0.922296224489412
1.49283126947151 -1.72221144525081 0 0.111822126770638 0.616301560484955
1.23473474632147 -1.5474786200116 0 0.213357845194661 0.159663653194006
0.911480616396291 -1.38749573187323 0 0.347771060422392 -0.178174159954986
0.644368229354842 -1.20200339114524 0 0.378959446809303 -0.446047539462828
0.173759079039292 -0.949308982846229 0 0 0
-0.0894160695020317 -0.487567618285472 0 0 0
0.0613309667167603 0.0189130237296041 0 0 -0.336659374531965
0.428640179496525 0.234635244459172 -0.289751289003808 -0.0128123804094866 -0.77183858562817
0.389998850787437 0.596410088914964 -0.509505547021461 -0.232080339045477 -0.588610504381073
0.131191656720996 0.909215303415728 -0.734189026224073 -0.410577939785851 -0.409064009673391
0.0679816654455695 1.04407337641656 -0.917690191987538 -0.23813340735599 -0.327037685869138
-0.157530865937331 0.702753868822098 -0.690160706222044 0 0
-0.651139910324384 -0.0714479437889455 -0.498240581169272 0 0
1.44818355696423 -1.66358825947685 0 -0.0116902373912251 0.942017531856122
1.1380036646512 -1.59783331137284 0 0.0573910758740506 0.54218088342868
0.97149943304872 -1.53055695858253 0 0.176000757857849 0.198147897313355
1.05108798764487 -1.46121870958243 0 0.330739102951585 -0.184351949246222
0.939092076042518 -1.49242160191518 0 0.280138134941891 -0.454461840183882
0.305527388004523 -1.37807478496544 0 0 0
0.0985245407362514 -1.0310770654547 0 0 0
0.173331483573001 -0.600193921149608 0 0 -0.298662563029389
0.414796063391046 -0.148585310563491 -0.315672030526591 -0.027586177395057 -0.666598253932011
0.3132379197924 0.343846261906853 -0.484514909560903 -0.183068147771975 -0.453124553106526
0.157154720060277 0.75455151709373 -0.737274277494495 -0.435037472098579 -0.298350511651687
0.0824885259625211 0.950780826401684 -0.820380502015118 -0.457023809033696 -0.23789271275539
0.0160754509766265 0.627771706611923 -0.665538259598043 0 0
-0.0935422420325499 0.496877514464386 -0.699656662293965 0 0
1.08575281017165 -1.5785058891984 0 -0.0786502769519428 0.730999313399101
0.807520645153129 -1.53918689210817 0 -0.027140901952115 0.437234663533976
0.755201687687011 -1.60852186100261 0 0.018553777579015 0.146801589667233
0.81405153807668 -1.71120218162081 0 0.0526289316001292 -0.154036524220441
1.0593967375604 -1.73429238910506 0 0.0658069199760245 -0.384137773564174
0.966213816896566 -1.61074451449654 0 -0.00215990107169259 -0.578085424149938
0.499091004121901 -1.52666694196974 0 0 -0.319518256203819
0.360074010470871 -1.14399430905046 0 0 0
0.400634175882558 -0.658717740077905 -0.246963690903119 -0.0877410560553066 -0.648934917292947
0.26444499840512 -0.102421502076818 -0.480905788992272 -0.221360419977065 -0.45834889179759
0.364831302579328 0.379454916444145 -0.546142563126387 0 -0.293525302725445
0.264763684005772 0.722662420387876 -0.841998329092147 0 -0.219597459612717
0.265420647928086 0.645007159630054 -0.992759536376602 0 -0.28555802391445
0.0939264036962321 0.411805829845058 -0.740182712746167 0 0
0.793131540808767 -1.47225001870373 0 -0.231290020368968 0.627620840978635
0.599454284274669 -1.51524387643804 0 -0.170675819758824 0.349747204374066
0.566527863083495 -1.72442023318191 0.263950472665531 -0.145121231735327 0.0880712578677041
0.850438335921597 -1.90201376433959 0.159211640897946 -0.0807426652587478 -0.168051075560461
1.06893344738212 -1.89367921477107 0 -0.12944589452168 -0.32917322418135
1.11854856266652 -1.81454721354835 0 -0.220352985039671 -0.45729540253744
0.67599627781421 -1.88109241593429 0 0 0
0.635981114505541 -1.70688371994172 0 0 0
0.479090919839212 -1.14451390448592 -0.246558496332431 -0.121553634337578 -0.566549768272252
0.483352607176739 -0.658444360814996 -0.286906325878638 0 -0.517666216549879
0.436632316580121 -0.175304915853536 -0.55601031435732 0 -0.462874244207622
0.34138958097763 0.241510138594385 -0.828515567030202 0 -0.343460862073694
0.238976413810339 0.495495116232809 -1.1059947178719 0 -0.27084910403397
0.000400707151557101 0.72166194497592 -1.4276969852814 -0.0820979595026522 -0.301950021576174
0.635191004822802 -1.44998797964496 0 -0.461344666528541 0.599150461505533
0.590126419157039 -1.57082626493966 0 -0.339611284357602 0.30703556694756
0.601323462709293 -1.8464305803659 0.210387510002244 -0.293393788894541 0.137581701346152
0.932619286214359 -1.98392067252949 0.105644898963117 -0.285008785036208 -0.0838081463548605
1.26160105032632 -2.01128737681491 0.0255960481782242 -0.366881542529349 -0.212052772254142
1.1577596599657 -1.82379761015251 0 -0.388718771200124 -0.271429306595559
1.13688325530907 -1.95862172921537 0 -0.290448906174573 -0.377382865223415
0.942174782102945 -2.06495307891123 0 0 0
0.841998125074143 -1.62608347671603 -0.212457074333283 0 -0.460588398241598
0.772008999299835 -1.1797648485164 -0.334526007106683 0 -0.491659928589691
0.551322920054744 -0.774100095323375 -0.532123106111668 0 -0.547635758896092
0.392612999261862 -0.371510563953592 -0.79971992516188 0 -0.466116814476517
0.283912514655381 -0.0189218851207167 -1.04793204614623 0 -0.352894358089815
0.176001322729147 0.173376711326368 -1.31578563277835 0 -0.343269535116565
0.491952858424022 -1.49638259350548 0 -0.707076446097873 0.525039781177493
0.595675753326619 -1.59057954374929 0 -0.436784600223754 0.248756242279722
0.738610202458787 -1.87402502559587 0.0798747301483671 -0.495999776451882 0.157069871754795
1.0278683482085 -2.00776825394676 0.0224751730459649 -0.555791752835634 0.0271547293508425
0.972017582419842 -1.5613782110539 0 0 0
1.13016574339152 -1.52325016132521 0 0 0
1.17882130556305 -1.83992439495406 0 0 -0.126405441905362
1.13940699453868 -1.90790609372344 0 0 0
1.26321248166295 -2.06138005568821 0 0 0
0.888525539861838 -1.69993246037571 -0.410424148828781 0 -0.487446296412852
0.753319793162356 -1.31709400835329 -0.555422901478499 0 -0.472649791957207
0.597165138449841 -0.968007718269601 -0.747209587343054 0 -0.428564630188125
0.405410283301509 -0.642918062468274 -1.00460586703607 0 -0.40977280940773
0.230309279993498 -0.302088735299873 -1.27637879061891 0 -0.368291804154911
0.515567183965667 -1.6083247791663 0 -1.00293962808431 0.534559381035029
0.637866495044973 -1.64324742796402 0 -0.681356128706653 0.253211488164611
0.671409243986545 -1.47552742806951 0 0 0
0.865183703159973 -1.51067823131757 0 0 0
1.01303392106266 -1.52857221347154 0 0 0
1.14380722379505 -1.43737847821901 0 0 0
1.15180788516224 -1.7597294089669 0 0 -0.0359003628150834
1.21508733023866 -1.5982623816454 0 0 0
1.36651963814486 -2.02692364424841 0 0 0
1.15940504288963 -2.20137323917871 -0.412401194855453 0 -0.374351525759996
0.853683314223533 -1.82360897543979 -0.598250694221194 0 -0.452190565362151
0.702449475208309 -1.48268178302058 -0.759612701957182 0 -0.425675246596544
0.554937138974645 -1.16379227980766 -0.949155750281091 0 -0.393266911555183
0.39408667876717 -0.8553103080523 -1.19898181018361 0 -0.372038124694163
