"(Intercept)" "X1" "X2" "X3" "X4"
1.70954952484849 -3.03001857160146 -1.58579641280774 -0.473462326411508 0.979861897146033
2.0334703476132 -2.70787160511531 -1.08852024763391 0 1.09864564099378
1.73425310598252 -2.58948811574533 -0.754651803482603 0 1.33355784316525
0.904082288754804 -2.55008466819456 -0.774253900034393 -0.52068293367909 1.19024049655539
0.828493782762302 -2.31319195087621 -0.452035116058009 -0.387662376480701 0.828264772297237
0.794148944788605 -1.97852739655189 0.145112450555304 -0.0547611690918902 1.04392279377665
0.819675397784674 -1.47855471277537 0 -0.202913051148182 0.885866151215783
-0.681975997427678 -2.10174762944546 0.570641774382171 -0.120600200701093 1.69597273048282
-1.28948069510884 -1.80550436788611 0.885750277925977 0 1.48081205470587
-1.94663883307912 -1.86102682723736 1.41132926506448 0.717237266098193 2.32817805683702
-2.21232511933825 -1.78474473186028 1.76672284661397 0 0.8244903723402
-2.68143644307523 -1.61325828409131 2.57210099680698 0 0.850081133904654
-2.9069474085423 -1.34936380587952 3.02619972176129 0 0.340663073466588
-3.47550646677105 -1.04449681119683 3.58008031289188 1.2155565764187 1.86655205720591
1.52131895711972 -2.64927404389867 -1.21481369067472 -0.485328016553144 0.752348539686134
1.83678112310736 -2.28821168645064 -0.87427228854316 0 0.740884849032835
1.46434631690769 -2.24468846667633 -0.77365927766288 0 0.907590416462134
1.20538488788851 -1.88634503546251 -0.422539081437373 0 0.873131346934424
0.999458404697461 -1.51836212103159 0 0 0.658917995212113
0.580699323706431 -1.44619605462349 0.141264764716953 0.131024076190604 0.6849841875815
0.673662950478255 -0.906130683067762 -0.016361397945558 0.0577740043878679 0.63342563766368
-0.0183973942337516 -0.48204656805035 0.01702606187596 -0.550249162529107 0.852794367089082
-0.746189571191019 -1.05523006489004 0.465222041579361 0 1.05084355171742
-1.22528170671569 -1.02952723942214 0.716354963503665 0 0.43460340118
-1.58107157720703 -0.964629761588267 1.40544763267169 0 0.645841441487031
-1.8502286607528 -0.838611057537764 1.9536766713047 0 0.392909955234698
-2.5775657938492 -0.418267399911695 2.36458781974406 0.863253071304343 1.42139148006669
-2.55465889063214 -0.583255138595478 2.512410269962 0 0
1.53741614261067 -2.29292216969144 -0.808785691172033 -0.543372390697074 0.600509035568644
1.21268855755743 -2.02909885093848 -0.845141288257523 -0.346506337050262 0.314257281747063
0.859309454786063 -1.8097929946208 -0.659106314445799 -0.0901702300194571 0.15491427288938
0.955356842096571 -1.51093899658762 -0.380447324213027 0 0.334979647676562
0.852955975546483 -1.03273801964977 0 0 0.256126682566662
0.571764105903657 -0.842292457233056 -0.0799631745714364 0.17952368039893 0.233259740118466
0.50354151179992 -0.416192950737356 -0.193210478484563 0.211929291971587 0.228962240127472
0.23823062034988 0.0356048404030216 -0.247687640921947 -0.0594572966737253 0.195473303258017
-0.306460262502173 -0.156091612154563 -0.0697264050314209 0.0189264962761589 0.169918164884938
-0.712628935083569 -0.294360256294628 0.454416843372213 0 0.454659493562492
-0.911694607113886 -0.220273330040897 0.894942693086689 0 0.327358436432319
-1.54221751321852 0.0406801388293409 1.24116658383759 0.374780858312757 0.777089764347393
-1.71169822118313 -0.0101509278049033 1.42580347403163 0 0
-1.96983204885805 -0.157112736577046 1.48224126694775 0 0
1.58723859154455 -2.11467122791229 -0.500693908409949 -0.296891119276862 0.676979942438509
1.03416188043617 -1.8125280817157 -0.493312031518228 -0.366551052304786 0.157917616386276
1.03279836198854 -1.30589232328855 0 0 0
0.387232188869508 -1.05024550285612 -0.330159936216907 -0.131275051319733 -0.483261593410239
0.938580168511891 -0.552486882535277 0 0 0
0.61676095747844 -0.375589540032899 -0.308405446899993 0.20565950036671 -0.17612230104164
0.749808632852541 -0.0322925852462395 -0.382578809526329 0.54796273854917 -0.248525666961654
0.558765777941096 0.325251867304907 -0.367776631047788 0.33725024641614 -0.268670058707767
0.124463720213268 0.666368461513803 -0.34723113009369 0.109608780496104 -0.31427951544255
0.0688564109889674 0.580139606748717 0.00161091405033452 0 -0.00983743493697996
-0.453429118028289 0.51705761272423 0.232057108014103 0 0
-0.876842802369676 0.592266153783934 0.645722810858543 0 0
-0.987937908154191 0.439333858739687 0.707066767291022 0 0
-1.01083993716889 0.199449636358794 0.620104893450537 0 0
1.9604859814772 -1.84601636928253 -0.258407957192149 0 0.66684706823004
1.37500062916495 -1.55707544877482 -0.267831996827361 0 0.277972741817217
0.900960553075509 -1.16821176909461 0 0 0.0394435086198933
0.724388436851029 -0.76361647968344 0 0 0
0.498376471294186 -0.313139092880218 -0.256185950405132 0.46587562345887 -0.879645247257813
0.707630252455788 -0.0381887745123018 -0.457090188064785 0.472083508708064 -0.482440557556063
0.895321373793459 0.326140984949325 -0.592181362584035 0.360080658778944 -0.396594076914857
1.07141178995009 0.568934572278699 -0.585094507935904 0.157452698083874 -0.265735371303961
0.811679894280047 0.991925018445249 -0.605069730162561 -0.11937205042444 0
0.530171381165829 1.36552314039914 -0.440456132377172 -0.0373153690130006 -0.276367233457071
-0.18884184720886 1.17668041303169 0.0203797807581745 0 0
-0.518994744715187 1.14223679211566 0.226103140221386 0 0
-0.548552742796665 0.968689053236466 0.200555295419374 0 0
-1.19983329254836 0.0857681690967242 0.307447048145377 0.336496088912995 0
2.01666380423778 -1.63542055377551 -0.0632462112906812 0 0.761876964053941
1.39003418285335 -1.41115412645266 -0.205516614286824 0 0.39366793859929
0.956771160356735 -1.00869006153037 -0.325257790252206 0 0.0772601312515265
0.488408675831671 -0.566522627733862 0 0 -0.141250140314448
0.499544682048146 -0.0951197366894357 -0.336503412140481 0.426350601405489 -0.798066256627934
0.413753892332171 0.162026517827089 0 0.0962102281244427 -0.456717115735472
0.80958327605061 0.443562353015023 0 0 0
0.793109711259471 0.720827040425265 -0.512496176057197 -0.0955121846924198 0
0.748769665174175 1.01643621961792 -0.543058754754723 0.00280123243662345 0
0.532204771700261 1.41900115138886 -0.733992946362555 0.129938923416496 -0.107298944966869
0.458391892240189 1.56628914578348 -0.706121532922005 0.330491004350931 -0.518631592914144
-0.0152926246012351 1.36341151823058 -0.267947772501181 0.736262014918357 -0.616551024129124
-0.857314087862118 0.486430728416074 0.138880101728462 0.850919382570216 -0.117678829917228
-1.54601089920424 -0.252074113958188 0.2796314335067 0.41544035492948 0
1.99926116664981 -1.40745848140161 0.0252869538681129 0 0.826372006847724
1.30924936191246 -1.22962022987987 -0.105935646979977 0 0.448498334250189
0.647617344422347 -0.972613937011376 -0.204119171761863 0 -0.00717389877034814
0.27308698136933 -0.712820840102164 0 0 -0.321743313556973
0.159162007766233 -0.575089398126073 0 0 -0.542925153185861
0.327794231708818 -0.118958099413719 0 0 -0.413597974743393
0.313052522534012 0.28227896173765 -0.374285282091155 0.300618595235351 -0.837985835539475
0.400154325302005 0.72631656894095 0 0 -0.340732100516529
0.498253141439706 0.878048954394465 -0.410028514216904 0 -0.825847052742432
0.627447388770771 1.27263056186133 -0.787966591313241 0.0856142783363016 -0.669488313457229
0.599578032511747 1.64276065277207 -1.00416946991396 0.0351672093436753 -0.59331459953339
0.455125996795435 1.78064838429342 -0.821187273557024 0.0301451715469744 -0.698210714184935
-0.44755570134932 1.35406596133474 0 0 -0.334911116936672
-1.0115544221462 0.113591384120771 -0.130622264190958 -0.033870386282095 0.422025529846956
1.69869204262881 -1.4191977255642 0.0645145155134351 0 0.810533830406999
0.639497511591123 -0.915877524436922 0 0 0
0.784837409186163 -0.912436091391333 -0.134798427352356 0.411325124877152 -0.00872390514860463
0.300290418948038 -1.0830925730353 0 0 -0.63757763466274
0.163060245617156 -1.10047416206532 0 0 -0.89191719874348
1.20752098535446 -0.874271997217891 0.190446858465314 0.632533568354109 -0.982702232217169
0.812059879476047 -0.363320291201289 -0.102376464601672 0.368645127555734 -0.888566418645749
0.446325935630452 0.257726701637054 0 0 -0.692069792163663
0.552564638590853 0.519454943528364 -0.471257872588891 0 -0.957893945091736
0.291440411118289 1.09668086222455 -0.465566916522051 0 -0.694251949480717
0.185070185360049 1.44670154537239 -0.842784446563184 0 -0.725747833477309
0.173300754622969 1.76203166724537 -0.793522018099222 0 -0.707051837785099
-0.116625704653427 1.55174484358887 -0.617744860887553 0 -0.395698081564345
-0.820163015065837 1.18255744281667 0 0 0.00662949405478163
0.500588636248487 -0.741311055800689 0 0 0
0.636747976754563 -1.10294937720691 0.158382874343121 0.336842497922712 0.463933754002732
0.30517880640539 -1.28089917940266 0 0 -0.505647793997549
0.228648107049906 -1.56071231825686 0 0 -0.725312193923606
0.331267381196262 -2.01614415082557 0.691204686940049 0.3365532991435 -1.03680117081649
1.46277528950944 -1.42494479386163 0.316663353071536 0.664127420194394 -1.15072257034649
0.584012322308801 -0.873486190781962 -0.091364611358568 0 -0.95926133827308
0.596114122595772 -0.688044601233549 -0.123640465246429 0 -1.10164337359818
0.504793659461865 0.0529750653828328 -0.315701892207271 0 -0.694366371676293
0.450861994269799 0.644410518527157 -0.608771370326139 0.0121173303287107 -0.603884921440534
0.148836681756993 1.27115042319475 -0.570700971240231 -0.343051567792506 -0.820983924208677
-0.116989415550881 1.81102272062632 -0.569405151016302 -0.497846264023087 -0.869953627765195
-0.164118589691455 2.08414451971887 -0.188501298630139 -0.426066793558687 -0.395365414181964
-0.281249481433138 1.96703937726198 -0.0804418628657313 -0.244970943782248 0.0857909871850878
0.579215418984423 -0.710055148634698 0 0.104480810510259 0.60604111633586
0.308814602687244 -0.908178582416951 0 0 0.00178419548262301
0.461315739628426 -1.40207933146635 0 0.0512463937605128 -0.100371008739211
0.418005700570288 -1.95527338174823 0.415564514718941 0.129917320888276 -0.606526859115662
0.485029852354466 -1.97176551396227 0 0 -1.07857651234986
0.843494769346789 -1.83141817768319 0 0 -1.03220807205103
0.660070099798452 -1.5547511612666 0.256125591615775 -0.120543541849539 -1.19460433046529
0.69878996181838 -1.25179293118337 -0.00437151779452337 -0.0983288285287628 -1.24465713285311
0.662720223890779 -0.431476177344319 -0.319569446262522 -0.0442446339908531 -0.930796624962149
0.493579095394869 0.321128491748141 0 -0.290403329346003 -0.64445458423135
0.407374458331498 0.764148094032967 -0.207015889016567 -0.55458492561866 -0.590987060403987
0.0400025360985675 1.32783506087138 -0.282537255975459 -0.848848808437642 -0.629388865558137
-0.437742707756174 1.58904955105834 -0.291593410633996 -0.700511280902573 -0.469435540307873
-0.613623072015276 1.66830230769311 -0.188340256735412 -0.493314311589474 -0.0647223357047669
0.172499014368077 -0.688216393264727 0 0 0.183810720039956
0.354624028020722 -0.974722997736261 0 0 -0.0082595731596323
0.564451098063308 -1.40075750431414 0 0 -0.209320976091408
0.556963600264858 -1.91336245965622 0 0 -0.432500049420937
0.69129595727885 -2.15717280880027 0 0 -0.864157746198141
0.988522607146898 -2.18147259922736 0 0 -1.08602374649033
1.10829920239134 -2.19018294808058 0.375956251121293 0 -1.04240338571219
0.602794934305795 -1.8744150057787 0.0511503850553441 -0.213484944054351 -1.30213436473519
0.455952051456268 -0.903087848096608 -0.198402657030206 -0.35833296610495 -1.29370190086566
0.133299357823541 -0.239294624886439 -0.271080901536697 -0.551105278704134 -1.10758555724588
0.183158214707248 0.174552737665448 -0.0619942033956494 -0.748994762273771 -0.860684016780582
0.212359864694531 0.693278257883775 0.254431949643064 -1.07893224945572 -0.568125630560411
0.308786015012211 1.1233170281298 0.595428513941296 -1.46666401641205 -0.0972669700346354
-0.072919820058654 1.40288512710589 0.48746128214151 -1.16428868670574 0.166642966168923
0.119574827285479 -0.786056390047877 0 0 0.107127629355825
1.11371675307326 -0.962918469944881 -0.282989924219043 -0.130494070114343 0.323830687443309
1.18797013736767 -1.43057315301938 -0.283969032557002 0.0853839997716147 -0.152487870201349
0.836733276024413 -2.11649019760516 0.0938005943280102 0 -0.326592761718118
0.792178452765095 -2.33469014858351 0.079295726557738 0 -0.58280433640959
0.96847016687031 -2.35227827154507 0 0 -0.739667239997652
1.13646719475783 -2.30982318180631 0 0 -0.750246051833028
0.460725901509501 -2.30107953306586 -0.119352579659158 -0.132418426949718 -0.80584564597152
0.188023552483956 -1.48032999465929 -0.395608169663942 -0.576279641476749 -1.19060276553643
-0.150198539610581 -0.910859292066526 -0.313871920211805 -0.803897614456348 -1.37992489018696
-0.393402511696572 -0.433362816543746 -0.269055160529519 -1.07294077326465 -1.17188502387571
-0.121961429758307 -0.0256949877743691 0 -0.839972143937681 -0.702272869685401
-0.175754777291225 0.418233162649512 0.40872728394453 -1.53360013298408 -0.391326767656831
-0.0433821815905625 0.778069139884806 0.745313349368481 -1.76859848518001 0.0424659003658173
0.652410033687195 -0.788852496919766 0 0 0.461368322366375
1.50941251218861 -0.891692285646098 -0.584362247815446 0 0.373190321479147
1.31084424708333 -1.41959087112931 -0.409868131549898 0 0.110168459580866
1.1285977113754 -1.76157045856545 -0.225592507342059 0 -0.158178107565525
0.91510070363248 -2.05952923363057 0 0 -0.255902264045618
0.896933623898016 -2.30552694846128 0 0 -0.237558667488071
1.09531207126912 -2.66397642119345 0 0 -0.240887039915665
0.849917231447565 -2.62192410173463 -0.200908863968292 0.00763483735078335 0.00854505523861281
0.217953362666293 -1.88952885126085 -0.431769872986954 -0.524350024350779 -0.731400829911042
-0.607313259648634 -1.43212726204917 -0.381276853594454 -1.0258501303335 -1.45878576522549
-0.817750226140373 -1.118943032694 -0.289011754118684 -1.40705057599974 -1.44314486184042
-0.203266965429706 -0.724170511483207 0 -1.03806307317878 -0.759973696344025
-0.433655857321265 -0.3113434760086 0 -1.20726654948706 -0.590217721928483
-0.245671975142351 0.0761300668867752 0.736012891678195 -2.02070057514455 -0.137336771914256
1.49905261625129 -0.650647007862987 -0.414987313262749 0 0.742921774330566
1.54203359695691 -0.868077665923653 -0.639141009013946 0 0.433301466868412
0.878844871533125 -1.38894379111998 0 0 0.172129461989667
0.961017238598006 -1.56682214596492 0 0 0.0808090287746304
0.958111859783268 -1.84372527511064 0 0 -0.0258724554618835
0.886905647320667 -2.16921373176016 0 0 0.0888592918112962
0.961225686337406 -2.61517384331978 0 0 0.29030968396958
0.972049996216771 -2.926406657953 0 0 0.175281335176911
0.77701455816811 -2.46220265100142 -0.0490859889491323 -0.33526260946621 -0.480261095658953
-1.05435209331175 -1.91769356829163 -0.520795878413416 -1.1153424888871 -1.37941978662834
-1.54718736260922 -1.56199448256511 -0.557582417984065 -1.61250147424962 -1.47055611067941
-0.263798697169497 -1.32808279857076 0 -1.12704901999933 -0.772236214225317
-0.651498485870586 -0.966132439093347 0 -1.51771995679104 -0.728512252996695
-0.543141152565605 -0.626432239543674 0.606654431562086 -2.2340514388323 -0.348614430923343
