"(Intercept)" "X1" "X2" "X3" "X4"
0.00312267367376832 -3.43256596987775 2.30611089219829 0.634801549428532 -0.542109687782792
0.410760869123697 -3.26489741133602 1.65585397297112 0.745636960911956 -0.248703430220861
0.514264230125514 -2.98876183927205 1.34340151567973 0.68237840374826 -0.191982447296346
0.65253167856989 -2.70095263746423 1.02345317370904 0.621999101953543 -0.154944909877347
0.752034587549394 -2.40962848373074 0.686394572248813 0.440623983801537 -0.0767964239667992
1.03344363689183 -2.02249425664944 0.309667864695284 0.356928186944477 0.376344591523005
0.867985731449006 -1.56060860692652 0.205271132354688 0.225676753835742 0.784913187418698
0.422945816921079 -1.30684742024994 0.397125802195053 0.138833184265426 1.00146371850983
-0.118967799819938 -1.10738637925668 0.698403388213634 0.196843002980572 1.23625778766423
-0.667973388108436 -1.28949898338939 1.17567680246016 0.54335052457169 1.55024265567106
-0.768300894685061 -1.29476049079223 1.55842664785565 0.873338898779365 1.03240700863775
-0.76025143378912 -1.32847911702597 2.05154742150905 1.07496390184491 0.593589940250454
-0.893401247185441 -1.21082614622594 2.47505864212371 1.15748716365673 0.144610763622041
-0.851192932507303 -1.22926912387061 2.94263551501865 1.41981790557446 -0.491657590529655
-0.0235074420495293 -3.09938383804976 1.87248796088803 0.528719088010762 -0.728953631928475
0.367755082656597 -2.81665204086076 1.3257085687682 0.63268433645088 -0.431495320808623
0.351478400319762 -2.5234657674485 1.16239292017664 0.505197895975255 -0.429552601335853
0.42992143693876 -2.20531219165791 0.91583023889604 0.415919795684235 -0.467685335062096
0.607995306743681 -1.89204150572513 0.549622371098707 0.357831451167069 -0.446924209145498
0.595750348497817 -1.40376890497127 0.0960917636733161 0 -0.251224944426473
0.685745158342484 -1.04316844624023 -0.00936981506682164 0.358705107576244 0.302301413588592
0.424627602966458 -0.766619690486972 0.128063511747155 0.336588035306979 0.197751478393265
-0.115581606952026 -0.730261096795668 0.54106143170613 0.581393082356208 0.693313426457963
-0.326866060296421 -0.873694386423313 0.84730161414716 0.825882625689383 0.463227547131285
-0.356345487890797 -0.852238655694317 1.29152366196029 1.03227512094118 0.0521917357383163
-0.425921947379313 -0.799182010334886 1.75221364784122 1.13658053551318 -0.160379626219079
-0.613161264895758 -0.778829162595361 2.14713873570425 1.17022859284278 -0.440891090407092
-0.737643166687976 -0.868047997869474 2.46621807354255 1.372040321655 -0.6121288646113
-0.289196358012839 -2.86551041970969 1.62681376348933 0.214478508288776 -0.90539429175913
0.0147380180051303 -2.70136882225523 0.72828770353806 0.437038206899284 -0.84771448770519
0.286455620144509 -2.01723821506272 0.734179051737786 0.430767235031112 -0.575310124399115
0.247270409246667 -1.7098852465608 0.711141879356296 0.206581107384668 -0.736046325463551
0.234193108651507 -1.45639105888848 0.399393852256777 0 -0.965364469880438
0.756145758477363 -1.01758806277211 -0.0510778033925152 0.366813649047682 -0.354447010979983
0.596961139527394 -0.635666355224604 -0.221110639345679 0.529020627186343 -0.356175803646852
0.400778585058557 -0.32835633919449 -0.0571093203258629 0.668039498767442 -0.263166613582164
0.267519467160168 -0.301537332619993 0.220884863688336 1.00461090466187 -0.373849157697466
0.165740454910333 -0.366814647360147 0.514776597417569 1.10626841534548 -0.75485008269138
0.00992435298092659 -0.292912316020949 0.939948582695266 1.01925012055724 -0.878099035423174
-0.213975959545869 -0.272522160352782 1.36421190276971 1.01007764407934 -0.951922578363723
-0.476603623881148 -0.432737268257561 1.72215923782352 1.0931477329795 -0.906794530095926
-0.835145830990059 -0.722296237191768 1.69203189291834 1.25808878785221 -0.238873021937687
-0.176165846499372 -2.27325670584484 1.63598052943142 -0.15225599139154 -0.845670467183177
-0.140008384976555 -2.0687384440239 1.17197423906821 -0.0542072099045702 -0.90294788195623
-0.37542024062224 -1.88102645673452 0.546006232761576 -0.0933599271687071 -0.970579248746314
0.0608990543982101 -1.24972478374712 0.444295262148465 -0.0160329564575749 -0.927455927569535
0.390639423685301 -0.871396111371771 0.0277232040699433 0 -0.789265532859067
0.725878366068755 -0.709056045620087 -0.336389323995713 0.37477182742615 -0.737037776570418
0.697643563506218 -0.225034133508497 -0.4302169796487 0.713206858615611 -0.886298425351925
0.646198275456523 0.0271555811517309 -0.273649935517359 0.840128522373196 -0.956492826137809
0.470317702810559 0.242892765743598 -0.193150452537324 0.705131460690394 -1.18689497049999
0.438002061029997 0.216397582629015 0.220872281315682 0.82155639852048 -1.33775313297442
0.095134460692131 0.156170071470867 0.696772931880878 0.831968147240932 -1.40859978771036
-0.372591421993874 0.0691919486411774 1.15639101169556 0.823057999262942 -1.38736749567807
-0.692651432327738 -0.184752261575497 1.05009445792935 0.803401084587583 -0.712651611727588
-1.01751792511528 -0.778776336871546 0.786310724870041 0.937133222284584 0.258539541177849
-0.305361443313734 -2.19184015454637 1.23152676878727 0 -0.566425759746589
-0.303063867137781 -1.82144981027516 0.909534859127213 -0.279605637591974 -0.948172393037224
-0.318054686900953 -1.46424490389688 0.50773329859633 -0.374591699638094 -1.14415313418439
0.319612345706111 -0.916230297200394 0.179781663687569 -0.0685181506315456 -0.763777208985293
0.47194891287117 -0.557927630226859 -0.124736108037592 0.11884957944057 -0.620880645300824
0.361778986559392 -0.226875953959727 -0.488420219021049 0.312161317841445 -0.969468710497741
0.444230884836823 0 0 0 -0.586589437709814
0.620154334644397 0.365627852987871 -0.494291787498933 0.330711045277318 -1.28625874611034
0.411892410764525 0.740705884927941 -0.289032858996499 0.255554337386572 -1.14820883516559
-0.118194443242463 0.746321793186292 0.373539049360659 0.720205423901788 -1.21228621662051
-0.109887989061922 0.639628289777649 0.659885024528156 0.649568892289286 -1.53991388909321
-0.081734862764499 0.389251125516582 1.01658868965365 0.478028857874215 -1.90375233605018
-0.748757593758025 0.0499199042910762 0.541855080292744 0.367453457651402 -0.781489793700941
-1.34405459954448 -0.9836235800559 0.458379394995398 0.646058714625737 0.188765576588214
0.0543755647662243 -2.36322609393088 0.936303403414929 0.979393524193694 0.328417184476923
-1.04617908453809 -2.64848813066152 0.174748894456839 0.069558576014696 -0.589030220992886
-1.13056910226243 -2.07550251536992 -0.315133205580287 -0.330185374416502 -0.90593590580968
0.218534824503535 -0.974873701691034 -0.0657228548857699 0 -0.309804876363669
0.0764068729534033 -0.435750578681031 0 0 -0.434138617154783
0.236275510778036 -0.0333493448950449 -0.293994347383254 0.503529307601786 -1.02599625614343
0.172497431984886 0.189907495834097 -0.367892071650038 0 -1.16526541865033
0.316062423808644 0.67001641654092 -0.275866795269152 0.347929622356297 -1.19957612048158
0.319397813918338 0.866824456674642 -0.170205301818223 0.422146947777301 -1.0592136989477
0.403184437004735 1.07032283004882 -0.084188704964274 0.304067170992483 -1.1550081411882
0.237806337097836 1.01708621658188 0.434268935017388 0.632791298302738 -1.65368065596324
-0.149026603452196 0.729952906435228 0.273219472681434 0.532553495335312 -1.23833599279276
-0.760666660475023 0.323657580629028 0 0 -0.646427555203036
-1.40937717622477 -0.973700648688311 0.0652039544590002 0.758498220376957 0.216999029902127
1.06212052911034 -1.48469186330568 1.05902390964354 0.988730381256994 0.9791124214821
0.19933295114848 -1.78262406702645 0.75295037987957 1.247724633462 0.918188898843348
-0.572739704337726 -1.30746769216432 0.314539210379441 0.645522710763568 0.0382599347918017
-0.0760630660310324 -0.828668760878575 0 0 -0.552346054234411
-0.218723262573376 -0.612429208243552 0 0 -0.634815998876264
0.194558377033145 -0.265725309556043 -0.416411171352286 0.410398565009567 -1.26286320122748
0.18926041132019 0.211987706646227 -0.155934869598981 0 -1.05235415501934
0.295869363398364 0.65635919593824 0 0 -0.713055705970305
0.223529062385271 0.973217393754077 0 0.240214669256817 -1.30185367712908
0.353079742922533 1.1557388545609 -0.301934145213231 0.107832588496725 -0.654093072180404
-0.275485107405743 1.15492221079344 0 0 -0.480075503384367
-0.337960959762342 1.14826503345448 0 0 -0.426186417905607
-0.534864210056983 0.403289544734823 0 0.485661653943406 -0.369378874302413
-0.891248233334575 -0.0573066544371925 0 0 -0.20681193666462
0.0454618466069511 -1.31396338391993 0 0 0
-0.156695725334377 -1.28226581028175 0 0 -0.277561618601384
-0.18658283551195 -1.29041086647829 0 0.354251354460303 -0.304433682443029
0.104740072012935 -1.15462054227232 0 0 -0.751992308842474
0.178071410093777 -1.10160778533788 -0.156973864608268 0 -1.01193926862496
0.64658965568148 -0.769273072551587 -0.236808201865885 0.333124047386652 -1.39003523074099
0.56787288892187 -0.293051577399174 0.115678044012704 0 -0.969414190936274
0.0640822650131449 0.0461160779479154 0.106661516371473 0.159929807358766 -0.762232244452845
0.00651534153773463 0.621278456103165 0 0 0
0.594214448950471 1.16693576010577 0.33011348776217 -0.0072323412392279 -0.0194084415151954
-0.233662719064024 1.7781391240667 0 -0.255988506503318 0.127100771694123
-0.415612966348738 0.979526011957857 0 0 -0.0753932118860393
-0.618179509438762 0.387151559642008 -0.400572702267359 0.651343943287582 -0.198539719373087
-0.497321389591737 0.599624310474991 0 0 0
-0.246430452013279 -1.51632505735146 0 0 0
-0.133652900455616 -1.40014790509414 0 0 -0.328523880360473
0.247805785432322 -1.3484331816454 0 0 -0.550988233385227
0.732923043697248 -1.2458627132088 -0.0875268417884826 -0.199905442645176 -0.850694046098974
1.06865827557875 -1.50826326279648 0.0662418221572727 -0.0707466916512161 -1.0487560969591
1.33455886932373 -1.5062124945312 0.410910482037745 0.179770016001321 -1.12396961851058
1.87745406064382 -0.957703254410931 0.685564492349754 0.367956036367029 -1.01169130267661
0.370391357618654 -0.544069336535194 0 0 -0.985284094583069
0.283056849113206 0.0505077016702494 0 0 -0.471000873553107
0.212497254488385 1.08599368531629 0 0 0
0.897182169930494 1.57610219291098 -0.110291102200624 0 -0.0669425954051845
0.0400386274832522 1.03799591502435 0 0 0
-0.0216651150345417 0.372812079290266 -0.759741387459957 0.348684749264927 -0.507886527940219
-0.319621802842604 -0.345807031427973 -0.959644520286225 1.13391553391745 0.220249607676899
-0.228547583100893 -1.45079871424648 0 0 0
0.579958583451794 -0.784094471704008 0.182555564203503 -0.615401484694669 -0.047397997248011
0.329051601737591 -1.48845806954179 0 -0.220201694352993 -0.517004912541967
0.541978560990665 -2.06244815245142 0.0816505884586614 -0.0879245341804939 -1.13098940654517
1.21836043976656 -2.25917178594099 0.344323297159821 0.293498377297372 -1.27914384833649
1.26066120068214 -2.12277258640169 0.558858258355711 0.114645812759797 -1.19545692194259
1.03227249722574 -1.49831406757226 0.318437909874797 0 -1.12404790699454
0.394995740810276 -1.1039585525523 0 0 -1.03023981910034
0.704818710602551 -0.631192732523828 0.187444743572536 0 -0.502693498289317
1.06886599661263 0.0576362708925744 0.075502183433612 -0.0426975820670862 -0.715070048938922
1.23766224308314 0.786734874451904 -0.0146957303673877 0.0698857487463075 -0.0269682007106021
1.36555945153944 1.05381340776903 0 0.0613317162444783 0.193299767495886
1.09529858388753 0.447097563800878 0 0 0
1.13425191706324 -0.256738527977435 -0.715365326754366 1.11777153729265 0.274939225168062
0.298329412661089 -0.148120655576082 -0.0614575840820736 -0.762098948804633 0.101445757950664
0.232772557282232 -0.818893384383208 0.181994902214803 -0.450792081033802 -0.0483351271120069
0.259195318499664 -1.55408150679422 0.578191443605825 -0.12205318614251 -0.215456760304522
0.422738180041944 -2.25293039918496 0.424447712555868 0.0126101579637961 -0.784624071798473
0.490838204879512 -2.84960790348563 0.503222674683799 0.0514152192468708 -1.15721710414671
1.14785951251285 -2.47009714816416 0.495823566792885 0.21892424244026 -0.957505236430483
1.46109614614862 -1.98761880832049 0.637429707891748 0.438287327427265 -0.875026579522087
0.349567024979276 -1.4481240355872 0.0953312071718045 -0.138867059008941 -1.25120338080658
0.329328060784553 -1.13146098799031 -0.0518092093284633 0 -0.675160377184443
0.224815472391241 -0.433501875463129 -0.368038132443746 -0.157190701848405 -0.559574904053072
1.39516317266316 -0.290376913048157 0 0.255133911555185 0.135472672817967
1.7629054545759 0.0629032506891213 0 0.348255328256276 0.374794370239105
2.14915038763986 0.12532187100758 0 0.245046208657685 0.46132699109185
2.08992587872061 -0.359894919471973 -0.183528575378605 1.2138059123492 0.775844727376604
0.26739133412187 0.004057550407607 -0.29990217615886 -0.599043443215891 0.0400980581536987
0.371583135447572 -0.570708156454033 0.0787911284845494 -0.0960668847865107 0.146889437721397
0.635603281533513 -1.41913351085729 0.164862927117363 0.0702777365849844 -0.372449251453248
0.57750927790805 -2.16421567450036 0.154609892729117 0.386175265921473 -0.524364505249484
0.108585354828644 -2.8750245449016 0.300324180775843 0.402328216624801 -0.360403861837138
0.951959038238495 -2.52142474806734 0.302965788180729 0.552847548805636 -0.416457830692493
1.22748007451336 -2.17746866081041 0.495231440121956 0.512397696756024 -0.362425695450655
0.367152560078981 -2.04686944125012 -0.0408428397675957 -0.0489314368083404 -0.823101097857355
0.375919256499943 -1.88383213462372 0.0022808691773698 0 -0.634551240626309
0.625630278576372 -1.32748663807631 -0.235280127809295 -0.137887632757761 -0.346878404941072
1.34336332914237 -1.14243535076426 0 0.267817841322498 0.000292063355646284
1.89821746029872 -0.865948995504465 -0.122922705663373 0.55697051988171 0.577454945048464
2.63638364389779 -0.588409873614009 0.0139098060637534 0.871601502264688 1.20298146822703
2.98136953588014 -0.789345062928411 0.128335532362514 1.18425637249381 1.22082054775274
0.486250318392072 0.343219002012576 -0.515364766757341 -0.055700992803657 0.458089886711887
0.695958970916979 -0.521117322908441 -0.416323915866298 0.139265666271077 0.230870035971563
0.701661114996041 -1.41290439719316 -0.28835709855544 0.486469191813854 0.0977562088764783
-0.0401982881843312 -2.38862678644429 -8.05460678658765e-05 0.470742685414861 0.229854669632464
-0.080111346730424 -2.55643565479265 0.0749931938774435 0.553142570581109 0.301575105892778
0.474659687695946 -2.54533660662828 0.0508466013240261 0.671348727411465 0.399932424888046
1.07075045557206 -2.34775730926477 0.0235172179529609 0.4720866318958 0.0559532706383803
0.717139130290603 -2.35029323983594 -0.0828734337783416 0.047279489010292 -0.33991305159859
0.364654587366628 -2.50688500076854 -0.725008623757964 0.391806423107638 0.648024670440188
0.936184936030188 -2.12337197205539 -0.374729686589852 0.00197248377730677 0.167606054751817
1.63844102398746 -2.04048172206251 0 0.44509880550842 0.0432563834013703
2.24760619312638 -1.99393063789344 0 0.748738053139665 0.403777616209184
2.83044291127231 -1.94528455441774 0 0.958990242931214 0.701052388992813
3.28166654948035 -2.00041000905165 0 1.0870793746954 0.778639000999664
0.54266007459065 0.216637964208737 -0.475420161269889 0.576584259594798 1.05017736915209
0.46302871382959 -0.704184345256559 -0.452005769485253 0.694844341868271 0.718005058940442
-0.373251198720988 -1.84048031406079 -0.0907614699532839 0.629530852096758 0.718196434610757
-0.696478381151988 -2.41519904089279 -0.169079186396212 0.456920459493969 1.03092147432322
-0.566323420841289 -2.49222957982738 -0.145035719582682 0.531950294584097 0.967992360639635
0.0312430672788651 -2.49785818084897 -0.343732553162093 0.628273438722603 0.981609031103471
0.597126099283475 -2.54692468787839 -0.266032446140911 0.461580929214715 0.860807520043626
1.25250196285148 -2.77905742954124 0.0703815688031808 0 0.313544192121249
1.00071103302264 -2.96850148782492 -0.6235443384961 0.312401322597384 1.13836928883122
0.856056972374706 -2.79054538157903 -1.19125365985578 0.440703789753668 1.76157799074953
1.98107441493857 -2.58518087977996 0 0 0.350853508915338
2.56073471730759 -2.75532750891495 0 0.831071033196903 0.558631193660043
3.06985563207115 -2.66970161806855 0 1.09783067902889 0.875898262630262
3.50467524988471 -2.57160950610255 0 1.32955565296519 1.12828304616561
