"(Intercept)" "X1" "X2" "X3" "X4"
0.432845292983204 -3.93078573385591 0 0 0.516582737366916
0.53279674898988 -3.63008563021822 0 0 0.605404068727928
0.873441562958005 -3.34095884571158 0 0 0.856778821722999
1.07133215456869 -3.17005095559006 0 0 0.946601897067282
1.01849759479575 -2.62993111155811 0 0 0.660936779745754
1.07208575676609 -2.08880949621062 0 0 0.400033544342472
1.40634431865037 -1.71982834442126 0 0.370117119618986 0.176701869938787
-0.102716057357344 -1.73511469575722 0.550208053423827 -0.190807905810566 0.233949835643927
-0.576158076715564 -1.60221763185674 0.719493937528473 -0.218320613619279 0.0651657482001925
-0.835547554861193 -1.46880970197394 0.993856336625659 0.0297209450277573 0.190954978789276
-0.708323102233012 -1.60997518158375 1.35593642128494 0.142922218966054 0.273091547834234
-0.587699226721173 -1.78254904814119 1.76090555799831 0.452897781749935 0.108561834727242
-1.61363839865968 -1.3323326791919 1.7005753538346 0 -0.470285537622036
-1.80570569266996 -1.45329400752846 1.84537781331488 0 -0.492158294937843
0.354733183655623 -3.51669595555872 0 0 0.31503103546985
0.527650803578752 -3.20886468982934 0 0 0.417217351568684
0.737349073115207 -2.75471975972685 0 0 0.508963646544012
0.938277375672633 -2.27776378926076 0 0 0.545671926226275
0.830545669116159 -1.87336907153174 0 0 0.233572162079459
1.05634961253263 -1.437237377752 0 0.31565395501016 -0.024666862956057
0.896856795736459 -0.998535534272092 0 0.302045419373895 -0.290491275765703
0.053616874290544 -0.885469957687551 0.269356618263815 0.167127868551993 -0.257868816074293
-0.461859086176333 -0.833449868549874 0.440044661673311 0.0897721989195917 -0.330456604373376
-0.521610441831776 -0.873627932287994 0.585128158005072 0.154887748611102 -0.0990585131496409
-0.945796983625432 -0.662183189874226 0.7719647490894 0 -0.29503154615483
-0.190344074320922 -1.27239277075596 1.41179228830934 0.685263335930582 -0.116889527581903
-0.165756816432548 -1.51314258229482 1.8926672370078 0.771224066955436 -0.308393635602034
-1.61604075684823 -1.06587479099863 1.52412534536567 0 -0.476620700065201
0.776515815766634 -3.21528426516626 0.392298397002879 -0.315997195988374 0.547628536204242
0.624944315045108 -2.42380888614097 0 0 0
0.909881741954353 -2.13915109220962 0 0 0.327236412413824
1.0881432990329 -1.54171299091842 0 0 0.306383075056137
1.14992447857958 -1.32707092966162 -0.152821837358307 0.294009080161418 -0.128057228377377
0.987473764886019 -0.782625972755919 0 0.349105196694659 -0.373716923524859
0.685967283752784 -0.46926504981296 0 0.478895647107509 -0.683501262643649
0.556293047205789 -0.113130920867065 0 0.497653749643475 -0.874943873430654
-0.28046178833311 -0.076124282737477 0.168164904318864 0.455329544702685 -0.790469497647785
-0.159029598483943 -0.300041088932085 0.218124331895508 0.599649521933792 -0.643322952006308
0.0466751422991194 -0.606877323027268 0.545030618274103 0.763139137275424 -0.358007065823119
0.0495754497573846 -0.728125367935113 1.01255369898765 0.669157669891783 -0.383822234397542
-1.0764903024295 -0.421645145073445 0.971555465339265 0 -0.551918065612834
-1.77133429203804 -0.755577483960612 0.708277541215041 0 0
1.39095221901368 -2.54715351556311 0.382642587143352 -0.438984460223099 0.575731681553496
1.09184525585423 -2.22369678586641 0.241803112915072 -0.410755823300403 0.395453815218398
1.07580597240201 -1.61238763343155 0.165535984482765 -0.278433518961999 0.210039627961954
1.11759586640144 -1.17121578366458 -0.0355228699644323 0.0524144737717602 -0.113803298562504
1.24850137038439 -0.975282809203115 -0.229575681100827 0.447890694903247 -0.445779736778244
1.01864817671526 -0.556565700644947 -0.27024292610858 0.567547252694573 -0.693384829046307
0.781997312700362 -0.144794726757239 -0.285123302591422 0.682239245885335 -0.841282791050269
0.672922859981566 0.217435006608378 -0.254266313979695 0.673618512829819 -1.22067861838768
0.283559950596481 0.502261948264363 0 0.634470566256698 -1.14697753825856
0.227434395072094 0.502422514261602 0 0.50777123214076 -0.978503397639517
0.118757466121299 0.0410138831368407 0.297951739176589 0.730939118133191 -0.797099265346242
-0.741357816493022 0.476839262464542 0.4016283901379 0 -0.63718215661833
-1.0291450025542 0.13363420538315 0.542211626249736 0 -0.588180267104429
-1.28025264430363 -0.373164628347255 0.468418621826561 0 -0.516264742112846
2.01286013156719 -1.94221838095747 0.340713751973036 -0.552649178554269 0.783417989712179
1.58970507666913 -1.62082862371828 0.149181636361577 -0.489509407072892 0.379371750241873
1.32446489803716 -1.21030621741605 0.0488000244942912 -0.333088990483394 0.082445242764642
0.979482427299268 -0.769912111880828 -0.0490895710453791 -0.0602976580647433 -0.422470586780104
0.895950859504302 -0.519796669698198 -0.170118015385186 0.372958027555611 -0.765149470796599
1.25669689636578 0 0 0 0
0.942981086761302 0 0 0 0
0.852599058184465 0.264593171533838 0 0.568004741867873 -0.991034955142521
0.80406908644096 0.581029772880603 -0.349602983517611 0.679403705383178 -1.12622350790987
0.185160289136776 1.02722219723342 0 0.375958802355289 -1.15028430127455
-0.266478436914756 1.05634844926317 0 0 -0.507959434251204
-0.747280603111396 1.11286317506647 0.313412920797653 0.258164306649973 -0.818544410611275
-0.947414916087689 0.51800949631372 0.197382331725213 0 -0.419673960110916
-1.1412369651972 -0.20654403569709 0.231574452646035 0 -0.554557185923945
2.25144049853157 -1.55795344951368 0.151196272176511 -0.870851359745815 0.793870382877215
1.96491864500644 -1.36335929796244 0.0158368231143344 -0.663260540945889 0.405014638290656
1.32005621525119 -1.09934898016373 -0.132009171946249 -0.459729159582108 -0.194622414188442
0.761190064509721 -0.800991820694476 -0.182058145024841 -0.173355066994857 -0.699037891371802
0.163989936961941 -0.562256376566184 -0.13055028139376 0.189016147028294 -1.20756102192376
-0.0923745632691537 -0.325822122462415 0 0.0233914656171954 -1.16797329758034
-0.101183624722051 0.220791793809467 0 0 -1.30941485054737
0.27192851988937 0.5640833008165 0 0.351805073812817 -1.42921161262822
0.296371003492437 1.02828510925142 0 0.376793415269153 -1.28123799462715
0.0691963240957183 1.4428686764289 0 0.327696843109376 -1.17142180181662
-0.0966246882128794 1.41965935248505 0 0 -0.885513994082517
-0.243685686630078 1.40535626753976 -0.0188402951927764 0.407410300016429 -0.817132594240594
-0.643449857362993 0.680433128336666 0.161222350213864 0 -0.538567720013258
-1.11966496678596 -0.177158657323187 0.10385265560392 0 -0.36520970571656
1.72813374488922 -1.327402065146 0 -0.743925591628551 0.731209752194539
1.43313344593385 -1.2204006604987 0 -0.695955337753194 0.269897839772454
1.18416292729903 -1.09663477692424 0 -0.47736602950479 -0.0145127416410117
0.744527594190597 -0.912427798476243 0 -0.318194953333322 -0.415113292311448
0.369836047570911 -0.685060164860874 0 -0.0116527981867976 -0.976766646313798
-0.453237369001241 -0.434321587347185 0 -0.0112349666559142 -1.16010380625847
-0.874606870842567 0.127709262167427 0.0305548287353413 -0.0314182409451777 -1.46736425342127
-0.152018812481964 0.622776688820751 0 0 -1.28119981889474
0.07862920661792 0.966085445916814 0 0 -1.15443726496875
0.119979445322447 1.3034906893167 0 0.188743407075778 -0.94056777936582
0.0749562316183108 1.41199399350615 0 0 -0.722661601960068
0.00510868251792814 1.32415131289761 0 0 -0.657602058288108
-0.293880111684555 0.8668255869215 0 0 -0.489183658882404
-0.745157777445071 -0.0277230455254082 0 0 -0.338727648717389
1.62126094260573 -1.21119558563165 0 -0.593594553486591 0.775789840382588
1.3246318638884 -1.2726353835284 0 -0.551338089528162 0.367150656077233
0.984741426405597 -1.17521429932224 0 -0.423214431236648 -0.0542168082481211
0.477926444640174 -1.13789384239372 0 0 -0.47332772852219
0.243518150422848 -1.175342653492 0 0 -0.814604031474623
-0.410518416471011 -1.0834121710184 0.0488997035739319 -0.159051613848556 -1.25388095668417
-0.410903231817806 -0.493539298210955 0.0433167107099045 -0.0278246949338971 -1.14741036730611
-0.171043896993223 0.150377730496055 0 0 -0.910084171493846
-0.0184669815228253 0.787525387308116 0 0 -0.44771948243856
0.303081879273371 1.09586609414338 0.176388051245034 0 -0.577385627423675
0.110907983373075 1.20801915575462 0 0 -0.54530044947649
-0.0158333100418292 0.978857063625372 0 0 -0.432049597036361
0.0405436557918203 0.666847698696372 -0.208797706324414 0 -0.509226347893529
0.854108980654613 -0.298539346872491 -0.692147435249698 1.23360703707937 -0.868051534026518
0.67182703007647 -1.07950142633002 0 0 0.423780993222656
0.372686558499579 -1.0073956521696 0 0 -0.00515780836329751
0.0541390207758483 -1.33408015803855 0.368513060574067 -0.0566185889147921 -0.214385909427029
0.0226291776443959 -1.67461426568327 0 0 -0.584600348384413
-0.0414455298560431 -1.83705242549989 0 -0.174680639661267 -0.749555149826492
-0.0342068735780155 -1.63067317791324 0 0 -0.663820298291507
0.0216917554837689 -1.13199444252647 0 0 -0.683015731420118
-0.0650587214364968 -0.60874590916789 0 0 -0.731899184001766
-0.0867042488169931 0.0994922250023231 0 0 0
0.0958807155333374 0.702062037488453 0 0 0
0.10906505596384 0.888607539713069 0 0 0
-0.0299391419896078 0.829681290623111 -0.33200853527107 -0.0970952004451794 0
-0.062604895687558 0.326952990560197 -0.421007025091559 0 0
0.153706558026384 -0.425389033474364 -0.665364652303972 0 -0.308966707637996
0.0812484473002331 -0.820539862707636 0 0 0.0929626180549426
-0.210314865508988 -0.90264830279061 0 0 -0.239149303784605
-0.236867705846198 -1.42338177538261 0 0 -0.380096899019333
-0.176101202349293 -2.12654525123458 0 -0.286523151730194 -0.474712522301585
0.16321159956341 -2.38517225284693 0 -0.385937629673851 -0.682648948197895
0.810469467445629 -2.20757677042114 -0.045557405368348 0.0547379639375519 -0.650274955773256
0.747807829953172 -1.96152065813092 0.467102234068477 -0.287323121357977 -0.743640987964578
0.037661288000706 -1.32597475602677 0 0 -0.499959088338288
0.403678056045648 -0.664725994784651 0.11888763953871 0 -0.395864265889332
0.466746367320534 0.115112628932201 0 0 0
0.564539530363994 0.560414363038995 -0.340625660800099 -0.220633810927096 -0.387180052521512
0.64557061758359 0.243728586350648 -0.673762932045778 0.369685070675579 -0.333177882811336
0.607198538598405 -0.432224508241747 -0.995844630684107 0.82962953072221 -0.437486171441834
0.943073819222709 -1.28290695997337 -1.12508523373552 1.22970043774439 -0.44214698146193
-0.137475116587779 -0.618350206233163 0 0 0.0439663840271364
-0.164823612963556 -1.12051980439413 0 0 -0.0716078223861658
-0.626905690942349 -1.53170294156384 0.254014754372727 0.240916004989641 -0.282347163198483
-0.241056394159541 -2.32869795980307 0.0574675590848845 -0.182872357411676 -0.355447419506416
0.242172906124387 -2.73809605596118 0 -0.24049489797993 -0.459023582489548
1.02426319427709 -2.55011296942455 0.275951445319033 -0.29385175611305 -0.619872142198329
1.49311855292807 -2.25808908748955 0.488671439704926 -0.0274124497766664 -0.411959600509054
1.12746397529935 -2.02400380698341 0.351068288607614 -0.301188739316623 -0.519154404053871
0.478959989792271 -1.17299512041357 0 0 0
0.334235565941312 -0.405580504674017 -0.136136434027428 -0.098112003575963 -0.314128830623779
0.405883303651522 -0.178914801593201 -0.388961598149411 -0.119241128951794 -0.421822423414881
0.654343169356901 -0.397289213108732 -0.615883749928088 0.356775747264301 -0.497451363825148
0.895252948620451 -1.05310529041589 -0.936847665636938 1.01694535426752 -0.374176557256263
1.17044855984219 -1.71127884979424 -1.07968320103812 1.52901806157757 -0.334950151816502
0.0392361036502547 -0.773059259346939 0 0.0766548767478757 0.237433628583365
-0.0297439633501575 -1.09148894248734 0.0816848245045983 0.446577920264402 0.0304218646688199
0.0132651282432047 -1.70417287756963 -0.0252540081443906 0.337875031974178 -0.127255576119383
0.055203324499195 -2.41602451012496 0 0.0940534027783864 -0.0888990714053896
0.630392383853651 -2.46814658537825 0.112829917131975 0.242107191725056 -0.310474369691001
0.907280681547688 -2.51404539714841 0.0426741493691738 0.260876726567682 -0.0334574727955695
1.10234512711061 -2.39937497995662 0.0945872237058737 0.268098856820741 0.132773748267914
0.927218464274303 -2.25262984552047 0.0279490896668392 0.00603593700866206 0.0282773711443417
0.823545110847644 -1.71539066274456 -0.262623344073638 0.0546022620778693 0.224169278481408
0.295368765366876 -1.17025220496518 -0.188429444913873 0.0309112474644375 -0.278927535764832
0.783715837088466 -1.13441994292586 -0.290979201970432 0.312515700149067 -0.270346527238839
1.02658208041968 -1.29940511598568 -0.60787829005131 0.404050938295098 -0.365649604313919
1.11130272376175 -1.57332908174396 -0.932564095501251 0.724357031696992 -0.319487604493546
1.27076984886889 -2.09526091654556 -1.19737930298399 1.22203357394911 -0.389169388403367
0.380747067087317 -1.14946841999182 0 0 0.447935667957952
0.401026137150503 -1.50110669987871 0 0.329148751773663 0.375077847536624
0.395403967354267 -1.88599177910677 0 0.39959103588616 0.265422529259535
0.26188128498436 -2.27136576458997 0 0.421901316704948 0.133094525613095
0.228442436523182 -2.28616276198822 -0.150081597470441 0.810145194003308 0.207482879153394
0.425524626592906 -2.42554486532541 -0.318601508557434 0.808076886532849 0.583462240932386
0.761758414782366 -2.32421726950939 -0.330326266821847 0.868061582854545 0.832572253733246
0.755603046403997 -2.32285936461576 -0.409086010158061 0.492582008846783 0.662393651804517
0.61454945380979 -2.1274867845634 -0.482821774149845 0.371906285322471 0.497001122995265
0.369553813983905 -1.87162802640653 -0.236428581749925 0.414213940339584 -0.215489685591052
0.966393810263989 -1.97672537075835 -0.353826870089194 0.755839889989006 -0.36534993588265
1.32423847371313 -2.27596530786121 -0.693350583655905 0.864384059121656 -0.46229980423228
1.46790426467641 -2.49717490072014 -1.0246408587046 1.02819494676667 -0.481677368834973
1.55041725348481 -2.69795812771699 -1.2814120720627 1.30290253223734 -0.489943746939453
0.561243139524878 -1.42665613993805 0 0 0.65306630463116
0.695783294515461 -1.58786326407294 0 0.590201539376583 0.659771716400046
0.576836254157353 -1.92968737967855 0 0.533268067098673 0.527729704963295
0.283719557675305 -2.28207286205503 0 0.361860723867574 0.50349247979639
-0.137554563657323 -2.0781691991137 -0.4162496467614 1.12037328372653 0.702083504396592
-0.0707045326100652 -2.20868905151486 -0.716658976040964 1.25285438696704 1.24605081060169
0.126310634080871 -2.17513646947437 -0.828762326800697 1.34930866467022 1.42181001675576
0.407805875685951 -2.09088143626937 -0.841575135114471 1.17058293045045 1.1229482598524
0.0626592363597869 -2.39346290203594 -0.50100235795847 0.861994640821247 0.357266749544615
0.377699221028293 -2.4595308566377 -0.431196270554064 0.864643681522141 0.0186826515463663
1.00079401821298 -2.69133853932822 -0.495686637033425 1.20641221385447 -0.481252081107054
1.57560586416962 -3.17726500582262 -0.777447445995351 1.30385206691481 -0.637935422330417
1.7853489413273 -3.42222610340291 -1.12734294180494 1.40938429072954 -0.671139666223182
1.79990726410397 -3.49246121389378 -1.38639212727217 1.60534745179618 -0.688120355245241
