"(Intercept)" "X1" "X2" "X3" "X4"
2.0938020667458 -3.07116798605283 0.712379355594955 0.246491345728481 1.75042382670657
1.98989919027492 -2.82828848299221 0.557923739623008 0.319820464996269 1.35465056693735
1.70947670946554 -2.61540557383515 0.431178478989955 0.292595266022242 0.927869250165823
1.35332594168079 -2.3462377180264 0.317465335793379 0.19569110610366 0.51559669697329
0.973667719182381 -2.03440123203076 0.238485371688171 0.0551766912528127 0.16368842663085
0.299489571873514 -1.96020962311639 0.272704314247284 -0.238181744384377 0.0383546126062519
-0.623930893835508 -2.08143295561782 0.595295458845866 -0.492777486033713 0.217501174128044
-0.971096474443638 -2.05275219337627 0.847352933121088 -0.451236450424115 0.330114599168636
-1.18205253862417 -1.99154424297436 1.14706271013847 -0.36040433667515 0.501337632328519
-1.39559812266946 -1.93734846061856 1.39534309043759 -0.281529771072586 0.606126207553351
-1.61332694498855 -1.82515460452398 1.64319859004395 -0.221792617796373 0.687462187255902
-1.80119206896215 -1.64577586071338 1.79839582172333 -0.172871557327911 0.765109091020709
-1.87753800788226 -1.58362175313581 1.86420557053558 0.053591413562362 0.789134714558577
-1.938552507269 -1.68714739110815 1.99945745139891 0.306667760565824 1.19649075998912
2.03995823186797 -2.85264694230774 0.630011409630127 0.195372982004128 1.64268230561157
1.93054994855784 -2.59444394998987 0.464113074208178 0.296995880592473 1.22134748454183
1.76655773025267 -2.33346371192832 0.30802609901569 0.354698366122027 0.814983525860186
1.61677761575507 -2.0214534698773 0.150290347130198 0.39263747727606 0.421290144598618
1.34288829183909 -1.64518085636761 0.0374107203503408 0.347533651744744 0.0268907889565035
0.669155448157643 -1.4446891915798 0.0337203279089197 0.0906568559304199 -0.234774501701852
0.0610302146625915 -1.29639750774538 0.164231914695004 -0.0586424896532422 -0.251209325071951
-0.480736257259728 -1.29924406312655 0.473500533957994 -0.0794518044093235 -0.104561072515271
-0.734280609598058 -1.32697625462522 0.718674737820169 -0.0242502426483102 0.0823460448230039
-1.00401920800473 -1.28227926894259 0.976387927391681 0.0315468025445095 0.185751769004084
-1.19546041748588 -1.21545899851282 1.18480698283512 0.0681482633914341 0.346847675932558
-1.40751812626608 -1.15759980156215 1.36418524462031 0.12771286298955 0.487629890889247
-1.87385979160077 -0.580476829867183 1.02463116003562 0 0
-2.03383156257832 -0.935606874215952 1.40728011556876 0 0.423859260566129
1.9992917590622 -2.61237490510378 0.568286945151789 0.147471837822862 1.51130533512095
1.88075791496064 -2.34038994277358 0.374373670094209 0.254135023197159 1.09467991087656
1.77694875496394 -2.04831270453165 0.190474308488323 0.379379799413969 0.697314312896909
1.62468318286857 -1.74212723288817 0.0196730467555786 0.461770655620962 0.290057871379191
1.50161787829607 -1.34782508154111 -0.13942821651061 0.532842520062498 -0.11902654827535
1.19405258279933 -0.963858270401545 -0.221621755498857 0.484775675930709 -0.479327383606443
0.653428756322195 -0.688496244420993 -0.177088594537879 0.329237603562596 -0.590733623595952
0.140729118595206 -0.547676547627525 0.0214073477244768 0.279557500074775 -0.514808647158845
-0.286934975872228 -0.643315183635065 0.27119619368037 0.288742096258628 -0.352259700832306
-0.596032255233374 -0.645483040487461 0.540892976735463 0.32180377026741 -0.225254298862804
-0.824030964158877 -0.646952846500429 0.760195392273305 0.32650990984742 0.0397233606881412
-1.06939080034962 -0.689454445278749 0.980796009779381 0.368437727383154 0.235470240884796
-1.25743817890931 -0.888578725201293 1.24620405965081 0.497295373184881 0.634099930950522
-1.50093711376119 -1.09180976343149 1.48777417437106 0.687669320779769 1.21115367993826
2.01006285840293 -2.37263469311903 0.541652982154552 0.129161430488614 1.41067250873393
1.87569439173633 -2.07803423103979 0.324912308193256 0.238859821160222 0.997269930673101
1.76592017416354 -1.7761655500303 0.0835167896683756 0.368211855367613 0.574748699159922
1.66337308985225 -1.44907428074349 -0.114864541227678 0.526124354482513 0.169188238425441
1.53222937292181 -1.06340919191375 -0.26918059416659 0.617543959601025 -0.227087494720945
1.41596081300754 -0.682352823866778 -0.427544191015783 0.671688107766815 -0.618737564825313
1.15048946133036 -0.222371711824899 -0.477722311954515 0.570312915425441 -0.868086086881889
0.719389133137364 -0.00910234468430664 -0.439054774120477 0.557708601570282 -0.832545124428125
0.232838360460024 -0.0190837680965223 -0.207443928331683 0.535677635098116 -0.735499514102042
-0.200717292328531 -0.0513925074224597 0.142463413063033 0.575882684057843 -0.583077876741512
-0.478831341759534 -0.138835434877075 0.348142983373913 0.534092790354845 -0.254485856614286
-0.750413515854002 -0.337432456219349 0.67787983974378 0.54214417135273 0.125029362537748
-1.31552125607806 -0.259809489313524 0.806019682602851 0 0.101994799302736
-1.72065284946366 0 0 0 0
2.00817646366139 -2.15506180722692 0.513544543955063 0.0551425767149614 1.31059646621521
1.85394163760549 -1.86457244436822 0.293786395776053 0.166865808491982 0.869647561189628
1.7126722439109 -1.54536825017705 0.0413756526273115 0.291989381930922 0.423025721373517
1.64772048488618 -1.21722653012556 -0.187968704893799 0.483504535873601 0.0214913788866772
1.55866596334941 -0.852231550867027 -0.356960370590229 0.612567387384181 -0.339362153640313
1.41374096704854 -0.499204791663231 -0.527752746684409 0.640152852629014 -0.734938689093569
1.26585800046606 -0.0440605692631318 -0.653467295267668 0.603546094938453 -1.06232330578916
1.08720692292395 0.285030382073467 -0.71880973126712 0.622634820381518 -1.12354562456092
0.762111922410124 0.41963399517351 -0.615706923682164 0.695609291799236 -1.08077960730803
0.19703694033452 0.414296483252613 -0.30675698853453 0.69648640377565 -0.803542114554501
-0.178916172482779 0.22238657329092 0.0658348458968286 0.652478665213629 -0.43830132812011
-0.749184204985134 0.136020464641192 0.480449982968096 0 -0.053556628800962
-0.989957005375502 0 0 0 0
-1.41606730894165 0 0 0 0
1.96616275848054 -1.9945497465875 0.457098507823864 -0.0567085888025377 1.20438322227997
1.8146805305861 -1.70390520510909 0.281221396524619 0.0538138290799028 0.724294223021387
1.62506838089318 -1.39280505040068 0.0494958594971952 0.132049607412583 0.213801169066966
1.57236978190626 -1.08624279203293 -0.148972374002019 0.274046525146011 -0.197282803629015
1.47444451713881 -0.782867129916329 -0.308977410483793 0.350554591501118 -0.54140272285193
1.27789323157531 -0.443277982698463 -0.415812257663267 0.357745616241663 -0.913506133103699
0.933146131949572 0.0399962653640863 -0.454833169022119 0 -1.15629184296004
1.01800206006179 0.378734600112692 -0.723945224080582 0.323138223888752 -1.37638557023154
0.961175512398197 0.534003947323809 -0.714043282347374 0.516213020558591 -1.40911341261487
0.601141500971116 0.6496342345033 -0.548930282916656 0.514888313482141 -1.08601360889745
0.126565637440818 0 0 0 0
-0.139611682672452 0 0 0 -0.31671833831836
-0.709497992083293 0 0 0 0
-1.12757298156572 0 0 0 0
1.76911767860996 -1.84862275996468 0.379552963540878 -0.133827054655948 1.18001090746082
1.68054423525012 -1.62629955479506 0.206246682842113 -0.0549671119901166 0.577413086795352
1.53114828029426 -1.32109502769191 0.0216798285043335 0.0555328086450156 0.0556618981288791
1.43852318090112 -1.00993234828663 -0.154948907982579 0.153925760224515 -0.423475363194778
1.2897793918187 -0.695504579311709 -0.282650376392926 0.217552763468087 -0.822860121444736
0.794294491927932 -0.407798844359779 -0.18111127721204 0 -1.10295157616327
0.690753512896613 -0.114436310412439 -0.425206416093163 0 -1.41280016657293
0.825474304559468 0.261141723551743 0 0 -1.37467110751829
0.661823268757686 0.447337759965746 0 0 -0.921907848921946
0.578356888424662 0.584765283430369 -0.418705962836999 0 -0.979232168713401
0.291167147931433 0.594490560671518 0 0 -0.591083111847572
0.0489060279349696 0 0 0 -0.226863425260609
-0.468012985751296 0 0 0 0
-0.858148957596375 0 0 0 0
1.21580448245645 -1.31638713182974 0 -0.185625350944808 0.795462218968802
1.21871254279489 -1.25960577813787 0 -0.174095052646692 0.361492562313332
1.17125891225214 -1.15830591465398 0 -0.137624693491459 -0.195205187625047
1.20428416568945 -1.04926878016137 -0.0605636544248741 -0.00937504697007112 -0.672679077465271
1.09491294847741 -0.85984851539453 -0.085510231358708 0.158750000227404 -1.00179036930594
1.02769367662519 -0.615724432948611 -0.262875850579458 0.19083354804203 -1.19870067250607
0.635017878322541 -0.454255435091452 -0.350019395501474 0 -1.24249542676238
0.507220675691829 -0.226557043612674 -0.316294818008187 -0.176699895407526 -1.20570657953387
0.52422510231508 0.172430036016186 0 -0.265652881614454 -0.921396281431388
0.641608750035196 0.355871716859275 0 0 -0.750523486487832
0.580943831303119 0.541469064692592 0 0 -0.565413454205745
0.372202361381736 0.571950426685224 0 0 -0.288262891201341
-0.0753704635062796 0.328945730082527 0 -0.0750551210767603 -0.0189350347321237
-0.6184706325446 0 0 0 0
1.08940165862111 -1.29969606995608 0 -0.404751087278728 0.72196130334378
0.998972374479943 -1.20098663061352 0 -0.331758865727193 0.251959265634468
0.972984403495216 -1.10481027514984 0 -0.264104297433204 -0.211738795438637
1.04804217627625 -1.02042883800276 0 -0.106636669552875 -0.673210046642016
1.19153868330685 -0.992450396329918 -0.107842411447085 0.0820888171973509 -1.05373727104867
1.04796598572197 -1.02605782382125 -0.156645771201436 0.0543509737610275 -1.10752679964481
0.65066667902253 -0.946987110487415 -0.240772906386549 -0.0420210450266424 -1.02385210502995
0.491790560797101 -0.658585544267599 -0.261004694857151 -0.14011164412497 -1.05243982099382
0.595549606020535 -0.260055785515637 -0.303123697861277 -0.205053007828653 -0.956722824975001
0.684442409203121 0.0873419502604018 -0.33889890541948 -0.29480867055406 -0.761741525503109
0.814108404984357 0.293724957189387 0 0 -0.433309112482202
0.737765159502988 0.452157029642745 0 0 -0.202315776968581
0.493295396218789 0.46345422923277 0 0 0.0871995126075996
-0.0995031712098355 0.116341618324204 0 0 0.238624723856379
0.437012246844714 -1.04920203412599 0 0 0.345616559725406
0.541647521520163 -1.0283855042647 0 0 -0.0542867429277709
0.788697535709554 -1.07234911201523 0 -0.238139593945883 -0.264024984484652
0.878596239839745 -1.23040051392188 0 -0.247647297119324 -0.61208183104136
1.10400316391979 -1.29835458180137 0 -0.202866445946219 -0.794482954946888
1.15819509964998 -1.24009947399556 -0.166846562109473 -0.14649649914414 -0.955655166301597
0.971249563401882 -1.21960775094969 -0.20042256279238 -0.0958315637838575 -1.02649573404214
0.617703434253305 -1.08188668154402 0 0 -0.663590940904222
0.685051858354909 -0.685860913399099 -0.231727209169197 -0.178228629328814 -0.808212875495887
0.685377771844348 -0.265073322981844 -0.282312396937025 -0.372546454946671 -0.650479074369414
0.923881337914331 -0.0411140040938144 0 0 -0.3143837761186
0.951799618237966 0.220589444190556 0 0 -0.0659947511256657
0.86086354529893 0.375526713158238 0 0 0.201503843139857
0.508083248588402 0.285836021158847 0 0 0.398480287476054
0.244387540958893 -0.981039165580574 0 0 0.251141600477405
0.646667852422335 -0.975420558720185 0.042448765575346 -0.260069450112389 0.105634109303107
0.807803022753471 -1.16095387010709 0.0518127955409624 -0.329600450493002 -0.297579710981697
0.879202880162672 -1.43999195945794 0.0747642961718628 -0.328943772694001 -0.527383308215358
0.820363316116234 -1.61045048277256 0 0 -0.571521964809401
1.14656731363427 -1.49624958549214 0 -0.359260206864383 -0.728446197100011
1.15257516968564 -1.36941338208651 0 -0.275261943321174 -0.740223078107779
0.929583353009942 -1.31802328004605 0 0 -0.517541595809644
0.90519967823895 -1.15254716069205 0 0 -0.482482005710127
0.821141427053621 -0.690910643637226 -0.249216868690848 -0.332673581727596 -0.486265484239752
1.02051663770125 -0.342312643334692 0 -0.219953232101565 -0.214869033154829
1.0858991524454 -0.100117574684662 0 0 0.00691031668797704
1.0580255283716 0.120111837594988 0 0 0.250558122987143
0.881940962302151 0.215949517008071 0 0 0.519936038306412
0.590272082345352 -0.844626162171019 -0.150920708679455 -0.336686717830574 0.423804347722114
0.705753916643954 -1.00334190787221 -0.119927401562166 -0.342660682504494 0.0579579396879983
0.832499464849264 -1.24368240396643 -0.099409308431319 -0.321989918313449 -0.238205778950056
0.744696182838625 -1.58028465201643 0.0290946067815153 0 -0.408070601265619
0.970952813693108 -1.71887200197482 0.0507068381604964 0 -0.470462392793919
1.13335576991096 -1.63910638649539 0 0 -0.529615649468407
1.19679516927708 -1.60321946643055 0 0 -0.514782006550253
1.15975063538916 -1.42475242014958 0 0 -0.493719481445928
1.11387100884708 -1.30442554114356 0 0 -0.477690931520451
1.13800799701652 -1.14402710228849 0 0 -0.282073008028125
1.20036251528412 -0.760397411903937 0 -0.157719098718208 -0.117149489902187
1.20231258038077 -0.470573072113918 0 0 0.00693719115221719
1.24919342328086 -0.180584181688761 0 0 0.340727944267482
1.17508880488078 0.0103070560331379 0 0 0.581834514255629
0.100871146722126 -0.997806356034489 0 0 0.0833508534561904
0.360895671158559 -1.13123320822168 -0.00549121113028355 0 0.00968326228344317
0.60040755649451 -1.3527278560039 -0.136166687901959 0 -0.188365273735209
0.753191816413447 -1.58384662727132 -0.157731908225582 0 -0.313861561856622
1.13112801839623 -1.64711398446724 -0.208749338605716 -0.266977429401441 -0.30219982494863
1.05368273198723 -1.69081357288889 -0.0156027226202009 -0.167808501187144 -0.327306425354589
1.08908918957741 -1.65271325733686 0 -0.197942223636714 -0.365270074421268
1.10817204403596 -1.5349007742718 0 -0.180425102974961 -0.281535018010418
1.11208712903421 -1.37228167469028 0 0 -0.340971359341191
1.15152771634993 -1.28901863450415 0 0 -0.292215136812722
1.25865690449183 -1.07640280651869 0 0 -0.0556416945981242
1.34663074570642 -0.815283077119791 0 0 0.166727760449655
1.41914067864798 -0.512576644908967 0 0 0.38449991604772
1.37561134247833 -0.279167778298291 0 0 0.539976919750415
0.654778368286503 -0.89766109880491 -0.435011083366828 -0.444242381849146 0.333694006685743
0.36280888073753 -1.16334017594189 -0.250710188080293 0 -0.00197166665259615
0.521118363483905 -1.37207245919633 -0.295015731687511 0 -0.178270336637838
0.999531963903237 -1.48432850684246 -0.481896082272512 -0.210061082645889 -0.132535335548884
0.880712374097433 -1.65425891268589 -0.289665214072389 -0.104342453420622 -0.0983283346009168
0.713271889183318 -1.76177445343365 -0.201515149269685 0.0924028941151274 -0.00621651802091258
0.816737337421622 -1.76420171352612 0 -0.0350896285524195 0.0109308152070603
0.965413796140175 -1.59122481497396 0 -0.107381675665964 -0.0270808331180975
1.05124838906938 -1.55952166698781 0 -0.0526244649646931 -0.00192811906865314
1.03980718480629 -1.34275583671385 0 0 -0.287111169294299
1.13422441444665 -1.28414437566423 0 0 -0.243378504074591
1.24637400979329 -1.1000047882106 0 0 0.00679951168722159
1.32313419629953 -0.868155806928721 0 0 0.278120665873401
1.30563628453422 -0.66087176220689 0 0 0.343560313400556
