"(Intercept)" "X1" "X2" "X3" "X4"
1.81349035860393 -3.36743125874319 0.436334900549468 0.642253061622694 0.734729634724779
1.58511100239597 -2.97568066574726 0.503170237963121 0.53659708796667 0.500216315321546
1.46544218348569 -2.52032897180109 0.542255268007327 0.466855620525792 0.334778769045012
1.35428184660586 -2.08879150218067 0.569430659040163 0.376588392028773 0.203870016032983
1.01425365064669 -1.8588769752942 0.589923164592215 0.207332200116145 0.144152058605096
0.473824137756827 -1.837641448804 0.744825996683441 0.090313832359356 0.26017136666788
-0.0410199799802365 -1.74064137917262 0.912282432818321 -0.0222090449866011 0.341657677787726
-0.50048972440087 -1.5903374507164 1.07679023058685 -0.135759425175166 0.286265878750812
-0.865481376177913 -1.45194269514921 1.17874354556091 -0.226469486391327 0.250663251912344
-1.21895318239509 -1.34786375982497 1.32619073990799 -0.35604695015493 0.218548861322378
-1.16769343705845 -1.40097893905824 1.37035444011241 -0.145377171187625 0.193232419130029
-1.16071288735279 -1.20420185187605 1.01837019882945 0 -0.305621712465613
-1.50874382445856 -1.38813415202887 1.11433734062809 0 0
-1.72881093080016 -1.56885585746568 1.35661504284125 0 0
1.73225365205348 -3.16859218987839 0.223740269905369 0.622261994986214 0.656450738872419
1.46464697412801 -2.79174041606585 0.279919808900146 0.537686676698189 0.401785168280405
1.35665038979908 -2.30814746764755 0.303503876441103 0.486691296575976 0.222679803527586
1.23431558613537 -1.83552689589299 0.320244740894889 0.427455695198888 0.0428608622506166
1.07213411908324 -1.37826521970482 0.320127611002965 0.352587657795179 -0.115751277257819
0.64621728236031 -1.21103190960386 0.38193949717288 0.193800784599369 -0.147885578951845
0.274593411760802 -1.1408541819812 0.500739382824084 0.232100910639794 -0.0349673431164984
-0.140919721588372 -1.01753146101293 0.660830544949567 0.153174060056725 -0.0648918496118321
-0.538563612540187 -0.875919871784189 0.786519452109089 -0.0241610359585624 -0.0340340323029045
-0.775850269974269 -0.828126709640916 0.958823088512707 -0.0412462195030143 -0.038164553070644
-0.855248117556854 -0.886331151058845 1.08008559766949 0.0397239557641526 -0.0832776094325326
-1.02114436974397 -0.785745362704049 0.893825290983555 0 -0.349351677257164
-1.36704270275161 -1.05017937341071 1.05427977883887 0 0
-1.58183460828448 -1.15746856056807 1.07962634769303 0 0
1.71758190209398 -2.93076685092294 0.0409095559441996 0.561825141594245 0.615066146940694
1.40529416625561 -2.58553115694806 0.0821249716649619 0.517126090918021 0.333261099219611
1.30194248262134 -2.08147581128532 0.0884159070756955 0.486877186441028 0.143466104786588
1.18158229480562 -1.58393854208586 0.0782628967218142 0.459104608189485 -0.0666554814643554
1.00931491780488 -1.123518916984 0.0581579196434758 0.434295094423447 -0.290709598665498
0.775733927079272 -0.735849849022328 0.0474413775023677 0.421192819852146 -0.474407848963626
0.546848626366121 -0.557519761556333 0.0975034458430732 0.443301526470192 -0.448874415391577
0.255531079879978 -0.469532898130167 0.251328739188797 0.448854673746338 -0.419518031773671
-0.076362017014145 -0.344497285186937 0.41689349299063 0.318316683674759 -0.371585862848165
-0.365208704674437 -0.308878769731501 0.604429032738882 0.234668895156163 -0.375090391606587
-0.623729707222873 -0.196819798385398 0.579913172684326 0 -0.487910650822424
-0.878425874600347 -0.353308933615157 0.742619444704117 0 -0.399460342315592
-1.05301661705257 -0.567590640696969 0.866572669789772 0 -0.35333529260866
-1.24281888754024 -0.701766293668346 0.836678266084999 0 -0.352066237854339
1.7699130983092 -2.68668013829646 -0.0912609097835675 0.447168627993391 0.629554975575205
1.52119811027242 -2.30422937379307 -0.0688981432035782 0.469824323552183 0.339240633757713
1.27304269833186 -1.85951936478633 -0.0733560100584226 0.464080008098897 0.0744138157499804
1.14895249290827 -1.34601034440633 -0.108240139671921 0.469796770996702 -0.144013965907333
1.01258922415905 -0.867864872384062 -0.174096277598787 0.500685184758371 -0.362493682815772
0.816081560405201 -0.392410198170998 -0.222903338618152 0.53355464504811 -0.654608601612963
0.788571917014595 -0.0612254286074979 -0.175226891094826 0.554462784797575 -0.690000892698754
0.586346243745115 0.0513024600570696 -0.0696652591718453 0.583570112677563 -0.744407356865579
0.246107773415237 0.137065372528228 0.112584999808971 0.518552673445463 -0.757333362550281
-0.126085425417668 0.192129914986737 0.318185569384956 0.385924842758558 -0.746246881354166
-0.54013676158951 0.25963348319726 0.443540811143722 0 -0.622651825180743
-0.705278523006686 0.0783835954407422 0.574211023285308 0 -0.532354225100367
-0.846241207474635 -0.185393768095109 0.66081694342892 0 -0.466535407310335
-0.999076301912628 -0.508010497417863 0.735735793749376 0 -0.257269925896789
1.83730171019114 -2.48370393504319 -0.186300310184685 0.249477903956436 0.700028253134918
1.66550629950016 -2.08184921236747 -0.159000982577017 0.327022367518235 0.361468213212313
1.42156402046859 -1.6636548408745 -0.163425166366504 0.389388297135155 0.0557398457557346
1.19127887117799 -1.20007331529759 -0.205055314023723 0.434654529319582 -0.228020355734221
1.00741979349473 -0.728665359258251 -0.241855996198873 0.452238639262295 -0.473516795438006
0.835913471880252 -0.290855014935268 -0.267610388278168 0.484080540189168 -0.774297997582969
0.816703314922989 0.107310251401994 -0.268687918235806 0.541727972307018 -1.01781774936742
0.695673999745239 0.314927107124182 -0.205652165441255 0.571588147926324 -1.11403647088658
0.444315027489746 0.517298738615434 -0.166155496499298 0.576465873498284 -1.08669948889842
-0.221490571700847 0.749304843384925 0.100876381664052 0 -0.996687029547139
-0.468558129776673 0.652103066374482 0.286015114817464 0 -0.822131761065839
-0.641153554359884 0.40735535672843 0.406438895759749 0 -0.651472782396164
-0.765138706839515 0.00617177227708393 0.488574885292819 0 -0.380285659721835
-0.853436095233751 -0.45640799548652 0.564123771132004 0 -0.0216863045496381
2.10322719962496 -2.35208887069552 -0.155997373908841 -0.0115539911243635 0.919679667238807
1.85492404680051 -1.96881014597156 -0.213463797487266 0.0794790330061675 0.398027932688366
1.59370344650021 -1.56902937577771 -0.187931560269906 0.179847207560428 0.00167808839041678
1.24526077265043 -1.16404935526866 -0.187443216056177 0.255859792942534 -0.34226161189034
0.90974464581506 -0.746303297227979 -0.207812196526859 0.281670019056786 -0.664962715792103
0.738776201789892 -0.342296977814813 -0.226831937568993 0.334194707319754 -0.932742592442216
0.376831103737651 0.153090066440129 -0.174741215558982 0 -1.24234123683875
0.579697924593536 0.46917590977597 -0.250158823604343 0.371584528326484 -1.41946477753164
0.481715668798732 0.593562571462517 -0.252640145295992 0.537730966112504 -1.46140546908454
-0.127480766305957 0.776995957480306 -0.0922217733220356 0 -1.24864945386655
-0.430164172269665 0.782645181128595 0.0626132897106171 0 -1.03134315306082
-0.540235988253591 0.529023118312111 0.196861449052617 0 -0.717734705109277
-0.50389804334844 0.254224852354859 0.247077006734576 0 -0.453433621270522
-0.582066578684281 -0.104907001805223 0.284737121637028 0 -0.241831772854327
1.89675841602733 -2.2396747454642 0 0.0259923672873016 1.08940349720608
1.78672173201328 -1.99801280878161 0 0.163631613958686 0.628881875144963
1.806638254226 -1.68742007759199 -0.205468954304509 -0.0110865793005524 0.0951700546942313
1.30730190135397 -1.26718923912594 -0.255857370840827 0.0602984002709026 -0.420906044852688
0.820161274135159 -0.819209068570945 -0.272925870753889 0.118156899990667 -0.808375449777312
0.318290728303192 -0.478721039888735 0 0 -0.98921945927198
0.0718659882969565 0.0335577452220227 0 0 -1.27626178954079
0.150078710740756 0.304237437806012 0 0 -1.04621275508917
0.258466220868636 0.492455574687716 0 0 -1.14661945286732
0.256707176430137 0.576301999457819 0 0 -1.03363051391312
-0.0896844301671946 0.796270150316072 -0.293550081968504 0.246865106290139 -1.12520248465773
-0.170289138774184 0.667498807348552 0 0 -0.666481555315572
-0.228061515684972 0.382886879530781 0 0 -0.508521855317936
-0.314306586133776 -0.362267636613865 0.242499736913299 0.0799507798250022 -0.0899953641563769
1.98514971039581 -2.19930058798285 0 -0.312477283216834 1.10044696279044
1.94170180122042 -2.02251389464014 0 -0.194323623290417 0.661095887749884
1.72045478370795 -1.82420563929217 0 -0.0557643989601787 0.188995478143037
1.31634007952018 -1.55738457468906 0 -0.0277975514521085 -0.255403581104158
0.826479204304669 -1.13651543568087 0 -0.0244704102348716 -0.655492133385236
0.384614872511588 -0.760078569129285 0 -0.0695660250650048 -0.978021192191791
0.205851042119455 -0.422841760385935 0 0 -1.12528151989919
0.175866958929398 -0.0393806458677106 0 0 -1.11923293689027
0.230471584990615 0.222459613471376 0 0 -1.06259831573974
0.329291592069909 0.388493335833993 0 0 -1.01678586713355
0.234777877441645 0.445251260117462 0 0 -0.827601611684411
0.195042271852527 0.573061801851653 -0.353432556980129 0.37566789612414 -0.76449837693289
-0.0109493040607167 0.299646798547537 0 0 -0.520294119748057
-0.0701194928480031 -0.127308517794763 0 0 -0.395685628738517
1.85848075969843 -2.17834320812289 0 -0.518936801465331 0.988576391068315
1.76127347064846 -2.0432653017288 0 -0.324189573946202 0.611774763156603
1.56750543026717 -1.86519339976841 0 -0.151673098157931 0.190697392535406
1.15970487436872 -1.61901738255985 0 0.00572520268836841 -0.297359798612024
0.83207950009435 -1.46151687576126 0 -0.0399955770919883 -0.646311113893371
0.617523594406109 -1.19654576118868 0 -0.176617634927119 -0.838541362742579
0.386924500819534 -0.8643016280743 0 -0.197110106359306 -0.940108693517847
0.362148098079934 -0.527946542354879 0 0 -0.944215284230509
0.363990944408244 -0.16041691577338 0 0 -0.97589747079162
0.392270397245854 0.119542623767295 0 0 -0.833318776812745
0.434849368382918 0.237029179830592 0 0 -0.744821551006487
0.24926460776839 0.19384367098341 0 0 -0.569796626328158
0.384861990272841 0.0349983169398092 0 0.312746172562176 -0.523074963659779
0.248003733759518 -0.221190057583016 0 0.271877801303647 -0.44677375084942
1.61279633251736 -2.15272860406113 0 -0.537703457735298 0.886023646704866
1.48680224486666 -2.02699566882799 0 -0.322549062593125 0.521584965571349
1.17746766376664 -1.85355964180932 0 -0.0797023863852831 0.067585301972753
1.05850966522617 -1.77740723566968 0 -0.0493538430404879 -0.281123447754213
1.04322427696359 -1.7251726305112 0 -0.133868541133035 -0.527237103893751
0.890696214786835 -1.59060043466145 0 -0.217408034056658 -0.689450718435596
0.696378474222641 -1.33265346901249 0 -0.192020604005578 -0.763466147191351
0.574658733641954 -0.984249147944769 0 -0.0604708660888317 -0.822495419216381
0.580917331182422 -0.647293818362819 0 0 -0.760300770027642
0.592348603622007 -0.284341046596841 0 0 -0.678066654628558
0.588609424457366 -0.0511447705574228 0 0 -0.590502845787216
0.517101150375198 -0.0545255650939862 0 0 -0.540332075726535
0.342957544012086 -0.128281418484161 0 0 -0.485128850818543
0.614375145487545 -0.440018626578031 -0.53146146821469 0.670967487198568 -0.255863966369408
1.41070445497015 -2.17367945481231 0 -0.556164581231138 0.792839494118102
0.725587157861153 -1.70365621223334 0 0 0
0.776430863598713 -1.8867641889258 0 0 -0.117502664078979
0.820034532967638 -1.92593067225197 0 0 -0.273082804324531
0.928437222555456 -1.92403901689177 0 0 -0.390738748147826
1.0918940306848 -1.87951978394364 0 -0.306863125792256 -0.510108102292706
0.901226614727951 -1.73482418192211 0 -0.240237527115169 -0.680596118039008
0.856980805610961 -1.45945947286355 0 -0.0839348592765011 -0.715589625782831
0.748463803804014 -1.08741515380157 0 0 -0.631374426686441
0.760113986043905 -0.742934696915262 0 0 -0.534470653168076
0.744317893900725 -0.482705864260922 0 0 -0.47765188920911
0.694199332868319 -0.37891184070997 0 0 -0.468047162047931
0.537909375726749 -0.348168855634589 0 0 -0.473944019207442
0.330522123288771 -0.343373229992202 0 0 -0.434850200594208
0.567430260983059 -1.75679322490145 0 0 0
0.831944482807936 -1.99795949859785 0 0 0.124525800666262
0.810393116947199 -2.0202556137009 0 0 -0.0528940528060299
0.917019189766921 -2.0675888724805 0 0 -0.16908242221822
1.06544636301878 -2.08999182705881 0 0 -0.271331811732474
1.13699368572279 -2.05667854764591 0 0 -0.375827781781109
1.11039447576124 -2.01296118404832 0 -0.213123659952051 -0.465072075458061
0.920111292231545 -1.78495637476757 0 0 -0.593641531984126
0.899791942705503 -1.472555950747 0 0 -0.607642237831088
0.895856420325111 -1.17854225163294 0 0 -0.485551246895919
0.895291407821934 -0.917442403776407 0 0 -0.398937364919638
0.813086673144649 -0.72033410776897 0 0 -0.410534171183931
0.650901537184266 -0.590438457945764 0 0 -0.43362087078118
0.488265659144782 -0.504655556306939 0 0 -0.42043974853472
0.524070779233936 -1.78076614297733 0 0 0
0.827846202076375 -2.11518041807924 0 0 0.152315129622569
0.894589082666697 -2.1451549029146 0 0 0.023370190966773
1.04402056871971 -2.19315113120226 0 0 -0.0617678896977452
1.18840564972415 -2.2417564160878 0 0 -0.158626726950221
1.25387603135649 -2.21474703894065 0 0 -0.265942831019292
1.21105116470445 -2.12232294228026 0 0 -0.345116308353635
1.06789842440333 -1.95873885586873 0 0 -0.430387277375678
1.01134618168667 -1.80964548995786 0 0 -0.511015449340927
1.02584315821002 -1.52897965849119 0 0 -0.399199333576319
1.01860043999814 -1.26139859928733 0 0 -0.329916177999148
0.858946005004414 -1.15749179145394 -0.314491385016313 0 -0.266785658904858
0.790861136398732 -0.854644915804838 0 0 -0.389069893732026
0.568298808834098 -0.680756995701562 0 0 -0.392500502649137
0.798907650738164 -2.26091116802822 0 0 0.330845650862003
0.863831797932853 -2.25240618243466 0 0 0.199535700428368
0.996050670420425 -2.27488996677658 0 0 0.107381861005039
1.16379165941965 -2.32886635112563 0 0 0.0423533636328235
1.27397150005291 -2.38259550713685 0 0 -0.0786273017306349
1.33300674427523 -2.3480594472341 0 0 -0.174538967296932
1.27191301604615 -2.26138423707222 0 0 -0.230605218695404
1.20582152649378 -2.02992160407343 0 0 -0.335930934138388
1.11326352125067 -2.07529657488058 -0.323141803324433 0 -0.153069259951604
1.21979963233878 -1.72040154254256 0 0 -0.249402499115368
0.99167511454237 -1.76031691193454 -0.259449990972965 0 -0.368957851652054
0.940699466974333 -1.56181109653729 -0.398839111284552 0 -0.20085611761382
0.920736671376183 -1.11423180107772 0 0 -0.357256086184065
0.705777063336974 -0.88212301172469 0 0 -0.362934494481329
