"(Intercept)" "X1" "X2" "X3" "X4"
1.14266914446636 -3.9156875027769 -0.570113599097752 0.53868453505689 0.797405141472601
0.689926248426585 -2.99654288871926 0 0 0.44559415643503
0.924815143480036 -2.56184532090811 0 0 0.645936934330664
0.817206874225813 -2.58405404545003 0.212135339320591 0 0.726575823608224
1.04907219547618 -2.37293641779501 0.41676188790544 0.0523756726027613 0.705765425592983
0.908489781048667 -2.13377037199202 0.446463314106618 0.022434520171922 0.616570201579815
0.73961955565852 -1.95072295111506 0.559378243806175 0.0964396130421657 0.799646416656502
0.157769102055401 -1.89812936719043 0.620828846071484 0.0714479798726783 1.05558858219448
-0.271041438923595 -1.9064378574659 0.705104636599631 -0.0542137005119093 0.659938822144247
-0.557538454832191 -2.32180359744188 1.06013952407613 -0.134317180433289 0.702378460516849
-0.464286998306582 -2.45208866632822 1.23364056285731 0.0727529266121199 0.261871420816372
-0.732771481753715 -2.26034141846451 1.29427449000281 0.18148686988038 -0.295867824743695
-1.46215500858465 -1.80150122896172 0.775462838275644 0 0
-1.7008027100055 -1.8974460229818 0.91674577528211 0 0
0.975178588892071 -3.66753588317884 -0.626856151361185 0.566715453202336 0.515397505313392
0.813924979970794 -3.33576221778824 -0.472824691977294 0.4288140638817 0.535297788806422
0.882627037899898 -2.85629540740265 -0.202535548839832 0.250216743231543 0.691266529024437
1.07700521349777 -2.0142732095995 0 0 0.691746406950935
1.0588497184175 -1.79842708520173 0.170922347034306 0.152413554113816 0.423016039435687
0.947196020819992 -1.39581753503651 0.233082152766407 0.204376392768242 0.197016852846783
0.683197661233251 -1.0150187518229 0.316191575615283 0.173562705892583 0.0672568769835278
0.00675060709064741 -1.14329805227148 0.511250281862172 0.225668686811853 0.663799929235585
-0.605954456083875 -1.25382797023474 0.792089025579268 0.076880909015791 0.488616041171566
-0.679883732986968 -1.55642348973707 1.06496478188956 0.12853615844922 0.227517994438505
-0.590048788247512 -1.6035116815176 1.16638241356061 0.289556076797811 -0.151617448813561
-0.886658029628375 -1.59115930767616 1.13843514591156 0.308285351128616 0
-1.35588831753969 -1.32644854876019 0.879290036862638 0 0
-1.50244422300739 -1.4475120889421 1.10319947638083 0 0
1.43738389393562 -3.04214656409746 -0.343871408148809 0.39040735250603 0.606678381641903
0.498614499565484 -2.97007301084208 -0.114921611471398 0.216419677192211 0
0.714182380254217 -2.19642947004794 0.114031411650823 0 0
1.23200469172295 -1.59804294584531 0 0 0.537040957909978
1.21830586764036 -1.20126916012558 0 0.254814599546682 0.426583110036363
0.815426090928597 -0.909467299415444 0.106192775031336 0.380052741585611 -0.115090388070198
0.573612692570348 -0.370071027836675 0.0670341393664183 0.423933585096209 -0.373382156314412
0.117933740282625 -0.361861255475297 0.279899287416526 0.34754092355702 -0.0657482198880911
-0.526489302806633 -0.584525958569016 0.698336428550276 0.408248761687228 0.0653507163436406
-0.59178912024943 -0.746202295644399 0.959039021424537 0.451541812867817 -0.32366570125634
-0.646642667027324 -1.04419387546536 1.1682813062522 0.423268924784367 0
-1.00999101198467 -0.809934273772193 1.0552220559222 0 0
-1.16678031516644 -0.876384258907949 0.993143890740163 0 0
-1.40925073771136 -0.921389895611029 0.841913380798843 0 0
2.04584754990926 -2.26135772719908 0 0 0.825731605693435
1.54074561154509 -2.13005014032291 0 0 0.530120552322226
1.42595054438203 -1.67562028254484 0 0 0.462519971053457
1.37631403599649 -1.21156028302378 0 0 0.404189154278726
1.16875030116278 -0.917636185684768 -0.141448166532657 0.479845025564647 -0.0635933294443956
1.16945777939717 -0.672827547821203 0 0.553545739503062 0.200600180635731
0.678801803720058 -0.208769034258951 -0.0571467076593492 0.722722771437526 -0.310346119190682
0.405460076262145 -0.0652500167689252 0.0711381213808963 0.612999978969491 -0.432799578498963
0.0910871552994868 -0.233354140989515 0.435356715141475 0.608746602047156 -0.263742799422267
-0.272384374736336 -0.627474931306731 1.01951194898716 0.527630950904044 0
-0.642610003171684 -0.516094716216695 1.09570449088669 0.410972415231017 0
-0.758132750321145 -0.488765625718956 0.917515449837358 0.332723427613661 0
-0.993856760576852 -0.379326822943534 0.820758177419431 0 0
-1.26802376819681 -0.635866771367449 0.799317425723419 0.297300738571767 0
2.48561455472333 -1.84971883553928 0 0.0508028298625072 1.21762075953611
2.08164263460975 -1.68694911353817 0 0.0891588703570409 0.83876279060403
1.79538056266964 -1.35364467797117 0 0 0.551212771198176
1.54016439916628 -0.967226599385808 -0.148324379555769 0.429630363094759 -0.0449726005872089
1.22363508770293 -0.804614157145146 -0.0967838520155689 0.4657239192595 0
1.13213516684053 -0.552843401159792 -0.0983670661522538 0.624826490922124 0
0.912583668192528 -0.414068050291888 -0.0717027385156736 0.684969944978821 0.201734112477046
0.658717778266157 -0.378240139735686 0.0941394902448756 0.637590429769186 0
0.522430582138531 -0.364121075663318 0.405305129875053 0.519031233046109 -0.0647352381016663
-0.176079785847719 0 0.491252125383601 0 0
-0.471486718013418 0 0.613904828575688 0 0
-0.646517302148844 -0.0954943445319662 0.692965654310344 0.38848611739824 0
-0.886552988087678 -0.300757139420749 0.736107320799735 0.371838107266054 0
-1.1434672331783 -0.503721783063277 0.758134661152867 0.354720957544962 0
2.63832290842407 -1.79722130086463 0 -0.304654456021688 1.45821837788341
2.35676228139715 -1.66658354456047 0 -0.215931240538636 1.06665463831917
1.9360461262248 -1.47156945889721 0 -0.0348592137047513 0.539258594489538
1.57283458643353 -1.19276063853008 0 0.1607554530161 0.115172055582322
0.9814397686859 -0.92023464563973 0 0.178241039390203 -0.176479332262974
0.704622275654246 -0.581996820505116 -0.13410022941569 0.331895668440293 -0.179330814018723
0.759163329600626 -0.50551427524983 0 0.376418910501711 -0.308737502755939
0.566506110011693 -0.309387344206742 0.130018541410341 0.590201928089491 -0.320863331777575
0.250822196994038 -0.279814367545832 0.369073644525652 0.499156184975188 0
0.194626514727199 0.502858189695538 -0.372649030762344 0.398038152211994 -1.02275208173273
-0.252015975553133 0 0.386264321071709 0 0
-0.609118825025883 0 0.571591222631267 0 0
-0.820624201268065 0 0.594718325687773 0 0
-1.06620499795723 0 0.565164826693813 0 0
2.3810631886772 -1.72076932638993 0 -0.375534789420253 1.45425097851313
2.17057202958865 -1.71765929989365 0 -0.364158801679541 1.09643699920835
1.80535188064367 -1.61320746879712 0 -0.201606737916091 0.62119201245257
1.42929221137928 -1.40121697100758 0 -0.0427567800266887 0.272839220602207
0.955893847199203 -1.07412250703461 0 0.130227463745276 -0.230666209181652
0.505360398613443 -0.689629640054308 0 0.272762505789555 -0.747930762213656
0.271517334095419 -0.521277512447465 0 0 -0.771566712751591
0.603129922687375 -0.254652542981077 0.145167176784522 0.524516922242631 -0.952204845627568
0.249902492400973 -0.0665048412751197 0.0490066473802198 0.336785277245786 -0.955441035816389
-0.0657708459092216 0.29492456394292 -0.299523351080636 0.176070203940306 -1.07700996626709
0.0499458043487683 0.417308526800308 -0.190112265004357 0 -0.683489471483202
-0.304616438082425 0.448312958328757 -0.135285712363704 -0.00790473636688753 -0.470696511057489
-0.598575779259273 0 0.309073873625133 0 0
-0.825194148563593 0 0.355585981690799 0 0
1.75604202569993 -1.4719598050545 0 0 0.984883554154629
2.02497318508516 -2.00171607287513 0.224583272567235 -0.554026225816498 1.27565809250542
1.33231036039901 -1.57553497950911 0 0 0.402505842350733
0.922864476462987 -1.45171704980274 0 0 0.0488150408933343
0.847413737115636 -1.15225987140298 0 0.369847528419168 -0.513824776663299
0.801439040027983 -0.925035726700339 0 0.314241422465909 -0.924562616694304
0.694013888494847 -0.734676956238099 0 0.272426423172975 -1.09212956656876
0.66535529364719 -0.48911221373662 0 0.297388112274285 -1.244787892872
0.478289273412239 -0.243393723170111 0 0.309386431805814 -1.18124359453033
0.422392155384106 -0.125409662283364 0 0.230918865064462 -0.889494881491789
0.236674775279652 0.0900715107822003 0 0 -0.546823757702044
0.245517099438443 0.349499025592424 0 0 -0.403244274890065
0.180788541676101 0.416930223268362 0 0 -0.217968648042203
-0.362742102496989 -0.0435596327178657 0.105997049040561 0 -0.0479475032009779
1.43795396272171 -1.42216721109859 0 0 0.87420573831147
1.29242445642237 -1.45066251980248 0 0 0.557368211218716
0.990679698108131 -1.48979203798032 0 0 0.174375302923423
0.792121347338945 -1.536638765745 0.278459833373621 0.340816023819692 -0.344033738597449
0.873895535880322 -1.44312222726762 0.183230427239851 0.372593482751507 -0.746477181519077
1.00654316581058 -1.26735162889942 0 0.336719163579546 -0.865987131298769
0.927761848694079 -1.09708138903891 0 0.201662940681348 -0.949106510953229
0.592120881017336 -0.833547655187471 -0.187815747211181 0.0302540956672506 -1.27777548624415
0.481756752321872 -0.628449766764776 0 0 -0.771320980528591
0.3915391744908 -0.333961323060122 0 0 -0.716625390830071
0.454655784098665 -0.168613200823424 0 0 -0.505126946783957
0.463569950228018 0.0253349520085664 0 0 -0.338850532050264
0.499982097409316 0.259082350110967 0 0 -0.167098747031555
0.398032925668191 0.410391709843299 0 0 0.0606983813275102
1.07454526725284 -1.59549974144884 0.361029127450781 0 0.941735227298608
0.888344469424535 -1.66429008865762 0.378959602737143 0 0.546741583901461
0.554545236088238 -1.61628837990237 0.41624942789987 0.297907926798207 0.00247553663743616
0.623754880291897 -1.71213852269893 0.349861444951782 0.279530926582393 -0.352930876655959
0.897627728828998 -1.71891716166493 0.253412815402757 0.193383617737697 -0.698531921604838
0.811167993738361 -1.67222520999268 0 0.156162237624301 -0.752289283033761
0.65104868284691 -1.46583249290304 0 0 -0.448270929155287
0.741692032483114 -1.18704547309562 -0.0474029369562302 -0.124176809292228 -1.04775047045086
0.620777451311567 -0.960646817892054 0 0 -0.686680892663326
0.668806131009841 -0.686845318897762 0 0 -0.605024620021512
0.705147292627842 -0.451770346831892 0 0 -0.434913257092933
0.701993915904693 -0.267040509434662 0 0 -0.250444942669757
0.705663121831542 -0.0578161801523317 0 0 -0.0710126363630731
0.702611323968174 0.166476088263331 0 0 0.114440955501419
0.718882939152477 -1.56839982968076 0.418744912233205 0 0.737803608700076
0.364994149696464 -1.47915682868903 0.507939562329183 0.372129232587722 0.216188850774861
0.556438443451351 -1.69444470032249 0.353140020482624 0 -0.0275943467925123
0.736135881187143 -1.77330785412062 0.34071480187296 0 -0.33056823582762
0.703746641560369 -1.69539308927792 0 0 -0.382683513869239
0.759724294843837 -1.79806660957271 0 0 -0.528711884790744
1.07260382576981 -1.85296927281351 0.144307895215951 -0.126471320012839 -1.00261080588247
0.727303947935629 -1.45162221829008 0 0 -0.439332449758173
0.792582623543938 -1.21558405160982 0 0 -0.520879293498845
0.945620046985767 -1.00212116727905 0 -0.104290481117022 -0.57440144212729
0.939687284829422 -0.767462499414215 0 0 -0.343955826850014
1.11184086255502 -0.640860187261063 0 -0.0173877918510388 -0.160379165599426
1.0727825021487 -0.45682602293748 0 0.112322834064165 0.0633204385405364
0.924813424269428 -0.16006726482108 0 0 0.143248559432229
0.491644133032936 -1.51887015296417 0.341783136325942 0 0.51368356069299
0.20830405033156 -1.57609709915474 0.552270885453602 0.349420886113065 0.13097859066946
0.519804257310295 -1.74205191126168 0.273597639583904 0 -0.0361109859864503
0.552823118145102 -1.94202464904132 0.41324571560345 0.194012192669589 -0.351130081507114
0.735301050602774 -1.7093439711555 0 0 -0.283460047856066
0.995435815824068 -2.04502026697693 0.23245982724481 0 -0.475054259049057
1.3016196731849 -1.92721129822256 0.129667628347974 0 -0.632116617431639
1.03261267384818 -1.70473545434978 0 0 -0.580771473332527
1.04212549948623 -1.47734053810427 0 0 -0.507357114624421
1.20129280318476 -1.30679076769477 0 -0.126345077146298 -0.499001766530888
1.21212594310427 -1.10959042891322 0 -0.141259838644322 -0.33891095874196
1.23619592554711 -0.878602416512182 0 0 -0.102445626587943
1.33830527605981 -0.755299923351675 0 -0.0445045234388101 0.135181804502655
1.11938319327014 -0.439348016284231 0 0 0.118548963479369
-0.0644982916292299 -1.59921219513298 0.688529229139434 0.276999337290996 0.356562265133783
0.104229213257721 -1.69933630422851 0.566190236189787 0.354018706342327 0.0780154374626157
0.267365493765182 -1.86474781504608 0.489530431441422 0.366247192446143 -0.150311095710357
0.445951839144136 -2.02888199190847 0.441306401833394 0.208106501156142 -0.309442853543138
0.635892159692068 -2.12358660818436 0.369364120338444 0.00174735397146518 -0.373210745549109
0.879321337559628 -1.99920872156951 0.167428880630809 0 -0.268189136976593
1.17256313511354 -1.7865704159728 -0.201372701891413 0.173073081738476 -0.224362263990755
1.34770702738665 -1.64059050024976 -0.0415190522848101 0 -0.313929461235949
1.33179791572247 -1.75161003271758 0 0 -0.468767618140776
1.30019473870648 -1.50643790291633 0 0 -0.353911431251625
1.33110024868557 -1.29395762343467 0 0 -0.247773006128823
1.46888462738224 -1.1767247992479 0 0 -0.095436368721673
1.45770108960808 -0.943341870471313 0 0 0.0617073012209274
1.36226416402373 -0.692334269819691 0 0 0.176633463261766
-0.223864930065268 -1.7744498358741 0.671527577415925 0.210570444090491 0.248757915199652
0.0226771995175609 -1.82711550694434 0.523352103078318 0.404877469796409 0.0306275311955983
0.166987402172731 -2.01979379906348 0.503174296392857 0.319282527251601 -0.115595088073705
0.295349848247829 -2.20968530406427 0.498279530988659 0.102132147169075 -0.195172224779779
0.474406225798134 -2.22086699690094 0.41612420251616 -0.074195034522742 -0.227446788320688
0.771814273881205 -1.94528951648416 0.153411600822901 0 -0.0823527716099471
1.11129471245821 -1.49923557626123 -0.208717584678879 0 0.0309451043851877
1.29377009475651 -1.49433673509021 -0.250218278489666 0 0.0424857643355903
1.40220304993171 -1.58850408557698 0 0 -0.132336122025802
1.54120275350271 -1.79207060514489 0 0 -0.30270331960073
1.60256869049598 -1.60983273913099 0 0 -0.229162904365714
1.65581652001739 -1.43248467292013 0 0 -0.135256232077961
1.69232891716004 -1.2195401177508 0 0 0.0755604734374644
1.61301872211049 -0.95866830935172 0 0 0.242270844451517
