"(Intercept)" "X1" "X2" "X3" "X4"
1.3512078735007 -2.30741439013094 0 0 1.00624369185525
1.17122443460452 -2.14513272007412 0 0 0.809115988575885
0.940927033643302 -1.92030769127704 0 0 0.557949294835133
0.807783946689008 -1.62480924823997 0 0 0.350761845751638
0.717709819811813 -1.28476105139147 0 0 0.179368356925359
0.420026370908936 -1.22417553508706 0.0729307273733617 -0.241458937123798 0.508670458090919
0.249246248494258 -1.09987456554019 0.265551578327456 -0.12902440423461 0.619262394451915
-0.0392655755789927 -1.07045615352703 0.486115511144214 0.0432468221656941 0.467979594159749
-0.380563613205242 -0.956699347501728 0.638225209543001 0.124773845531512 0.298931774046215
-0.628729453653517 -0.822607826291695 0.758855684028462 0.109278335806895 0.12635419202124
-0.749980427311993 -0.71880860862699 0.759009583799479 0.214070601738302 0
-1.06075954817679 -0.703820521111754 0.904282428229023 0.0966856337117962 0
-1.20701001358451 -0.554457351569469 0.807430431117078 0.196312544438209 0
-1.378486049636 -0.435287656650937 0.999005388192354 -0.194099223304886 -0.278437043432705
1.32410504040807 -2.21621309902734 0 0 0.918700263904173
1.18724255048717 -1.9593358991699 0 0 0.721161633834495
1.03089158152181 -1.69935560940435 0 0 0.513681319478731
0.906259136488433 -1.37802581559181 0 0 0.298360966320862
0.804075114506116 -1.01177380959611 0 0 0.132452159758356
0.481144773371229 -0.868175683655946 -0.0155908924936337 -0.135316190481472 0.12047170927462
0.332067246238823 -0.617286664651983 0.161769791028898 -0.0688883687109345 0.0534433752049149
0.068871506845909 -0.561623807361566 0.339046457119036 0.149130558505892 0.0565942075345468
-0.204302603009715 -0.534213679792451 0.440938080737959 0.275820550021441 -0.0092639367846889
-0.345143246973891 -0.349016529410832 0.420657059411674 0.254604722050546 0
-0.661233375486437 -0.441431133113857 0.604667392400724 0.216711863384836 0
-0.848336571820537 -0.374989927306547 0.604623336972254 0.230163016249678 0
-1.06813103062579 -0.310258028795556 0.70548576384258 -0.00910688979677508 -0.33684235901504
-1.48371599263446 0 0 0 0
1.34033054567181 -2.11204988538316 0 0 0.804741109599557
1.18646836503948 -1.80136075409148 0 0 0.592131035701713
1.09216179261024 -1.47968211600314 0 0 0.437881731372859
0.99340466102763 -1.12846242216084 0 0 0.221698020541871
0.967933529717739 -0.842972685460462 0 0.106369603125404 0.0555304487802344
0.585752950212768 -0.576569555933564 -0.0938644984981078 0.00589362915583474 -0.164907078434764
0.407385776936068 -0.253768675708889 0.0759750476888742 0.0669566639748135 -0.398975690059406
0.265084830849404 -0.0943172355612583 0.129456011685709 0.265226987137562 -0.391572892678448
6.51069893403663e-05 -0.0743018473699469 0.201160892377118 0.395929885587458 -0.429711208749014
-0.289523345081654 -0.0669194541145512 0.310953483566699 0.330939395697099 0
-0.549950307677249 -0.0637326068701662 0.391269571491893 0.284948553298534 0
-0.778637468275871 -0.0282782568267755 0.407905771877995 0.215582583570283 0
-0.962894176415672 -0.088939560133625 0.504554447632282 0.118536085588332 -0.213776059282882
-1.41956948913885 0 0 0 0
1.1056461080984 -2.27265796047427 -0.576700635033878 -0.584804927213827 0.879161746122122
1.18397968915303 -1.74992185073087 0 0 0.534288643341099
1.06086031324539 -1.34677482293332 0 0 0.340624340647956
0.976668917564545 -0.948865129595114 0 0 0.122138507416276
0.939737607173624 -0.635352318690114 0 0.0654198546860541 -0.0891991406475408
0.690138264810668 -0.34379690452683 -0.156448833874892 0.159870841424854 -0.399475610338785
0.507851795663206 0.0401365116147826 -0.0751318392727261 0.19927627995181 -0.664539880918459
0.422894886576489 0.268214914090455 -0.108029450544937 0.362867738766388 -0.748407777665001
0.212618607593292 0.3144796212339 -0.0138650989120188 0.533475273758936 -0.663513186540556
-0.154372724037102 0.393684208929784 0.0775666105901937 0.436670498404817 -0.448836110836526
-0.482812802035277 0.354634038460303 0.214286378431928 0.216933350493642 0
-0.664148405099921 0.262786642454704 0.203503651866573 0.27313992253909 -0.163950587116891
-0.992324310809475 0 0 0 0
-1.32785574844535 0 0 0 0
1.36998534738311 -2.41739266993834 0 -0.536230345581626 0.615272431876955
1.15485878445477 -1.9157483808961 0 -0.389972767234478 0.42871290438241
0.994934208067131 -1.38135145850225 0 0 0.269899426176628
0.858011434096061 -0.936856190276041 0 0 0.00350942552769786
0.720252459506938 -0.593978584668332 0 -0.0587309633701893 -0.352963698089935
0.615202790583564 -0.199995068198009 -0.157723672245654 0.147713092985905 -0.649556456808405
0.82132990846819 0 0 0 0
0.512695642869304 0.506436604257422 -0.261744926092393 0.359749355781377 -0.860443107944322
0.379064072585751 0.617397966590869 -0.236724229888237 0.624497204416394 -0.749361187773658
-0.0139406401806899 0.743653600414839 -0.103233295466062 0.520972733484806 -0.506465312973027
-0.316166613185565 0.619626902043608 -0.108046862111316 0.492475618075556 -0.240796202586518
-0.538845813097942 0 0 0 0
-0.895154483324499 0 0 0 0
-1.22929402943706 0 0 0 0
1.68814457447918 -2.45741021431809 -0.61151582730052 -1.19780353032949 0.80804587229095
1.41266008983192 -2.11796541252091 0 -0.77826835060454 0.343443545337816
1.09360974288711 -1.5821667656035 0 -0.581403271420828 0.040641388538805
0.629897424806708 -1.12104894767069 0 -0.362958488627655 -0.34590813422303
0.498798702517289 -0.706214208884765 0 -0.137020995020237 -0.639763450226666
0.312851519051749 -0.250912962304789 0 0 -0.735558313390599
0.457754301990955 0.0589972267396718 0 0 -0.671586550036837
0.511363991536181 0.353913916774798 0 0 -0.50864681374152
0.558739621250192 0.605318540057769 -0.306542881602055 0.505353947371544 -0.82373585892629
0.259775560416464 0.720435356162769 -0.409964871853629 0.629847333687498 -0.664337728114552
-0.189725302386997 0 0 0 0
-0.504769295838198 0 0 0 0
-0.82080776377022 0 0 0 0
-1.10952187484968 0 0 0 0
2.11394874262322 -1.78141494882622 0 -0.80124498170696 1.49321957734593
1.74671630173641 -1.81652136630101 0 -0.75944830825889 0.677691574155695
1.31616447570402 -1.7975303155995 0 -0.730334397366493 0.0384289659415142
0.735553695061752 -1.39163064281462 0 -0.533909168056692 -0.516632101643199
0.212740480268609 -0.858418518623483 0 -0.237568814903085 -1.01444766992312
0.0938427274922263 -0.429953284359825 0.192248355456435 -0.0201011502008234 -1.15602311333088
0.234554751510204 -0.0617831882527735 0 0 -0.932746441609707
0.331225088881523 0.222071434412616 0 0 -0.926447251365257
0.359051664211825 0.467043783831318 0 0 -0.854932856644104
0.264296264096476 0.595958044497338 -0.213370816328096 0 -0.709476046604839
-0.135927251313436 0.516685560796209 0 0 -0.350425804762832
-0.45886307084804 0 0 0 0
-0.700676770656995 0 0 0 0
-0.932238175219259 0 0 0 0
2.15023165083759 -1.68410422386356 0 -0.917790965224179 1.8189049801952
1.84242185198812 -1.61838582584738 0 -0.714911230140442 1.1234459915297
1.31434432326505 -1.66479755797102 0 -0.625319511891397 0.151827385810476
0.730423651366626 -1.66237369870448 0.0264215993524805 -0.54695739063073 -0.699704106649763
0.367355025908918 -1.30734304098754 0.237467659938908 -0.221785293736072 -1.02806824768786
0.381792304647297 -0.914554924134397 0.261379406710881 0.00592397054778345 -0.991430231799712
0.378304830356336 -0.587621395791799 0.155957591128329 0.0842120395446633 -0.976275010391515
0.375988413711367 -0.198735220593333 -0.041842793420734 0 -1.12007862738199
0.297457206443321 0.219703805989482 0 0 -0.931102223992144
0.297840468463366 0.403685543395393 0 0 -0.664515052846451
0.215807106284263 0.609253611909407 -0.299355519345345 0 -0.494190210639707
-0.069564081298629 0.366108745682598 0 0 -0.321169378966479
-0.339543166965298 0.231510211163741 0 0 -0.233420115616607
-0.681753812769701 0.138819252725277 -0.195447275373005 0 -0.00477249367607238
1.92308650989294 -1.71029419801478 0 -0.967585464202025 1.7258571306796
1.46855526001561 -1.62002952491035 0 -0.666239604491649 0.986286573753058
0.521198030365338 -1.38814780408563 0 0 0.0215639421171172
0.305142905772045 -1.42340779684921 0 0.141682266700372 -0.56956954985277
0.629597259854627 -1.65567535801661 0.231885846445046 -0.00439063808734015 -0.911451684939473
0.591912240588105 -1.4053732216174 0.317597285310082 -0.0272325622953592 -0.844932420074522
0.490576618411477 -1.02799420310563 0.211034844092764 0 -0.842709404473833
0.471639993502166 -0.616472323382631 0.0456564329556747 0 -0.814365437458701
0.527592294095598 -0.285715596544225 -0.127614895456146 0 -0.806356069348036
0.567445233748226 0.0547505570330424 -0.28362983229978 0 -0.653236856313871
0.521189427754617 0.333994775686011 -0.335250802239413 0 -0.473928818391729
0.421005309526222 0.475995245049927 -0.4501904931024 0 -0.30866704791145
-0.114929434833869 0.0893655010862807 0 0 0
-0.313777504318914 0.172930217836598 -0.398975120287161 0 0.0517787358214235
1.76721142844239 -1.74354535188072 -0.518225093343238 -1.20420733823909 1.61177701821183
0.509834265141901 -1.40564970563844 0 0 0.395505259554323
0.151244419939677 -1.42325827751281 0 0 -0.0348186010966796
0.0575674008487986 -1.72186525128712 0 0 -0.312439748472232
0.296951793525186 -1.93951172114621 0 0.260284080908856 -0.512737429091574
0.644895778859449 -1.99731850994405 0.390379418790266 0 -0.746116908288181
0.687167023496369 -1.58362649656413 0.329215572333786 0 -0.797682783988897
0.499925883562689 -1.11537833256481 0.151158397883293 -0.0633257055201554 -0.847376174961852
0.45757389885603 -0.667084104575939 -0.108641733232988 0.0172742798044745 -0.660240097963708
0.672515960563409 -0.361388248868928 -0.265089901343079 0 -0.57616486215886
0.749005930544386 -0.0554567713508695 -0.377842537476015 0 -0.447611801099644
0.744645546717374 0.192670034746484 -0.476528456597483 0 -0.318704436220179
0.599662439479764 0.309693393347821 -0.552719203645949 0 -0.181656584544343
0.0694151616601381 0.00345471816809881 0 0 0
0.550638672578168 -1.39490520814039 0 0 0.682538889582303
0.243311129911968 -1.2942221422549 0 0 0.298203844495136
0.136518718588904 -1.5686201154757 0 0 0.0300425734020599
0.142306265441024 -1.89647794880686 0 0.28887232839685 -0.164869698660468
0.406576257683173 -2.02948239386068 0 0 -0.288539621659346
0.880218266030343 -2.18715310636973 0.350293409647708 0 -0.453789310391809
0.994506579557657 -2.05482572524577 0.442030595134495 0 -0.764215639004572
0.796559994604055 -1.65216461299098 0.258805796798584 0 -0.780305016477236
0.699441254930497 -1.27084853572627 0.043210417884841 0 -0.634477172742533
0.755080412365699 -0.84022913942083 -0.134456197950177 0 -0.559083033225516
0.877810750582541 -0.484257599887666 -0.325810134789278 0 -0.459069293087478
0.88787703637697 -0.240198559270538 -0.406050243464663 0 -0.347325098812515
0.875009193261249 -0.0122408569274952 -0.464923979198898 0 -0.269308526921217
0.746532123851434 0.137404255315284 -0.551515623434225 0 -0.196873840297316
0.336177363756936 -1.2935638745419 0 0 0.562440111526466
0.210939112458284 -1.39393643184782 0 0 0.303912440008244
0.1314718399658 -1.64998359253806 0 0.243985789261242 0.155184886304871
0.252961029419246 -1.98487291798136 0 0.242063886547209 -0.0229449113377135
0.618277365131105 -2.16591316336599 0.292107794803515 0 -0.132086704538643
0.963324879333916 -2.12273961973022 0.26128338846098 0 -0.224047684098901
1.1573756250763 -2.12783434139122 0.311711301054477 0 -0.389680044372073
0.966608834435038 -2.02457689992166 0.214891590530462 0 -0.61581773158882
0.812251373335842 -1.67315025605229 0.0231591407388546 0 -0.651424546873239
0.868425863648166 -1.37017592706815 -0.117906524645401 0 -0.565534587469413
0.971711525038107 -1.00650239455461 -0.281179384700275 0 -0.479611698310002
1.04276180018003 -0.668124858015282 -0.411150083992168 0 -0.370830703667112
1.0654190376895 -0.384991346595851 -0.469886834046527 0 -0.29528489657152
1.04520614665664 -0.121300300654494 -0.587806636104806 0 -0.23416891291795
0.264155271207627 -1.29401714982481 0 0 0.631709459081152
0.219997975174018 -1.43122086582677 0 0 0.234061708899455
0.387217051757267 -1.78629165546443 0 0 0.310096950491763
0.371607990351186 -2.0612000078194 0.233885802685454 0 0.187029901897906
0.612087121323797 -2.0096341365812 0.216956984946981 0 0.120574080799166
0.875941722864916 -1.92303134986372 0.219080102268458 0 0.0818763348180475
0.946049687123329 -1.98247519064312 -0.0760710481402245 0.362865873286898 0.235511927422081
1.01220893620375 -2.09664000812638 0.0922858271978666 0 -0.133343570050776
0.814153260303716 -1.97631236509447 -0.0132183887018215 0 -0.456026907782435
0.895911061789213 -1.76590646447441 -0.146278396381745 0 -0.479921673237836
0.981981043974745 -1.47943055702394 -0.268748778879448 0 -0.443179184567142
1.1006792756492 -1.16022859809148 -0.419057373622385 0 -0.371806998397291
1.18484039117867 -0.792139897328051 -0.504237897310767 0 -0.297498687784625
1.22532064554198 -0.473482007945218 -0.593277373058591 0 -0.250717549968213
0.210688693061887 -1.449253531855 0 0 0.640072013673189
0.28011203460032 -1.47212236896928 0 0 0.245109371444327
0.161939852618878 -1.95816405722949 0.0670868702924441 0 0.492351087987041
0.373024725401928 -1.9673467082902 0.0959682445103577 0 0.440392139339667
0.506108795080623 -1.88726121062029 0.135410688646312 0 0.487222629815555
0.737862055002243 -1.84329373921018 0.132697723906851 0 0.47623251654163
0.942351659535262 -1.80881436190243 0.0464522878392081 0 0.491503509930149
1.00628361363497 -1.81653393203324 0.0252297567270081 0 0.334581305449566
0.77853285928958 -2.10688216067247 -0.128291915644409 0 0.0323128015994918
0.881338244122739 -2.09344241837727 -0.150833583402154 0 -0.294614059213079
0.976793517203781 -1.82676833901616 -0.257749220078628 0 -0.396491462751235
1.11039688487135 -1.60235471582103 -0.393401602382124 0 -0.360177939809682
1.22260744871272 -1.20992790371125 -0.500204458520504 0 -0.290135221273782
1.31588439430448 -0.862055288272053 -0.576805715548347 0 -0.247851340704541
