"(Intercept)" "X1" "X2" "X3" "X4"
3.00603327916554 -1.59469044469878 0 0 1.12878845433813
2.42876251835142 -1.66751710029867 0 0 0.79638702520242
1.94137690170613 -1.70493791312645 0 0 0.623078507532308
1.43863313780802 -1.97855663319996 0 -0.0606923147304812 0.857429229666188
1.13684421199093 -1.92370294228958 0 0 0.743641694341195
0.99094266333021 -1.75705147985634 0 0 0.74855195358086
0.270629544184569 -2.08231517513512 0.266209203053179 -0.0537779541661568 0.736721629028749
0.112199908786432 -1.99542731269772 0.579873889279048 0.213573674541649 0.521579741844121
-0.0857115810596021 -1.92015438227621 0.888536413514405 0.445730039099187 0.364452944818175
-0.284677174631937 -1.75404397565279 1.20590159185364 0.751496785447963 0.440218814474011
-0.494502590917735 -1.52754633438608 1.62397237674074 1.05587199153342 0.459713347271555
-0.824510305920942 -1.41674155760626 1.99007526422292 0.72031458315952 0
-1.04213266859411 -1.46107635939789 2.4536988309116 0.866862954631449 0
-1.08291661654798 -1.62819115763537 2.70259519501589 1.01299578766006 0
3.04400626604921 -1.34231292739171 0 0 1.2775327429262
2.43571312924162 -1.46018326871587 0 0 0.895382524406999
1.94043034917972 -1.48075673148983 0 0 0.675196021504765
1.50924728674514 -1.55893419715061 0 0.00559875343642312 0.706557710396622
1.21269907883793 -1.45166230769762 0 0.0657166919429619 0.605334969731535
0.822962506337165 -1.29472681587103 0 0 0.393347124001439
0.722159999927083 -0.979497144589127 0 0 0.22824870890618
0.136701806133654 -1.27818619196583 0.328953136716696 0.256843363947046 0.119167736039719
-0.0201591689262682 -1.25654855546732 0.561148613124246 0.454383773193439 -0.0209976148618311
-0.0970289488297421 -1.16587037709874 0.761097603478155 0.665889789744213 -0.0273346319509642
-0.265349090774722 -1.04752973170753 1.19289464251045 0.902410084531876 0.105329275212601
-0.731362636960198 -1.08360862108365 1.63568686251641 0.687237577168323 0
-0.943053624488788 -1.13458761255042 2.09916542723134 0.840415149778675 0
-1.12575709158516 -1.20711565813152 2.42279424166026 0.957781496427412 0
3.14411818823316 -1.02149204559429 0 0 1.44190032117899
2.51811893035256 -1.14392594969991 0 0 1.03206441241524
2.0343607863928 -1.14631216799131 0 0 0.719456946930944
1.55813370133085 -1.19795722545818 0 0.0548458903098148 0.555661561741605
1.20186532879819 -1.08490920660129 0 0.0860601953082077 0.418688597689035
0.625176984252098 -1.0033200870575 -0.167219373023553 0.0687496283097381 0.0409653729867432
0.646839005001215 -0.622039860731892 0 0.0689725564865894 0.00037958218077872
0.390993938755362 -0.435565500204694 0.00519482994474898 0.157463464713956 -0.110559566242265
0.079539186686551 -0.592003779797294 0.224537309441848 0.410597786271244 -0.416171858211309
0.118772460427739 -0.526985244691174 0.397848124894297 0.457689995905595 -0.527078800131364
-0.0844677232333723 -0.60505973656379 0.781683962472563 0.752218456100657 -0.234676396449347
-0.604528042473785 -0.7323585799022 1.20130835765549 0.693004276673066 0
-0.815698013204973 -0.780482943194355 1.60454313587888 0.936334503467764 0
-0.957236768841746 -0.862045545322775 1.70604821783828 1.28562904924156 0
3.09921398237121 -0.857263625881835 0 0 1.47416247231864
2.63078298641575 -0.780223654808707 0 0 1.06286163515224
2.07621571435385 -0.796354849367175 0 0 0.683587506561923
1.50369489724442 -0.937899656295336 0 0.0796562983170755 0.407026907822558
0.993732416348248 -0.859344705256403 -0.256292081262824 0.226981614151109 0.0110031946223324
0.725214842678029 -0.694329031705603 -0.280507829163418 0.364891110407804 -0.222725593645783
0.636900397231877 -0.381293302853035 -0.216078253266359 0.3859275208651 -0.340445229860938
0.556086582987889 -0.0640201749166896 0 0.0979810430354981 -0.2926815115357
0.368890503026151 0.1665611999556 -0.130163702922 0.188332105697375 -0.527819799613919
-0.0818834254172069 0.116372740825485 0.324648102085582 0 -0.530420872018914
-0.464765746628182 -0.0939695557592101 0.554353859142379 0 0
-0.54452984558614 -0.326933775619841 0.750843069784063 0.664581725447099 0
-0.764188561277399 -0.426808072868634 0.998973953770614 0.936664228878664 0
-0.895765543660291 -0.573204163677283 0.978765697537956 1.42078363322613 0
2.73907922291591 -0.96382303795202 0 0 1.42511036954397
2.2358363660617 -0.910473820360041 0 0 0.986853384837948
1.73397610842357 -0.859453004497931 0 0 0.548921844936514
1.28475075863375 -0.789648576879494 0 0 0.27487390006092
0.825558435862472 -0.593430141579329 -0.273510567230767 0.314049207274183 -0.26645082078348
0.66509591928716 -0.370140421327597 -0.321658283032068 0.473399948910493 -0.3958807260243
0.589550698504029 -0.149976859005743 0 0.232654124692142 -0.318789959276723
0.526240584422243 0.120553991781764 0 0.284306355179227 -0.411166228086042
0.509995097541407 0.565236229075174 -0.150022822713021 0.213224401493088 -0.610201360277132
0.233878894987612 0.834315361255951 0.0200407628488808 -0.0899662759494201 -0.701599976551179
-0.291445565882175 0.728263027717834 0.335460884376298 0 -0.543029395749064
-0.385115771022474 0.438183194202195 0.341271151320989 0.625610646606833 -0.555880804246806
-0.4392632839229 0.11946069588896 0.317654338211526 1.08010567499312 -0.365449271961633
-0.424688374926712 -0.192304122422063 0.189014250507624 1.62300069779386 -0.212057731035878
2.39054220190341 -1.03951124394531 0 0 1.3733969675135
1.89408829360571 -1.0120520551121 0 0 0.902816783602616
1.38995317218011 -0.991812180575214 0 0 0.459537046175315
0.920418838372671 -0.92401119966733 0 0 0.127644173791899
0.49785983564014 -0.679694325971214 0 0 -0.0412392273687303
0.168913332879417 -0.278778260739356 0 0 0
0.132119333996957 0.106639423479202 0 0 -0.461598446708298
0.446997690423019 0.601673606421653 -0.0923567996550911 0.376534710550291 -0.88779152174006
0.400421328880268 0.836746063763182 0.0801270937433206 0.156657854833706 -0.663583571299275
0.0345705810409338 0.930736717911394 0 -0.0062186198701715 -0.523528140736046
-0.16187328042408 1.11735489524017 0 -0.0786501731669892 -0.523186537556837
-0.401552309178769 0.819898997406706 0.0862939338214064 0 -0.377312327428604
-0.405555154799743 0.255789954293865 -0.14574558357558 0.88091666491874 -0.315773475366479
-0.509660701143748 -0.251472619815658 -0.23299173676457 1.21306141915099 -0.0727714211630767
2.24182760198729 -1.1040291092658 0 0 1.49582742055594
1.65440957522303 -1.09414295178611 0 0 0.882052664564879
1.15858313747695 -1.07228668244952 0 0 0.32696087778671
1.08256669766275 -0.935039417300534 -0.17485962946826 -0.116185832713978 0.000918434254410243
0.421006176698769 -0.700999395386141 0 -0.0996800015806297 -0.322156233122863
-0.0435073162667177 -0.308036405757738 -0.192876853473196 -0.121266059553468 -0.706349968681466
0.103331983515282 0.197472688792634 -0.0652369798170727 0 -0.874995397434373
0.467718749506101 0.592702735128058 0.167442484689071 0.163273203451157 -1.11449179425828
0.114707853921445 0.826717065673287 0.317178558028068 -0.145385269421978 -0.697120081817645
-0.383504337936673 0.849581974968449 0 0 0
-0.230900989637802 1.07966425211034 0 0 -0.414194920300952
-0.423900583391924 0.807402644035213 0 0 0
-0.471721862321851 0.787900377505089 0 0 0
-0.438719882124834 -0.233403943321034 -0.492208890647262 1.02984972997304 -0.0440693552203436
1.76106399081998 -1.21140404866026 0 0 1.2147974618799
1.46173990363431 -1.26805966801855 0 0 0.819800033948958
0.96173345847612 -1.31463197847898 0 0 0.25622323180819
0.403971647959168 -1.23365000550756 0 0 0
0.520054434461624 -0.891626369177296 0.0512168516728648 -0.146630564328503 -0.413354081638331
0.178994712678258 -0.759710576341062 0.132607745704663 0 0
0.0571587894564646 -0.208554793853746 0.2893891882775 0 0
0.202184649246256 0.119543832673822 0.414171074953146 -0.187178899444522 -0.799243194998042
0.390126100265634 0.578928180391133 0.488272883711551 -0.179184246581595 -0.763194357391886
0.202801610382148 0.983070657491056 0.415974852916368 -0.393272003324339 -0.53762064016972
-0.375046124813573 0.784407418023988 0 0 0
-0.421742501707333 0.806862861895196 0 0 0
-0.553507108335235 0.684234348367438 0 0 0
-0.794417274390176 0.66976472503304 0 -0.283972094811494 0
1.51448280554541 -1.15594413333217 0.0327705674512849 0.0231379434975436 1.26085075726834
0.887598094647896 -1.40680453060196 0 0 0.318427346379808
0.486911223214324 -1.41826427751226 0 0 0
0.4311182031721 -1.40122079250544 0.202451898476311 -0.0205006419183799 -0.222419666497189
0.513600784072538 -1.29526099423892 0.171080597912539 -0.152018460747699 -0.451674833956528
0.380098341421115 -0.97629369136354 -0.0150891786648295 -0.120025635077961 -0.514976337331274
-0.0770787837940573 -0.853188384314978 0.249258758374745 -0.333771960284311 0
0.177705615176151 -0.164577742413781 0.364745067025612 -0.0854465452267744 -0.497970367452611
0.072133650919776 0.0895173027267463 0.480672875212253 -0.460439513664662 -0.451798662826354
0.25194423541986 0.640859676564638 0.420750076416263 -0.543006279465467 -0.333036958365955
0.200966433705699 0.793633405013692 0.0556148303911308 -0.581470594438259 -0.240021654606002
-0.0438991330539226 0.565507484842328 -0.340045232774143 -0.249146978135813 -0.24312093950573
-0.143340752699949 0.161132344643151 -0.518774535832418 0.23823906063606 -0.152333578690805
-0.257688574943627 -0.209915485325685 -0.682871866095295 0.644173601543231 0.0114080731159415
0.955815374001057 -1.14290330947179 0.104886619560169 0.202219458767634 0.727591026214978
0.49694007489306 -1.35528565446141 0 0 0
0.283625608819747 -1.54138801905049 0 0 0
0.268151507691134 -1.65194429947979 0.343725141704943 0 -0.227170546023026
0.543852984238987 -1.6665403025589 0.256326315442744 -0.256409139711473 -0.372007775394117
0.499175324455569 -1.37676735887273 0.184211844941922 -0.30039553664494 -0.521147622359263
0.0934753643049547 -1.34591437896358 0.263646448352373 -0.343316871172204 0
-0.0461029058281856 -0.878046339141034 0 0 0
0.132822448311787 -0.460983772763891 0.315850053976808 0 0
0.463317771546845 0.290534814726635 0.278994874768837 0 -0.145047489590822
0.293538006477498 0.516307545445575 0.0646509174417146 -0.706302817577683 -0.246930621434558
0.150579991501598 0.252315730986933 -0.234029816621947 -0.569717659297446 -0.211672771615692
-0.0119040548407158 -0.15074834859911 -0.563612991873168 -0.0947496779717243 -0.109054572812179
-0.164303963203217 -0.479308405727202 -0.798596519798383 0.404079068707131 0.0610730156576632
0.449182362875485 -1.30345460949841 0 0 0
0.309534821985141 -1.39876134868024 0 0 0
0.199829831711426 -1.70379686625889 0 0 0
0.26879602018281 -1.91091603627212 0 0 0
0.547179561503232 -1.84478872360742 0.374767223104397 0 -0.293516356373325
0.670259212400202 -1.62523326339028 0.376228687799083 -0.422252931780203 -0.394154405202766
0.577573297683368 -1.53755042097116 0.301071998189267 -0.551716801120161 -0.291740235357965
0.6554323435287 -1.36087828948258 0.226085895428893 0 -0.292007435144999
0.429741836884986 -1.04526752862441 0.274645924082835 0 -0.212907237543814
0.375947202253391 -0.477667055969144 0.29795178355545 0 0
0.374151706652841 -0.10580194187953 -0.187690383128175 -0.546538794693066 -0.365100368803926
0.258407123428413 -0.0978383664713349 -0.341086319815651 -0.801955961296312 -0.224123160959038
0.177861108589621 -0.393663610610318 -0.542920535625045 -0.386604581983635 -0.078390801584486
-0.00527916700897892 -0.664250235194148 -0.79072957048566 0.0750606425703571 0.0427504618075835
0.334819904198183 -1.29549620581604 0 0 0
0.255026863612705 -1.49918361058901 0 0 0
0.288297351794763 -1.80366926554249 0 0 0
0.292048205957561 -2.06361962751672 0.218052138179046 0 0
0.622784561044436 -1.91711725695832 0.295988634809295 -0.192297951783212 0
0.809364419590166 -1.58343044012306 0.445033663307801 -0.410011776388759 -0.358366895402664
0.811099618109335 -1.73455138044411 0.252056931566932 -0.446178833514178 -0.0278382461958246
0.975533559502734 -1.65328736278205 0.201191954751113 0 0.0298815467117705
0.641491922070914 -1.60068642675761 0.119127738461027 0 -0.253714837775865
0.421420884649892 -1.22554997364616 0.2183801606423 0 0
0.338678795982072 -0.972500735243382 -0.350858614601222 -0.526352633192751 -0.39173637443199
0.259287200577092 -0.67407191331875 -0.49913185268516 -0.862082965096821 -0.312867465916284
0.201035069917959 -0.626759246352028 -0.58304830940975 -0.672664354743515 -0.09248966700365
0.0614557545549891 -0.802477009417925 -0.774434933952121 -0.249314652748553 0.0740487172846851
0.314329945415773 -1.40698830367618 0 0 0
0.328370501141245 -1.62540926849498 0 0 0
0.400389751447209 -1.87304728289014 0 0 0
0.438233081731662 -1.99588883449311 0.243088298182649 0 0
0.858630881528019 -1.73501402239211 0.196829810947393 -0.18379028436149 0
0.94757695883573 -1.41512391705596 0.298358532852017 -0.207674582353718 -0.283114086340263
0.889473643012384 -1.56201708165594 0.173941728529315 -0.284049809817132 0.255218356079314
0.678441616643415 -1.86687580388482 0.0904173716298519 -0.363548787013706 0.36499349935463
0.54187877809461 -1.8844851613935 0 0 0
0.497073737274646 -1.79825506164858 0 0 0
0.475195490959795 -1.43876480470487 0.108875065962345 0 0
0.22245165352281 -1.3232489537231 -0.612057634708931 -0.82856125480811 -0.313328576159504
0.161448775144617 -1.00922157438375 -0.66356721443025 -0.829242480339144 -0.122042045292509
0.0490259233452236 -0.927622288693265 -0.754572902733296 -0.464316213523332 0.109592918407654
0.430113804565068 -1.59981840752667 0 0 0
0.541257954009588 -1.75584218710101 0 0 0
0.384785785366685 -2.01324338253489 0.145100320766741 0 0
0.872804844673144 -1.65852524062531 -0.10968080972885 0.521837640115674 -0.260680066210496
1.0261278182587 -1.43708096237009 0.127679128303337 0.263299205763935 -0.375674218545641
0.994298807723571 -1.38180170628119 0.110869807676816 0.0991498990668582 -0.00266028689692646
0.754616570191035 -1.57969367149582 0.090403044965316 -0.0388471423793426 0.393492526820595
0.488088968120894 -1.91499567407651 0.0483717441365055 -0.274127812388853 0.424685505009747
0.62414313339888 -1.89910445108008 0 0 0
0.597320407008724 -2.12022242179542 0 0 0
0.532546489603568 -1.93186698575697 0 0 0
0.436078770742155 -1.31364168555725 0 0 0
0.0563572035106973 -1.52424535373013 -0.820211348487914 -0.879636965020541 -0.153320186566742
0.00987842577400645 -1.18961261318458 -0.812586870857337 -0.622909789587714 0.126194338348044
