"(Intercept)" "X1" "X2" "X3" "X4"
1.78992948503279 -2.55170959599594 0.461365252783435 -0.432533791878931 1.29979490693553
1.70505795447319 -2.27893150406404 0 0 0.704749723914586
1.5903615486813 -2.12723121705053 0 0 0.652402515621227
1.47998422606782 -1.96448043386078 0 0 0.555235491958239
1.33164991796056 -1.70272952549268 0 0 0.372041046754125
1.40368278585241 -1.58395202146236 0 0.261011843897406 0.28142887508856
1.20519971656523 -1.49789954176117 0 0.383749962692031 0.128922991001606
-0.180392752475597 -1.76149834717547 0.563621020079506 -0.097111421200329 0.181722806677768
-0.493989782860715 -1.62265250063306 0.688751498567807 -0.168218803131995 0.0619720006335634
-0.53554464845486 -1.51267981754365 0.736708129588911 0.00511971858536655 0.0500652972555323
-0.673428280494073 -1.51232291309918 0.844385957333459 0.103024664681802 0.0474068071784073
-0.798481726247174 -1.53813381021475 0.966924401223993 0.169856890584817 -0.10176754816515
-1.40757688456074 -1.46102897207235 0.409427421274039 0 0
-1.70688089565963 -1.54432998545094 0.637850404629316 0 0
1.68175917209292 -2.26794832240894 0.414040100290437 -0.550063480803258 1.1305355726775
1.58921242986137 -2.23724992361401 0.278755529077918 -0.311559923658224 0.925026755095269
1.50570156632175 -2.06742449431971 0.184561957742996 -0.142040511760953 0.717634413366364
1.50336928748496 -1.82568451548471 0.0496286207174132 0.0552652566771436 0.48585311324423
1.38239195907929 -1.57729046825756 -0.0563220929472481 0.167360428885114 0.23066368369599
1.30180660237419 -1.02971972198617 0 0.237657591938381 -0.00799966731501759
1.17439534852613 -0.851751123492111 0 0.403427629747381 -0.213109158866865
-0.0590301446332503 -1.01841630031222 0.353243559234115 0.164557403483469 -0.240368081293608
-0.286310930783188 -0.921814719219153 0.439287924477007 0.162302135229192 -0.288919057863338
-0.311229277239992 -0.919784399391198 0.496337040399563 0.24490586432871 -0.230800007215232
-0.341389959698123 -1.0097257656374 0.650115141201191 0.288291994932239 -0.226975552546276
-0.497864607918617 -1.04696543841547 0.801168086764066 0.379621448918909 -0.324033800002662
-1.32972329496296 -1.00178701294587 0.566587434547734 0 0
-1.65766823259236 -1.01438859423067 0.346242631702655 0 0
1.77002615265921 -1.97237894825618 0.397772026505645 -0.582387607481201 1.01785486307926
1.62202429287148 -1.86612066225725 0.244973226824359 -0.369577117433819 0.764545900770757
1.50164537846824 -1.72392434287778 0.131231838920175 -0.171466691676782 0.54925557468644
1.498827100954 -1.45854821431631 0.0137269396977888 0.0771549028280037 0.277212688175908
1.36900628919529 -1.17272382185595 -0.102016360232506 0.244415109229766 -0.02057056178809
1.12898331829216 -0.860492424672288 -0.16480639833536 0.344879700438997 -0.328414702505109
0.901240114089498 -0.461702984764008 -0.13607174248572 0.370621667492482 -0.607618336084864
0.488798069276203 -0.302182448616982 -0.00989144492990971 0.472919606132936 -0.6561437773479
0.0437466961390609 -0.298828960402291 0.198088582758417 0.485953900950612 -0.666180085151188
-0.0944383933361815 -0.324485215934349 0.255078840936732 0.450682796686307 -0.530725512117307
-0.136089214849583 -0.471615597201547 0.410406172283946 0.577352986956383 -0.528953609839905
-0.389384952815949 -0.502272313100011 0.612189878926803 0.483965026985822 -0.443681842897212
-1.25370039436332 -0.450277393875498 0.265439844701851 0 0
-1.62916595849496 -0.577164751505408 0.222586577763682 0 0
1.9081851183688 -1.7613249373106 0.365094036494095 -0.631473265185547 0.956356948855467
1.67958714437521 -1.57903332205658 0.239348656951688 -0.416204544631088 0.633971373477464
1.5296395291082 -1.35545505022009 0.0891445994315904 -0.194122291930787 0.36055599177132
1.5191895129238 -1.13738684859423 -0.0386888578052819 0.103338450693174 0.0956362950643013
1.4171935440759 -0.864010361960887 -0.132002515886719 0.315930674432937 -0.220803735104696
1.26032018982735 -0.545859272410392 -0.251063454527766 0.436360968408656 -0.431154980629507
1.0855882226028 -0.186213203937765 -0.304724022370834 0.440974276029705 -0.651334541067709
0.949679531883759 0.108896426027345 -0.30414442196184 0.519500098361944 -0.875123962238889
0.628756695808891 0.173470766442841 0 0.521290088337814 -0.646589407777185
0.202112743104463 0.267714768334329 0 0.499573982032492 -0.610668637040809
-0.410542320414607 0.315756926879911 0 0 0
-0.752892666224526 0.24388138048833 0 0 0
-1.16551257594156 -0.0618845410444969 0.201103971587169 0 0
-1.56062561095269 -0.29039712354315 0.200647943698845 0 0
2.09573740012335 -1.65238131434746 0.24469131508575 -0.798583514425589 0.896451435107727
1.82461752841783 -1.45064525921053 0.195107275285149 -0.527881892674751 0.548245942538839
1.45342245587743 -1.15588729261165 0.0959686558994991 -0.289012845561105 0.143117331057168
1.19391006720314 -0.895785637327779 -0.0185205442601291 -0.0204945292815694 -0.251218241667992
1.14516262651097 -0.670157272872224 -0.185651508292412 0.239444581330576 -0.462155074435437
1.33032012573827 0 0 0 0
0.798065871614861 0.0651139804852908 0 0 -0.535826738082769
0.548798125869231 0.382784480427401 0 0 -0.838716605614012
0.716634085729659 0.489701433522498 0 0.545470009291367 -1.04230339003824
0.364976629833144 0.718001874717454 0 0.42368959379145 -0.876317907382667
-0.421204493544832 0.71036194271806 0 0 0
-0.564197202246859 0.793110658167241 0.204397889544739 0.324279416265756 -0.672748205682393
-0.933663981000996 0.505243230194094 0.253518150562769 0.0676744251885791 -0.458826284896568
-1.28478246907373 0.0236116603609345 0.265394405842677 -0.131107581022072 -0.279478956115025
1.81191255976264 -1.3390734909973 0 -0.722198629853937 0.819748504775251
1.65398795297307 -1.18437586923897 0 -0.543138277322039 0.411135360339132
1.49564387719088 -1.11978580525231 -0.0349038303990357 -0.457952181944252 -0.0135224466103002
1.05746227024951 -0.864582815032131 -0.0982090308131584 -0.195012104534596 -0.527242055045011
0.865714422452515 -0.738473683716446 0 -0.0976175136091863 -0.723700379110091
0.119150187684694 -0.432368889988463 0 -0.164093687230627 -0.934883054399613
0.247023243325418 0.116670734277909 0 0 -1.11860817282634
0.281511163562574 0.53554943144486 0 0 -1.1535680437682
0.40219573730827 0.82825177277077 0 0.325933039494038 -1.21425159000865
0.259785841984387 1.09759092461547 0 0.334779998862211 -1.0642539620234
-0.147583545033145 1.13496482590575 0 0 -0.658511093083765
-0.618243136297826 1.0916593681539 0.170511411924906 0.0682732222915618 -0.608204649561028
-0.99487046993151 0.676847284026027 0.207426886851014 -0.113160854949838 -0.440108638378882
-1.33655227940822 0.117435313451782 0.243897270769618 -0.398825290383958 -0.296447173326576
1.75298393868433 -1.42797036970761 0 -0.892669980736799 0.881527272153206
1.55891899303727 -1.3265543084496 0 -0.75617340679958 0.358242964091351
1.24298009729736 -1.15742678327574 0 -0.57949436463036 -0.176453381875024
1.02314097950175 -1.01487877224492 0 -0.344345478466736 -0.57332088387296
0.623460699737376 -0.765392743174179 0 -0.116855892441387 -0.903130526424857
-0.230372932492676 -0.422390518551016 0 -0.0936341238491585 -1.05715086431525
-0.278326777262019 0.0189143013174234 0 0 -1.17831363671934
0.0341829577016344 0.468516881002026 0 0 -1.37409597968387
0.0378621592877036 0.892805665519614 0 0 -1.2670010071197
0.121502077328935 1.06695852870019 0 0 -0.926927687860303
-0.00806729193105161 1.14961614323049 0 0 -0.686627178118777
-0.140145618062425 1.01845436232186 0 0 -0.536778273090563
-0.450553372589718 0.702686301575433 0 0 -0.422533641651375
-1.07994770894806 0.242754324147113 0 0 0
1.49477325475041 -1.33579857595192 0 -0.878212304257111 0.803710189738551
1.3481417209886 -1.32685816101169 0 -0.708535644431364 0.353961963036428
1.13094303488816 -1.31419782356359 0 -0.507021154163375 -0.0697915440075264
0.785619740340529 -1.20061094633885 0 -0.274066865149182 -0.460808852378682
0.200251848447318 -1.14222016604963 0 0 -0.636062988697341
-0.142206724815326 -0.917110029981464 0 0 -0.712743025045751
-0.574964771503843 -0.455283645700116 -0.0265038894363231 -0.0741960886628551 -1.02287837191447
-0.201463331379925 0.137201474229955 0 0 -0.786454897393265
0.14706527324028 0.525990729497014 0.147708093445123 0 -0.940683078693036
0.151070510588633 0.817815141043878 0 0 -0.854326973981376
0.152163624872832 1.01877040633707 0 0 -0.601706149604746
-0.0382399680669948 0.802346067687011 0 0 -0.438542342187391
0.486733977436051 0.623716426190392 -0.598339666317444 0.576381500150799 -0.720166446734081
-0.734223112878986 0.193119804094067 0 0 0
1.12005628739492 -1.2840337335241 0 -0.601338261800171 0.644464242378368
0.802630452763769 -1.32116161872908 0 -0.338514699098069 0.258713091124195
0.417267356074815 -1.38721141799543 0 -0.262068093050871 -0.180822759132076
0.279041385860328 -1.59224228284416 0 -0.141504345665433 -0.497963174010944
0.401867132514844 -1.61721548224863 0 -0.143623236865548 -0.664751981328348
0.0818875361927472 -1.50029230149994 0 0 -0.602751733168485
-0.111015306015162 -1.1218144433376 0 0 -0.662157662690682
-0.0627093442637329 -0.576620508272614 0 0 -0.648013166798996
0.0297166324226703 0.0501472384455134 0 0 -0.476633469986889
0.0917845454443762 0.57472493076817 0 0 0
0.121805049609376 0.714348317081991 0 0 0
-0.0894092121428283 0.552392149085375 0 0 0
-0.239998922725917 0.398844815031 0 0 0
0.462929271926181 -0.27939010758694 -0.755864381683767 0.866183247262735 -0.500767567989814
0.796895471346447 -1.04365370870006 0.102666139691846 -0.435175061830079 0.566869508022127
0.261876266761119 -1.20828699792984 0 0 0.10317195205766
-0.00831299123028977 -1.53586060214022 0 0 -0.169732252055608
0.155592343532898 -1.97871234271409 0 -0.350155621629541 -0.386434523691554
0.647201562299935 -2.1077288172789 0.0506945678577566 -0.307832763127286 -0.53829093825681
0.271271019431978 -2.02800017925717 0 0 -0.567843549415716
0.172539542291386 -1.69734700005808 0 0 -0.597907037789892
0.146258413178862 -1.22055365900076 0 0 -0.510252062980107
0.181806222869816 -0.589716497402414 0 0 0
0.413062368625415 0.00213434207884238 0 0 0
0.511911092162636 0.328808117475542 -0.221756454514744 0 0
0.311035187796538 0.232609040035691 -0.400459511223193 -0.050590369237726 0
0.334483868804846 -0.150677858715986 -0.662248831416157 0.407782137020169 0
0.311155391247477 -0.500748281809317 -0.901934766169604 0.661836650025211 0
0.371842568579988 -1.14624517082931 0 0 0.373511448182797
0.129678766307319 -1.32134346819269 0 0 0.174511763872564
0.0619997606734376 -1.78868187123805 0 0 -0.0170848996495903
0.131209191683584 -2.18100027167008 0 0 -0.187670724649848
0.291084455281674 -2.31390606987831 0 0 -0.414696997835275
0.907418591565675 -2.40614019150956 0.120445392804641 -0.216641329467491 -0.351741730919491
1.19093201949688 -2.21923098272294 0.432944394511796 -0.19463898618383 -0.419051251496654
0.721668987906754 -1.85310855539583 0.177378091185472 -0.248423754912362 -0.413801022576047
0.392344982812584 -1.191955059598 0 0 -0.246123603306199
0.627420757305443 -0.573997136944934 0 0 0
0.657883174571824 -0.29129089090416 -0.243340912193375 0.153180134970683 -0.143921687374541
0.753161757411377 -0.424017549022342 -0.511098573987976 0.43396431506687 -0.228992663618043
0.773475053124255 -0.761726956943234 -0.719459673596643 0.773054316056387 -0.292290540202882
0.47967337459269 -0.846439602085282 -0.86859550144193 0.53655924810907 0
0.365962984347057 -1.27051783903586 0 0 0.536966669917155
0.280236030553298 -1.60529561206608 0 0 0.363194845042882
0.264946751059632 -2.00769725022531 0 0 0.209064414827063
0.33718601680801 -2.3254495421945 0 0 0.0596481723415289
0.496239582429006 -2.44257819480131 0 0 -0.168757882718921
0.986017448077921 -2.40916505771681 0.0550792809382543 0.156308166892906 -0.0162740981726105
1.22315997648572 -2.32838346369814 0.14827402875998 0.255833036491905 0.110510199645944
0.97610416109972 -2.11873097245983 0.090427284796901 -0.0278079322763564 -0.0574057248374604
0.490388168544319 -1.78795398595347 -0.263996411342408 -0.031469020145813 -0.029859701737082
0.607958176977537 -1.2915516195522 -0.179488747141202 0.077547531485216 0
0.722008231074974 -1.11095706932362 -0.291363636735724 0.334160261210302 -0.283982159742269
0.974946424376198 -1.19362517370825 -0.512375602760485 0.709697550954748 -0.28001912007072
1.09951610281326 -1.37807339193584 -0.71874758315699 1.03982067268471 -0.364765058041158
1.11731042196052 -1.62776274905037 -0.942646936729898 1.29609579133667 -0.417708972587174
0.355242705022652 -1.58862592188999 0 0 0.703716306878738
0.376846283644329 -1.89166998354018 0 0 0.555136573238536
0.432749139807802 -2.18601052139834 0 0 0.430869299041089
0.493043614839982 -2.43350245537004 0 0 0.291393314737931
0.661430563181071 -2.45968352591133 0 0 0.0846513487118318
0.572507196784343 -2.27850193066336 -0.332552778209747 0.743800603402571 0.616385629041896
0.674519728336176 -2.27634538247412 -0.320358640808128 0.707325784408788 0.698682651274197
0.789069276876268 -2.19782632792403 -0.326208774143656 0.476406825397387 0.530970313107004
0.331153331725408 -2.16526184949481 -0.261436726545308 0.217407141695033 -0.000774149887074874
0.383061044642319 -1.93144356446198 -0.356949167660958 0.326065764647782 -0.12138091010221
0.696549642447611 -1.84429440013008 -0.343439407887506 0.575980384451644 -0.406354736991529
1.06446094306218 -1.94919778540485 -0.556861252323041 0.934583249477241 -0.429814622283492
1.41541282999453 -2.13806227220888 -0.743513650175732 1.38310873088481 -0.477601161051167
1.4498384469083 -2.2298226625548 -0.931924537855179 1.70101759758858 -0.527611412776763
0.441900213398006 -1.873387918596 0 0 0.890696036449623
0.478580816227231 -2.1209583543662 0 0 0.76669744349357
0.546693767073864 -2.34850299021846 0 0 0.649711830372911
0.614474827621232 -2.53753308275167 0 0 0.530079378984567
0.267369826386626 -2.7196238855637 -0.254964550551881 0.330866123014852 0.850497744823696
-0.0780392732031451 -2.21676171793521 -0.785810518191256 1.19663040828393 1.1711067440752
0.126034408056153 -2.13283569014769 -0.857300252698994 1.25799291376387 1.21667373737687
0.20306705725438 -2.12394514060879 -0.763703053469143 1.06388724268955 0.892810960051052
-0.148911914912264 -2.26223651872589 -0.607109125354107 0.815056474951249 0.167565812275829
0.212437767363267 -2.47193263709132 -0.583588873878508 0.606058467856955 -0.0252953979636617
0.698587769190078 -2.41974239317191 -0.795600166831147 0.663920209493624 0
0.881851400336313 -2.51414112831109 -0.720751804613768 1.02318583631468 -0.431358314309855
1.22224639715435 -2.56523394659913 -0.772871374536692 1.4774361746113 -0.499418840701509
1.41906526245752 -2.55319083877235 -0.863442308872664 1.96106131579546 -0.521486559644476
