"(Intercept)" "X1" "X2" "X3" "X4"
1.73759477021039 -2.6519588023122 0 0 0.836125532077142
1.39873519830617 -2.78926247024171 -0.0921850519545435 0 0.871606390860098
1.19230465067167 -2.61800641526658 -0.0171468825215137 0 0.750645568981557
1.08391151068826 -2.13054799516187 0 0 0.361876553454078
1.00979758096644 -1.89408802161612 0 0 0.197459889482466
0.693802981275212 -2.1987345042165 0.389460802207832 0.176864869540635 0.590863481900689
0.318341651043036 -2.30746420813188 0.479047230039801 0.278122285865396 0.461579624565112
0.0177962784869526 -2.32910991987135 0.518168519799775 0.364203900055459 0.192734469789263
-0.274972002472239 -2.14969639168178 0.543796268668731 0.419077235217178 -0.0904763993834221
-0.489689536388471 -1.99751856286519 0.474442903841887 0.454438653984203 -0.374006235875042
-0.676545070366855 -1.93647512904648 0.514525440839762 0.53941265205673 -0.651492966117383
-0.920885626765316 -1.91665806147465 0.578162785713978 0.591215453365113 -0.799019371258186
-1.22827258019419 -1.87004805449721 0.662830826423156 0.630810869068049 -0.904129702070744
-1.55593973708319 -1.83549408121474 0.745804313907037 0.65847738379604 -1.00084586028312
1.64360315283235 -2.45890479959718 0 0 0.47411222296473
1.289767451473 -2.46942222680459 -0.150914431008322 0 0.57656125473704
1.160472142772 -2.24151278735579 -0.0824718247330413 0 0.515243901208711
1.06891289695737 -1.79521298341008 0 0 0.247707614478773
0.985928891589365 -1.4986827969899 0 0 0.036227972885923
0.743632309569383 -1.48148354769977 0.218079168908215 0.0913602909177128 0.128547126336507
0.424591640122049 -1.54706334963166 0.39370655253324 0.338064239619871 0.0727369276384075
0.136729311300635 -1.48940645740659 0.502416265570225 0.424636702654481 -0.123408148172721
-0.103709332884245 -1.40006358586715 0.43461932797231 0.446689593056034 -0.271426035408743
-0.304444716256662 -1.33324460480858 0.415885207207639 0.490119603184645 -0.5156927854885
-0.50037763502487 -1.35295913837378 0.457895630233002 0.548877335624203 -0.688996653802351
-0.807761453959194 -1.3746512535194 0.53619900695144 0.565785106111738 -0.739794487577605
-1.11697471648716 -1.36449879304898 0.663198139105802 0.57357424661106 -0.806913118512229
-1.45538617296263 -1.37476461308189 0.792834330700269 0.547708994134162 -0.850742080589359
1.74706111992287 -2.24242564710504 0 0 0.422815470674502
1.46431189896954 -2.27526910204105 -0.238050483229666 0.235629739509666 0.332536853495659
1.14918084073808 -1.85301452374493 -0.137824554793102 0 0.310173272946475
0.975137833025418 -1.5192868558833 -0.0871684750001321 0 0.157768898216652
0.919785836022544 -1.21755042112877 0 0 -0.0352738467357805
0.890381546745574 -0.971177258957806 0 0 -0.176987923064459
0.579154675526219 -0.871530567041956 0.195152590456799 0.279104717413417 -0.240947738348384
0.279449915351674 -0.85344375420484 0.326385109966764 0.41847500883958 -0.302005249594385
0.0504183377847792 -0.785900392953634 0.295146099803374 0.439790627455128 -0.418109267149225
-0.118542345472124 -0.75904230660942 0.343592227528482 0.535337168728888 -0.610913269662215
-0.407563009154753 -0.764727212620929 0.426814915028901 0.553072239489311 -0.693414451370912
-0.749539360499699 -0.82812257694621 0.553563683842482 0.515325780623964 -0.663594270766728
-1.12378416117267 -0.868441128544051 0.734855137516059 0.396431198528647 -0.649566067068565
-1.47970451872847 -0.913960217308742 0.912734458488462 0.27717776768802 -0.633190908250107
2.21409717701555 -1.8088587178264 -0.145653473165794 0 0.719134444658751
1.50826344200308 -1.78593380104415 -0.166380089301078 0 0.301086700061705
1.18301810078663 -1.4720780701995 -0.147778002654878 0 0.100932498295839
0.962745032403686 -1.1719865309935 -0.11844652422357 0 -0.00199705262649561
0.896537516966714 -0.98380237433171 0 0 0.0887772619406984
0.838146542974784 -0.841555628586294 0 0 0
0.548901394372066 -0.502923478281139 0.0451615529185393 0 -0.402042965740614
0.359639638740067 -0.376700719621562 0.0950503731264346 0.284577569517781 -0.454449922726578
0.203777101162333 -0.338079765336767 0.131693919256007 0.424419366089156 -0.553825294333794
0.0178391273748244 -0.274831963985995 0.255959632038582 0.554003869322422 -0.676443798278167
-0.383732762636437 -0.275143151727131 0.424051971681352 0.531658465815809 -0.568524896400358
-0.742324512816152 -0.3131413533092 0.580053142454418 0.411703597861598 -0.531272420277679
-1.07158925727516 -0.393168394733812 0.72769739901094 0.254177090513354 -0.52002932439815
-1.38590143774858 -0.510983198417638 0.887555519024995 0.116206261512148 -0.487659516154506
2.46829938646279 -1.34585157613031 0 0 0.817968912990887
1.84753214870074 -1.43843596683675 -0.158753088971459 0 0.481482882777586
1.28827336603238 -1.25688059667233 -0.162399862444136 0 0.0802612687513414
0.899558925476606 -1.0178701351231 -0.146080549037392 0 -0.0772852150671985
0.771600021106264 -0.987356806446482 0 0 0
0.658175785133172 -0.775728362641655 0 0 0
0.558831202137492 -0.445713043752595 0 0 0
0.440485734592013 -0.11829253718957 0 0 -0.449851014748904
0.352920978638102 0.0799526348657563 0 0 -0.501738478624905
0.0689415613226049 0.0911919394694637 0.121184579793527 0.470518323591412 -0.589959698474509
-0.377901186309635 0.166176976277187 0.363777304536827 0.443046718849937 -0.456946584435508
-0.739309016756282 0.147299013859514 0.551106606024129 0.317892107806754 -0.457492957327296
-0.982004262652522 -0.00189448688429585 0.693500699878926 0.137731596631914 -0.456448150519645
-1.21745849183457 -0.166484040693113 0.822754994238229 -0.0677677207046008 -0.381003721662426
2.26004166400034 -1.44488990541012 0 0 0.96579860535714
1.75840872239505 -1.40272145406628 0 0 0.589213720756245
1.58631382591283 -1.18990588831038 -0.232717469399043 0.0221648631950875 0.0777288638484425
1.13437813251758 -0.994768966049965 -0.262513535617585 0.127091964517744 -0.23186439009164
0.802673136654639 -0.803173837263845 -0.227513371290296 0.194145707305043 -0.352918999276791
0.415750509048853 -0.75318534753733 0 0 -0.335233302640018
0.256992448300167 -0.393395253316625 0 0 -0.591083052812722
0.3137685402956 -0.107283049069368 0 0 -0.581714464518288
0.375524645464334 0.177409005733997 0 0 -0.732396388710565
0.255285015350238 0.490313926883516 0 0 -0.642433880916721
-0.282269713276259 0.565009943204709 0.0699576175628319 0.276698525170816 -0.639492121190097
-0.555073188383846 0.41449740366261 0.319724881084854 0.256560877456451 -0.516415281206282
-0.722237318512244 0.187025315379578 0.479465643918486 0.118298381581396 -0.471443340579915
-0.947765357181182 -0.22343370018383 0.709707347529249 -0.07483490934355 -0.504403042312586
2.23372179456331 -1.55934931314095 0 -0.181163028199188 1.10110555290576
1.69588871286485 -1.58077938013635 0 -0.215408933399083 0.606341101215465
1.57545612748662 -1.36728148339474 -0.33472279099151 -0.152354046853346 0.146757252924654
1.21803210184205 -1.17382369482925 -0.395154029500814 0.083143094062815 -0.22396302239778
0.757538991345527 -0.964540730033321 -0.335033506837245 0.203565911641018 -0.503319757942018
0.199674487647254 -0.751923392081145 0 0 -0.416188484594375
0.079376748949675 -0.344199656750726 0 0 -0.788632532050319
0.156543648043163 -0.0523764657129943 0 0 -0.747217617862076
0.307966598314792 0.106064589768019 0 0 -0.622654190495857
-0.0738061462427654 0.445100678479828 -0.249484957779758 -0.157614771828645 -0.759092344797788
-0.0736351395071058 0.820028057913908 -0.361853935836463 -0.176889148903663 -0.62622842769135
-0.110916360412808 0.876853468265101 -0.240537792751034 -0.0511829184333308 -0.484053264911791
-0.538451536304043 0 0.085360821277317 0.108228133098617 -0.338381988774257
-0.64629813145168 -0.0833314735151836 0.394656808537144 -0.125534003288229 -0.40156636280398
2.01533514825629 -1.57494736967548 0 -0.276823138028157 1.02140156167614
1.61491412199084 -1.64149411589926 0 -0.254137899334103 0.732234590199617
1.04589933637211 -1.61670699722381 0 0 0.113805094389574
0.803580410993696 -1.50054208729021 0 0 -0.243367315289687
0.431151123773474 -1.3387698668606 0 0 -0.619594059193211
0.292418196636809 -1.04764421470965 0 0 -0.502459684443381
0.160551561055604 -0.635669247448453 0 0 -0.365066348105983
0.225504937456456 -0.284927324516452 0 0 -0.669089979769446
0.309996319425961 -0.0760148559886318 0 0 -0.638425439945589
0.260495105350571 0.214470557987499 0 -0.174320576972566 -0.584532242473567
-0.0555675240551355 0.609744053983624 -0.356314261990956 -0.340909457165554 -0.484453513572564
-0.134013997816942 0.472083305595941 0 0 0
-0.203165603043862 0.529788459311069 0 0 0
-0.64780615199526 0 0 0 0
1.22824582069245 -1.55802601529582 0 0 0.575996807355424
1.17795198837255 -1.45703210518551 -0.145643490281884 -0.33804498699709 0.287298461737063
0.603445603651764 -1.66832306285225 0 0 -0.13697781770536
0.570458857963301 -1.70538519872504 0 0.154890953881089 -0.503606899267313
0.625792959789302 -1.68912197412659 0 0.165379248358759 -0.745153151798363
0.463141639125061 -1.43829015116032 0 0 -0.477281659967545
0.411018728420867 -0.951230507891783 0 -0.0640928905054141 -0.613145976914058
0.348180120603925 -0.631892177968353 0 0 -0.419850342058336
0.376359901189781 -0.299830444027187 0 0 -0.521490875553142
0.41516360317025 -0.0765502676685213 0 0 -0.437140851463038
0.419302258478562 0.181438788784951 0 0 -0.340930677071195
0.0896348639759774 0.26873878268945 0 0 0
0.00432945638522878 0.403883634151026 0 0 0
-0.0804967140404276 0.469219779784059 0 0 0
0.92573535292319 -1.21067911651466 0.0919310675331628 -0.411795383786699 0.570268277070765
0.572430966604557 -1.47126583359505 0.204967044309801 -0.171474618721761 0.159594431164169
0.4944210010704 -1.74379584169174 0.169593257613062 0.0176945021020417 -0.227993925887157
0.566312287190691 -2.00974663373832 0 0.0111619497594727 -0.567830738894321
0.833144005555696 -2.03403765046197 -0.288639127847892 0.303334237807908 -0.794630134302274
0.764647268472987 -1.79149664782007 0 -0.0894122866098359 -0.778841767714175
0.628498988880607 -1.43222532034346 0 -0.159928869483568 -0.633687727403165
0.538797639061714 -0.989183654125762 0 -0.10488441235994 -0.579249294433296
0.564505471222201 -0.664397221158174 0 0 -0.43364063693428
0.553743860923659 -0.391088165197706 0 0 -0.340640124868206
0.573127723148176 -0.123491627955556 0 0 -0.29281347223966
0.497851013402939 0.0490760895818334 0 0 -0.231180318848972
0.181981959301535 0.163088483144473 0 0 0
0.0301931573081075 0.273361927099345 0 0 0
0.423222515545915 -1.20186494958772 0.257550404296871 0 0.301138497328194
0.273570825280852 -1.62695167205416 0.428963395571319 -0.24955891992376 0.151835513117992
0.458012241115015 -1.98435534514399 0.22226335702507 -0.192697554906933 -0.199712982233891
0.64573524976958 -2.28369807806166 0 -0.113392626665141 -0.533932252764977
0.913759327311299 -2.28001982607889 0 -0.103234395021134 -0.706290377455987
1.01315289275183 -2.13128677555659 0 -0.191762979888569 -0.725943632637868
0.901469559816345 -1.8372305203297 0 -0.251529705791293 -0.658508102043325
0.683603836155642 -1.48041670416906 0 -0.198768557281604 -0.564089335667439
0.763691196099221 -1.12813017224212 0 0 -0.467959501306444
0.752203234193559 -0.7910457171512 0 0 -0.327705522792807
0.776357473579827 -0.490514004550562 0 0 -0.26738466517679
0.702180704480081 -0.219271884429107 0 0 -0.231383195780642
0.46799222030659 0.0981520686295687 -0.351885554047089 0 -0.0827989623740531
0.265040463687915 0.342511761985886 -0.513852725153712 0 0.0118568520531831
0.185878240459912 -1.56442680836746 0.642578158291219 -0.599739166320078 0.510207252952041
0.346843297867732 -1.88547021476064 0.41997625891316 -0.539363067101959 0.156850179879046
0.548323041415161 -2.15978247768942 0 -0.277013574940775 -0.317544786175682
0.801908953677674 -2.45995267211748 0 -0.228810108842488 -0.496220200102039
1.13882778483151 -2.45210784892255 0 -0.314751674551119 -0.620796037739884
1.2189607823371 -2.37791987952839 0 -0.340837608363131 -0.679810275916942
1.14950060725699 -2.19620576492454 0 -0.349870435100827 -0.548853355794819
0.900254328807489 -1.89535698532181 0 -0.279744892422547 -0.516480370333553
0.931913572979811 -1.65265744241728 0 0 -0.443665646698045
0.973910759130804 -1.29357902766582 0 0 -0.417229636522467
0.498758688637173 -0.884657336451106 -0.459538373626426 -0.430990315038619 -0.386360986216472
0.922742948861394 -0.55310630433266 0 0 -0.223646707830755
0.632943583483793 -0.215663607718017 0 0 0
0.599014492651893 0.0032170123807295 0 0 -0.187800519921518
0.422979382234755 -1.76760016147834 0 -0.70155697796433 0.0827940742136662
0.541779190437409 -2.07873394439012 0 -0.585714761600535 -0.109872450494213
0.757425876940125 -2.36982953092813 0 -0.458194521122443 -0.301327152619255
1.06764517261123 -2.57685926066946 0 -0.501786772577123 -0.445930484058108
1.33340438881558 -2.61897821545959 0 -0.527443639093404 -0.518439490692799
1.35129977042255 -2.58692994536317 0 -0.512405731954581 -0.576171537274917
1.30969929643031 -2.46503622073455 0 -0.468257461785373 -0.403508999828138
1.15731161827871 -2.26213517714778 0 -0.371706399919629 -0.46082139201451
1.00634284866195 -2.11709069893933 -0.257955601842055 -0.383291881569682 -0.497036169631806
0.871128808109048 -1.88403189325603 -0.368386450267272 -0.369387765489234 -0.630530703001293
1.14066143626589 -1.47830029607948 -0.226797115499218 0 -0.405418000851177
1.10334452223932 -1.05309690076532 -0.182960325617546 0 -0.267187350834487
0.879455749485025 -0.414314345218889 0 0 0
0.661083647709233 -0.169767734946881 0 0 0
0.50043029352717 -2.13887101294459 0 -0.85875174515686 0.0394279578507555
0.7154691829366 -2.40004881311566 0 -0.748086223296411 -0.120176795762995
0.949724112411537 -2.64820168871014 0 -0.724245075801078 -0.274223373427187
1.24439001827831 -2.81046031980427 0 -0.73889018417555 -0.375661066957959
1.39698355296632 -2.85494819122532 0 -0.676043822577943 -0.476884709765785
1.43368092280804 -2.85072463218043 0 -0.65569155517783 -0.403108402454232
1.39505472761674 -2.74663484978705 0 -0.601417412403563 -0.29342985881857
1.35801979459117 -2.60858861502197 0 -0.463847373117642 -0.429184338526472
1.32680074710423 -2.32258734264791 0 -0.292610391599978 -0.259406068542323
1.27774026616544 -1.977394652565 0 0 0
1.30709742298234 -2.01702485146025 -0.277007446666989 0 -0.442535955620515
1.18936207350914 -1.52954866359921 -0.37277945937316 0 -0.295387336961298
1.1205127136687 -1.05755621033567 -0.257392841599837 0 -0.194162941627726
1.00550139019538 -0.655261124603635 -0.212017276530901 0 -0.147542875930862
