"(Intercept)" "X1" "X2" "X3" "X4"
2.8593418312179 -1.70041598912836 0 0 0.980639197518623
2.31195678443028 -1.74493074826277 0 0 0.649109182432191
1.78906920882148 -1.93478508951056 0 -0.0927936793170153 0.877169417929873
1.39007383519057 -1.87348704292226 0 -0.157361711423889 0.760050008771597
1.32871477154399 -1.570328457715 0 0 0.555880459507756
0.534980297573778 -1.97748808040823 0.0897537010439287 -0.309483544161819 0.834207948773766
0.154319991216084 -2.06486608289478 0.337077275076517 -0.0913050705111323 0.631881018679061
0.00859157625631727 -1.9900075032235 0.632289638284045 0.187342302461057 0.445820615652979
-0.0235004918410784 -1.9185556243612 0.889734337900546 0.453614083154461 0.236814164438593
-0.0241164517588839 -1.77217857894594 1.10305166740894 0.677260264962347 0.0424424803774957
-0.34480557413824 -1.71146973476391 1.33188628936576 0.499928463153701 0
-0.533943799929275 -1.72025098974072 1.69630631511726 0.682944898337441 0
-0.661079598113538 -1.87125689870042 1.83987641387422 0.703938638581763 0
-0.8175068556429 -1.84230900310335 1.92572089747294 0.876795815938618 0
2.94372835161083 -1.39636413538235 0 0 1.1159257948731
2.42233461263995 -1.44139451277184 0 0 0.794852353251194
1.8572238372406 -1.61522202573366 0 -0.0061478897569675 0.801892119518584
1.54069028430921 -1.51648989314258 0 0.0132140077830267 0.675276689478334
1.19489821541789 -1.38723759494481 0 -0.012900798544731 0.528236877837463
1.02743321537251 -1.12734218484484 0 0 0.365164421516188
0.255313561716439 -1.31267619384331 0.161523609759564 -0.0845500508352733 0.216728952842089
0.121920510158581 -1.34663376211765 0.389820576438841 0.268020340589539 0.0819484928397645
0.0515205738083927 -1.27249545561447 0.5788906923826 0.454654576712395 -0.141260188490631
0.0264812750075282 -1.20034599039459 0.787045561747709 0.605673235363952 -0.212538873808166
-0.378435050225243 -1.22925442391982 1.06134790202205 0.433360639162128 0
-0.554864362651823 -1.27719871427123 1.43764336624519 0.602245274570538 0
-0.684914007324507 -1.40032177328026 1.62928178397925 0.646031015204575 0
-0.835900539321477 -1.37514179009526 1.69697824307036 0.934741644004636 0
3.00075059051459 -1.11475884323589 0 0 1.2814781082265
2.54859411387997 -1.10432089939041 0 0 0.982569922409592
1.99544702294457 -1.17593611719407 0 0 0.624431074776346
1.51087116951146 -1.24164833553685 0 0.0616691655268048 0.553951822607596
0.960564301407294 -1.20810724831744 -0.200871983389954 0.0278130776867869 0.270946322086781
0.936649309269945 -0.895097898620891 0 0.0808754223024481 0.205090179632888
0.751147188295139 -0.597835926540945 0 0 -0.00219368033409487
0.295669050183967 -0.664073767865548 0.107022953709803 0.292834785715679 -0.215409078912407
0.118627498006565 -0.635250381554449 0.298352198560008 0.409813900875854 -0.428917037821924
-0.298322310912411 -0.576878542181945 0.568319781002736 0 0
-0.378699925180873 -0.743057701997077 0.800902256341072 0.367003084575932 0
-0.525471064514695 -0.829353338692238 1.12045479231291 0.564440283235016 0
-0.667406050082418 -0.880465750536476 1.3037450476825 0.751848047516127 0
-0.846912438627539 -0.903116266719118 1.33287814574603 1.08849651660902 0
2.80801369436388 -1.0839209589296 0 0 1.33663370102698
2.38187494224956 -1.00734122361115 0 0 0.986217348370716
1.95957229064598 -0.942622164739585 0 0 0.668908118824143
1.43892091723367 -1.01250013694389 0 0.100688944900633 0.429465641895385
0.991517220875593 -0.872884154490527 -0.275551720284405 0.209809044339862 0.0492320153560805
0.767900937236981 -0.692218200951307 -0.276413228302852 0.344913432036202 -0.204876111113594
0.645199315072125 -0.416383475766142 0 0 0
0.579380948463571 -0.0428087527848668 0 0.0680544291894952 -0.275493939252514
0.254867141057798 -0.00566859543444292 -0.0161996616265705 0.311448834402828 -0.608177627975655
-0.236426453811889 -0.0502054294201036 0.412147757169222 0 0
-0.469997976744144 -0.107600979425241 0.586932609399079 0 0
-0.625950977735942 -0.316561193690878 0.754536728117614 0.329891790614776 0
-0.726129893011481 -0.435055177364789 0.884811955566528 0.839290726343127 0
-0.860258126388141 -0.522711580094247 0.874477284428358 1.30479686381417 0
2.61744161224965 -1.04265838340598 0 0 1.33794456767246
2.13794198635712 -1.01316840285705 0 0 0.930335034768132
1.64641153047999 -0.956221510835763 0 0 0.552191225732594
1.21885915220794 -0.850421453646287 0 0 0.312262580153328
0.905011376366065 -0.630000420021019 -0.315797940942596 0.337931203587142 -0.153291829099883
0.643348204904111 -0.453144107244057 0 0 0
0.443061266739839 -0.238669471113825 0 0 0
0.466196147919134 0.137878467105925 0 0.169994512370378 -0.449676362780431
0.494617771560354 0.526898895062228 -0.151835046862922 0.194992160253557 -0.625868942884403
-0.0419508854276888 0.467695525192904 0 0 0
-0.321503770833973 0.463266008936175 0.359995829008426 0 -0.260246036848561
-0.311274297456066 0.345653615041273 0.389117864282355 0.62516391303387 -0.535180176085245
-0.876763535915496 -0.0476177343324731 0.495400195484296 0.703700057883817 0
-0.959597181242818 -0.219936909683907 0.43352970743812 1.2121923725892 0
2.27509207015893 -1.04938305004605 0 0 1.3679121893439
1.83459804073515 -1.03335794016055 0 0 0.87982652095254
1.40217036389683 -0.990031661402602 0 0 0.449303754327963
0.969899027954101 -0.921405083202823 0 0 0.137229572181478
0.579157953281929 -0.713120557492214 0 0 -0.0269134590961851
0.261706456993074 -0.333798118404323 0 0 0
0.251426074175044 0.0395712781835476 0 0 -0.569449224185211
0.422982145399472 0.503650148858974 -0.104812416303296 0.218644878392655 -0.727403321843336
0.398719443659796 0.744627665342912 0.0826732701527719 0.130086144986962 -0.657444555729353
0.0564020546477793 0.870129056244364 0 -0.0270917437922604 -0.486767105776506
-0.151985879916273 0.969384077601194 0 0 -0.409262146136597
-0.375536214215952 0.687766266045107 -0.0121714279608661 0.500256105229762 -0.496678258883999
-0.397540628381566 0.24239906358106 -0.103804609570025 0.879322521756904 -0.341168740336583
-0.461718880576194 -0.213615664497644 -0.176084801775094 1.22401989859628 -0.123088928874885
2.11846856851445 -1.17104433769206 0 0 1.39282495593864
1.62864917184414 -1.15873540883444 0 0 0.869344361699337
1.20080253344667 -1.23224963516676 0 -0.261049748081057 0.360781940584945
0.851279612330234 -1.09410117641692 0 -0.222835496812923 0.0117686506373422
0.415875413473753 -0.729681784126382 0 -0.177450582089653 -0.26060593169731
-0.0371661048597446 -0.287304912266468 0 0 0
0.152667694277912 0.12953748981197 -0.0414238251720486 0 -0.844233089716892
0.162189738587915 0.439457345319797 0.225020669184248 -0.209962560009951 -0.879227770604953
0.0149600681448617 0.757373688675186 0.345020704441405 -0.270943803441085 -0.657914424412023
-0.162183726148334 0.931853384453584 0 0 -0.385251730910131
-0.196904138223296 1.02348331778182 0 0 -0.435569749194928
-0.287803891754747 0.929244017307152 0 0 -0.251320026192623
-0.33257112330263 0.414671708380061 -0.363011464562211 0.415469570705778 -0.186839711816287
-0.477051421534474 -0.272973570852783 -0.432183884683377 0.98215131105477 -0.0234276218589477
1.68069591477739 -1.25563551371662 0 0 1.09673244248575
1.36162863897339 -1.33479716631314 0 0 0.703754827021835
0.975183359396402 -1.36595057943891 0 0 0.290587681323241
0.52284527442906 -1.25864176192317 0 -0.215716417737772 -0.113444270755003
0.22929231503944 -0.941010294784134 0 0 0
0.262609827004934 -0.511068087443728 0.0117955045539816 -0.139568527442436 -0.456898434081008
0.0114711886409483 -0.242909351315751 0.232747099867076 0 0
-0.0238602640630848 0.0885513104837419 0.367486537626791 -0.448135107220271 -0.668743798102739
0.282564341329086 0.523627781062141 0.493595832756621 -0.306810634675249 -0.792459586975809
0.19810870746213 0.87291114729897 0.374887916285135 -0.417535486177112 -0.589998454667713
-0.295018477797707 0.606657643363213 0 0 0
-0.458464700197663 0.777623088650843 0 0 0
-0.582923523359103 0.760683737902799 0 0 0
-0.715488562093445 0.679371747889381 0 0 0
1.27488149709862 -1.36259382860487 0 0 0.703504012630424
0.994365673016623 -1.41187587737765 0 0 0.420145404093901
0.548079162376083 -1.4220554393607 0 0 0
0.483639937346885 -1.42248555468403 0.219669810919695 -0.172779159381572 -0.126558954414306
0.502562373079245 -1.2294931866819 0.196375125066673 -0.188569077569614 -0.412750861931218
0.385564787137234 -0.890827301379622 0.101026251359181 -0.217747590708899 -0.455546135113586
-0.0300350354284426 -0.795674836914993 0.26477276228821 -0.303151396723809 0
-0.133573193729971 -0.245679746549448 0 0 0
0.0702774815910193 0.0590039178827786 0.445887863387039 -0.558855411096215 -0.554646778100966
0.196292138367462 0.578612853200327 0.381979325736938 -0.612350505332929 -0.379952974929757
0.150384606197044 0.732715007900684 0.0876230887870638 -0.534687424656514 -0.243821561138265
-0.0278958697733315 0.481015978610299 -0.242870388446606 -0.290134392773496 -0.215555647928868
-0.158097863031698 0.189455154757393 -0.436814263692962 0.0732378394905638 -0.134696840055595
-0.247577958277822 -0.099314648079862 -0.600881308841736 0.438985974237421 -0.0106836536366181
1.02758543725931 -1.26751113443039 0.0883174268732951 0.149172307979404 0.699933192798228
0.554977520154334 -1.41704889277919 0 0 0
0.370091337794756 -1.53854638484864 0 0 0
0.322134128896712 -1.56773978595016 0.359067492893853 0 -0.242087015020677
0.504805437455162 -1.58417386743783 0.319361241558501 -0.288472469822632 -0.322595471124446
0.344120378704058 -1.46567174615313 0.327684947643908 -0.505365794893479 0
0.1875899011951 -1.25090752401785 0.255878179937552 -0.430261941858125 0
0.0128654260548901 -0.838022523905363 0 0 0
0.292766349181859 -0.363346622952098 0.311056067381891 0 -0.256214113502841
0.222849237506437 0.189664715365689 0.270822827756935 -0.558885165532402 -0.259476957250989
0.198440292287436 0.457533543671873 0.170125796858213 -0.836913954023116 -0.276193959020205
0.162346295433 0.234461863489667 -0.135654221563078 -0.527562373182107 -0.171879697419141
0.0277905466455471 -0.0363897606390023 -0.389499531186185 -0.13133038903785 -0.0880894438590757
-0.131052835292976 -0.29585579903308 -0.600065034098801 0.23243722658888 0.0310146018021594
0.549799487525881 -1.41598867924896 0 0 0
0.402514576062716 -1.46066714759304 0 0 0
0.315324230156506 -1.68337339347258 0 0 0
0.303817911385659 -1.78641252761045 0.339170152301277 0 -0.1759980199567
0.568872033314397 -1.74329993425519 0.413553386563444 -0.285066120756278 -0.293923420244701
0.57747809362212 -1.48934970641542 0.441429352001321 -0.522406315514587 -0.374556981505683
0.58326180719897 -1.42003569327022 0.305506453000232 -0.552735546494693 -0.322318351489937
0.597664705949303 -1.27097478967085 0.261128823455698 -0.295935252828582 -0.204632185355169
0.140923395169252 -0.969432779130739 0 0 0
0.250876391493832 -0.455079231218126 0.286095386383039 0 0
0.231517700116764 -0.0311858666485264 0.0231561285839929 -0.744322571473319 -0.326712289276109
0.220080888456468 -0.0212544173725527 -0.170232891973081 -0.766527781268207 -0.199609765830107
0.118534899661591 -0.206204258168367 -0.383285896411259 -0.416719565978388 -0.0625149107591343
-0.0101408554463312 -0.430524288072856 -0.571547202403107 -0.0295403309882411 0.0664973524992147
0.466525110001405 -1.47653396638104 0 0 0
0.397271765593695 -1.6183832122903 0 0 0
0.228871856481794 -1.84026390690353 0.252123234879209 0 0
0.346308004613901 -1.90850746230544 0.321910688642946 0 0
0.71350800579959 -1.74118381602062 0.388851074957936 -0.178653947771482 -0.313603149571486
0.786187618448901 -1.45717769111081 0.504608982816656 -0.483482447073229 -0.392493422696399
0.751845134254599 -1.58489934801878 0.28645631049998 -0.584195935188651 -0.0594442127561359
0.760771948497507 -1.49244033399479 0.253212030834734 -0.48362141524704 0.00847289954749151
0.338183272693331 -1.50495617511058 0 0 0
0.311339124391874 -1.08900942720457 0 0 0
0.35578670494545 -0.582075916485248 0 0 0
0.18089463864143 -0.4080703948307 -0.235962222783797 -0.82478437646533 -0.221010597982941
0.153115096508069 -0.411768975629895 -0.389822723958016 -0.614907529445864 -0.0417744533227356
-0.0149760103102978 -0.481742089860111 -0.542748825181179 -0.293886944327119 0.122301466012088
0.535968290420428 -1.60701373807164 0 0 0
0.520717173619501 -1.76380723589275 0 0 0
0.328919887911183 -1.91625273984708 0.268875986438206 0 0
0.677094075719516 -1.76554743429488 0.147217120022069 0.157663296537015 -0.198211055652156
0.88491677494854 -1.53773588818068 0.335885458338071 -0.0664584376060055 -0.378842825928367
0.886501700078948 -1.43781666470101 0.507799302231273 -0.435185579441717 0
0.908121710805311 -1.57053214352431 0.278000202435172 -0.450037227917698 0.153051915860627
0.58147685870042 -1.84709349152497 0.28267805391165 0 0.251114811017107
0.487192874899623 -1.71269429333543 0 0 0
0.434408219109058 -1.60835487982492 0 0 0
0.408184968784371 -1.24118711379984 0 0 0
0.117187596888342 -0.927597489618776 -0.338246729088589 -0.789718134986118 -0.222280970590204
0.0655128615885671 -0.608001372202106 -0.346026928540146 -0.74648518020497 -0.0236211072425261
-0.0969641794216355 -0.547486397512832 -0.461785752298686 -0.528336901509885 0.146211100085244
0.672722269936494 -1.64221614295985 0 0 0
0.726136783517575 -1.77669382059775 0 0 0
0.67468490137396 -1.70221458704764 0.0418534294189147 0.327925957596801 -0.144506869677849
0.846315821038194 -1.62330423990874 0.170144298174174 0.259092144035451 -0.305147412947611
1.02939893491024 -1.43351149214932 0.209111982342459 0.144625560904788 -0.409976130488659
0.992478876484201 -1.5066422816524 0.230591811419006 -0.0441237874566907 -0.0213797656097802
0.772600020663172 -1.75473143931226 0.254171888218066 -0.293647027606692 0.23352604465736
0.460036461237138 -1.87257949241053 0.120423068703913 -0.455622089340866 0.366402687879182
0.575455227694879 -1.78464322270309 0 0 0
0.504132974078933 -1.8642276740494 0 0 0
0.481089361904505 -1.7229464032723 0 0 0
0.419620183344218 -1.10682544816645 0 0 0
-0.0743145270383425 -0.951357187710755 -0.423853008528349 -0.753480336504493 -0.0138151655853494
-0.288257816476225 -0.617882629698859 -0.438988150356672 -0.717973976268581 0.158821046530561
