"(Intercept)" "X1" "X2" "X3" "X4"
2.59646962123694 -2.62235372933159 0 0 1.79702788136146
2.2488656968139 -2.47837816506392 0 0 1.31796440471918
1.95015464059416 -2.21316438452733 0 0 0.93043962508764
1.74090334135646 -1.83834543752948 0 0 0.601441698522157
1.5850228679748 -1.44273585833806 0 0 0.287234260160625
1.66845997720163 -1.13151055817225 0 0.203909719815857 0.191828072549831
1.0310593026045 -1.07407705580619 0.101088528222093 -0.103402292987839 0.185094461867222
1.23310419411708 -0.839651929854285 0 0.334620108476322 -0.0903946701402894
0.885465661334138 -0.950531050147636 0 0.315084838449278 -0.108246879117701
0.693594194445518 -0.91930335554086 0 0.325401027740063 -0.193682474070717
0.463413789391766 -0.90069938603838 0 0.299385687567136 -0.313315068784497
0.260000595952771 -0.754984911655535 0 0.278713935712462 -0.520798580150486
-0.303496624026232 -0.572531659034107 0 0 -0.413293823184481
-0.47268566652216 -0.40221208078457 0 0 -0.481142722464746
2.59064089676967 -2.32189658404514 0 0 1.67934039042691
2.23962724894883 -2.21648977022764 0 0 1.27151387316526
1.89537801104305 -2.00095466799234 0 0 0.889709711016626
1.63246624452636 -1.59506266679083 0 0 0.449711536813411
1.67217925784268 -1.32300752048726 0 0.201924770971742 0.324652785726365
1.29061334548209 -0.991378775552444 -0.162271982249404 0.0554832411676212 -0.044598909455109
1.01147134274377 -0.738702490333104 -0.0394406667529686 0.0375572977505648 -0.198488251919015
1.11574021381397 -0.528025804270957 0 0.351472377123258 -0.369828721879519
0.824172505530015 -0.593845793936152 0 0.369097240116096 -0.417356880078072
0.659931848601052 -0.555691677629119 0 0.384246539104467 -0.493891841240254
0.418872738505639 -0.545147163118861 0 0.339617765932137 -0.545909762717919
-0.104080663892764 -0.340210031548977 0 0 -0.46007706486401
-0.295231762004704 -0.251964436131912 0 0 -0.494401324146878
-0.468791040046592 -0.169035430117678 0 0 -0.495712534416481
2.54897204741841 -2.04523146736537 0 0 1.59771742769318
2.17985783072571 -1.91863260644232 0 0 1.14082817068367
1.8367400919494 -1.72187712564901 0 0 0.77221557254671
1.54948136232092 -1.36425114557184 0 0 0.362296212358388
1.54185202676927 -1.05437655917847 0 0.2447555954125 0.115693168639091
1.25327564369685 -0.777288766874249 -0.258673193825434 0.258202189802682 -0.332811910653662
1.01079388900097 -0.438434807372413 -0.169977394869244 0.212172957156906 -0.554556149098331
1.06942360115954 -0.205676622530062 0 0.382794067548874 -0.635959587518743
0.832477632127749 -0.215078677937586 0 0.44860903859732 -0.770766507123227
0.639422750961617 -0.176533101827385 0 0.453257579820997 -0.781046917452699
0.411150026998729 -0.149102957709852 0 0.395175817526398 -0.727629692307468
-0.10420994203942 0.0119284218207576 0 0 -0.550235030128933
-0.27874917208369 0.0462003084940816 0 0 -0.544878275377251
-0.446868299874663 0.125207319607016 0 0 -0.485997869701868
2.4712383130307 -1.85607047668139 0 0 1.60336501470924
2.12675451275311 -1.66219348865395 0 0 1.08023692245477
1.76822161012007 -1.44568121461673 0 0 0.636512848267001
1.45927919723814 -1.14050523212251 0 0 0.242906532800793
1.48881720333465 -0.905837349159709 -0.272288154012556 0.373404600171822 -0.137196887064779
1.19606172163781 -0.559584688245315 -0.348066781014433 0.393566503910668 -0.616414344212658
1.02527877051978 -0.1835316246971 -0.253652195329518 0.362766019002255 -0.86759757427678
0.869762332517371 0.0875635413904385 -0.146034117333313 0.364228391577381 -0.951120689007297
0.904201774773743 0.113243940489642 0 0.532859644313216 -1.06731085550424
0.661376657363419 0.197663676278957 0 0.522579723222108 -1.05346395201596
0.357873322392509 0.2811277375071 0 0.365498710976019 -0.869090481007053
-0.0716474571267197 0.343431864250223 0 0 -0.62058399179703
-0.242529942714347 0.338803896508636 0 0 -0.555326825616566
-0.412699391373218 0.372183296863364 0 0 -0.415216049666612
2.37208724469677 -1.78889613653747 0 0 1.62696087674217
2.03811789878323 -1.5575381125156 0 0 1.03435904642784
1.67376505285895 -1.33707724995321 0 0 0.510148300705428
1.39700134760837 -1.01713416995861 0 0 0.0437303651627589
1.51546832360524 -0.787530414803388 0 0.303315102493387 -0.36347357143183
0.911268468575415 -0.463243567671734 0 0 -0.750664362567182
1.09397893740709 -0.0606155891171551 0 0.26717537559242 -1.18012150068582
1.04231558891385 0.215904916217005 0 0.357357593582797 -1.25294318202955
0.85238094145477 0.40370978142456 0 0.462242652762078 -1.25184619262715
0.629476290194596 0.562536385297077 0 0.485138026216443 -1.2438859890096
0.0909222683669987 0.69156192738442 0 0 -0.82859672743766
-0.0366522130849306 0.661010855380076 0 0 -0.71948746277049
-0.168735253746829 0.618524423946274 0 0 -0.536196963711279
-0.379068354446998 0.549857094486037 0 0 -0.287756378747786
2.34423514998611 -1.83728612070856 0 -0.194341052674931 1.64729993299298
1.92779692321653 -1.51822507894662 0 0 0.935355669813961
1.59413898890895 -1.30779044054651 0 0 0.324396995347547
1.55325727701446 -1.04399947446946 0 0.0948231840320413 -0.192683923346967
1.49647418772696 -0.765139904888578 0 0.251813170711363 -0.7048889401034
0.881910156721536 -0.458292540824297 0 0 -1.0604096173751
0.774867286132631 -0.0932295620692781 0 0 -1.38067110877943
0.676905393442632 0.229888727688523 0 0 -1.36965368029294
0.99611102828316 0.593622339582811 0 0.446640090338222 -1.65283907811766
0.593063434183349 0.811661617314327 0 0.405168694729988 -1.35256094859129
0.106681891308809 0.812914462938259 0 0 -0.943146583207419
0.0224180371896873 0.78353399180868 0 0 -0.744112482063513
-0.117482063347531 0.656169580828705 0 0 -0.474009955183341
-0.233425489323633 0.578675595623791 0 0 -0.245109507667857
2.28213243857337 -1.83233330876441 0 -0.370398140196001 1.65340207145316
1.96644183253555 -1.6251347397699 0 -0.272660324217773 0.881062922581099
1.72155366269773 -1.39036948766454 0 -0.120668996067059 0.241140026223086
1.47938424111331 -1.12374623863564 0 0.0118146169626003 -0.356188539903693
1.22105051988035 -0.793450814397693 0 0.165912991065445 -0.813644205469671
0.514154562050234 -0.50812332357787 0 0 -1.13682767794569
0.456728456120121 -0.169351794112981 0 0 -1.54222988672716
0.519216471498737 0.207964838525515 0 0 -1.59924702726542
0.527896022371866 0.481200925098279 0 0 -1.37367378374314
0.463410908892957 0.708342218142467 0 0.0661465642297531 -1.2890252149097
0.165675057158284 0.835539665126751 -0.209168419596227 0.0768914201392625 -1.12527764262842
-0.029424765506095 0.721771674895897 -0.252332101558261 -0.0148649521978429 -0.715174759410495
-0.0388523604494438 0.62121266652153 0 0 -0.42818666260258
-0.108110689516497 0.408412315818451 0 0 -0.277890235842508
2.20271936481585 -1.89040942534884 0 -0.662906043004075 1.55863725047065
1.85350894855864 -1.67819802969672 0 -0.502757154396361 0.820671825118663
1.54641825117413 -1.49705636618709 0 -0.356237602517507 0.178422230475776
1.35856404402745 -1.27917245473175 0 -0.159316778980582 -0.335802619354916
0.985551678690695 -0.989481314930515 0 0.0962925606739391 -0.732930565690354
0.353141145786134 -0.740686021810998 0 0 -0.867158654040059
0.231780403317616 -0.461239968047204 0 0 -1.21215902743762
0.263581022143705 -0.0819502376685658 0 0 -1.275929522573
0.349766996539855 0.253878680879955 0 0 -1.27598346725368
0.528785966519261 0.538403983502172 0 0 -1.19681750147319
0.345119405801763 0.619381847001998 0 0 -0.84798723309335
0.118725000978478 0.645900047191389 -0.27701786728787 0 -0.533166972324365
0.0548703063729855 0.357103395362859 -0.307475257307968 0 -0.335540572784989
0.00361007194604057 -0.044540776424117 -0.395169255538856 0 -0.137102016905209
1.94492263721818 -1.84224643754277 0 -0.801135722212227 1.43565593398776
1.63226317427935 -1.70350274547811 0 -0.65050776392496 0.801695781658123
1.33173646426253 -1.5587416802974 0 -0.476013801251761 0.205969965511139
1.08702844738079 -1.34356117896041 0 -0.181615100705523 -0.351351251427231
1.03004763541201 -1.20797659403479 0.179177911645735 -0.0587442060705417 -0.708636228864695
0.556569194147058 -1.13261596519006 0 0 -0.765720655274084
0.306908486254598 -0.924715543032403 0 0 -0.784252546527291
0.370216688450234 -0.498274362447413 0 0 -1.0304949501357
0.50626055046096 -0.102812248651871 0 0 -1.03846867934795
0.596490202240011 0.222235548607647 0 0 -0.805598310853842
0.513102312177068 0.45423944171681 -0.297736909836737 0 -0.622474450141871
0.292782040424568 0.344468804914009 -0.503134893742216 0 -0.412612259622617
0.225808615148535 0.125343245158425 -0.463760951429936 0 -0.266346219790461
0.226592661476565 -0.124844112312475 -0.4065532847611 0 -0.170191076018713
1.64571743918377 -1.80932438774759 0 -0.871264936231911 1.3638078963054
1.3635543539834 -1.70015164940941 0 -0.690682649361116 0.783393044142495
1.04543063955566 -1.57410630921953 0 -0.455505346129861 0.197556428740255
0.675789810827511 -1.4336074903644 0 -0.131169225022826 -0.427713084898198
1.07811018556371 -1.5147349062696 0.0902035711392399 -0.247441333292084 -0.586053198884288
1.12946991903717 -1.38303121054106 -0.0113271511055659 -0.203165052738896 -0.767402362476047
0.56096274854122 -1.35883775636024 0 0 -0.779462445037097
0.42536085579982 -1.00569724937756 0 0 -0.711161688281954
0.552786176299955 -0.571782117562116 0 0 -0.665989276631272
0.628769584811131 -0.178998104969633 -0.231285936923202 0 -0.485415575593912
0.63178216136594 0.08063932255441 -0.378714410282988 0 -0.320683310873978
0.451511502536714 0.000176745857397993 -0.596473089815252 0 -0.138641402131617
0.368989864582857 -0.181966042250341 -0.704578939848859 0 -0.096165645609752
0.350859023960574 -0.354969321375355 -0.648775666209654 0 -0.0143495940016988
1.37943652726874 -1.80738039022493 0 -0.899378702167206 1.34351660905955
1.11215247553249 -1.69969823633317 0 -0.665978241448466 0.776709479595148
0.589590779193544 -1.44328369915995 0 -0.152273113701793 -0.0134154262087016
0.819250937187637 -1.71365323745604 -0.0356893339043113 -0.391697176450531 -0.150621705477913
1.07170481418111 -1.75451883985601 -0.0342386300047968 -0.380249577553924 -0.357637422504951
1.20527474859878 -1.72252998512527 -0.109328377132953 -0.305112151844765 -0.501777649768746
0.870806073053269 -1.55797283115851 0 0 -0.76095435430696
0.767257041505445 -1.56133521421502 -0.12620164573843 0 -0.635199380728276
0.77837261460387 -1.12629184604443 -0.210411623777689 0 -0.426251385017856
0.776065835082471 -0.686941726594932 0 0 -0.335652552694773
0.697338124544453 -0.375438618218732 -0.494455817917641 0 -0.155010857148919
0.627543947561314 -0.345796817560943 -0.665648413166798 0 0.00708196116232885
0.544129711459763 -0.495714803868244 -0.79799076106811 0 0.0824526172787962
0.49872506037962 -0.652767602818345 -0.843993386523807 0 0.113235972046731
1.07231253252822 -1.75658579379548 0 -0.77191766949421 1.17400453802909
0.746709385953087 -1.47439474439427 0 -0.246859782298325 0.496005625939109
0.674099660031798 -1.79033031772855 -0.141383963301431 -0.528566382505596 0.251176241808114
0.86328828741106 -1.9177217948765 -0.209724263654872 -0.507056803532118 0.0672817257842653
1.0375875372176 -1.99273957334922 -0.175730509012751 -0.449406492965627 -0.0823744979278719
1.01634902990888 -1.62935686562032 0 0 -0.505256170501132
1.04610484699133 -1.6747758821623 0 0 -0.547482701649956
0.935280237256068 -1.8140026261011 -0.34955761032546 0 -0.253246596373571
0.878758371637124 -1.64736989595488 -0.38155972145424 0 -0.222035693301874
0.845274431221421 -1.24408688872401 -0.461978245502717 0 -0.14413545599391
0.751795495413836 -0.955321104538279 -0.612751469195398 0 -0.0266052816814016
0.688114545683022 -0.802917549478532 -0.745410554856396 0 0.109792598947176
0.677522647619112 -0.758482320124068 -0.759432075385647 0 0.218523555121498
0.564526636625839 -0.760852570564034 -0.840509702552035 0 0.329580763649319
0.791002350807533 -1.59694011946069 0 -0.470394109202661 0.949387951044822
0.485653084853711 -1.28712896614193 0 0 -0.0486598558929803
0.657571927914431 -2.07955533049643 -0.320416058819593 -0.743683574941906 0.436704495946463
0.773631036393399 -2.18384811403362 -0.354746411427414 -0.594654092705518 0.31399753635499
0.925873821245574 -2.23626853658182 -0.319037354039989 -0.47765886111864 0.182953358418938
1.06835345054528 -1.71265781871331 0 0 -0.400689732836946
1.15247466342353 -1.7197230847397 0 0 -0.400143272628907
1.12568850755277 -1.7006775633817 0 0 -0.434092142440212
0.902738308395016 -1.97760083754181 -0.529471468348711 0 -0.0234047958604762
0.826334471672584 -1.82624681080708 -0.665666138013175 0 0.0615485566596122
0.747962857023018 -1.54154688657268 -0.781416469328582 0 0.174392378735118
0.70736871388198 -1.33148281370226 -0.865877278906887 0 0.284216551453425
0.733527981333997 -1.14880441756159 -0.82142982801516 0 0.362991821007028
0.650724063971476 -1.0224187312331 -0.840407939031723 0 0.498474075442933
0.313764160909301 -1.22218436673135 0 0 0.00872239137762568
0.395617657007187 -1.34170281456202 0 0 -0.165827756367067
0.524789863295042 -2.37356530625104 -0.464169858092364 -0.818349383311911 0.599165759747487
0.652075473916309 -2.44355206388371 -0.506974638727565 -0.611589761809516 0.53550583487291
0.846209748619325 -2.49979501829869 -0.512316504177858 -0.517814445245296 0.440847515768929
1.13351658208935 -1.77326402860069 0 0 -0.326916244938757
1.24168655306514 -1.72803408849444 0 0 -0.336854867331118
1.24527429102741 -1.6778489831948 0 0 -0.381613247286021
1.25188850142385 -1.67517178069931 0 0 -0.331120384532494
0.833787315103012 -2.12233959886636 -0.751290237427204 0 0.190810923218152
0.748202270723975 -2.01888009470474 -0.904476225897357 0 0.324890261104308
0.726584692276299 -1.82090638135894 -0.961524207207211 0 0.447047161150378
0.684940195274103 -1.5835855620104 -1.01316969032334 0 0.590658416978495
0.622002220224597 -1.38309394633147 -1.03925898098177 0 0.768078075105467
