"(Intercept)" "X1" "X2" "X3" "X4"
-0.636650877537806 -3.37256545171227 2.7727827380779 0.277387163598525 -0.815695863837387
-0.23560328944578 -3.18555953587798 2.19756273526924 0.380387850718517 -0.675180107549603
0.158874991180034 -2.95038317066858 1.63883115415691 0.460503447429905 -0.490823669927117
0.538837888750132 -2.67043151683546 1.14199641191482 0.519955120023473 -0.299433040379417
0.258316368260097 -2.30159310682558 0.744273748783798 0 -0.331681514042038
0.784334023683159 -1.75093139645488 0 0 0.39723069646807
0.787046791059736 -1.50036430192355 0.214258005584583 0.173374769648926 0.827194150844476
0.27694448420813 -1.29410523006181 0.39724415376375 0.107104645401235 1.1122099497276
-0.104613928664925 -1.12016747092895 0.653985378641076 0.196160904114525 1.12187889813735
-0.527568037984579 -1.12189797427275 1.00534107594638 0.333304576987756 1.35757130620147
-0.646616323139169 -1.14029498427854 1.33590228970706 0.513329523878915 0.966753924890322
-0.762077982901306 -1.19950980512827 1.89290619681867 0.950386124473347 0.15951305196844
-0.736372520620921 -1.34069918332268 2.47309478627929 1.16305126161183 -0.549048502638121
-0.68470831268539 -1.05700465592884 2.53390630356456 1.12748447278534 -1.13869969443961
-0.46618329797636 -2.92965852912554 2.45444522636286 0.209192467888759 -0.806439879688108
-0.242881534024115 -2.73048225522629 1.9358907935068 0.256143426958744 -0.771697066903216
0.0261942232755856 -2.49138040369379 1.43902440346052 0.289543360366084 -0.693617564223907
0.271909578074016 -2.19703618017448 1.01670635918949 0.287281839373286 -0.647973068482728
0.820448071588306 -1.80217902280189 0.453517516207718 0.445964882621281 -0.254002381963336
0.661464243445308 -1.29467065403182 0.0475559416456212 0 -0.15182252937114
0.766580544968434 -1.03865034200562 0.0110566653259169 0.326573422721178 0.175167309016268
0.409665371141242 -0.832406832626004 0.13497335735084 0.349236488796729 0.206858946724754
-0.0943853371016106 -0.711780530275079 0.496008918778612 0.525797216661085 0.579967306959472
-0.236277490800173 -0.762898395433942 0.793337649054108 0.684807935726947 0.395720112000343
-0.328435317534996 -0.837207465507462 1.18448436174231 0.837733711736015 0.0180435437096388
-0.428746303523359 -0.841360839874312 1.7367189448219 1.04727332689682 -0.549271154835202
-0.47581104838485 -0.893571883450643 2.21221929469005 1.14416153290052 -1.0459514424348
-0.665051130713513 -0.789743225040536 2.23580602788987 1.10544860646379 -1.10811316388865
-0.349191949669461 -2.67719237856564 1.95355749872281 0.138296278648861 -0.83750714499778
-0.101361804357146 -2.2841228824676 1.59024479010263 0.169268160421112 -0.798882816164836
-0.0389290368850078 -2.0322173485786 1.18014214586404 0.142718265427677 -0.83107544971467
0.0415341853845185 -1.75248324088051 0.828372708121234 0 -0.896422966684141
0.409666143221777 -1.32013447480027 0.354405393385932 0 -0.715480077649148
0.814427276572335 -0.990690475601514 -0.0749357665444978 0.339825253185397 -0.367389703188671
0.723493941121333 -0.636208878655045 -0.190593931551146 0.451500549021305 -0.425749934791719
0.507662206342102 -0.39080067399081 -0.0424454587773264 0.683639691957768 -0.331516820877379
0.286449870393035 -0.252584332527658 0.221407589474218 0.871880457217653 -0.442071768024524
0.119914936752748 -0.387151087171522 0.515836181679503 0.960427509908295 -0.64497213357685
-0.00426335793578753 -0.38723974032605 0.969098834078804 0.96066631336013 -0.865614935311013
-0.140439587770949 -0.396432890124592 1.44514606923953 0.973032825842859 -1.2102572256992
-0.39091002677989 -0.42470429743226 1.70724072973896 0.973841571868751 -1.27963165400924
-0.692283761607621 -0.591590659221543 1.80491692660265 0.987326608101563 -1.14622416254458
-0.219199794144728 -2.33808393313547 1.42859711097649 0 -0.517433501325352
-0.231544760508313 -2.04963932997548 1.28132588091804 -0.0363614212066007 -0.876578638487563
0.0100313198333382 -1.59992797068561 0.915258450565396 -0.00267764104537261 -0.852829881408139
0.271760779739147 -1.22128885717986 0.441177755676346 0.0654076733055831 -0.790332817610846
0.480464999334806 -0.878667434200559 0.150261039084821 0 -0.534495415679068
0.815385946200646 -0.683166933177244 -0.288829956631915 0.415010523017048 -0.624064600792668
0.720981866114337 -0.242183420775424 -0.413515364056022 0.566766534415402 -0.887469953696056
0.688339925532771 0.0890934502073195 -0.353127010169075 0.473788246063982 -1.08661050193807
0.465656889227873 0.223655044870894 -0.131744423367483 0.639625137026545 -1.04083852310827
0.350537564307932 0.215582073303573 0.247152776161332 0.700488343503841 -1.18550891929719
0.0934872310907169 0.113512188488818 0.709200123119092 0.737123397966841 -1.34224607928503
-0.172162756904599 0.00112261277121482 1.16921589626791 0.76657905472081 -1.58013003981513
-0.604661238775976 -0.199946324610116 1.13429430924043 0.716310427273235 -1.11945744365884
-0.720415456778188 -0.630516560780306 1.17871482346498 0.714220347526015 -0.926390791567696
-0.0881663085486318 -2.15308079162547 1.22539397403259 0 -0.46129035869557
-0.155831708728408 -1.82588754528487 0.857679580616549 0 -0.623575245582338
0.134326293468166 -1.36144815835583 0.433230518888539 0 -0.561458479604357
0.502507582750712 -0.881751409413421 0.231297476503496 0.0628340343072396 -0.552424421926937
0.522965675538951 -0.567707928973944 -0.018334224512362 0.158457983687441 -0.545952060893902
0.53515863357799 -0.347464903252226 -0.381606076083702 0.284536417658719 -0.807901013050063
0.44518266761591 0.0321509919174755 0 0 -0.856838989175658
0.607325560994122 0.334790075774715 -0.48590390382613 0.280275336411314 -1.22231067231908
0.462059185998841 0.676572471146918 -0.31592206351543 0.234713663278776 -1.0788854921272
0.0329236112404938 0.749562396441408 0.284000634961216 0.631502687268809 -1.24464745672682
-0.175055858082855 0.640646465650569 0.690931003393554 0.638479986758528 -1.47795889618153
-0.373894261330872 0.43339566881548 0.80926782877298 0.506855592390479 -1.45312989212218
-0.605691425202778 0.0237708695120898 0.751770499000015 0.466532517480046 -1.10235404564024
-0.911090008684727 -0.653061700232728 0.828398918638119 0.577648927781364 -0.78054230926813
0.946729143173624 -1.29085108024567 1.00711720917428 0 0
0.713660423648238 -1.34269815716455 0.60753125403796 0 0
0.449786734981041 -1.45754463324915 0.0388566383712148 0 0
0.26305800141047 -1.02850088584182 -0.0208456749291856 0 -0.374976329809281
0.121081783204797 -0.536675433559537 0 0 -0.504732977099946
0.00520733271169619 -0.109024055159395 0 0 -0.828610640369762
0.230642532739306 0.187438403016673 -0.300560084023145 0 -1.26490460864231
0.325154948096348 0.65123265349634 -0.293547475922259 0.211069620215191 -1.23403647559895
0.221997937382433 0.724824383589975 0 0 -0.803056625786149
0.328820876511101 0.95997041990623 -0.0704113643455564 0.394538448471319 -1.16392503698232
0.106594813568012 0.926262881821811 0.283077940740082 0.59076574021924 -1.4092845871017
-0.317407301220413 0.639891959778325 0.29985929443021 0.539253806813472 -1.07541649043524
-0.932303960376827 0.147691382142928 0.418617577611751 0 -0.622580565308577
-1.25983726242768 -0.574807079555831 0.385057584879596 0 -0.476205487877706
0.754621920706837 -1.21570783294671 0.623658124457474 0 0.273767800708483
1.17367799109618 -0.920851751619554 0.994309660886754 1.12111588657141 1.14573104980216
0.596831909805891 -0.8730884883697 0.906968515261641 0.719271166601719 0.644708479862962
-0.141576076620102 -0.807436407187936 0 0 -0.630402678938636
-0.219499558069388 -0.606289932146186 0 0 -0.795819370967425
0.133646223218682 -0.285349833177506 -0.435913518309506 0.332560207142281 -1.23959221107345
0.151080266147029 0.198090187678593 -0.143688950898326 0 -0.903847591939
0.302629828494433 0.603157009029299 0 0 -0.871072819643655
0.198012044952872 0.816067716680383 0 0 -0.794976002379705
-0.0920864654982279 1.00559960899014 0 0 -0.675222846436033
-0.217073209308051 1.08393857450663 0 0 -0.499308161320957
-0.337504725371118 1.06108708019318 0 0 -0.352874224558224
-0.620541889562777 0.646656930216929 0 0 -0.270593138026925
-0.861881285550714 -0.0327164457030517 0 0 -0.272804273074162
1.69660430102327 -0.496063472356951 0.976470367549005 0.88321391443053 1.34195354290039
-0.2728539314275 -1.22309335693858 0 0 -0.442945811110244
-0.0570631993180624 -1.16974214291518 0 0.275308680079499 -0.426739110581707
0.101277381295387 -1.17605282537159 0 0 -0.724452197624171
0.0670005472946088 -1.12425560493938 0 0 -0.857978654216954
0.688754970868975 -0.795114124431818 -0.259969671280626 0.403781162847245 -1.34199111200076
0.537884762368972 -0.241386068500972 0.0635570136656007 0 -0.897854549896547
0.307957997969243 0.174595568825279 0.117157060226316 0 -1.04477191367948
0.191698118372231 0.560382874399203 0 -0.131258364199085 -0.918475263101426
0.365696008536471 1.11272886499513 0.220814170665181 -0.116425336300583 -0.376601449244581
-0.521568766322815 0.821222582657633 0 0 0
-0.121491925129118 1.14715250165162 0 0 -0.31690729232758
-0.55902568307607 0.532772488484999 0 0 0
-0.383146418567718 0.554112595719878 0 0 0.00652000818000265
-0.336886862543408 -1.07688995427613 0 0 -0.301265835824912
-0.152822884916597 -1.26386846567008 0 0 -0.403137301809891
0.226542793104108 -1.37432681843506 0 0 -0.569607763987678
0.337440874272816 -1.50822832166507 0 0 -0.713266677916268
0.583482449483368 -1.73233343006682 0.0908058574111442 0 -0.939166021086017
1.14942047345939 -1.56842853659865 0.393932503266086 0.20214128597211 -1.13555053593086
1.67359988674421 -0.932601030511322 0.588336573157139 0.318708615430711 -1.00958422585732
0.290106523389814 -0.528208824162542 0 0 -0.94090346509439
0.262649983812757 0.0349132372336987 0 0 -0.46592616651109
0.254227622624461 0.953149858244175 0 0 0
1.18275558849324 1.47473957163951 0.509502446955913 -0.101448919607659 0.203740004979795
0.201197126158457 1.23981965076765 -0.351602273953547 -0.1707636632096 -0.272941480363055
-0.189130218495087 0.560466835143501 -0.803476040637098 0.577101804458758 -0.0971971238488012
-0.347081930284283 -0.112463097463888 -0.990820882177815 1.32420140965085 0.401111765904378
-0.210052021698806 -0.912928098599837 0 0 -0.156781965081108
0.381185027608248 -0.920235111677895 0.270857573579851 -0.33395517363581 0.186836356628129
0.407121808685408 -1.374141993252 0.196576666219259 -0.336140798979743 -0.446101398104257
0.538151162262072 -2.02094407918824 0.101634830201279 -0.113590863482256 -1.06567136829287
1.04075275991583 -2.26833613911732 0.271911049893156 0.208273569027044 -1.19831364982555
1.33566916381164 -2.03807833492636 0.461086836284382 0.188392910455544 -1.1525904227133
0.839460007570396 -1.30908655142317 0 0 -1.08396361033149
0.436770319366481 -0.994652409308907 0 0 -1.00642833945499
0.618459765757354 -0.553473314551422 0.0969973022692721 0 -0.639207482498404
1.21621854275822 0.0136591711712433 0.178248251047632 0.136118355183166 -0.389996217927007
1.15316601966587 0.7550979593444 0 0.195492094417268 0.11616943655015
1.09482047233376 0.813141138711075 0 0 0
0.999409178531322 0.431448745550286 0 0 0
0.820907762795 -0.0156805520629218 -0.809883211814294 1.04204373673893 0.406647004918529
-0.203388884837572 -1.12686465074173 0 0 0
0.287743996119174 -0.804550299466709 0.115884167650845 -0.536495828801063 -0.0802892144046777
0.183694436071194 -1.46962531201348 0.516024554732205 -0.0959219785086009 -0.200534526127987
0.357738325598587 -2.20323928680425 0.368484654804816 -0.0473910344237962 -0.756013108417155
0.60793681405871 -2.72161958289937 0.364162919537736 0.168795745673009 -0.972542895076386
1.09916477627055 -2.43651019005401 0.512471084091626 0.0624400507870423 -0.854933034999914
1.05119590648834 -1.85029524028833 0.452849145709864 0 -1.12749691623641
0.337028582721545 -1.53807974807387 0.0795758947047592 -0.182187529460236 -1.09803189644388
0.317130153200406 -1.13643311351348 -0.0726089653518565 0 -0.711333326585312
0.571058695442962 -0.56101525333405 -0.180562821541302 -0.0106137420834495 -0.29046790258822
1.27051851514237 -0.225776060390558 0 0.181571350807194 0.041630156922105
1.79871042384931 0.167041327244076 0 0.367177965885494 0.612800773590172
1.75122408700648 0.127586624125542 -0.0499754539259321 0.614083551476944 0.619038834997772
1.82931924737693 -0.342265122842648 0 0 0
0.357030821487621 0.0103658598904206 -0.393646897307815 -0.674710268397066 -0.0394857931588627
0.382676705717648 -0.566523365107374 0.032498684981271 -0.0976175393853549 0.0888799359577936
0.541624655964411 -1.38223578300553 0.191698113063574 0.170289700008799 -0.237690047971816
0.420767252045588 -2.19328684855053 0.138479582459001 0.408333728100331 -0.506636209954872
0.198121653509792 -2.84360010968198 0.327977394018036 0.284821046708184 -0.19950959278174
0.984115757937776 -2.47702709677288 0.289013142573579 0.495793735410495 -0.234438964783816
1.10574465976828 -2.20286763841577 0.40470186651294 0 -0.812923277136059
0.394947771508475 -1.93889824664862 -0.017376676680841 -0.111565830873726 -0.855076399717749
0.256336576187573 -1.79985392463869 -0.368836665202336 -0.0640490583903005 -0.430963993921008
0.706873587544817 -1.38387527774606 -0.166486900054217 -0.0624952182989016 -0.23848057748165
1.4303563282231 -1.15058646985428 0 0.241292452384276 0.0766428087221768
1.89163447930333 -0.923184397039272 0 0.5211543426335 0.400188548116551
2.52416487797476 -0.626955038453806 0.0389978579609303 0.964835858260086 1.1188983733193
2.24027357316491 -0.848735953743478 0 0 0
0.182238987299326 -0.17753575391596 -0.166973120894892 -0.124629131247402 0.539482724858891
0.507409308343714 -0.561247089437142 -0.15857523257397 0.425000859051897 0.444010868020077
0.571921610345908 -1.34955570332505 -0.168101308467259 0.62667763009435 0.107386138497332
-0.298839360276855 -2.55253667723409 0.134781886252588 0.336997717955557 0.32591532573032
0.164325876849705 -2.47718858732507 0.0370780917774474 0.499465855782645 0.218084235908394
0.557640223417414 -2.48090885332491 0.0572883694207251 0.662492212645742 0.448863159439194
1.16479174081467 -2.27113976636311 0.31557189197836 0 -0.418431304097148
0.652588814752842 -2.33224719288294 -0.120202308109283 0.0585492073053715 -0.290401345433572
0.64544290081568 -2.35464175180252 -0.543566123483824 0.182613541025226 0.361421369499003
1.36173434990724 -2.19261810273207 -0.303561059092838 0 0.354635378326713
1.73773414523966 -1.98152860931741 0 0.195330079287197 0.22258653888339
2.15342064943418 -1.85097176826107 0 0.622742818705297 0.432929602100313
2.6261609101039 -1.6243258745255 0 0.85206107155371 0.821073948637526
3.36981320838696 -1.64973281169669 0.230337472281489 1.37006667562566 1.12512905069665
0.0344067717094122 -0.465394492725787 -0.130882922157872 0.576264425326621 0.82576901203877
-0.0283086082434269 -1.10852994231773 -0.0677859389911123 0.63972272708443 0.608283583435888
-0.332118154679882 -1.96123263649925 0.00898126264941389 0.43602450437689 0.679671814698486
-0.419121405360386 -2.22653154032197 -0.0528249289864126 0.500552461347005 0.716883773774855
-0.201288105354406 -2.38149338232395 -0.185455122501734 0.550074209127439 0.752571440199076
0.0913802276598654 -2.4383098732731 -0.320329344309379 0.571453731441579 0.937927076372392
1.00853742305141 -2.32029906819955 0.199817169210334 0 0.06111928656891
1.26684633243723 -2.71323914312578 0.0937042293067494 0 0.226054711703779
0.939460577574491 -2.81064592140382 -0.636506572502462 0.29195607322976 0.991791365239338
1.32875135283567 -2.82584419419908 -0.819946302295813 0.317046668029471 1.51339908831063
2.25255267098061 -2.62961744177835 0 0 0.743096229767967
2.67880771061144 -2.55682353341376 0 0.401490705481949 0.983966188537645
2.86074557669866 -2.31564457385168 0 0.775341057956168 1.03780410200388
3.1112961893171 -2.20576316129506 0 0.938248723256812 0.942654182110726
