"(Intercept)" "X1" "X2" "X3" "X4"
1.49012406064268 -2.32969454659896 -0.0765368404019588 -0.791464437100128 0.882713405139759
1.10352079759775 -2.34487273189696 0.000493058899982707 -0.79941038363638 0.689878039263858
0.719975839624873 -2.27881458262482 0.0925144768317992 -0.79457831587051 0.585999812599267
0.529402197227647 -2.09196910221006 0.165845801553975 -0.67342010771293 0.53120672012906
0.400227456929035 -1.86961686681025 0.249471777007196 -0.548645742881333 0.510097663970501
0.309209486695007 -1.63960085618008 0.355046648633834 -0.367631110761746 0.585821641363243
0.115363810086094 -1.50864577864199 0.564036995561124 -0.141907922712987 0.843724345781075
-0.0863189710229248 -1.34762208606453 0.890908968668538 0.0966330989956816 0.833286387010341
-0.271768151079867 -1.15122007682462 1.1614244581229 0.283760659468895 0.850175754528776
-0.462789541740149 -1.09432093011614 1.49294049958283 0.480691743667738 0.985501116180542
-0.657437902355762 -1.04964276536182 1.77985322348694 0.675393629942279 1.03580354494436
-0.864969066995174 -1.03576519929473 2.04785147206186 0.845502444219154 1.05382485693222
-1.13808674021704 -1.00355760386635 2.31473602866932 1.02530207079741 1.13872984422766
-1.35075237466252 -0.997252971111429 2.51775135127108 1.17749167330524 1.08937917690879
1.66213697033665 -1.99914828774273 -0.193525579803863 -0.662159525349683 0.801736947535506
1.30678525164907 -1.97072836671484 -0.13240909942455 -0.616920444437861 0.578724208021671
0.954660677811505 -1.8826100337468 -0.0604435512234128 -0.548526993633072 0.440278649904205
0.716434791711297 -1.70762751941077 -0.00302053668223741 -0.418851182528827 0.34576882221062
0.524096300154373 -1.4686761899231 0.0720548232546878 -0.285588920186584 0.264018059179432
0.418873548806466 -1.16483080327791 0.160070762907893 -0.14346609571649 0.226341887969516
0.246938044006383 -0.947339859548818 0.322269731359136 0.0515681399735591 0.262797075722582
0.0338478157468 -0.776724142870292 0.566318316227933 0.265076233779373 0.335820249280472
-0.144717073681237 -0.653343695259062 0.780695043673527 0.407102514854729 0.3790545790357
-0.361623455320517 -0.624578397797613 1.06689965138623 0.557798285497463 0.563531124612113
-0.571663869130863 -0.641290898744544 1.34538452425866 0.747228835567286 0.705195005048079
-0.825990897725782 -0.670183170578604 1.63730699831914 0.929098698989656 0.811574513340168
-1.10883652477684 -0.706619263203005 1.92006091346787 1.09349588395836 0.9032358564989
-1.37349325973152 -0.774371138837458 2.15343334769152 1.18938814579294 0.876734050607794
1.75516369925874 -1.73900676076446 -0.305339310017594 -0.570839926962795 0.723443423720217
1.37729632243475 -1.67864554656676 -0.252686882107404 -0.495931750769274 0.446929718063023
1.08049117506933 -1.542481975187 -0.202456578349309 -0.35905833454061 0.281423574417215
0.875090465335405 -1.33768331919132 -0.162674413147613 -0.181925306526694 0.175350536001569
0.695435778259152 -1.09360862445276 -0.123447476882401 -0.0037527239328527 0.06132659523246
0.525544801589109 -0.776846572915302 -0.0360424852530582 0.111346412590242 -0.026986615181872
0.42879767342638 -0.421454559884324 0.0561895294843662 0.215160900756228 -0.149527961151501
0.29878609608471 -0.204218045144155 0.160685979959954 0.414521704773272 -0.142808737535473
0.0286074401520539 -0.150435434509951 0.380662268424362 0.51555341420797 -0.0405241956134023
-0.239718303387263 -0.154631997406461 0.617740880521876 0.613171718846638 0.153886972556692
-0.481894163915719 -0.238512734130768 0.876798543094577 0.768985861787444 0.356542267687035
-0.770654077011202 -0.327039587128538 1.16710496324388 0.93156552524805 0.514396235739483
-1.07226918806537 -0.433141267208646 1.43385214738455 1.03836842512698 0.588070934150764
-1.41093954732082 -0.56726772877155 1.68979593850559 1.1005309179316 0.637019068871172
2.13424951670325 -1.27109630237944 0 0 0.533892392554833
1.53148372437947 -1.4074900080395 -0.329873504747371 -0.393072130753949 0.394715044001497
1.188673505544 -1.22965117537915 -0.318923893181156 -0.226407366503541 0.168267221121241
0.943735849017454 -1.0028542161334 -0.303904624623737 0.00515834894067262 0.0215294240597253
0.785574669762807 -0.762033674721416 -0.274520765103248 0.211174378872197 -0.10050751923412
0.688015089769865 -0.49058180948342 -0.234747349726273 0.342659603669998 -0.169615596894041
0.676613205044926 -0.149290794574518 -0.149294503980782 0.337737733231816 0
0.531050275900888 0.10336411303399 -0.165092077349708 0.427419753031982 0
0.234947711899856 0.183499821698348 0.0216523004433144 0.563412162775877 0
-0.156017349442249 0.234307625506646 0.205802010978607 0.448671347643219 0
-0.408410137596373 0.108340409580719 0.419880344963836 0.763050711423671 0.0626809567859162
-0.722621577621063 -0.0108423447513603 0.677980698223001 0.888193443136101 0.214728185073436
-1.09792756699312 -0.208225875791446 0.960524180547456 0.919442658524883 0.334237618850056
-1.47909816499921 -0.388852228083465 1.23117896819611 0.94539572685871 0.433893104970214
2.18136647522958 -1.38624500884691 -0.3514184132406 -0.549542420241135 0.752461714791239
1.6748355642462 -1.14261863276127 0 0 0.387355911371786
1.32222778823808 -1.0293967090204 -0.343666140165801 -0.22741440324576 0.0772280091257238
1.01400816085251 -0.786764172859339 -0.366449670374384 0.0376166640138258 -0.107277509184775
0.830098573286338 -0.573053000746629 -0.359936461647449 0.256146158331953 -0.220477812205974
0.593890508746528 -0.370346987556438 -0.365787148939738 0.356943873564725 -0.326997780617015
0.571954894368133 -0.0610462756214609 -0.399823036959326 0.360144558808121 -0.370320720348127
0.478469472617153 0.219621399383955 -0.344031027639245 0.373696603452288 0
0.436144604877421 0.4945833856359 -0.385123384034773 0.61645826573273 -0.404091138273388
-0.0975722107951772 0.466716964077441 -0.103920959929424 0.479162117111569 0
-0.33745256859279 0.412672486786897 0.0110417739017628 0.723380522930202 -0.182681112379381
-0.768988864333895 0.208901701669213 0.254737964523517 0.722135515849813 0.0150851950201972
-1.16010160847109 -0.01443996902942 0.505715840329882 0.725328434006738 0.151969575023067
-1.56981595779522 -0.266858414030743 0.745656799703928 0.735265512138924 0.328140746414077
2.35730648756252 -1.36928299783588 -0.373478098928883 -0.673044134737831 0.797159986413722
1.92526161432388 -1.25008896923156 -0.345945762878599 -0.530568407264364 0.371303418622069
1.4722176542518 -1.05984861677595 -0.358413075612033 -0.373920405489264 -0.0265407064300979
1.07625745043129 -0.816544380372027 -0.386814021752698 -0.156899633752946 -0.352364522635439
0.752209133885037 -0.600348031033882 -0.369018959193179 0.069901859641697 -0.515081013573507
0.440725679070273 -0.443285777574209 0 0 -0.393480809256368
0.304676880106628 -0.118792831563572 -0.301474260517809 0 -0.605644658634282
0.302629118133338 0.293264290169945 -0.367333455567741 0 -0.559348843619978
0.430278238667393 0.506171764107655 -0.521575853481877 0.489056751938873 -0.540024827677728
0.22822949897813 0.762299477969056 -0.530615276522646 0.56006797955025 -0.52853689685049
-0.373174747621574 0.632734833411171 -0.332047872711235 0.55376685264949 -0.315334874808032
-0.857753036464035 0.397738226196488 -0.148029295445582 0.476869477619944 -0.100533707479289
-1.22440262654688 0.0920130339741988 0.0120579091936498 0.4342677364338 0.104471535104679
-1.48265819322979 -0.119570056365118 0.192681741050877 0.397414772363962 0.200663138213737
2.2786340543635 -1.44596286254437 -0.406703202350016 -0.810837221578154 0.762091432567437
1.8743086620143 -1.31573863131902 -0.373954709505837 -0.676621975234684 0.315462997689997
1.44713497719502 -1.18095410959814 -0.365272500100587 -0.491624795196001 -0.143315833786355
1.09627888751512 -0.992558276262989 -0.380650336233232 -0.243470600599385 -0.505775766717273
0.644210046964355 -0.877293377133621 0 0 -0.582545551098405
0.411605703285076 -0.602084387649484 0 0 -0.606881715394911
0.176335520923746 -0.202810783093624 0 0 -0.586913024916138
0.145371178952906 0.28518798047569 -0.35157742931056 0 -0.746477840934614
0.237421708482961 0.627340446091539 -0.360561231148517 0 -0.66052763824975
0.153292472152534 0.753247907819492 -0.588334417761579 0.200920608860125 -0.681457044043459
-0.162511568764203 0.906673307848445 -0.682498193819536 0.256792596783962 -0.463770174322663
-0.68603897784821 0.641728485378536 -0.530610740582749 0.217256483388235 -0.1868064534307
-0.878261456798181 0.530950859731821 -0.285374476874931 0.230795477699049 0
-1.20051459397733 0.0538833949312596 -0.238343946608189 0.249039098861141 0
2.05020722689829 -1.53020659361744 -0.441125306467684 -0.960174363195182 0.625343561193302
1.23796184534693 -1.30478977134692 0 -0.45520594122239 0.256179045189544
1.07871436537632 -1.29336870922296 0 -0.432998362006457 -0.122886936402612
0.993314285873607 -1.20728480980408 0 -0.317634583932074 -0.462234814426994
0.693595150096806 -1.12657241621879 0 0 -0.735829069300962
0.434416690160213 -0.895142155489488 -0.0886285237149648 0 -0.770713019533104
0.146431257211009 -0.556293036540549 -0.209198199287799 0 -0.649971692916583
0.0970277146703617 -0.0603046588070492 -0.279235795151786 0 -0.619927082127858
0.185777031546663 0.409752621674581 -0.323707827383544 0 -0.633487612090172
0.239632388588466 0.758625391370563 -0.338130068729348 0 -0.503662995574637
0.138042981009677 0.985398048344489 -0.706799985938824 0.0939818969917952 -0.512694829452277
-0.0985482965922165 0.998973309825984 -0.811989649638683 0.152000355228141 -0.317631203582191
-0.521756442314249 0.522260943732505 -0.651472814129335 0.120161500267006 0
-0.842765284486898 0.122870704871263 -0.540656769919521 0.165572559727265 0
1.1166498271591 -1.311162301788 0 -0.451290340864343 0.462383977889643
1.02337470875614 -1.37448406497458 0 -0.526323942035627 0.149685882245206
0.915192904808975 -1.37989020089197 0 -0.486510706278656 -0.209136530534606
0.909730344982952 -1.32710534073799 0 -0.320063924996104 -0.530367658623046
0.890086566572862 -1.21615836818511 0 -0.0799366123844593 -0.763512336833431
0.632311951621652 -1.18634213254164 0 0 -0.598485872459877
0.212439353757886 -1.0214224849356 -0.11773545310675 0 -0.679680247271998
0.188946442198295 -0.556038214375249 -0.170663440062063 0 -0.634259532358325
0.268640968984851 0.0351085801860864 -0.40872465648977 0.0345104219045552 -0.620202880146526
0.276825766716973 0.524487140982287 -0.461874244229372 -0.0550828902859456 -0.447964311864248
0.275447975819419 0.805220474800503 -0.631569327024641 -0.0788077318865304 -0.330815021634378
0.0994230646450966 0.746964437255193 -0.213914975175938 0 0
0.00577586777428891 0.62352994758488 -0.596963520290508 0.130884009730889 0
-0.277904284243749 0.286464243294425 -0.69201687327298 0.141649729277666 0
0.8397318695514 -1.28911120420514 0 -0.39433820432872 0.320276523221125
0.805009906511605 -1.3717781738444 0 -0.485419489690247 0.0237226739217095
0.762423830829604 -1.43564918762774 0 -0.481021190419536 -0.308521130955602
0.792610858296062 -1.44931613756942 0 -0.286160757302326 -0.588137955133483
0.923427894270392 -1.4317092428507 0 -0.17856668670802 -0.746433516714057
0.873951827361909 -1.36891176789244 0 -0.124022319408675 -0.615333946278752
0.504490071908751 -1.35718186447748 -0.0461967264947034 0.0290243253118866 -0.960601750506296
0.391535788193458 -1.00246603164 -0.154774833305004 0.00180174403694865 -0.868333751090608
0.31613698504713 -0.475302466042533 -0.338193565502543 -0.0283206374923349 -0.622297902620315
0.283058823493696 0.118559556968079 -0.4492265770936 -0.122229064333007 -0.466804173625402
0.205549241749257 0.520619039679623 -0.507645205055268 -0.254208309922968 -0.362462103344082
0.424528844705884 0.511876379758644 0 0 0
0.295701199188514 0.468903041923178 -0.429567741577587 0 0
0.152144542907071 0.38543810943056 -0.296756611779063 0 0
0.72850876388998 -1.36665449757672 0 -0.546630937406026 0.25630551130822
0.640507116912918 -1.44960461039595 0 -0.572157226911389 -0.0811935278353566
0.617771025149654 -1.5404501731363 0 -0.52278642434809 -0.373952290139821
0.681573034390713 -1.652099916235 0 -0.427769389580722 -0.61637221925863
0.887684247594829 -1.69277729513376 0 -0.354166050070866 -0.72543262027403
1.01799278489924 -1.65732693846878 0 -0.243136843132949 -0.654093999359134
0.8327158468529 -1.6207150688628 0.0549484706524677 -0.163942030894199 -0.962319609699402
0.434115498841666 -1.57239027261721 0.0166514480911095 -0.156522004935907 -0.938870044085145
0.387050332804211 -1.00466597934618 -0.239406117588157 -0.178420370491219 -0.730916754129089
0.289836277308692 -0.428162987392859 -0.422583320430324 -0.239200691807826 -0.609407020278837
0.249370146860633 0.0455623460112688 -0.506714825239421 -0.276494823619656 -0.473237799066834
0.366669869228334 0.207204903745688 -0.564187322432023 0 -0.213815442220303
0.349468084641855 0.245255459214784 -0.755418735374222 0 0.0294805496768473
0.330693921786752 0.322278483429505 -0.70930581438898 0 0.148552940664294
0.538966387303752 -1.46666596473981 0 -0.667800582011371 0.129730404182715
0.463269073698932 -1.56365770995405 0 -0.647269283362582 -0.176947118945655
0.465540477711793 -1.73751809075394 0 -0.650611593744688 -0.426385541353805
0.635474290766927 -1.92199361630142 0 -0.664327286813159 -0.605786521665458
0.831607499541234 -1.9603662044495 0 -0.519979953288589 -0.679522773828864
0.97958702782975 -1.94350356211042 0 -0.401257326286891 -0.687590319534443
0.995342858840064 -1.8635899390928 0 -0.28532789081073 -0.852386498377559
0.623049102362843 -1.91743228912302 0.107240557141837 -0.29171004807 -0.941596961485783
0.45252767068575 -1.50435485920969 -0.0987657006804326 -0.312960248509545 -0.902628764605203
0.366792302044808 -1.00154967807084 -0.329412351404608 -0.350938349194619 -0.750392721126953
0.484712234025737 -0.530615733180351 -0.479827599577302 0 -0.3555531072608
0.346299965242269 -0.249742931362837 -0.667556918649688 0 -0.240431481934973
0.306634250120676 -0.0877576460389217 -0.755407441316282 0 -0.0811919293807706
0.306424483255808 0.0279357238997249 -0.880134559867791 0 0.229972891160266
0.350918921093543 -1.6575105678965 0 -0.867913765948329 0.0171509394340526
0.29290874114734 -1.84364995452508 0 -0.899992307226131 -0.258428272720902
0.341316587437504 -2.11715390909697 0 -0.947858151326129 -0.492282740010428
0.527022314109595 -2.23833951345694 0 -0.852042036868993 -0.60663064651679
0.711313368344727 -2.25347973558069 0 -0.684090159267433 -0.669596155511318
0.838909136972395 -2.25208009618803 0 -0.562942252711591 -0.744606219721163
0.917716035835951 -2.10806181513207 0 -0.373714224913276 -0.759156561318722
0.962617769882524 -1.99700300018437 0 -0.308992289294953 -0.807705462318682
0.522468991351577 -2.01274430290374 0.0170183705626601 -0.431924619021677 -1.05500205745118
0.393608546247554 -1.56688329110434 -0.26726034607822 -0.43791784950311 -0.890033884175146
0.339990020655946 -1.1687564518479 -0.584009949723827 -0.272400864580585 -0.535862483959539
0.400877566609466 -0.737157190228743 -0.661830492859938 0 -0.287240146881547
0.352230368781555 -0.458149000305791 -0.696978713419835 0 -0.190836500626198
0.326945233890786 -0.299509897015684 -0.865054475754713 0 0.191998060796119
0.0471068731350404 -2.22792603179553 0 -1.29760839960075 -0.198675723880695
0.0575618097713391 -2.38434509772984 0 -1.27399244217834 -0.402258930581973
0.212414436445051 -2.48738352603443 0 -1.15756531455845 -0.523830309495375
0.420010205356172 -2.55100017820569 0 -0.990886552933703 -0.587314121104581
0.589086966248975 -2.57905911349078 0 -0.846383564850315 -0.639057801195268
0.729197580599238 -2.52594558147143 0 -0.658532171347129 -0.674565463104845
0.886600194081628 -2.3166346558523 0 -0.386299437576598 -0.664554351643776
1.07542306975893 -2.20562335029603 0 -0.276449304409378 -0.59194477301093
0.997826296540083 -2.24335270529156 -0.137670933156406 -0.276945654660975 -0.696669953444948
0.523271711902657 -2.11696261753203 -0.170994396151312 -0.473063083488879 -0.974935371563463
0.323887179095126 -1.70490741374165 -0.593160640672718 -0.319071707968077 -0.635805889935674
0.394917432946015 -1.24341134973533 -0.767739915274709 0 -0.22763187437566
0.332559567336918 -0.900776320853406 -0.821998174895724 0 -0.107211323291441
0.358928863492997 -0.667499958095073 -0.896321127589902 0 0.233500134384792
