"(Intercept)" "X1" "X2" "X3" "X4"
1.83350974483397 -2.4785725841971 0.460566029506539 -0.428619489029231 1.29531940171596
1.76887509231804 -2.17557862366947 0 0 0.681809901510965
1.62821257821063 -2.07452522299478 0 0 0.657899442051166
1.49582882905971 -1.88230865562759 0 0 0.523149780042345
1.35556304108122 -1.64137558975075 0 0 0.347181766038559
1.41646404343327 -1.53323364395724 0 0.268414625934304 0.261061453152629
1.19016222984748 -1.44383747340225 0 0.378336873088728 0.110358700190353
-0.165205228752979 -1.74420231297013 0.560248133726161 -0.0784084871331627 0.174557375143057
-0.46055567149131 -1.60903570551363 0.678266669263059 -0.12668374345082 0.0724994344200749
-0.513517678297022 -1.50604786111724 0.720735625939894 0.0178918233635235 0.0381421777135629
-0.667002416066342 -1.5116143834702 0.818776441047452 0.0999826083633479 0.0315933818295496
-1.06421597165406 -1.18223282502194 0.17748621885722 0 0
-1.40568246615514 -1.49452857102208 0.459358414693814 0 0
-1.69857897417277 -1.51022238548878 0.491817830331352 0 0
1.70222611623776 -2.21689592421516 0.413452401002106 -0.562763361182575 1.13826931418078
1.64387124091377 -2.16609558958535 0.282114769654009 -0.306968277603946 0.927711766913087
1.54170019531416 -2.0290634437406 0.186393468826747 -0.133537295497528 0.718228409994403
1.52301599024995 -1.78295732197779 0.0606308933832395 0.0567626268819142 0.476491843050703
1.39712448592893 -1.55949373202288 -0.0591288971894741 0.164138858592255 0.228021982488171
1.23992276379155 -1.18922698015747 -0.0709308452359885 0.211771389310761 -0.0368170982117402
1.18640142450879 -0.834862032982554 0 0.404199851791193 -0.211953765794724
-0.0371238567151214 -1.01720002162177 0.348926931996375 0.167983997876713 -0.239797600773034
-0.24009121698963 -0.934918789818316 0.433901777357205 0.186815186323085 -0.275362754958589
-0.300528316982898 -0.92105328309664 0.491219621099618 0.247369299269226 -0.236127317389211
-0.384438105529012 -0.980753209805067 0.616324988756035 0.28294961353851 -0.254587211428698
-0.530926943864584 -1.02542566934641 0.746569864010508 0.347435463026566 -0.340401861169573
-1.31133635188212 -1.02371081229661 0.56827976125755 0 0
-1.61931846787364 -1.03583556948114 0.343039315686798 0 0
1.76723174571189 -1.92700558466416 0.379791616578211 -0.611099589366115 1.03333046064774
1.63594470447622 -1.8216688753465 0.245763840479621 -0.38790944588349 0.771250947150119
1.54261205934156 -1.69071112281233 0.121665791624716 -0.158314700509353 0.54651658833255
1.51625469609896 -1.4377627969294 0.0169619912980652 0.0749960039573905 0.284729593293417
1.38836027954052 -1.15467303158432 -0.0959514192418513 0.23842205919247 -0.00936991375168503
1.18027106619823 -0.834063487240624 -0.16289229424952 0.3371874708469 -0.300093242372682
0.985513818902788 -0.446095859956556 -0.150807623971787 0.374457388877816 -0.590116098210367
0.565015153162193 -0.300541430949985 -0.0257847361788087 0.470095221846888 -0.622391431699289
0.0736705524241626 -0.323326665179352 0.199490711087456 0.493032940352031 -0.65591128255182
-0.0883082839590825 -0.328732031589397 0.256918215229091 0.446489706468884 -0.527399273469825
-0.1582100721038 -0.454176250173771 0.396293697167708 0.554486816688922 -0.527999536460772
-0.919501494176702 -0.325946599946716 0.223127886591988 0 0
-1.23141396594806 -0.452756167781822 0.232373634456247 0 0
-1.60771960484864 -0.544556984111935 0.194663474419553 0 0
1.90620826027419 -1.70905642349755 0.332891570209885 -0.651611826588252 0.956856549996772
1.69667393420698 -1.54487219935341 0.226810033848912 -0.424141016931964 0.645621342102338
1.54049351154728 -1.34690472546418 0.0858576211709977 -0.194840579953634 0.365959869835377
1.51719868730493 -1.129047848299 -0.0358961140644094 0.0960756874047408 0.0978784980133337
1.42754130323765 -0.856039080881405 -0.130799384012931 0.306957305918147 -0.200995005966165
1.26345615569945 -0.544528290997175 -0.245916512022847 0.422731135171913 -0.420044776310379
1.10093792313771 -0.184514330541614 -0.299442757603548 0.420274582810001 -0.639719068951994
0.95589820079567 0.104338578571515 -0.304319456536113 0.505792632288932 -0.854025777742759
0.628521601867283 0.152636005290873 0 0.505359340462707 -0.579125469161106
0.0545227424013312 0.200542240568024 0 0.340615087205331 0
-0.417030805531184 0.302956127343021 0 0 0
-0.735604318015345 0.220996579794787 0 0 0
-1.17341832705599 0.143331387949891 0 0 0
-1.54713076757433 -0.286640563772579 0.197718297245766 0 0
1.91006485233323 -1.35869173502655 0 -0.487114316365736 0.78728697679832
1.82148542659688 -1.43562136674245 0.183651471529921 -0.537847524997914 0.547183251602677
1.45746879158001 -1.16271975608528 0.0928606722663756 -0.294499419915353 0.145601989681298
1.24736451948849 -0.907852749435791 -0.0345058590608288 -0.0113257037150955 -0.219740058528786
1.16448838385359 -0.682111382770943 -0.179118680878117 0.227860125589372 -0.447064850163768
1.33617031542966 0 0 0 0
0.805321795772165 0.0607877845326711 0 0 -0.557187058453219
0.556246306378527 0.394068885578947 0 0 -0.858683581185156
0.721173509901823 0.477721197875588 0 0.541768467163779 -1.03691732432555
0.368831680924599 0.678417840401106 0 0.429363663480981 -0.824669897707786
-0.273226103203763 0.60154797156619 0 0.210379033557016 0
-0.559164201241963 0.733133069985451 0.216507339558938 0.275016621283809 -0.628207826513871
-0.930055549649825 0.477638280571128 0.256463588882382 0.0787751231928054 -0.449841895308761
-1.23371251113368 0.0449024746105249 0.270230472953312 -0.0905153716622298 -0.298078820566474
1.81299339527879 -1.34059353606558 0 -0.736058459042944 0.83348058997604
1.66187983578249 -1.18829696193873 0 -0.55251706994928 0.42170611388178
1.49811568817433 -1.12074189721307 -0.0306070656228774 -0.461404266128558 -0.0129848363163121
1.07982641548034 -0.871984132527195 -0.0915737116102993 -0.199524477129893 -0.52136341457869
0.900643251662246 -0.746007776852514 0 -0.102961904715649 -0.711466619638191
0.162017468045103 -0.442788838147477 0 -0.170164752566641 -0.936575000920394
0.282311259118686 0.0982650878058423 0 0 -1.09928997551845
0.305866412977213 0.524042749537171 0 0 -1.13620625367115
0.440521426187641 0.79107853637957 0 0.331197066332915 -1.19234233641561
0.259133904902446 1.06020706598612 0 0.32057659738684 -1.05938568043062
-0.146015302391358 1.07938858819851 0 0 -0.630933764683339
-0.631725470533657 1.0700701270896 0.174836207701029 0.064592818956665 -0.601780314730536
-0.995092770023377 0.67614185367215 0.21905799110855 -0.124135237963561 -0.444753185991144
-1.35977784219669 0.141877583307563 0.283262966446631 -0.416348794517247 -0.32883032884058
1.71987465129802 -1.41652835228191 0 -0.882099661698332 0.874984865834968
1.55894294600873 -1.33363693324116 0 -0.747796146009538 0.363153034279269
1.24842561768312 -1.1610239436291 0 -0.579590612634363 -0.183761216820281
1.04810072907817 -1.02877437154573 0 -0.346783316666596 -0.573487971619096
0.643566235943997 -0.777777482962157 0 -0.131265977775642 -0.887615920569881
-0.188636214228808 -0.416034466151212 0 -0.0973830266881376 -1.03453648140329
-0.25022381145824 -0.00194916420735628 0 0 -1.19390760082115
0.0163970609270523 0.451772301454792 0 0 -1.38590010023937
0.0625826415985825 0.867600414315706 0 0 -1.27215430771675
0.115494726242828 1.03846942138875 0 0 -0.935886708494259
-0.0158481844898179 1.12299930998855 0 0 -0.686022188580854
-0.135085507915712 1.04653801072536 0 0 -0.569459850307464
-0.477115099251276 0.674082942205613 0 0 -0.409885695346875
-1.08750064703938 0.266788571982354 0 0 0
1.47596914878449 -1.34546182378683 0 -0.884578447153205 0.796961635384726
1.33525850120782 -1.3305402226735 0 -0.712526495302388 0.345698702005646
1.108586053603 -1.3261854569504 0 -0.517859232148371 -0.0880223697404836
0.794687146424465 -1.21487152200994 0 -0.289208741280552 -0.471972233499452
0.410331483687189 -1.106456063001 0 -0.0811543214224494 -0.733704117877333
-0.120189534536655 -0.906723968810047 0 0 -0.710893861314291
-0.581602873142238 -0.459149092026295 -0.033080191861127 -0.0861793333767543 -1.00364903613152
-0.193781509027998 0.113582555173645 0 0 -0.817322067625627
-0.0149063115712522 0.553455970509146 0 0 -0.925758407992056
0.169817320388845 0.799514069048939 0 0 -0.874412352511248
0.164729618335737 0.994460387490131 0 0 -0.613855600819979
-0.0603246426858771 0.777982215959649 0 0 -0.430484737513368
0.443975861201038 0.615758855109304 -0.584601621028163 0.54717471938093 -0.704369778287372
-0.740910029101714 0.176769072663495 0 0 0
1.114447822466 -1.30128733085231 0 -0.724104718454209 0.636087594738699
0.827474756130884 -1.33018152722434 0 -0.462952761931539 0.233628543219264
0.475868403770561 -1.38812298923164 0 -0.307233308369625 -0.176037655658343
0.363156710713156 -1.57111101448232 0 -0.17062671464753 -0.480707669079248
0.430434123972226 -1.60259614478633 0 -0.140831234337821 -0.656282488454911
0.0912328258227438 -1.48899475959675 0 0 -0.591518983149071
-0.117256543517319 -1.12100116104624 0 0 -0.657997390790684
-0.0598139285650759 -0.570099310426673 0 0 -0.644097069848023
0.0324052980620824 0.0476399721970358 0 0 -0.482465678161363
0.091577695442739 0.562627535755441 0 0 0
0.10864380340856 0.680575472913592 0 0 0
-0.0834378664972858 0.538437763909431 0 0 0
-0.240970600757067 0.389638459954383 0 0 0
0.448989156463982 -0.241574825774114 -0.755101721061423 0.843803968653932 -0.496376728754996
0.820349690691558 -1.0750901023055 0.09573751499488 -0.46697787894949 0.57571161549313
0.301419110150599 -1.24289370558138 0 0 0.114596825523156
0.0158267383266029 -1.53882437593334 0 0 -0.162776226401506
0.188103698714155 -1.96121050114198 0 -0.344506078390449 -0.370624799531597
0.654994189049896 -2.08877651344438 0.0570162735948684 -0.314710679011968 -0.526791281921908
0.275301781217244 -2.01397653997826 0 0 -0.551815911930391
0.168205694546164 -1.69200207651165 0 0 -0.581949960111628
0.152267424192363 -1.21295494788628 0 0 -0.513877910595471
0.180440296162524 -0.586713072861718 0 0 0
0.40818510352295 -0.00945714565785944 0 0 0
0.507427425614732 0.317402593572221 -0.234942613629998 0 0
0.314095266689415 0.218072399808522 -0.415704367819053 -0.062129050792841 0
0.312118520423024 -0.141927891383345 -0.735495685777259 0.367829835290975 0
0.198013663055849 -0.384199474802176 -0.775633193906286 0.45896379302883 0
0.411663266205689 -1.19524133350003 0 0 0.396446674269364
0.163276676512164 -1.34757433093117 0 0 0.202242239663789
0.0830354791738611 -1.79398344383806 0 0 -0.00073323401713196
0.159806324474801 -2.15819241380193 0 0 -0.18302111551587
0.32430501080174 -2.2890136133397 0 0 -0.401692595219713
0.914371281684731 -2.39157668932735 0.119501117779281 -0.210965525540651 -0.342222772390055
1.14764316722035 -2.21738124188875 0.415413949146817 -0.212297046918767 -0.415409643886458
0.715695115188658 -1.83621580055741 0.174513626366551 -0.245702764672586 -0.41084035628585
0.391879978652688 -1.18990014860361 0 0 -0.25072728125843
0.619661595203941 -0.581408835773308 0 0 0
0.707344498884033 -0.298604818522609 -0.304800196941653 0.0893522917926656 0
0.746672424050606 -0.433184981583167 -0.503561767390953 0.43724455315955 -0.227904948171558
0.779229331165473 -0.759156433597145 -0.711172235171539 0.757265641769514 -0.290454258082784
0.403330127018849 -0.751513329879894 -0.768052473545191 0.354649646212927 0
0.376758076050683 -1.34022263943602 0 0 0.551823791466661
0.284133352184977 -1.63226810328844 0 0 0.372309114992822
0.274003005941573 -2.01220010592782 0 0 0.215910537480965
0.355085544230751 -2.30983245318483 0 0 0.0595630836453494
0.49958061693913 -2.42977674149516 0 0 -0.164678315086589
0.964497000770818 -2.4469824731493 0.0584146261816625 0.0860821032633175 0.00769574699097036
1.23698858513887 -2.32427713568406 0.163263545886084 0.252995086264954 0.11517553262428
0.885186699764037 -2.13853789032056 0.0532697022111868 -0.0629868189306774 -0.082020335711244
0.493985561454971 -1.78369412253865 -0.25520900243379 -0.0289868807030477 -0.0471504904189583
0.612208049181011 -1.29560115839578 -0.191491615453657 0.0679488516240492 0
0.696412982387611 -1.09780037840959 -0.294111531748588 0.324756146196406 -0.294423625659128
0.965278041860051 -1.182033034017 -0.50774286434948 0.714774744358959 -0.277604129918059
1.08666114803611 -1.3685605491369 -0.716362184726506 1.04092041612551 -0.366060388247456
1.10798700473644 -1.61088931868821 -0.940395923812328 1.29166088604312 -0.420087003361357
0.340065571701994 -1.62566653221899 0 0 0.699823570385592
0.37614854440071 -1.91284364088913 0 0 0.560733366109842
0.437745922749856 -2.19119037410476 0 0 0.429068369052278
0.51084701166161 -2.42570533285375 0 0 0.285278647906713
0.673653471469345 -2.44849730302166 0 0 0.0791743506180617
0.579286651953849 -2.28442325526369 -0.323919132695854 0.729027745369804 0.615250606416537
0.66984829728345 -2.27495548113727 -0.325864462940711 0.697532742973342 0.69679476486774
0.797361615349429 -2.18383065383069 -0.32266323299563 0.476452406139066 0.522470864459146
0.336053583718086 -2.18835688084448 -0.258270300872963 0.189796001804128 -0.0207784180005187
0.39349411867336 -1.94067428799696 -0.364514547204062 0.311702825124004 -0.119017791615061
0.644678258042496 -1.82340053908756 -0.35907641125308 0.553719300041743 -0.399954721676651
0.986858419431668 -1.88642061133352 -0.547536934295283 0.906118165925711 -0.428675594964454
1.30156711553271 -2.01855521782484 -0.718505741952846 1.34037691531991 -0.457467502618915
1.42102203352281 -2.20609046073038 -0.932636007910684 1.67631750990407 -0.519813537564191
0.481067045816725 -1.90238642573944 0 0 0.900856190689726
0.514123259570716 -2.13817929397826 0 0 0.767999266839386
0.575294618480503 -2.35694773574731 0 0 0.646562366141182
0.637042417021094 -2.5182721152681 0 0 0.50301337023168
0.31314100896799 -2.73633861706117 -0.234705161761359 0.279580804707634 0.831060757938689
-0.0921972322794119 -2.23225106943708 -0.775396991965013 1.1861036303031 1.15265523442734
0.133297882892876 -2.1420826392289 -0.848694479095933 1.23589101011541 1.2051662667857
0.17073255643717 -2.13628374938208 -0.745222562143052 1.04000552664932 0.855634757538894
-0.0470772473188458 -2.34819312305541 -0.558943071189342 0.729471155616189 0.164670147581417
0.219692099304702 -2.48595683519049 -0.578977081122018 0.567902011725795 -0.0383338818194131
0.648726460706099 -2.41703633320298 -0.815240094871073 0.631782086212849 0
0.96698099750659 -2.24995227905536 -0.715757134095526 0.535040877480925 0
1.13966506922745 -2.45746536828137 -0.782324446946123 1.43267407459055 -0.444178473150534
1.3027941519397 -2.43103983290968 -0.855570485395674 1.91425516883279 -0.482378645710771
