"(Intercept)" "X1" "X2" "X3" "X4"
2.09064018795751 -3.01026063372857 0 0.367423349220119 1.11680843028089
2.00050516312262 -2.76133062718469 0 0.279057074327014 1.13968615102048
1.617494478909 -2.41599339852804 0 0 0.911416173326491
1.49615750201958 -2.29589507753299 0 0 0.885571992443008
1.09526626317732 -2.10568077723368 0 0 0.630920988710266
0.635390959311529 -2.10681980755585 0.255160786239893 0 0.532428481757487
0.0624029723336383 -2.30781856156446 0.645475053252108 0.0162634675496256 0.643020871927454
-0.192459953200287 -2.35787548812571 0.763774689543192 0.0247674179498278 0.641967623683885
-0.352974611996192 -2.12829574858984 0.665231636800798 -0.159218040674193 0.644908465268479
-0.509000450708075 -2.17350080456393 0.83537952982258 -0.163737001688857 0.59036812397736
-0.59735549009004 -2.3590859305345 1.0320989076315 -0.0416137927561504 0.403664754695537
-0.897072159927308 -2.37542830361594 0.828898078988131 0.156801385812202 0
-1.37368577358734 -2.43058579930305 0.780580286753425 0 0
-1.71204623599436 -2.56471750233336 0.947407411093104 0 0
1.80622129200794 -2.81397531702374 0 0.363538010498859 0.70502170525764
1.62147968149643 -2.49863869583295 0 0.276331791636138 0.728747665714378
1.54763408735988 -2.10844709007085 0 0.138645025371405 0.789753046648885
1.32582277579738 -1.77096462854286 0 0 0.601440986884077
1.10016137710615 -1.56199046028103 0 0 0.414162982197074
0.756003516210465 -1.45800804278361 0.127205865124514 0 0.267209697002753
0.205995389472839 -1.52012402767065 0.359406026503211 0.0952727213057205 0.170881240644746
-0.0225003683377625 -1.51497689192059 0.38605157088626 0.23099890244041 0.295065068982474
-0.260478263053249 -1.32194260992946 0.364698230503502 0.0814656809405949 0.359949147248223
-0.382440343749924 -1.43422907611758 0.538596770454544 0.0854005765112691 0.273975315811669
-0.464874827056316 -1.611047312177 0.690972382431788 0.174056871397764 0.133581775937667
-1.01676605911081 -1.5804019128918 0.492622854847758 0 0
-1.27227268221037 -1.79349965931565 0.802396962755824 0 0
-1.65707419445802 -1.95554739776995 0.879027525034038 0 0
1.59395698585089 -2.53330596094574 0 0.158849288049685 0.470656266419149
1.40363501230908 -2.18071779540825 0 0.0684110899727929 0.449630802102951
1.28011968656088 -1.74568791166771 0 -0.0419657549371276 0.478442302841114
1.12535843382905 -1.3566058800917 0 -0.067641169766687 0.398439407776159
1.00271724595486 -1.04016783687429 0 0 0.196291847495176
0.848783463391319 -0.843269864840091 0 0 0.0419425849646793
0.33001016050823 -0.789790874147435 0.125008015233662 0.192571052077582 -0.232189032995941
0.234126663466539 -0.668076340601973 -0.0485063019036533 0.35110373220342 0.0426707453764785
-0.0996384594556054 -0.634892706142546 0.10596387780013 0.355492101630461 -0.0310483270199911
-0.259814375094861 -0.730015574113122 0.254724370939681 0.332818746691314 -0.0672420083068747
-0.563629009726148 -0.798215481164062 0.362765418406919 0.197571761436461 0
-0.951929378906455 -0.921139959384526 0.460202197486844 0 0
-1.19450719349723 -1.12998263421853 0.594607666264486 0 0
-1.72606416306629 -1.42336842089822 0.668291545145919 0 0
1.3489772768369 -2.27900042597526 0 -0.116565632905524 0.380542421187657
1.33403933112041 -1.82978821054099 0 -0.171925649218945 0.276207478123831
1.17398387702497 -1.40422138059194 0 -0.235998581421083 0.253653511257782
0.980669107899538 -1.05688227489877 0 -0.216022899868218 0.186966460801981
1.06837151017679 -0.67902645724685 0 0 0.193803811726521
1.03610609067907 -0.464165787548216 -0.184426166962146 0 0
0.863608578632543 -0.205974909128955 -0.202428754125879 0 0
0.612003476988079 -0.0724821985412846 -0.466671004351371 0.209395923787255 -0.0217165097953088
0.261783065139075 -0.0325940802803796 0 0 0
-0.292353646119574 -0.0548412336072076 0.0572213558491831 0 0
-0.494951612698012 -0.122795148990324 0.242994541855253 0.295421566359151 0
-0.907597489227509 -0.285283503486199 0.314651100266034 0 0
-1.30728746630514 -0.617729376258464 0.380515954504215 0 0
-1.75817702634898 -0.981801896533231 0.425562860338962 0 0
1.23522313635933 -2.16046372177232 0 -0.328531128595643 0.330650314868899
1.16644889067416 -1.65417255130008 0 -0.349477869001226 0.226755209704604
1.01649166038282 -1.22149338522119 0 -0.345446533734325 0.121732262159926
1.08193681646827 -0.913025243235393 0 0 0
1.09068048061186 -0.645070917113191 0 0 0
0.75443387955372 -0.327331475523627 -0.498821412056633 -0.0686996859198377 -0.0934719351582174
0.912685849130591 -0.015433556837516 -0.350318867315372 0 0
0.684605390903523 0.231176860671709 -0.419487380222587 0 -0.24910050870486
0.398769710448662 0.315217204248945 -0.153286825406503 0 0
-0.0116994364289252 0.365418322425004 0 0 0
-0.59158325778708 0.246719344962205 0.12269090182067 0 0
-1.03330155420071 0.0820626016329389 0.25992086784829 0 0
-1.44573710611959 -0.187839005449732 0.318163037213091 0 0
-1.97971009582693 -0.598258359134257 0.3561659559864 0 0
1.39878781605633 -2.0499924274677 0 -0.488960202883803 0.469625373135022
1.23887600757587 -1.66767100965451 0 -0.514906605055358 0.246073581142622
1.02872763817377 -1.35412467587161 0 -0.567846858356153 0.0657075022477955
0.891485090932201 -1.02353829935966 0 -0.55008248157186 0
0.792153260069431 -0.687955784369968 0 -0.442441462588476 0
0.43414083601224 -0.325844107973013 -0.454908423860799 -0.301804601225083 -0.305448323627043
0.492069926598656 0.0815110488411921 -0.577526213851876 -0.188628762797811 -0.239082466288855
0.615260220521622 0.392522403462177 -0.511513480510714 0 -0.41334326412586
0.384574897851825 0.452530302235105 0 0 0
0.0450981987852575 0.540596302917347 0 0 0
-0.34122036531957 0.340339003787909 0 0 0
-0.817384992258115 0 0 0 0
-1.36047371961262 0 0 0 0
-1.93699165762117 0 0 0 0
1.48417889457284 -2.01725288720705 0 -0.635068313058871 0.531561912961838
1.3050666824252 -1.74011280714845 0 -0.652345229296039 0.259720104103227
1.09782558249641 -1.47025742928927 0 -0.632726953665065 -0.0086056714202088
0.820821802645421 -1.15378635905968 0 -0.616788833226012 -0.168914720273349
0.61532263653297 -0.745831596880964 0 -0.459078804137134 -0.262996452437414
0.295098453052793 -0.417494260239513 0 -0.259947496759249 -0.47446144145528
0.319151291157648 -0.0932622970149943 0 0 -0.410664960409435
0.37563342946462 0.284257259580315 0 0 -0.381734315514419
0.354787371014614 0.684796454822182 -0.343725396455632 0 -0.566316201105384
0.183083970904038 0.90265374893735 -0.657568103026776 0.337815933230656 -0.601104746852287
0.285086682232624 0.992115786133711 -0.821405722378798 0.48756136059989 -0.639957539421678
-0.551193262135496 0 0 0 0
-1.01163108714049 0 0 0 0
-1.52496924924718 0 0 0 0
1.46091935271286 -1.9689317693265 0 -0.765137746384142 0.534805357086955
1.23786478318493 -1.76220746535166 0 -0.719565480981817 0.238172199502622
1.06945110322947 -1.56351126556935 0 -0.644583051996979 -0.0240507576822671
0.814887544066575 -1.26952661914117 0 -0.525846103440001 -0.293801957704283
0.653276643877965 -0.992973930147894 -0.112392707715714 -0.269905805883709 -0.51451548758633
0.415578406366489 -0.731333569296284 -0.162993756820774 -0.1725361472254 -0.668489406051057
0.167778008113011 -0.475511625502946 -0.270295898615347 -0.126770076916923 -0.712008973406679
0.0614832172901978 -0.0189802409570338 -0.331074084843607 -0.0798616743081504 -0.639620469969832
0.361306938913148 0.380819716099382 -0.243418760875877 0 -0.542241955446959
0.358287718853886 0.683981557280366 -0.277551075464928 0 -0.470040133342416
-0.0163189708835223 0.84754298533806 -0.67641961291653 0.0568760777723991 -0.489507562135235
0.0608627912159915 0.896110075864607 -0.758410442897376 0.175726593405114 -0.502956619036785
-0.610348913748855 0.431251222795086 0 0 -0.356029016746139
-1.18300679388891 0 0 0 -0.328724619265824
1.29296814005298 -1.9113925820007 0 -0.75178599634079 0.440107844675402
1.08261591076175 -1.74859537722506 0 -0.694521206625043 0.158399774643353
0.754350865599963 -1.5459115849402 0 -0.58988709324584 -0.206025990901291
0.739044651914349 -1.4202115639859 0.134604672353689 -0.333930498115278 -0.396881326479149
0.658541134876216 -1.23389616607686 0.0706651176067217 -0.235589154301274 -0.605466594425854
0.409527776384175 -1.11573419618315 -0.0419401594408295 -0.255009085353162 -0.736962390757178
0.182776218233617 -0.892239430203556 -0.201401698680261 -0.180365495082866 -0.815753556898315
0.264887665165438 -0.539152036260281 -0.327877438256967 0.135506935640852 -0.751791889475872
0.26171157126666 0.0262540048843077 -0.489945504481727 0.193994803536905 -0.675364651484369
0.201128118535339 0.404113648517754 -0.54299587746895 -0.0397672724292062 -0.604312365114176
0.357736868423116 0.426615283330065 0 0 -0.322455657491855
-0.134308923773528 0.794656384415036 -0.684575099184607 -0.297486031180144 -0.372540063638437
-0.0837647024581379 0.778633685408446 -0.757640049625781 -0.118697565609629 -0.300960853783251
-0.604101769357891 0.270332151591189 0 0 -0.295612600882254
1.01979804660431 -1.76127656213247 0 -0.510190544767466 0.252544686378536
0.802649867722081 -1.75973517422464 0.110204132850218 -0.694865336072185 0.0546550336066843
0.652535825708721 -1.63115474199805 0.263389520760921 -0.432738306135894 -0.199242753130596
0.638342740061283 -1.58363010881092 0.268937259457697 -0.346716746734686 -0.434107375722578
0.623618723002369 -1.4873759621202 0.192717298583039 -0.401452523363065 -0.62205221161384
0.517625207417613 -1.36952888607601 0.0401349675342942 -0.350323657891623 -0.795106920954747
0.309368345635855 -1.31159706288681 -0.0360682148149991 -0.214110556737146 -0.917342824964153
0.291040089850396 -0.945246489737284 -0.192012000104423 0.0310958412210299 -0.92672922581785
0.194011657638253 -0.377433337161488 -0.376012029497664 -0.019772803973263 -0.8104980982872
0.214467331270213 0.014370250595719 -0.425769753307955 -0.150958522092581 -0.659521168130219
0.499700308424091 0.0559845076128621 0 0 -0.363048074420093
0.365170436635183 0.132337599498267 0 0 -0.293062558703215
0.152621771297203 0.178502673837368 0 0 -0.244223909220082
-0.18703504941642 0.517794036859022 -0.785486219368449 -0.230524995391833 -0.125538374605403
0.762306691119349 -1.96251430518535 0.123870104914152 -0.779880147975368 0.213633473205167
0.587524865556142 -1.84859143819572 0.23076710911027 -0.582652162712422 -0.0518790735282665
0.520369384171903 -1.78517524085393 0.33379222630127 -0.446716248884043 -0.280698286695874
0.57142115558209 -1.78349722957153 0.326323455118078 -0.531742576625039 -0.489571472576381
0.626852776954145 -1.73664801134608 0.286933704327039 -0.525291363257501 -0.63421233506746
0.512628345034005 -1.67680640306275 0.193067202242262 -0.492139606606422 -0.841455491344707
0.501227809910475 -1.53721345371815 0.165158722311319 -0.379913306101931 -0.987638438740598
0.240233412303969 -1.22068067850929 -0.0182100062754054 -0.309023487185166 -0.972948154105664
0.114010343732127 -0.777025900743322 -0.262735164506259 -0.320190749464004 -0.935585276145728
0.0794453407929773 -0.44014007815574 -0.40136322380869 -0.363480910501797 -0.77886925502027
0.396632369851402 -0.307432003624429 -0.289351932564624 0 -0.446475422728998
0.280705718370775 -0.223968018483331 -0.365453132895189 0 -0.363766849002689
0.140950909466507 -0.128777332131502 -0.382692518879238 0 -0.293835554619493
-0.0118235867370608 -0.0814782999806772 -0.362403433581297 0 -0.249112302674679
0.483600305057481 -2.12934601261687 0.212508665667571 -0.737033913133375 0.0389454046253106
0.363089948884037 -1.96534120872908 0.35857015575044 -0.506610017610409 -0.129039627145591
0.445989584482093 -1.99500700786359 0.312465192139978 -0.574668043863768 -0.401214480370105
0.52530881119336 -2.00343891620955 0.369397089463665 -0.614037306165881 -0.527638401665549
0.641821203105812 -1.97399193578011 0.415487656269345 -0.611887177108295 -0.666500933045109
0.585763316835866 -1.89607860086762 0.403311824500588 -0.598234209146053 -0.801327161866535
0.563815347926605 -1.6574004807245 0.292997204364016 -0.571101512476076 -0.883940671551989
0.335100467467172 -1.37875672995679 0.114693236833416 -0.632473314142365 -0.974920301721995
0.0996232178247572 -1.19783116150657 -0.139572990315006 -0.525148783223315 -1.0411886274195
0.000645012153387547 -0.916659768499984 -0.324005955615835 -0.554735868928602 -0.944795707721487
0.376946248525698 -0.761366048132019 -0.362764547944615 0 -0.500849129237636
0.247293072506952 -0.652503575616656 -0.502296945628332 0 -0.396310561353209
0.150457268512994 -0.552101004995383 -0.537715581500358 0 -0.310197483497661
0.0483073484230613 -0.434689432873807 -0.530951884108338 0 -0.238591058360576
0.272218634633773 -2.35722420409364 0.269985229089887 -0.722107748191264 -0.125807980637602
0.240206430474343 -2.24508201253793 0.339982496475295 -0.640737011144267 -0.29691033984149
0.332241935453958 -2.24094637308113 0.331247252427172 -0.65654196577067 -0.466280685666269
0.377607661973721 -2.24631799806377 0.414210611987099 -0.695976051537622 -0.580324778905394
0.426474280370977 -2.21187137412116 0.500117694159105 -0.759993304827408 -0.718226248903319
0.485605230139355 -2.04905077999855 0.436660917866567 -0.635414956485815 -0.691974550517828
0.490977281350449 -1.81342604197381 0.277860375078494 -0.56063287252511 -0.70203874806564
0.439408312940982 -1.55726691603523 0.109555048815388 -0.693586047685138 -0.886531283762945
0.261439095046292 -1.50241151705158 0.00660071897807776 -0.753673708819257 -1.0726653668874
-0.013712867879813 -1.40056443561538 -0.224692704632978 -0.667960323110707 -1.1013108013314
0.338941375795305 -1.22413462376529 -0.416014162722496 0 -0.52797485671831
0.189125830050675 -1.06080029136181 -0.585865766105189 0 -0.405786269951809
0.0586836202643227 -0.919491471408639 -0.695473250544273 0 -0.297817183884199
-0.00933709552292377 -0.783791101919272 -0.675920321298653 0 -0.23757758402407
0.0436576711201488 -2.59756576908757 0.35890639748955 -0.788350911030748 -0.232139433637583
0.0917264542704544 -2.52241492695947 0.35796638006961 -0.758374044273654 -0.397890729710454
0.166679697912035 -2.50479145577477 0.367810196662033 -0.743826653085631 -0.525604864782551
0.165800534791459 -2.50829817326826 0.465658611991811 -0.81612772504938 -0.641208098042745
0.163125272913648 -2.46877646084883 0.565058614376987 -0.916683389072985 -0.749356285135677
0.233642239179049 -2.17937181037589 0.401210859474873 -0.811650751276024 -0.648690078746005
0.284698961118028 -1.93371073356271 0.162013824828991 -0.566211196280676 -0.550401084365
0.378590977589643 -1.7666314730248 -0.0780381290787294 -0.485416133005676 -0.665152804648174
0.351836349633679 -1.76653331436716 0.0566729041425645 -0.854792503561715 -1.05876302523497
0.25070214762388 -1.77707347099168 -0.0464816743150773 -0.768627035630556 -1.13466964650314
-0.00840522549368326 -1.64186039202898 -0.41443166266501 -0.46147881159049 -0.915391543341174
0.129394869323996 -1.45812420389855 -0.642373781909903 0 -0.408106122515903
-0.0096426710617753 -1.27969020094792 -0.790133127917451 0 -0.270099556230538
-0.0748441871863276 -1.11671337135745 -0.780338943612079 0 -0.223845922281851
