"(Intercept)" "X1" "X2" "X3" "X4"
0.445063883430045 -6.65922577527326 -1.77978496390399 1.5628552689963 1.27053488972376
0.454699079406667 -5.77255348863374 -1.30317345889604 1.08699178269898 1.07751499897602
0.284846833474452 -5.44762495758702 -1.37171832847132 0.595806154113687 1.11793573309349
1.24510478361743 -3.49389530256573 -0.302006517273401 0.278804719374038 0.913260520691788
1.08088847071506 -2.49776500459638 0 0 0.474542043757343
1.16695174797318 -2.17231130104065 0 0.0810291666510443 0.177011546871989
1.04498690486395 -1.69998008389159 0 0 -0.229364176889539
1.06616030302012 -1.21147770088181 0 0 -0.386930932013899
0.165716226529546 -1.28646662929102 0.675867280817727 -0.287600258257012 0.451247207764881
-0.0175783045501415 -1.29446586322931 0.865023021308821 -0.121416828127602 0.475083953395274
-0.173396423789657 -1.39487236483507 0.912054790374804 0.0641675808226028 0.280429339290499
-0.256402345395211 -0.476552331389123 0 0 -0.571413613968845
-0.666151870696368 -0.611627015464016 0 0 -0.546408277160836
-1.06410807373249 -0.887232693995386 0 0 -0.499218321296062
0.461795182760499 -5.80221385278994 -1.49722948094661 1.47522893425786 0.86372979163394
0.476150068506551 -4.76787337197963 -0.981507499841876 1.00908506795107 0.637160139977141
0.315942170390218 -3.97498944090372 -0.60617838141559 0.510949495403009 0.507586620063159
0.602674289569468 -3.28734459707375 -0.269241140071379 0.203149734917837 0.436187222184095
0.972858409089845 -1.81565856896755 0 0 0.115503862548479
0.89704159579818 -1.32450545014965 0 0.0966660013565714 -0.105176134420167
0.590455230436974 -0.892395720785444 0 0 -0.538162973998593
0.620634734611233 -0.571709065795528 0 0 -0.581696168055566
0.0547439242098562 -0.711911048640519 0.466012476704915 -0.063875295424038 0.0603950292042111
-0.0649079471373442 -0.872820427409043 0.616348247008714 0.193225589804442 0.0595002606229498
-0.0152761589760932 -0.812491282125793 0.614526073946468 0.254307724756316 -0.225521506724541
-0.235931910835806 -0.0427114045021891 0 0 -0.641025705200521
-0.665051525736148 -0.337000906534696 0 0 -0.57904086660745
-1.02906544709397 -0.487255763521815 0 0 -0.525825054127416
0.477624242389862 -4.93325904056058 -1.10944097242517 1.26621988982004 0.531563329042325
0.312186939585548 -4.01893352629655 -0.757225368542214 0.84615913214963 0.172781235585473
0.182616236893328 -2.95333360606822 -0.288068282097413 0.320923884602932 -0.0305582556772608
0.440032389247241 -2.06764601730496 0.0503221206404547 0.0321879930758877 -0.108016214199959
0.854664144902128 -1.1710115102507 0 0 -0.270226971269231
0.718559994812776 -0.665273751226246 -0.108149153661885 0.257813186697496 -0.357318470769293
0.505247720029197 -0.423072715113138 -0.0718526274291078 0.341344067933829 -0.676589934753566
0.440669092982433 -0.0522891525350807 0 0.433127604241189 -0.738459421454904
0.704040205659107 0.0116379196884691 0 0.451148313046805 -0.87181213968707
0.218830401518799 -0.338158400299034 0.243632731653628 0.476138151102713 -0.625962608198385
-0.110224616719231 -0.0501933390406465 0.26126685541546 0 -0.6399033092041
-0.220139170526196 0.179646015831036 0 0 -0.762712555938213
-0.635616027863913 0.227823575697573 0.247854859594288 0 -0.738814635140684
-1.05693695039889 -0.355993404965516 0.188638872871348 0 -0.416245663771506
0.47522826513358 -3.9743828789831 -0.581019091427872 0.741812526884913 0.566013520336645
0.403649422779666 -3.09049126565437 -0.217217515542472 0.435418027791418 0.133544478100045
0.13157707302566 -2.2540594470131 -0.0207720910282503 0.0437763623683974 -0.184882798528291
0.282169698691735 -1.35701833088377 -0.228238882716801 -0.271607985633451 -0.557553436771613
0.706495289327951 -0.738517938638418 -0.326303569778017 0 -0.502881221973862
0.838874890249421 -0.519758753780211 -0.352447498854368 0.437352694740064 -0.946845477224221
1.06064495586514 -0.0936292860511629 0 0.655898669521342 -0.900079738755382
1.15099259363467 0.0920233034730034 -0.177405627849453 1.08278122953637 -1.33201711348351
0.832837401058871 0.405373809268211 0 0.621043255754591 -1.24691634497424
0.638112665829492 0.399379171707781 0 0.525954776119326 -1.24184688590465
0.0131172120261187 0.47454227191812 0.253261028661944 0 -0.933293712212114
-0.496054519377296 0.123113374747561 0.537282827117904 0.255271054155601 -0.904573280828529
-0.915874526003369 -0.21286057843266 0.0872516421055518 -0.024257547054364 -0.447328836241721
-0.841189862409848 -0.279375886113565 -0.406194905532745 0 -0.286735535103652
1.56313660696109 -2.72663835164039 0 0 0.87319938258892
1.44320111076628 -2.069414432307 0 0 0.536895635679091
0.765615891940344 -1.71439509357146 -0.121118998936436 -0.427140781233901 0.0498394667148387
0.818436025171138 -0.99391942881956 -0.348984990524773 0 0
0.464450477694432 -0.484938164591736 -0.39937727279432 0.290389440928246 -0.834239114872306
0.793118575527194 -0.233984533898478 -0.48287361794949 0.563626072183048 -1.08685168339557
1.40205786128837 0.16270372416805 0 0.844339158830455 -1.23484690067532
1.44733516770404 0.325256912049227 -0.0819758314106398 0.746562389585476 -1.5542476115761
0.827387920676653 0.720474810873451 0 0.460705691728548 -1.38808334521442
0.493495259992396 0.924314969449623 0 0.557925393811394 -1.47810520612986
0.0940433362461592 0.737146603425171 0.408385643054632 0.600073083674326 -1.4077091194447
-0.219031722907826 0.559944207648101 0.34115737988858 0 -0.903898863332189
-0.519295305944713 0.24540617631671 -0.114558757429852 0 -0.495741660693052
-0.505437450095019 0.0499505921313148 -1.0322756074837 0 -0.173582361577881
2.03971029757681 -1.95236794952447 0.207004588136689 0 0.94352610440997
1.80195681065657 -1.69695207687809 0.0502782625515386 0 0.795138836701269
1.06145819865019 -1.41014624822659 -0.695266730355596 0.047267964767972 0.409658110588909
0.64122175690526 -0.876599885693208 -0.386903338690161 0 -0.134637287067783
0.369025019080558 -0.502878806622146 0 0.172336424273803 -0.909408186837726
0.490786000749547 -0.0453001334873682 0 0.461155922684084 -1.44333796820197
0.619847572177427 0.167188946535134 0 0.465028683583816 -1.69392448158794
1.07495984823256 0.532594179496937 0 0.823441858259042 -1.77420350705652
1.13686104612883 0.906194880844517 0 0.930771805441286 -1.72206799697746
0.711508410840305 1.21465350569452 0.201621116581501 0.810350533713773 -1.56055679942588
0.714895068319031 1.14884937316949 0.131079023272901 0.694153918908741 -1.90025706073451
0.133912957010264 1.14103791540003 0.34624257350607 -0.0452441445906361 -1.04279171836651
-0.304554013394657 0.657457731814204 -0.138290445867583 0 -0.48835398656145
-0.373781262708146 0.0239965193568399 -0.356762349485582 0 -0.25865321017194
2.07864372350152 -1.48798392686631 0.32609001322824 0 1.14581580314679
1.52774525475774 -1.32565870249226 0.158972114418137 0 0.827772585486602
1.12251917288401 -1.19945477818093 -0.119097805502835 0 0.360817156984837
0.759164761874569 -0.862608643758286 0 0 -0.584166222491707
0.502747951655201 -0.573240834680879 0.228693388446401 0.153415117524606 -0.986699743149438
0.375593254821187 -0.169662203652846 0 0.391635387393801 -1.61694404034653
0.306035403681369 0.485318093322012 -0.0172116492344815 0.646539657180807 -1.71289084024628
0.715505862412166 0.625003826927909 0 0.647744813214201 -1.68086434722862
1.190782872794 0.923102149137755 0 0.850558157562044 -1.89756534604394
0.380392005610803 1.30822500602664 0 0.560634096024691 -1.07958350286949
0.00654512305430633 1.42854242301354 0.209874157685823 -0.144936898534622 -0.767512160449263
0.147928062699791 1.09474251108309 0 -0.128864041373672 -0.690116853664119
0.14554632018197 0.613618454146085 0 0 -0.641366028046343
-0.297535911405676 -0.10149778555753 0 0 -0.221201839242971
1.76504633460637 -1.13524511608943 0 0 1.03411231818402
1.33305201982476 -1.19006344376826 0 0 0.623673801041251
1.16557666061967 -1.12569429640985 0.242740041987426 0.221800365177986 0.178377380042105
0.698061809076607 -1.09974182690782 0.340354085998328 0.130005935975453 -0.449590924839571
0.423403833959344 -1.17878599855279 0.236361152270036 0 -1.00160409329029
0.759487405623748 -0.671991030258426 0.0805841539755206 0.310189385130421 -1.47386633274335
1.11302950117776 0.192717540058958 0.136567888428843 0.719933803983443 -1.54396939056397
0.296853908946376 0.343672223999309 0.220799581498124 0.344916006645318 -1.37935583471136
0.800087851297341 0.782143745006683 0 0.463034893206666 -1.50516282354434
0.590039229022524 1.37171048523001 0 0.406317601915659 -1.32287334475712
0.13119451001513 1.5614443859894 0 -0.12832371303863 -0.636939760265692
-0.168918175976624 1.14182309062151 0 -0.502982285243958 0
0.168614011832335 0.303566705791718 0.00893340499791785 -0.197337127687041 -0.538929695715429
0.0738399598338912 -0.276199645020011 0 0 -0.342422641691874
1.13509623329629 -1.03596540563942 0 0 0.897454670002407
1.24449317037691 -1.34615712158498 0.028363226319192 -0.0295205434565888 0.641623172344061
0.698311952709125 -1.40745430862281 0.0931000737210668 -0.0244101126708367 -0.210514713701974
0.406744295229052 -1.62783630541376 0.258955323522993 0 -0.732460071571931
0.180284640772696 -1.83889915974918 0 0 -0.570462925729204
0.42257478493764 -1.52356539337494 0 0 -1.17729317889192
0.549243690117563 -0.91052349485951 0 0 -1.41108901667116
0.0497516831276433 -0.700574677271543 0 0 -0.783598568260699
-0.0220906497278376 -0.188436525948434 0 0 0
0.082403234282345 0.897575273638394 -0.330589859453694 -0.273410737522794 -0.629461307568042
0.174810470372108 1.21732330436631 -0.382424411775558 -0.245077797458564 -0.194095507508204
0.0637721613477749 0.927159698096148 -0.576153946583199 0 -0.41442239894643
0.299263850600403 0.212916741507713 -0.685763262175465 0.350781699660067 -0.338554244929809
0.738330727450796 -0.7138944471458 -0.806388929668276 1.02919151001542 -0.285772995967511
1.07530984001165 -1.16775556713125 0 -0.310973028178196 1.08806207831946
0.500637491543882 -1.00697518386972 0 0 0.0752337196486999
0.425448290473713 -1.22528185770228 0 0 -0.483854499631949
0.120338223438129 -1.86107996575191 0.207372600039498 0 -0.419129003921768
0.320532234352167 -2.32443740742612 0 0 -0.67220976306322
0.976196637926172 -2.03191541492824 0.219782984878822 0 -1.31395234328127
1.33145330698363 -1.57366313858354 0.293811764105041 0 -1.44223816224293
0.83515489083684 -1.25285082997738 0.0852751920153301 0 -1.366837396756
0.705975087487882 -0.587766944596396 0.159676665054466 0 -0.777196378958399
0.398037535422081 0.178796501268041 0 0 0
0.837028114524707 0.709864937624255 0 0 -0.587265667797289
0.431486674578312 0.616133897759236 -0.574636941904895 0.097168793553141 -0.771626482539473
0.402356920554352 -0.0523080310529511 -0.853167959917132 0.379408998248363 -0.25136323421401
0.647527820503551 -0.566806788860691 -0.994668355226024 0.465557678715616 0.153159458138824
0.280853699619061 -0.73461333015351 0 0 0.835803785348195
0.321859879214302 -1.02260561377072 0 0 0.274076149398696
0.255804326903456 -1.5175028817944 0.261687761445017 0 0.0212356577150418
0.256924133718318 -1.96194865827206 0.16223145096719 0 -0.342315200267787
0.512083003933709 -2.61903624669008 -0.0024756338075271 0.304374566852953 -0.562191453306045
1.23836933939361 -2.44780831726608 0.11283169066297 0.28062787613607 -0.996557884212525
1.54725618837614 -2.12494838337585 0.105836606945027 0.378530727855505 -0.902807783666281
1.36464598070559 -1.91140935386354 -0.164808653714285 0.140350723419585 -1.2306897936868
0.628774461480364 -1.03980846412437 0 0 -0.792777580420671
0.759323810987639 -0.456591781253853 0 0 0
1.03981186350706 -0.21531233930772 0 0.0685346287247668 -0.816986236535769
0.00545162551010601 -0.0609675480768796 -1.10643677308462 0.142947517660381 -0.676874587464314
0.36814960638235 -0.415042295825984 -0.863851395440054 0 -0.054191098743955
0.535631726937233 -0.843399909630447 -1.1581685728267 0 0.256761694506989
0.271653483348159 -0.815174255731402 0 0 1.01294093944875
0.261086026374228 -1.19294859661364 0 0 0.507337238862882
0.462978154837278 -1.5932520645157 -0.00535007896002388 0.254399011280145 0.520151825932297
0.254493806915896 -2.09749947311316 -0.0177963226503299 0.295990733025069 0.198391686311952
0.519736950776836 -2.41139219105879 -0.0811922249532654 0.23592441957881 -0.228622166585899
0.969989717234416 -2.42448481854259 -0.150033872292014 0.400452783520923 -0.0645846011948032
0.89666233639336 -2.62701170208785 -0.118619869682544 0.335700187798371 -0.241008932017112
0.840595833053489 -2.51983599434149 -0.306480777446287 0.180922132547547 -0.391414969866345
0.784729583380645 -1.6985598734808 0 0 -0.681475441720746
0.510186599839309 -1.0164061413517 -0.494610985098573 -0.106119320772155 -0.539903978092301
0.652163343144879 -0.991922716171952 -0.717018292970513 0.0415592918056882 -0.447920547860509
0.162669057823243 -0.779229214043772 -1.16524739928488 0.176002240457843 -0.167268806981764
0.314885722168479 -0.974694920761737 -1.11551122630818 0 0.0529497674486618
0.418382545706707 -1.38635474878501 -1.54302067890799 0 0.417874236819256
0.120188706761068 -0.924546350494553 0 0 0.964392878224867
0.266739720817343 -1.29190603478043 0.165047865960897 0 0.987374675892048
0.217850422999095 -1.67106157858322 0.113160743236878 0 0.516270579387876
0.366519906481737 -1.8841681144185 0 0 0.0776279875570306
0.420327632212111 -2.10480629330428 0 0 -0.0110670220289631
0.72606120664526 -2.10476908127315 0 0 -0.0903586975076121
0.567101784323466 -2.52530210745836 -0.250153577009307 0.613125619059871 0.386389999874001
0.500292319903614 -2.78369981245044 -0.398357080828837 0.371751108423977 0.276811919528444
0.972632631092513 -2.16081573635621 0 0 -0.484228559929679
1.15758336792843 -1.78319594949068 0 0 -0.338510877451346
0.364054242476881 -1.5420813760729 -0.962827844443003 0.273005916547157 -0.0820300135260767
-0.158106312426122 -1.25486422012504 -1.35463807604227 0.488360222384799 0.0765627705746884
0.11319159651016 -1.55911831542266 -1.51029183608879 0 0.277622554805074
0.146726447348984 -1.93247339106495 -2.00219298037913 0 0.686507509796131
0.10751660215509 -0.983804387941963 0.140585529578413 0 1.36371218540754
0.121459165853486 -1.3277942276531 0.112119719422687 0 1.10254736894343
0.155658666889122 -1.48710307635018 0 0 0.224911630010449
0.401221522831837 -1.6570087534663 0 0 0.173615879221552
0.301526931683853 -1.82813770878086 -0.0528700755664326 0 0.222741948848932
0.50868878705675 -1.91639226465308 0 0 0.108147639964495
0.182392282714833 -2.46224382137898 -0.479391182546855 0.673877326100308 1.01639566399658
0.378652200886525 -2.70093933200619 -0.594605668876498 0.769573257488513 1.02959222107208
1.05303723036409 -2.44981353970343 0 0 -0.385687428474478
1.2973129170919 -2.22220793279573 0 0 -0.305737315033365
1.07420581332517 -1.89251493590115 -0.532443782269495 0 0
0.715805681313902 -1.66338850974722 -0.769268192669416 0 0
-0.650397735061601 -1.6621195156182 -1.97368135818846 0.904803849315355 0.682611475199751
0.554125615941057 -1.880223814138 -1.12690267181081 0 0.327784837153107
