"(Intercept)" "X1" "X2" "X3" "X4"
0.455408267922003 -3.54773525056041 1.81532080542233 0.881365196323371 -0.277928072810558
0.587241587092197 -3.21831155592838 1.54507862536379 0.821549526669369 -0.16330076468817
0.68637160708391 -2.95541882426003 1.22307364867243 0.755142786549685 -0.0613790551534784
0.821514355680108 -2.70264713054365 0.860702751940539 0.710102824887194 0.049273772767537
1.06998154827 -2.47504914919381 0.541517287522349 0.681560229716277 0.141103589737216
0.927359651067174 -2.0437784357902 0.239475649727165 0.284637571886461 0.562723984465194
1.01818780702843 -1.6151469660862 0.101383014443588 0.335258127964553 0.92687519989181
0.415274485920797 -1.30922812120093 0.388122256306969 0.125211065146249 0.976383302045919
-0.343913613213476 -1.21888959809331 0.837921714461257 0.257051641139659 1.68543591708458
-0.838008672591522 -1.4304478244646 1.3794987495307 0.773962990587206 1.82771319581322
-0.966528108935812 -1.48341961020832 1.80457566958225 1.18597027663277 1.17520099985954
-0.761306140381177 -1.35883208269722 2.17054001984839 1.27238203690446 0.768530169962197
-0.798569480174332 -1.3312380444886 2.61886935699692 1.44735872924934 0.501021666265469
-0.988229308571572 -1.28228502110971 2.95005438361905 1.39483483112048 0.106189308754873
0.607587111867343 -3.66836166873422 0.559572450671389 1.11070075212883 -0.673526378741483
0.559169143891986 -2.88895737480642 0.97026317088135 0.857378963942311 -0.378760514995372
0.496562679450754 -2.49352116235193 1.06634978173238 0.590418556569596 -0.314031659976527
0.543311638469596 -2.18672123021639 0.861927613829761 0.480617126834188 -0.340166420285678
0.62938936900369 -1.89395822524809 0.533659079710901 0.390540807930536 -0.405808778019154
0.491624360441993 -1.533274595667 0.224394149657851 0 -0.448247159571145
0.683679040399117 -1.02664906436496 -0.0189812746809639 0.374409349351049 0.299817684765041
0.426357049379799 -0.730303917576 0.122000335271651 0.325561318098652 0.211974997629726
-0.0996397332184019 -0.770692467281116 0.586572173587423 0.633508983146819 0.861880264215539
-0.427254134397572 -1.05260132604564 0.944188516372584 1.04071959198428 0.677420613450148
-0.448431511547753 -0.832427979412571 1.35448258594963 1.12837010622651 0.154291921073751
-0.455459529108828 -0.734759063100477 1.76508115576094 1.21611807935044 -0.0396911382293251
-0.602515771663826 -0.796427576308445 2.19280398578728 1.36923405504014 -0.114695428735096
-0.782337104851575 -0.942682708291991 2.54150742334236 1.57451394240332 -0.032912334635768
-0.0104259943921604 -3.16532448750742 0.977368370168667 0.384763379022223 -0.965186264505699
0.173570951758218 -2.79281547672381 0.40910958568607 0.563965781716563 -0.757992872315986
0.229726657878263 -2.11420616762487 0.376031797582211 0.58026576089878 -0.501911273613579
0.290508557095385 -1.71231866111045 0.691528448648802 0.250898970095452 -0.663990266609749
0.231478503740323 -1.46664494376189 0.405041804376654 0 -0.958297285136598
0.744895361090475 -0.993964469771657 -0.0984429531029779 0.345653609667649 -0.448295225571478
0.564845792500408 -0.643945774716917 -0.218922362160594 0.538055873094827 -0.346899817915253
0.375966716101497 -0.310912944945894 -0.0350192018629343 0.690113542461229 -0.213223588578541
0.253144079793005 -0.284621605999515 0.176673576357186 0.976601119734839 -0.426081262929119
0.264405695834701 -0.399457848504824 0.444820837232267 1.12533443261023 -0.744291464636762
0.00632875866088912 -0.186799804690952 0.887100362851177 1.00954988428271 -0.873762818036983
-0.26511919028741 -0.164818511200749 1.32919689375749 1.05468535544602 -0.712229855542724
-0.658215527943334 -0.427102944463053 1.55374802077483 1.33098169661337 0.0809552252066138
-1.0936629948097 -0.901825030855159 1.3756226080381 1.74668698216123 1.82544819771289
-0.0624962754385284 -2.22146449194268 1.60199759453923 -0.180499197455803 -0.853463478298746
-0.0373906015813961 -2.11938547450831 0.984366217781611 -0.0774197729309577 -0.954180969264171
-0.389566228184143 -1.91081540461237 0.480545411815862 -0.0897339194150022 -0.970132918111824
0.0418860233859352 -1.26421259212024 0.432424996182029 -0.0239351795676649 -0.916751826876313
0.358330067625267 -0.875205992860652 0.0234244543524415 0 -0.839404713884013
0.70185386551792 -0.690113632284041 -0.359595649598758 0.366637516500611 -0.770602711457025
0.702826851856901 -0.218510952496339 -0.430815756216411 0.809848645313971 -0.858171290600865
0.626491675715189 0.00711245159859437 -0.249187356516139 0.995195905275418 -0.905114315768506
0.480981151391559 0.28138097390433 -0.201191892880514 0.779242573415352 -1.29428807842394
0.52244679355615 0.177869077413488 0.218214926313446 0.992106548430114 -1.48577961644378
-0.0279027470334568 0.204242364131982 0.744821874530502 0.913690943022657 -1.4199943974447
-0.569733187445748 0.149680294377021 1.09987795657197 0.958937099402099 -1.16092446466196
-0.903813593327302 -0.142987357293395 0.849084718368597 1.05944165302988 0.221291186814794
-1.39226704115378 -0.959447959290387 0.584311711933488 1.45886725257941 2.08389836135467
-0.264444971382888 -2.13582090061291 1.22015187012803 0 -0.556064198476842
0.0359440752473277 -1.64729999017389 0.846897447321217 0 -0.572362906972937
-0.487042829826361 -1.54708856346713 0.472157205580862 -0.508786311322081 -1.27777766691455
0.0814527692809254 -0.974772450941563 0.109482099226765 -0.217365016577365 -1.01592053666415
0.429978287279288 -0.547733327771164 -0.21798994809637 0.0815007117886241 -0.668174014367755
0.202748490583466 -0.121128350130097 -0.585956303707737 0.336254100472452 -1.09991535934718
0.652079667536676 0 -0.219578035211928 0.537996361153156 -0.919144912784713
0.573991314759823 0.388147180269258 -0.540914836841464 0.360350397283022 -1.29180389109063
0.3663489422039 0.792371190458503 -0.268612985502507 0.293449436991238 -1.20338366398646
-0.110230193088813 0.754158802922337 0.353241567501552 0.696248261992231 -1.21547162070602
-0.0665371089431186 0.626318068392333 0.647647580196448 0.635163720614008 -1.56649661098332
-0.0954861908772758 0.395691011319115 1.02620026244491 0.413964879737195 -1.93129970677971
-0.811055908404194 0.0870420733248898 0.444262844067655 0.435402396755248 -0.518082287828851
-1.44874122382204 -0.938222908612414 0.263509882364808 0.792647916350051 0.899957035607184
-0.210266378191881 -2.63263113833245 0.837512872880603 1.15381717556394 0.319632164824994
-1.38533968116975 -2.86242339695917 0.0819252984129772 -0.0280489687800595 -0.785499898813427
-1.18627172686341 -2.06031308675123 -0.330168691381465 -0.388269253429043 -0.954140146425185
0.149753188922019 -0.896211109351313 -0.0739125117489613 0 -0.393036984451666
0.114626337373941 -0.396544569131333 0 0 -0.435063729137552
0.204934874485955 0.0386148350195402 -0.346788191500562 0.547165746323537 -1.04533533987422
0.123205617767962 0.211537736349513 -0.381372162839033 0 -1.05401597239296
0.305020964911504 0.68668975821284 -0.220331500351479 0.475490516463929 -1.17548579681834
0.32940085044856 0.827494499585335 0 0.291769376280478 -1.02339890620411
0.387673892309763 1.08959422295952 -0.0535072097428183 0.322112601308642 -1.18247269439199
0.223553992473189 1.13283538818384 0.573379978221413 0.62680498306423 -1.75596575045064
-0.0956570114253704 0.797891675424849 0.337038884749339 0.469290713561907 -1.33580656381207
-0.705968163448345 0.399389398477103 0 0 -0.666224640582742
-1.17637548485589 -0.322320207960605 0 0 -0.25782201257919
1.17500784760029 -1.36948434448059 1.23296308395119 1.7100341187611 1.3256424678315
0.0750785229301674 -1.861859140174 0.746978054899305 1.31877353451577 0.900349337844905
-0.794980500603929 -1.41924621681876 0 0.459096682573404 -0.175811508599196
-0.0936640060383515 -0.827915335452538 0 0 -0.525052672184184
-0.147311322170975 -0.642640383127548 0 0 -0.528694717435434
0.218032933376857 -0.242953886121579 -0.413832045252504 0.424408448666681 -1.24071302643443
0.168677654788011 0.232538182651204 -0.107904708664825 0 -1.00394867046052
0.550484444137569 0.704722081645798 -0.102138092342153 0.463349825398644 -1.23694395819319
0.456446717886022 1.02842281785697 -0.0573699671416254 0.40475914645991 -1.43270434155118
0.343490628963447 1.21286767753148 -0.276526322139095 0.121200642484538 -0.67191824093875
-0.286838947138722 1.2099589492321 0 0 -0.654916227299817
-0.313061974589336 1.19199184316641 0 0 -0.515583183851696
-0.508106364931892 0.447994139998465 0 0.494994025776167 -0.381379211701822
-0.817726945402715 0.0604958865001267 0 0 -0.17323680345963
-0.0375328316709373 -1.38198524297042 0 0 0
-0.0881239119320609 -1.34845097053306 0 0 0
-0.245588651872859 -1.33944379526789 0 0.367104735894793 -0.231850543424513
0.0558438543684102 -1.1403903304418 0 0.0875251810059694 -0.727859457892605
0.227125029384618 -1.0757738250252 -0.195518540547928 0 -1.04476402766293
0.598079254580885 -0.742110238042524 -0.210596593765002 0.249902087491565 -1.43174081497367
0.502790421803794 -0.317301576035972 0.149947421899436 0 -0.995422029950417
0.0241285184920508 0.0119572052891864 0.148978787007249 0.12952398396241 -0.812117576852739
0.0031169561843165 0.695571715121267 0 0 0
0.761446487554219 1.28527370324219 0.375655356277045 0.0880345821073409 0.129251319699011
-0.224757829589341 1.89047980197646 0 -0.233753027956271 0.13999226613629
-0.359073980373491 1.18052680564436 -0.156007464486365 0.238487454973637 -0.427080955385883
-0.627356242060444 0.385659497672598 -0.343716176432783 0.664575386332675 -0.184867036551554
-0.383508495885257 0.647158894851176 0 0 0
-0.211622036052405 -1.516427675652 0 0 0
-0.102977517903475 -1.47972718863284 0 0 -0.284746258647229
0.243978045421108 -1.3465865195979 0 0 -0.549197148500085
0.715089611597116 -1.25220954966399 -0.0685536402625205 -0.201833389056065 -0.824529748041822
1.05236411708871 -1.51266702287033 0.0417702694732429 -0.0761651036837803 -1.04556084841054
1.48947550857914 -1.43703677508518 0.4088976188138 0.168955780077919 -1.11345322511663
1.98988703363021 -0.964800046706708 0.71613572811302 0.406987830917999 -1.00892963675198
0.471386166743304 -0.489957971110397 0 0 -0.95447085399766
0.288092953723286 0.0712997107333599 0 0 -0.439426019174751
1.65221868587752 1.00562218667281 0.671826598864619 -0.0460024198209785 -0.854635895815691
0.452091751633774 1.62668321928567 0 0 0
0.284010223261065 1.24644140926852 0 0 0
-0.095322885304611 0.208969717570451 -0.78508374371273 0.244159084286244 -0.666001755819757
-0.275928610624129 -0.490754861594834 -0.901935799351252 1.13838740399648 0.158300852606439
-0.245171258891734 -1.45614837987385 0 0 0
0.783327544043742 -0.580954521218303 -0.0406513973506409 -1.05974620242175 -0.514049868361459
0.297584943536971 -1.54089165836907 0 -0.159515797512903 -0.513073990867773
0.53050512248223 -2.0735644043198 0.0737053423344649 -0.0588495326228052 -1.11741337837442
1.1097093837206 -2.3415266129259 0.395552079085099 0.248638145655521 -1.24564807402603
1.16705926803033 -2.20781381561939 0.634879685875686 0.0436289102104898 -1.24507476086317
1.09476238593047 -1.5110777432442 0.318748730516715 0 -1.21706584569592
0.427235210289091 -1.06820958965522 0 0 -1.02872325039412
0.742486077568023 -0.632781273064183 0.176698856026117 0 -0.528739254121745
1.0094850644554 0.0927417488644931 0.0359429355213898 -0.162967885550348 -0.919249169358991
1.16596904839382 0.809106862621372 -0.0573007531341488 0.0415951881611288 -0.0885218453493325
1.32944404784431 1.06855088356961 0 0.0508154953100667 0.138095243248901
0.879872535681569 0.674851305405317 -0.308666182191877 0.300872318247418 0.148852731018326
1.34575181263046 -0.179950010814175 -0.47687632813502 1.31536465466662 0.376694175907719
0.229613785160324 -0.143833089454192 -0.0468177230331172 -0.688747684115339 0.0900979607936712
-0.0544428509024718 -0.799438830629252 0.694409075424622 -0.195942302278666 0.524091576323524
0.287426249542052 -1.56858360829573 0.573560974006874 -0.144639474769884 -0.233093029463142
0.445153133094094 -2.29256705929004 0.469114685110505 0.0483268690358455 -0.788367120138274
0.538128663109213 -2.82398682821439 0.464405807447664 0.0947669596343495 -1.28773043430045
1.22928130044982 -2.48950213998742 0.43768309857489 0.40171574229556 -1.09891896929662
1.47046830991965 -1.96241175499018 0.62268357241181 0.462881713623188 -0.918964420463681
0.374393996769927 -1.33027881188067 0.0990520686145447 -0.108053499391454 -1.31590009544107
0.333719261164131 -1.10664933345146 -0.0483255907153849 0 -0.729074304701783
0.132079652836752 -0.396642166518342 -0.394336820323481 -0.190383449883657 -0.64544075648752
1.33857930563062 -0.272117837583611 0 0.251135627192398 0.100925285571668
1.73541656624585 0.0763505000803543 0 0.326958223940564 0.367829098500243
2.24175536213137 0.364063155620311 0 0.314997815817909 0.740039887798664
2.31390887888447 -0.110317426437607 0.0346963872730313 0.917460065603409 0.873806015815349
0.179327353770517 -0.0220632291389176 -0.159106466436395 -0.511803038228577 0.192672920236005
0.388470369057133 -0.596316838132194 0.138403082346756 -0.121253351068935 0.247623678834105
0.691255428503087 -1.43025017303357 0.168873781769967 0.0317711833561212 -0.390326124553332
0.670238108841535 -2.18597077436491 0.171814652158251 0.358262627586202 -0.538265343984392
0.43226543897032 -2.59847371851761 -0.0673482840613827 0.787875734972904 -0.903296331778251
0.937612325294165 -2.54423829974466 0.30567377760109 0.55066725779498 -0.456484599702982
1.21581802219581 -2.15043404322777 0.469983830292531 0.522457341855784 -0.405320551279284
0.357979581955819 -2.06801206624865 -0.0520317759356538 -0.0247312871896685 -0.826399224342312
0.250584208152646 -1.90707256377443 0.00397013041929656 0 -0.589207900056342
0.572343507293496 -1.28462131657207 -0.204894138277916 -0.167770107778833 -0.405920672387164
1.2905742074449 -1.1451645119264 0 0.296933002817878 -0.0638622162524835
1.97809653436458 -0.823489329086277 -0.128451717998112 0.496623970636564 0.641765044915257
2.67900568955355 -0.713224080850972 0 0.498622928726968 0.96240066990135
3.02483505674738 -1.01812006962664 0 0.478459437613976 0.592206606840464
0.483170042746723 0.335234025348149 -0.478314981694157 -0.0848053548711034 0.58532392108383
0.826053326257372 -0.472301335279191 -0.525527939077979 0.0255894402039531 0.177305296698783
0.781127539764153 -1.45785331415321 -0.347170762207727 0.390954252038111 0.0939900638318368
0.614282487786913 -2.14196159589763 -0.399866802220762 0.781857228018591 -0.0738205163431915
-0.166885495647784 -2.60021300125997 0.0413721104426425 0.564272881993246 0.329327838466339
0.442911273824488 -2.57122805374669 0.033856228513395 0.667103717407618 0.330399467067332
1.05203045896503 -2.40038800627725 0.0255077157123241 0.506001409174678 0.0860967967904277
0.733994647792728 -2.35749743957007 -0.0825298607901827 0.0705824125845005 -0.33092233757033
0.359960229881103 -2.4798047297379 -0.684582476390324 0.342316640241636 0.540105894904766
1.25481156899593 -2.15945145552881 0.11280852869406 -0.190735151217306 -0.400102293983371
1.83172247934747 -2.08837373598509 0.110885039002172 0.489134539337116 -0.200834644169906
2.19956565240945 -2.09860365468753 0 0.728272694692957 0.243093764909547
3.30063460538567 -1.63127326661406 0.113697292573737 1.12079298031516 1.41478565479753
3.93070984316595 -1.29298610631394 0.278746905630614 1.55818512578735 2.02707578530573
0.613492657682856 0.249139946760084 -0.607737731351134 0.440576705671629 1.04724144624483
0.805095595611184 -0.558483745653966 -0.66876613654745 0.64203848192837 0.822173965563993
-0.360881011573037 -1.96725010697506 -0.329168067773443 0.443470155996914 0.906027539831025
-1.02446114397433 -2.83450105668207 -0.293569630859081 0.165852942472229 1.43052581217405
-0.499113840291164 -2.52435022513771 -0.324419909009282 0.421509287122153 1.00404182505598
-0.0184864532552155 -2.55757145820717 -0.35299403641388 0.634952146467876 1.00864612067507
0.45063150433433 -2.7730207227973 -0.226501116243311 0.452556801496842 1.05932755079492
1.25662123202367 -2.78212024837521 0.0814372352274014 0 0.293901289204254
1.58867766045884 -3.09714496679602 -0.210561590401548 0 0.775278849433083
1.16183420504593 -2.91516999314129 -0.906389899716162 0.372316735654047 1.56335440280839
2.54700366702001 -2.8822473486396 -0.00361090843089337 0.447092913522081 0.833955650140278
2.5347970085612 -2.96371099676155 0 0.879707907868492 0.445037210935267
3.22773715634031 -2.92296796039696 0 1.09928966500687 0.829799780851991
3.79097526479368 -2.80715778561783 0 1.34505312030403 1.16557609120618
