"(Intercept)" "X1" "X2" "X3" "X4"
2.00375794249432 -2.47818113379311 0 0 0
1.70602821980253 -2.37015630557293 0 0 0
1.55766877306239 -2.15736987027368 0 0 0
0.958793767893872 -1.97041624013013 -0.692343272152318 -0.710100022818848 0.358491465274149
0.59963102322784 -1.86093634787152 -0.510310500715305 -0.658074908512389 0.61937050920032
0.0183650478624826 -2.2135097110646 -0.204753453002085 -0.429399520965984 1.06398409273306
-0.295344892490234 -2.4232919921851 0.320887151389376 0.0194606607593867 1.75838829635907
-0.795268518428721 -2.39874698618556 0.788339200197889 0.0648621508716055 1.79894472949028
-1.14845101650225 -2.30376430345517 1.19167074925873 0.14362515207005 1.8727036302794
-1.40816162456172 -2.05945296837327 1.43282612038467 0.049389282136522 1.48056282296778
-1.65952912203385 -1.72778281580223 1.58097663377353 0 0.495309326573754
-2.10044028493744 -1.61808881073823 2.04319903571683 0 0.368049472337343
-2.45183111895763 -1.55414102003071 2.38507033090392 0 0.133064411503303
-2.8642826614209 -1.47199265142202 2.75670842366799 0.618560740016068 0.90767588941968
2.19749518846405 -1.99041214504368 0 0 0
1.67408244148291 -2.0530315776678 0 0 0
1.46947538982967 -1.86682938348418 0 0 0
1.35098971311836 -1.61768289371221 0 0 0
0.785336944349501 -1.4567339779364 -0.510925105511395 -0.391354023615552 0.349445176528001
0.574708159150296 -1.18723400890332 -0.376668076909244 -0.310749777117005 0.440462526281568
0.0739145883110127 -1.44571393267832 0.00387262198024754 0.0539682440863595 0.792429615566682
-0.524620545219977 -1.54804375912995 0.483850560898216 0.283155716447079 1.01621361540853
-0.858344438975067 -1.39222816593611 0.797115225957557 0.302572246344261 1.07494176488651
-1.04592435124436 -1.22290587357386 1.03466038068604 0.181494222692836 0.884970844642504
-1.31302845359079 -0.980168192106481 1.23797233016726 0 0.463563833648383
-1.68871312456651 -0.911916161462932 1.62651598692653 0 0.270584982648888
-2.07215324360715 -0.787644772938731 1.82483125850376 0 0
-2.65080823699207 -0.967231191891297 2.28209376102434 1.04909916490299 0.861114243316613
2.06064084513977 -1.87085620325783 0 0 0.220072220259338
1.86994626419361 -1.57932489130052 0 0 0
1.43624891436297 -1.54202857279977 0 0 0
1.21952524837352 -1.34509303571794 0 0 0
0.782696748579669 -1.1252953070302 -0.517046428737057 -0.194816334066746 0.136276789813564
0.734725152923304 -0.775192310838406 -0.467032323615211 -0.0430883816138105 -0.00707949330693319
0.602418854873662 -0.373360943906373 -0.311121878286099 -0.0502081213453542 0.14849750618306
-0.0543955091255824 -0.683080297909627 0.158572931071116 0.484131390840451 0.250075255969338
-0.44526538304452 -0.587148235590659 0.479308762542358 0.49538115724801 0.38586978585811
-0.659331825646643 -0.332836212901258 0.541524523111028 0 0
-0.969456271140047 -0.262575047825891 0.775433220651062 0 0
-1.30699233133377 -0.207749837214236 1.10998598949113 0 0
-1.85437100627862 -0.391722773118538 1.55591252875216 0.854736075178594 0.505586081452188
-2.38508807350897 -0.670606906874918 1.84837972791682 1.36699928780117 0.704643970793424
1.96454611141046 -1.74745322117157 0 0 0.31564602364335
1.6015744874382 -1.56261404584101 0 0 0.224986697722969
1.37446471193427 -1.24940843671333 0 0 0
1.08203861232874 -1.09220479794873 0 0 0
1.02977776647583 -0.767523505032199 0 0 0
0.837368680478389 -0.40510948955542 -0.511060008066524 0.117723472306982 -0.171317235429731
0.900775182335133 0.0876830842788892 -0.50652111416688 -0.0469980965062945 -0.130817501130324
0.786519050778021 0.287061171614492 -0.470205132438136 0.000984357137146536 -0.128937425409173
0.363011528992426 0.249450975172601 0 0 0
-0.313027434147412 0.308788629134537 0.30185620373226 0 0
-0.64861304510899 0.379075095847389 0.521525863363222 0 0
-1.08115687284274 0.109483715024003 0.850991787066387 0.731218328785413 0.139738768662758
-1.61648416217601 -0.101150401034746 1.16534568074691 1.15415222122691 0.267251654766349
-2.23145192502208 -0.447629557275171 1.49496979170475 1.48460614489947 0.471915962215219
1.99863231226493 -1.61161341737071 0 0 0.706735446008451
1.59110064487514 -1.40361851628575 0 0 0.398540822054264
1.22086723971894 -1.13509776319484 0 0 0.192932203162994
0.912609722060575 -0.845818120828642 0 0 0
0.871826076980642 -0.561300604455651 0 0 0
0.96994767124847 -0.211896319248783 -0.313358714786363 0 0
0.987960819138801 0.0919659908469129 -0.374183994025548 0 0
0.928904214165953 0.569812209902602 -0.640111030784128 -0.121904758864215 -0.188436107020676
0.62850732260978 0.583653267632611 0 0 0
0.118299807596901 0.573916052080124 0.0422887170318731 0.370560568330912 0
-0.443536049812499 0.558393719996391 0.356006437524998 0.437041979769261 0
-0.905946847109057 0.418482720310525 0.575941759232756 0.859598657719503 -0.045281472117882
-1.52546792214551 0.103375152974107 0.906785749484534 1.14522535440359 0.143891903805803
-2.16642702665196 -0.220147693375704 1.25590685568092 1.48090556012668 0.473494988452253
1.95383108189686 -1.45127172572908 0 0 0.912942423031373
1.54249368480188 -1.28070273134498 0 0 0.5490725086435
1.14595580346943 -1.06071814032041 0 0 0.282608574008898
0.799939170579909 -0.816185505631346 0 0 0.056129011809962
0.843492526713002 -0.435238461176403 0 0 0
0.626429553628703 -0.147511352109471 0 0 -0.443300630704994
0.766968781650202 0.14991530382333 -0.538823366048565 -0.0453929556170636 -0.523990504385678
0.834178534429659 0.557680833666253 -0.629071747202432 -0.143764004395849 -0.525695298222974
0.683928101033327 0.740322912451769 -0.408572509924063 0 -0.566032359978506
0.32936495671025 0.890557160971064 0 0 0
-0.0771551414459117 0.743989651272615 0 0 0
-0.846091835032893 0.63100418959754 0.36896212726681 0.731241148953324 -0.210208234868024
-1.44776980851905 0.320193597008889 0.643540723534307 0.889710525847902 0.141418499751743
-1.9839911628694 0.0282606741920644 0.901529156235631 1.09792588783248 0.561301368596473
1.72008421204514 -1.14095326122816 0 0 1.02254389048997
1.43245494124406 -1.13650611384371 0 0 0.609485286211821
1.09911318692942 -1.02123165868411 0 0 0.206881370639458
0.690927443798355 -0.840976117526086 0 0 -0.248300518571936
0.378756006398556 -0.564120228526288 0 0 -0.669760997809663
0.302304032177306 -0.253187174165376 0 0 -0.734293834922385
0.452753992580621 0.122052691817279 -0.338480743742079 0 -0.903621439717001
0.651429656817343 0.450524263788002 -0.426304550384731 0 -1.10781635805702
0.540070275364799 0.750028911157278 -0.414079942510246 0 -0.933676421872229
0.515419487940681 1.03414398154079 -0.491026513257038 0 -0.765157356712532
0.108481222662521 1.19062460451362 0 0 -0.380485167837001
-0.552383725826257 0.952132193480852 -0.147748760310247 0.308204198605031 -0.434936967545669
-1.19179882004233 0.549971027040853 0.19773933946942 0.409836050199159 -0.0168723702859491
-1.6825094477974 0.0926010794945207 0.482469232707576 0.674621906346116 0.313024177635905
1.48876641276764 -1.09410480029438 0 0 1.07129661918979
1.15599269742535 -1.09603980314522 0 0 0.458864848800649
0.911920679278444 -1.10209223815595 0 0.12613351811868 -0.0108818256990729
0.529836532603997 -1.11739230578014 0 0.241398013530706 -0.542173114250831
0.505670177709467 -0.949514066188474 0 0 -0.884363914149357
0.475866002533942 -0.719781806277347 0 0 -0.856383279586064
0.35908428115539 -0.201598573650127 -0.322992077022334 0 -0.887059539006484
0.379820178922259 0.208544009365461 -0.417765722918585 0 -1.04018922432394
0.389116105388065 0.591318442258628 -0.280841486933427 0 -0.846996457632471
0.389680203846389 0.780801716645728 -0.517969091832888 -0.275567389712629 -0.84817273365027
0.278565727951509 1.17370067823289 -0.653376880764929 -0.415049255117918 -0.702249718549024
-0.159254707021014 1.24255058527018 0 0 -0.367742488700056
-0.610849737237201 0.939207419423942 0 0 -0.26441395194006
-1.30231021336764 0.404839159772594 0.0471782889039713 0.507475100206323 -0.111710977512923
1.12529168000514 -1.00941721372704 0 0 0.871898431737757
0.754476377877936 -1.08049597083452 0 0 0.222421841087337
0.674961429161909 -1.1598185547293 0 0.155010219081457 -0.0840870162422025
0.644913523738442 -1.32457486590555 0 0.23615789918317 -0.647037360870523
0.929278723594378 -1.30947068977741 0 0.290420689834138 -0.96544592774752
0.65295888135574 -1.2065708477679 0 0 -0.889941704632583
0.324476492646773 -0.770094396677355 -0.158400909301361 -0.240611899709889 -0.877991188390665
0.291371122487418 -0.284302080864784 -0.271388000218818 -0.162825237559743 -0.726163603427373
0.375077422529442 0.0682028957571264 -0.392887738701274 -0.170449718354696 -0.840338043908886
0.407402591088806 0.445882844809586 -0.477792488884708 -0.256197309896293 -0.796607251692802
0.383004683291812 0.905319624018338 -0.559688256550964 -0.405628277734626 -0.642344947822185
0.126089913228854 1.28557256036216 -0.505438660795815 -0.587262584711352 -0.425231052798702
-0.326494790540509 1.27444886812927 0 0 -0.352984986337182
-0.729464695247565 1.1897300448769 0 0 -0.303858065300699
0.901249261231201 -1.08074775654762 0 0 0.707443959876978
0.63040634086399 -1.07422204971975 0 0 0.151287305325722
0.662273340864287 -1.31805101937841 0 -0.00763790766083726 -0.0915599618916783
0.739375528252727 -1.55163255445467 0 0.0999753247101672 -0.541070667691088
0.971348065450509 -1.66411657214801 0 0.0821428407217091 -0.750975580605502
0.912834874015323 -1.60174124154505 0 -0.139199062192933 -0.824852736531004
0.622890005109694 -1.3251505698717 -0.131157881306848 -0.200335657144243 -0.939633457431425
0.5854588091002 -0.874991558201987 -0.140953478112958 -0.147608212567661 -0.84166644625046
0.469266524717014 -0.401884937802568 -0.253693880346752 -0.191957013971661 -0.813207659875197
0.412163449173307 0.05431349798508 -0.365197608273115 -0.388809387965495 -0.755237728650955
0.288760700608744 0.528631307325686 -0.322262127501976 -0.62567505521358 -0.594814221893805
0.198823883881859 0.917492324699793 -0.304960406045997 -0.733776399741821 -0.404944329037093
0.0037164917147199 1.24893952193455 -0.304692309111083 -0.814012718361646 -0.179715579933845
-0.522526928618185 1.29874391382648 0 0 -0.344552350853856
0.905031563561473 -0.945505386031654 0 0 0.648520968562493
0.735069441655454 -1.11528859457858 0 0 0.232949245200048
0.662346726235078 -1.42275236918114 0 0 -0.0878182796220691
0.887505708882262 -1.76909846119818 0 -0.148159084630564 -0.32643271394526
1.05348110843171 -1.93331192272047 0 -0.133730837862413 -0.541297621886711
1.13770454925219 -2.02694839149875 0 -0.130359630799921 -0.581945825797576
0.888098459653962 -1.77375594059989 0 -0.286043497949498 -0.74040271918939
0.852505820224898 -1.3153709382727 0 0 -0.671731226946007
0.678950269969961 -0.930874479840834 -0.200199032200645 -0.257593692818884 -0.80878598689952
0.415060498598083 -0.425297568836978 -0.194004106035012 -0.502961908154352 -0.806572071603994
0.227218824557184 0.0444298537420863 -0.169299127628513 -0.798924913561715 -0.683269620891953
0.171371389006708 0.434450831228644 -0.12239664010495 -0.938016480189436 -0.444317675047656
0.0812532029291524 0.807587443925451 -0.0834265539768421 -1.00162042343702 -0.186641119781942
-0.205137831175845 1.18461963108756 -0.161899421700773 -1.04263917210223 0.048658899294516
0.977551608421312 -1.01751264385486 0 0 0.656233013982869
0.847088207231009 -1.26306214655306 0 0 0.282982877378113
1.08105061749281 -1.66435300945019 0 -0.306146103791967 0.182830450476614
1.12127473985334 -1.91852603755284 0 -0.30992378418575 -0.154549695429967
1.18732829041339 -2.16205387611579 0 -0.297658095626278 -0.327350768001387
1.13665666624929 -2.03020450801015 0 0 -0.465732239484819
0.990856910177567 -2.25734288964255 0 0 -0.399970780595639
0.953804236819964 -1.78848044985443 0 0 -0.580324605645563
0.753191278262997 -1.3302027834184 0 -0.24327201451443 -0.651954352138076
0.520807693874545 -0.903811823964735 0 -0.446887327905273 -0.678679250427385
0.0937598810891841 -0.516069613617551 -0.122569015240764 -0.92018687934012 -0.750335097914953
0.0691374156852736 -0.0908070614713022 -0.0211885267585752 -1.1039290081802 -0.515660069940186
0.013000645685016 0.30830522695908 0.0460327369845003 -1.20943292378861 -0.255065319857632
-0.0807627162290415 0.713036144520949 0.0804198178343498 -1.24548539226145 0.0495423687171903
1.29906898062229 -1.30543746493671 0 -0.45955120520413 1.00689219837762
1.27987097580891 -1.55077264207347 0 -0.437808730931198 0.629441749472743
1.26289520666521 -1.83905314726171 0 -0.4554433136577 0.305683774740103
1.23502501725759 -2.11298026606165 0 -0.447501246959901 0.0419308196425556
1.24279005896907 -2.36777869936576 0 -0.415388968138359 -0.0750480172411923
1.04325240929893 -2.25752659562276 0 0 -0.202954087043055
1.02537618055638 -2.35934987499381 0 0 -0.135182439547149
0.970785791776849 -2.28575947331765 0 -0.204955871527248 -0.156681851511838
0.808242916441531 -1.84229050526222 0 0 -0.506858683215199
0.616020252460724 -1.48599166084486 0 -0.40480280865459 -0.60077675075635
0.336393591937665 -1.02159391700727 0 -0.54918527952658 -0.574922245428334
-0.0505893012745737 -0.654779117243639 -0.0427642402913612 -1.17087188601495 -0.559046799444096
-0.152413382315745 -0.21640083812383 0.0385105728994684 -1.36959511054909 -0.324034897035311
-0.298094618475972 0.229984258445679 0.0952243044601198 -1.44860078650716 -0.0981374719982208
1.29980755047001 -1.57635106163319 0 -0.598441285608241 0.989333472372748
1.28227654843035 -1.81720686236944 0 -0.54417348457364 0.659683312915117
0.936151876693816 -1.74252593875002 0 0 0.0346221165486566
1.04619623680129 -1.92031253983076 0 0 -0.0797899650256947
1.01138945743145 -2.18095243765945 0 0 -0.0878293873883859
0.842456517525811 -2.50239752327427 0 0 0.131802827543753
0.962123560943182 -2.3351769840585 0 0 -0.00910708231993531
1.00631343557532 -2.54062490418671 0 -0.0573815299490067 0.132759448775799
0.991598669756969 -2.38264661909887 0 -0.194813203533186 -0.176268505283057
0.641628705150335 -1.93085049636541 0 0 -0.43227520862157
0.586785181558296 -1.61789378178345 0 -0.343664829714423 -0.46439554492269
0.357002013507604 -1.13089562080836 0 -0.45946024522384 -0.441609677650278
-0.0622234475425684 -0.766133326871693 0.029186811045967 -1.23606395524983 -0.306549072555337
-0.283068842855374 -0.29395644084706 0.0796655449631607 -1.40052426130275 -0.128830030895565
