"(Intercept)" "X1" "X2" "X3" "X4"
1.68668797943222 -3.51718465640335 0.745934218796719 0.18547223219833 1.58827909223154
1.34910380919912 -3.39180194870928 0.586248373016739 0.141500330497065 1.17390740782815
1.38565671428189 -2.9773215137785 0.416836085092484 0.223710649116225 0.844309649308541
1.42870025579777 -2.45666743121286 0.345860622623033 0.303254743057127 0.520868027806843
0.971614953991957 -2.24567526027833 0.263450515831882 0.0779323566037052 0.305111171262026
0.319751433635893 -2.03516399865703 0.313504744124822 -0.244965969784022 0.200250765779395
-0.367390979688136 -1.89450322633798 0.516671452204027 -0.489758755047881 0.23935704815285
-1.08886068153372 -1.90797904766907 0.944116290486318 -0.631880439201147 0.472197088832678
-1.30301717869605 -1.97440807685082 1.16028444030609 -0.526543310798174 0.574654623612042
-1.43049513382963 -2.00208942802408 1.42025419372524 -0.27381596353799 0.71627399713366
-1.56568346378961 -2.00349573851488 1.6734240040508 -0.0187458201304073 0.832514692232567
-1.77000512323186 -1.94517069615699 1.91782062323226 0.201477526960563 0.925492158707333
-1.92987520618406 -1.53936637743662 1.32750785513035 0 0
-2.58162539196008 -1.12665315442157 1.42450982155025 0 0
1.62408864037618 -3.27714995501652 0.708844593502631 0.226758915555705 1.36226599715829
1.28637782190632 -3.12512810894888 0.528904796184508 0.20704693311552 0.982553419807558
1.35928630289216 -2.6731570469169 0.303765586919812 0.279652153178923 0.687023803289017
1.31688382990497 -2.19038148809361 0.147600261588293 0.353146667833309 0.297250841224949
1.17100825291655 -1.75047618581291 0.0458405081188232 0.323800285944029 0.0345333783095401
0.782787478252643 -1.46016277770396 0.0143728469643164 0.190201863791568 -0.145000934511138
0.11077164458905 -1.23099491113057 0.204845356869372 -0.0605199415504407 -0.207755846592964
-0.61224952181345 -1.17786730796496 0.474298167637549 -0.16238910541326 -0.0790070715893444
-0.908806675844463 -1.24502200817854 0.729415565407027 -0.111244635487733 0.0130918473822308
-1.06982675073804 -1.30167396301296 1.02737363194809 0.0343998135697134 0.227514032365019
-1.22617808274079 -1.31142941251763 1.28294554202277 0.236288265929263 0.334764445444352
-1.3357839449712 -1.02127794536486 0.91461720159737 0 0
-1.84958368416197 -0.909748992003248 1.14254167758779 0 0
-2.27485715043326 -0.923341732094122 1.31105309049436 0 0
1.68679227372321 -2.94098853208176 0.624363247736269 0.203050649706042 1.25618700973679
1.45209874777199 -2.69992324612677 0.416343615023505 0.25868729442393 0.911963900313856
1.41009386893021 -2.32558708287158 0.194565915575776 0.334602620371745 0.569225291440495
1.43154402065257 -1.84422756341846 -0.0504802916723531 0.454533919680916 0.196148987121691
1.17051653254252 -1.40113834294236 -0.195788952218329 0.475131267185829 -0.222663152972421
1.02575512355048 -1.03360171403012 -0.255298862033609 0.516984204458805 -0.463894577072572
0.579036772185172 -0.69457415191848 -0.130341030378449 0.417011645609165 -0.594621756010649
0.00705280922906039 -0.531350723413854 0.0198580731310363 0.310577758418878 -0.579965330587947
-0.452039982201722 -0.479247357114214 0.288891464695066 0.236222046738187 -0.496293495769276
-0.691928427935155 -0.620759638320221 0.630869078613905 0.312766420255305 -0.279180365200875
-0.861213004665544 -0.664380050447362 0.889019088461932 0.469911177873053 -0.11036097787247
-1.15461353016132 -0.489831362012621 0.70904757111046 0 0
-1.43089247460144 -0.652258956780752 1.30113101873294 0.616431071006624 0.392444014168371
-2.25132496032629 -0.387405390048903 0.95219450347271 0 0
1.74309402991131 -2.62077693778951 0.581630184560563 0.157150959582893 1.17264569327749
1.64961499997107 -2.26517243786717 0.331500269357516 0.250053457521992 0.840651914923905
1.55033563531147 -1.91522951824539 0.077880103560824 0.382044084722239 0.512302689462606
1.59412575022202 -1.478894106536 -0.16470455383519 0.540352279637219 0.135563467039865
1.39266690985071 -1.08778148282203 -0.374616809825574 0.666578430617132 -0.337053850559787
1.12451443970134 -0.64504737818251 -0.486944956551109 0.744967705026009 -0.680965927354662
0.9943498526514 -0.271849651472607 -0.508596116395532 0.794494613697989 -0.922841473926543
0.774942557400059 0.0565850620008197 -0.459338862591948 0.596519232508088 -0.988159498757699
0.299389029468227 0.14968571576454 -0.293564779046959 0.57211939947481 -1.01762322826088
-0.300529410204071 0.0299825212962266 0.234371087418662 0.536786452592357 -0.738992589179175
-0.603885614216186 0.0272244787545311 0.541121849860805 0.591065036697828 -0.547204121301682
-0.893280458661769 0.0196666627153001 0.686414851730313 0.631132395968106 -0.20163791040652
-1.22320955143079 -0.136480855969877 1.03060685573061 0.785405904528251 0.202087604876104
-1.55413943746965 -0.457091698383598 1.36378683920556 0.908313135450518 0.809463633023548
1.7731280967169 -2.36046468752238 0.565177540053294 0.12133588509256 1.11665271115966
1.66603124266971 -1.97367963422364 0.275375367674386 0.197665900872104 0.74863749566759
1.61319634046786 -1.54210279299995 0.0120837939695176 0.341617899831671 0.402000974170321
1.57877318167101 -1.15526828763423 -0.262942328966907 0.564752428064693 0.0241738934324991
1.49224840566926 -0.847849729459049 -0.482605011820365 0.725409511464751 -0.392037454287804
1.21810125467779 -0.370460562201175 -0.595851347130556 0.760313169179577 -0.803229651198824
1.17432809672146 0.0701327009263629 -0.776659314802701 0.778007756633121 -1.04737480752821
1.16740627416723 0.301912029764796 -0.856316030921151 0.70927784348746 -1.22974117926216
0.87489307716746 0.540889343354183 -0.720582655425328 0.637634021770999 -1.35590107516915
0.192706156235733 0.676213832235972 -0.294739861740274 0.63728032625982 -1.16780722171608
-0.327387418998257 0.683497905334908 0.0772895430189185 0.700630866372237 -0.85594831556269
-0.575176175724332 0.486590864400443 0.426621677084277 0.822518417913942 -0.41644908775031
-0.989589690504127 0.066112903467279 0.851032008703463 0.747520387184472 0.300467931881517
-1.48456188763256 -0.312010598882199 1.19220167491309 0.717343085296242 1.06446499374897
1.7875824796246 -2.17630725031357 0.523581387100236 0.0390143077205792 1.06424667276962
1.64994215580426 -1.7926658817327 0.237583119718464 0.12001234364704 0.655318094651744
1.54085298828506 -1.38322116927862 -0.037397328858692 0.241221264965564 0.234103924378523
1.43783244360445 -1.04714509857734 -0.264469456645524 0.362544676792084 -0.220779558143863
1.30016274267001 -0.727304770056747 -0.407573740952681 0.50466800011185 -0.621369311023562
0.836233808632707 -0.279017352271725 -0.400320420058996 0.434138498865294 -0.958857061206148
0.903282668251866 0.17944415609062 -0.71768761084216 0.485498235373578 -1.32751923547585
0.884575323376317 0.520770575461153 -0.749781128521787 0.491164510917714 -1.37923409172195
0.797642554642499 0.742629133575297 -0.63116201765275 0.407694796317574 -1.25214541923613
0.762554335744754 0.975493622881128 -0.734041099083996 0.602500035108233 -1.39580799726348
0.310024086840796 0.901398467109921 -0.308610197903762 0.701372581298031 -0.990567294462941
-0.149407483648658 0.442481177130957 0 0 -0.364904776053558
-0.851939387977105 0.103819013679572 0.688069568122691 0.358262802325562 0.385909785094106
-1.36289376010699 -0.216713025762898 0.961541556447067 0.379330133354005 1.05889316839331
1.83432494633725 -1.9431662539828 0.470272544126223 -0.0244273446911111 1.13730430646477
1.80127034678355 -1.65551388886561 0.334248663531161 0.117518574916308 0.789193379860846
1.62884527990761 -1.30189896145427 0.0739804458887341 0.146185805821364 0.290835005845206
1.32584000758516 -0.887401993575707 -0.196612560235119 0.180254915495924 -0.389209845372957
1.08319832572838 -0.542227177443843 -0.288691639477956 0.344058196930125 -0.916365902875719
0.59056517656038 -0.349724514293037 -0.257376268118162 0.261628662625236 -1.1113325626105
0.557433478499862 0.0169829336681472 0 0 -1.25804512944419
0.756303420838911 0.408059951198546 0 0 -1.42211710059916
0.740958257330535 0.720356880587076 0 0.0560024028699594 -1.16926272725975
0.668465826351331 0.748958881115395 -0.58535921072485 0.0717433185809158 -1.08857524314906
0.30034538659915 0.740752027895005 0 0 -0.614715685822005
0.0345382364842462 0.576998844873755 0 0 -0.293775639829231
-0.306861278354172 0 0 0 0
-0.707021168804092 0 0 0 0
1.19072087246551 -1.22144433428662 0 0 0.788796608795775
1.64614216796531 -1.4963014280481 0.186688837004383 -0.0326770017295618 0.56055478452753
1.23111268292825 -1.28461303340798 -0.00493027530374314 0.0280375821027445 -0.0987679852332722
0.808573727728158 -1.07410062549465 -0.0648109833581649 0.110162145377295 -0.717300586738552
1.05170599130755 -0.787959010169932 -0.109238563900814 0.26024312154604 -1.11808512284538
1.06713200845351 -0.70804516940766 -0.219069798324726 0.309683313727495 -1.28655343161388
0.428536262699758 -0.562495486209315 -0.327662703019029 0 -1.19447364027462
0.666797004523015 -0.0696086532999532 -0.290314134324074 0 -1.21468917829072
0.694781285963426 0.148202696191816 -0.217116901463005 -0.0857106692953975 -0.985378902942221
0.690754058113209 0.515985467154876 -0.273967903413573 -0.212632131281192 -0.775068870463142
0.586159291275406 0.65475393539523 -0.258506419417454 0 -0.612323766418568
0.357357399207405 0.642112702536286 0 0 -0.30825337542157
0.0343621464026309 0.422863614398368 0 0 -0.0422765747921994
-0.339732699180087 0 0 0 0
0.98738990806678 -1.16585311325325 0 -0.222496780494839 0.753676920140077
0.855252716445341 -1.12006118818372 0 -0.209177247130357 0.186334257000408
0.772726406226597 -1.09325279442413 0 -0.114367749086208 -0.259283675472321
0.982460528303028 -1.07942337763643 0 -0.102487041277471 -0.811978809234995
1.09453243410112 -1.14616289417664 0.00544911326939965 0.15541155687378 -1.13483887852229
1.14163141265894 -1.0804163895751 -0.182575545856094 0.193741255886499 -1.27353674374737
0.427198775891778 -1.1347647034896 0 0 -0.760775558397254
0.440343392245752 -0.650980954755758 0 0 -0.752095873696031
0.571648076716423 -0.262819376889353 -0.315451548853964 -0.146844941233922 -0.908112470402281
0.637935936188704 0.141356198879435 0 -0.318936192650843 -0.63221409924092
0.742253857178161 0.401170159908471 0 -0.208191396003036 -0.427568424339329
0.71062493453388 0.488527367633287 0 0 -0.194232000491913
0.595670941466624 0.462218706756538 0 0 -0.0241826774137138
0.347421653978772 0.472403570938755 0 -0.0375508305898602 0.319026988031362
0.384315760639879 -0.935266837300217 0 -0.202429500922494 0.413696253738228
0.569659078755359 -0.954515811768909 0.185709273850133 -0.09970385820711 0.16272968629894
0.692424835875317 -1.11799150015168 0.261076102442689 -0.222575704383186 -0.308476568680343
0.888977655226378 -1.27850229170373 0.2553621918746 -0.22950800797947 -0.696698358839267
0.985623645233774 -1.40836938505247 0 -0.258834148719912 -0.981868947606062
1.11137837367686 -1.46223340802155 0 -0.216534007231486 -0.962847829847394
0.695214173078811 -1.54704507898894 0 0 -0.595939801898108
0.482098166919814 -1.20547582353321 0 0 -0.727650837288012
0.477986968892284 -0.648327492857243 -0.278507904788766 -0.110255163931869 -0.767725210327213
0.72024995499745 -0.232221086165933 0 -0.24961481567942 -0.508255345353166
0.807458554990353 0.13071419411016 0 -0.35464847460424 -0.301431272005942
0.988136149767342 0.271529651913361 0 0 -0.0215358327925676
0.981256523745873 0.392820462575606 0 0 0.189656979915034
0.85208426829951 0.279113134220555 0 0 0.260946782470095
-0.130842607781126 -0.860172036479313 0 0 0.0736090997313315
0.32158170983122 -0.907264254455324 0.210329119737548 0 -0.0740087166527201
0.718882800858927 -1.08356543433733 0.164694257804247 -0.168978315192939 -0.418113168236535
1.06834894892041 -1.29988273134525 0.225856590665312 -0.25035856574228 -0.785290141791326
1.0078980663354 -1.74269607326735 0.166068997960815 0 -0.777893843713352
1.13136693047171 -1.66697770960425 0 0 -0.787941361399442
1.12978116421967 -1.60956279983846 0 0 -0.722191605489141
0.710009656896836 -1.62125990657417 0 0 -0.608121406369019
0.677986138905946 -1.1291149608694 -0.22010028619606 -0.165387240699986 -0.727585006264682
0.802402645830534 -0.662222937658913 0 -0.202682711151467 -0.438290882712893
0.899553719804226 -0.251213606748686 0 -0.303679036565558 -0.22369351871397
1.10288457011862 -0.0326737201515604 0 0 0.113222363957921
1.16073490603031 0.205956489230372 0 0 0.378417573838154
1.08751182710105 0.302668467096058 0 0 0.529330421947425
-0.0296656448960674 -0.779614354161125 0.135801187764696 0 0.243396062116131
0.601751908032098 -0.76953247520836 -0.139025522917413 0.0234722492340971 -0.137610653511657
0.853284599236013 -1.04835454198266 -0.00400623041914658 0.0623731337834885 -0.498247254716698
1.05266022078031 -1.44218714388423 0.0247179651192733 -0.115954461483054 -0.691947671660405
1.15618615543785 -1.81656120803743 0.0342367072143236 -0.182651252465706 -0.631391983790806
1.45542957247699 -1.77972159193492 0.0806949699345803 -0.11474850735306 -0.574974151507244
1.274407785294 -1.7192891555995 0.137797427283566 -0.147741042373991 -0.686615959670212
1.29397537110921 -1.43543131737941 0 -0.237994446877427 -0.811926987236126
0.720993867507615 -1.49712681583206 -0.258908752613943 -0.220849105502194 -0.619940683701492
1.04988718818189 -1.21257692342891 0 0 -0.33629930235704
1.06139464889308 -0.743047111368535 0 -0.261765531116813 -0.177914314924154
1.15163640902386 -0.368152866036982 0 -0.260849758223479 0.0853392171078002
1.26542841030569 -0.0984559809065873 0 0 0.453040223979949
1.25258801488988 0.153403766695052 0 0 0.717693657751322
0.475578892947302 -0.556029864415966 -0.308791334804383 0.131082013737394 0.184653805676877
0.720645972771312 -0.726976997138549 -0.272228963659051 0.267257185844941 -0.161774442472841
1.02221736776353 -0.959987366748417 -0.314071135029132 0.245790238757261 -0.459762691693241
1.01657881483322 -1.43755236566939 -0.325904247454465 0.117987302189518 -0.459720997076764
1.07389404583746 -1.65018676730182 -0.360976591517427 0.101942083733378 -0.376648915966937
1.16743411681368 -1.66182694311382 -0.305777261864201 0.182008025631612 -0.175946122106965
0.895287096437166 -1.71447952185659 -0.136995062257586 0.291016149699345 -0.183969080804746
1.09578968668791 -1.53593370244191 0 -0.0551041564992303 -0.374928818092601
1.24034455777501 -1.45712817880043 0 -0.22227473126326 -0.509189581032107
1.14588001222785 -1.55148239378605 0 0 -0.326768786010152
1.26534032161622 -1.27759404760224 0 0 -0.182474678643072
1.32809875291124 -0.846806570272075 0 -0.201435532753408 0.070725714457891
1.34072894004936 -0.543392009349386 0 0 0.145164011878326
1.34182516164741 -0.229950485236269 0 0 0.574999534023673
0.654634471643384 -0.473662420704093 -0.511757329863704 0.292565567261095 0.182273107907352
0.930921559707495 -0.649763186898139 -0.598746758743883 0.357663378619283 -0.0676259549082583
1.03844647578028 -0.943364508911047 -0.680102682313241 0.328821244282426 -0.218003656536708
1.00361217087839 -1.30728224584545 -0.649588725490287 0.260835494391353 -0.213765133161694
0.821614967514876 -1.5306240542783 -0.62013185258862 0.325305620553854 0.0390147122205995
0.713733271237565 -1.63622691796346 -0.534993830907009 0.455051482003202 0.27155206756005
0.677645198887214 -1.64879235519548 0 0.324304782254944 0.064439168165172
0.756981859338583 -1.64095303314375 0 0.280626984618131 0.0699160269884579
0.946694060309453 -1.60561079713803 0 0.165957365863842 -0.0317419809731485
1.21614553425394 -1.51427645109913 0 -0.211123396657388 -0.254043385463242
1.24754162321251 -1.50444345151719 0 0 -0.15093281485501
1.45341138633069 -1.33796640228734 0 0 -0.0198988781775268
1.5205389135035 -0.914322411166161 0 0 0.0959660280156258
1.45637782900463 -0.571845477699511 0 0 0.375057909447165
