"(Intercept)" "X1" "X2" "X3" "X4"
2.28687001668721 -2.05546866438879 0 0 0.966666100824174
2.09143700749739 -1.84148769273762 0 0 0.72672477300202
1.87549150489739 -1.65324506078762 0 0 0.482273537081093
1.64215949962989 -1.44251998239248 0 0 0.217708803716567
1.38952432594992 -1.18756221845145 0 0 -0.0516780520815416
0.507319217042524 -1.35018844781755 0.554538049822355 -0.115980337030905 0.266168962681633
0.149954360945982 -1.44576525756805 0.735813820869633 0.076518135012832 0.520911716390234
-0.0657658693683777 -1.43257963513875 0.927125996270919 0.231349510480849 0.564651401108316
-0.526449846396262 -1.33072905508871 1.39773571575425 0.269723183349902 0.498274208063676
-0.992891661976103 -1.31115259492311 1.71156797391516 0.221349553191462 0.459138611697825
-1.34571552961519 -1.39008808697068 1.91391917336626 0.305178864662766 0.415262615631574
-1.65105591556606 -1.49543969440567 2.06789426837863 0.419338110002379 0.464635361908707
-2.31149818539197 -1.40619125455719 1.64575323607349 0 0
-2.59747139461517 -1.67071552793031 1.60952285395082 0 0
2.23386420625338 -1.87623666370797 0 0 0.87798070607664
1.99311545819892 -1.70382743683893 0 0 0.679602666642788
1.76478136986306 -1.49571373133154 0 0 0.437411583709895
1.56395769888227 -1.24165042531722 0 0 0.164466745255436
1.37940301675315 -0.941353505983892 0 0 -0.0914936650352258
0.763633421560661 -0.804777371511113 0.239776819802914 -0.081122726111235 -0.169666545144253
0.385959769766213 -0.793554515308412 0.449842126334695 0.108796999617339 0.00610508282553424
0.15006407111855 -0.850072517516106 0.713064479292188 0.317346816774472 0.167678926885128
-0.317466750375874 -0.815141122219847 1.08885609238708 0.414018286591138 0.160791107823052
-0.811425996376382 -0.817110048444166 1.37749864109563 0.430961673772223 0.165066652615332
-1.16478917344418 -0.892923881663106 1.58156055569223 0.483390979033971 0.229256937467622
-1.7216021224955 -0.863958230775305 1.38230251607801 0 0
-2.00286576452187 -1.15398310984256 1.37464855528744 0 0
-2.28328131158128 -1.48431408677595 1.28971416624329 0 0
2.2048722662925 -1.66992674580092 0 0 0.731997276033681
1.94247650857757 -1.51908564048136 0 0 0.586192200041273
1.67073204812367 -1.33078546956135 0 0 0.384691949156989
1.454064168717 -1.08137566210633 0 0 0.105945263523417
1.28115640557134 -0.764271910208069 0 0 -0.190341018997432
1.21706900152614 -0.45298272550148 0 0.111398253081371 -0.392964289814207
0.628221346026478 -0.287099686912876 0.132175943913293 0.150059428277304 -0.464435820183537
0.381408807286671 -0.256781934722205 0.416782011440537 0.398749502319251 -0.349508660907566
-0.103342970343148 -0.299845229896144 0.783418680077733 0.606426465071515 -0.266198851837613
-0.605496395582775 -0.313182087432704 1.06155521050968 0.627346950889719 -0.130305065185237
-0.920419942464902 -0.390228327954001 1.20166528576322 0.612803363422445 -0.00773356613241792
-1.47427538127545 -0.526103338917104 1.15811395554751 0 0
-1.7840678631903 -0.873016167561113 1.05686239855174 0 0
-2.15718591410105 -1.28482444334199 0.945415451651835 0 0
2.28158163815117 -1.37515506649688 0.4328687370566 0.218934956675803 1.01818504043361
1.9924130263716 -1.24340886129897 0.282129661950015 0.275491996478205 0.696299754796455
1.57039090628631 -1.19617858271274 0 0 0.329890682081417
1.31810361303236 -0.943736076572374 0 0 0.0499446611760781
1.2753996753207 -0.639013349863621 0 0.194185090558615 -0.236051950796423
1.18416199634121 -0.295260691812152 0 0.201831054731144 -0.561494218027658
0.969088309486886 0.0215561629279274 0 0.169159338767938 -0.822889363604186
0.56003550437063 0.240672227602187 0.058650803034118 0.451718612529585 -0.867446799117034
0.191458193369965 0.224543972818084 0.399727927333346 0.790555092164694 -0.730520775693577
-0.233206320545263 0.152333846557238 0.660434405639918 0.815196235523086 -0.509291642671267
-0.638767300596553 0.0956461726580149 0.816865095023186 0.674075442436923 -0.26364847904089
-1.26626842185348 -0.150122593574369 0.896873131491011 0 0
-1.56482471820144 -0.581942765951501 0.759991614436048 0 0
-2.01873774206638 -1.14527640556886 0.650909727843083 0 0
2.12853975487142 -1.28105081982082 0.370419674378268 0.183890729388051 0.969770067388959
1.87756818012547 -1.14363526102448 0.199870211985718 0.25261749357692 0.673408838840222
1.54205217042621 -1.01281115850646 0.0368971110804571 0.333287949044612 0.326005636914997
1.28048939320344 -0.876702410421708 0 0.206504906928808 0.0396148653214422
1.08077955227057 -0.605929637771036 0 0.229101328949529 -0.321747500185992
0.764018090649399 -0.182747777152363 -0.162108018121619 0.34521737899188 -0.760133183228446
0.863641093774119 0.125097468778796 0 0.203346808481921 -1.00040092716332
0.787776137468237 0.447929823410379 0 0.373240645532667 -1.1397785571724
0.588676618069961 0.68168277251862 -0.134370729963227 0.877545773302534 -1.18725515421387
0.253658453829163 0.617624675296071 0.188947015992954 0.898137731799204 -0.929597638485397
-0.24769420076305 0.436005427966867 0.40026635756545 0.726016475253329 -0.582070605557642
-1.0905946959794 0.033713775979112 0.629314510748096 0 0
-1.4646267638013 -0.516923409703264 0.483092626368607 0 0
-1.92202358872983 -1.13824337189987 0.352947314451699 0 0
1.89974455694803 -1.2586256251113 0.314015386436463 0.150124255056529 0.948532805676019
1.65456525753004 -1.12707365366226 0.120229020327994 0.230214806083393 0.644554364935433
1.37791417701265 -0.996880103779834 -0.073575350674207 0.31723891940114 0.324833263575193
1.01629760723865 -0.843925742839311 -0.23169043956951 0.41791665017577 -0.137321244812875
0.818354966834458 -0.650798709974168 0 0.298586846359777 -0.42007483274945
0.627928662032595 -0.317804813480506 0 0.273786896243409 -0.832846261170954
0.644784884207497 0.0617901776379046 0 0.266411489414736 -1.13902170702926
0.854879415321742 0.389812995621701 0 0.409654064961009 -1.37024075665602
0.692399267412183 0.64953463294997 -0.451864131437551 0.834607473965356 -1.31723394083116
0.795781884874836 0.776735734470868 -0.161324360086557 0.715551634736127 -1.3335298428095
0.393508743274511 0.554711544334915 -0.00126976232094957 0.729443697739738 -1.03461826030667
-0.511498260768214 -0.0284515769924519 0.281812895670965 0.471643350963977 -0.422480649888084
-1.09095345673618 -0.656878055387683 0.22005904024245 0.339157005431173 -0.0371954158409129
-1.84236777748148 -1.14490079947427 0.172960405741555 0 0
1.62670494986412 -1.33004446074759 0.371238878191348 0.185485601398886 0.942519251501995
1.3708390813633 -1.20870797214935 0.0821766420323955 0.221290874344525 0.618415793128488
1.11650255120634 -1.05899902221779 -0.167629602947857 0.281777848568389 0.261699980324333
0.849977881259031 -0.897554807902701 -0.287115833328467 0.424723814167627 -0.19727514478513
0.48084844187713 -0.699263723408094 0 0.421974988277828 -0.676726452185683
0.350189267249037 -0.43851386836349 0 0.333147913013264 -1.01270014735817
0.268665313946788 -0.197591049226088 0 0 -1.09025204621683
0.416104125479944 0.0684926467171269 0 0 -1.13876509769236
0.567304061217747 0.378705459607972 -0.27108949813663 0.443696681651357 -1.0672890480483
0.953272519237169 0.554131625064084 -0.0510432720512565 0.492428281730493 -1.21748012450142
0.717075751212511 0.615393590667375 -0.205337217699233 0.543897269896361 -1.07408872014977
0.116092245980865 0.275283641412252 -0.189551039254834 0.490226234620712 -0.685757920044624
-0.884034739861598 -0.644615573633762 -0.0855235973163392 0.232968944741452 -0.170341596176382
-1.41612312459358 -1.3444767899914 -0.232614593268635 0.109064820455152 0.140101230643963
1.27928098555068 -1.40066140904235 0.382930812887908 0.225094986543485 0.830795642145632
1.00784719887942 -1.34663083030859 0.141146749523751 0.287702714167349 0.574240562112299
0.747861004244211 -1.26641190303148 -0.0561261239929659 0.357135695957615 0.23872129914411
0.535342871339741 -1.09759553569451 -0.105612369073025 0.397897255471847 -0.275047779074414
0.547850730029177 -0.91289047557558 0 0.38733477700068 -0.702585840628027
0.394749308854288 -0.773506386633439 0 0.251875445399813 -0.910247501237569
0.246086789046263 -0.560327985346739 0 0 -0.973249508605765
0.290894054415397 -0.242474171227936 0 0 -0.974985394395878
0.358027502568162 0.132477085692264 0.0291085012895393 0 -0.884076210409085
0.548029293224363 0.334423195884879 0.000569790110000268 0 -0.840432519151445
0.600174195395148 0.397837982728054 -0.266524984151399 0.347818623602062 -0.864793332273684
0.385732753449943 0.314455804987451 -0.444381627737625 0.341538129320953 -0.700940983152183
0.0765583591739544 0.0871585524312665 -0.67554680015943 0.397499610487129 -0.47544875277132
-0.948025986234606 -1.04924944839934 -0.639879669528481 0.147809494632383 -0.101028897160879
0.911218860493515 -1.38152799272232 0.345604699363422 0.308398343797373 0.659888050933634
0.549862506187765 -1.45657457930466 0 0 0
0.356313648401271 -1.46649066888604 0 0 0
0.304967693290866 -1.44287516279276 0 0.165059106624402 0
0.545682628542496 -1.23670973901612 0 0.345603944708687 -0.482115480284902
0.507782931974297 -1.13188342630959 0 0.238145090068521 -0.669279409099381
0.399007133439695 -0.937173479594227 0 0 -0.772268657042291
0.424204683478127 -0.612916995105107 0 0 -0.83340933418543
0.397272285701393 -0.21697928665405 0 0 -0.730739158576301
0.695565261681984 -0.00851301570952248 -0.027735039282882 0 -0.792206660585469
0.582867361268426 0.115371682496963 -0.2090972018823 0 -0.675149116390079
0.466067413140944 0.0658389916870638 -0.505889183916202 0.220988107295988 -0.6344907575245
0.261350279960119 -0.00619391528172097 -0.76651747095925 0.273904942274348 -0.472017002620922
0.103963636899769 -0.190774526426233 -1.09414730686602 0.423147400683523 -0.332256261324641
0.62899298077923 -1.509573325933 0 0 0
0.389345309148678 -1.45764498736347 0.126836309781962 0 0.255594146868373
0.352357510595965 -1.61410885389524 0 0 0
0.322330075984226 -1.67484925094889 0 0 0
0.506053716689926 -1.59235666323651 0.202288652364176 0.248248345704883 -0.205270653687067
0.725938926689557 -1.38419519817054 0 0.321448305723864 -0.503821891815055
0.807268659406445 -1.29831240152368 0 0.317445245991927 -0.661874819302559
0.780051558406324 -0.988953646232318 0 0.227910295609281 -0.72351178851244
0.644189652378314 -0.641129678658663 0.0530723490948821 0 -0.635521004663098
0.598335138092353 -0.32277887758791 -0.109417449361667 -0.176734855897665 -0.71078370293495
0.549917942684865 -0.20144433950978 -0.255550880888901 0 -0.51355210807591
0.428945073940671 -0.114384697457331 -0.498752777092119 0 -0.475054676733445
0.365359163638763 -0.217610949158693 -0.776713815504454 0.123023691107597 -0.436272012246914
0.235719454377128 -0.27799605566058 -1.05028241726481 0.218725655337286 -0.311902779206771
0.249913356168289 -1.23065394039599 0.368497869059132 0.374458080923135 0.525430708936491
0.141421813624714 -1.43320262729799 0.336915715718272 0.327017507779048 0.40106923454701
0.118157356714725 -1.61153879716186 0.296130202724609 0.279750778116913 0.287491284114655
0.25906870375277 -1.7277253415495 0.249690473488805 0.284946659250932 0.16576414698115
0.625371003373309 -1.80427247149503 0.211332838825106 0 -0.0706734882729626
0.929569423425243 -1.72391885442874 0.286751871948054 0.232257834429179 -0.31045078198224
1.00047010517581 -1.59294439672961 0 0.37091219507809 -0.504219550983887
1.00941285104733 -1.34081884123353 0 0.320882784967946 -0.547072271020694
0.930588177384643 -1.08775173673054 -0.0371700402414175 0.0866045102602915 -0.672692204854852
0.704493528618943 -0.755654620533108 -0.164739514735 -0.156648425071472 -0.64571701992991
0.530687128078971 -0.549956807231406 -0.32525315413301 -0.294194750770174 -0.56514838401664
0.473392567339617 -0.42034199696147 -0.521468766823842 0 -0.430121165526132
0.342324177493998 -0.381863253751616 -0.760821018444124 0 -0.38412586749541
0.248855775351299 -0.443479883076297 -1.02810180197007 0.00632940465865203 -0.274046986356902
0.12254492411443 -1.45425675734175 0.52410613304712 0.336550174256785 0.645965259279433
0.159538824606831 -1.5642320871526 0.443236609816151 0.345379215250455 0.525974370087255
0.272223539690192 -1.66219816830505 0.346820526893517 0.346294344745091 0.390667347842209
0.450201135079397 -1.78439606729121 0.316979522559122 0.318282525279736 0.250053018204738
0.710735354695102 -1.87592210185224 0.338872856989168 0.210736957047434 0.0758482209399106
0.955977646800873 -1.89101639083544 0.340174639259628 0.186831373101475 -0.109237534379741
0.989659883953981 -1.75425032877929 0 0.280507170945603 -0.232372651982839
1.00483023837934 -1.63102540058169 0 0.29467773741379 -0.351610414251943
0.775221749335981 -1.35267183602386 0 0 -0.356108656247545
0.708877519112669 -1.15966406457563 -0.164205657114746 0 -0.376682048477361
0.546029254178428 -0.927655239235955 -0.363122994940844 -0.378888656380354 -0.520193777335262
0.442242353121614 -0.803599893359326 -0.570339670004769 -0.377526569813629 -0.452296395802297
0.407220308111214 -0.633885450661096 -0.770178141481126 0 -0.377046508926863
0.188800140508129 -0.645230244435178 -1.00970070275563 -0.253012553255962 -0.255478205509721
0.133791050669405 -1.60770314450951 0.63854787235145 0.357974327759817 0.835523447030974
0.262564970427753 -1.66735995713118 0.522252616427855 0.37653645757137 0.676285322721622
0.4450587647022 -1.72803419564632 0.390968812289895 0.393671804289404 0.499470546294916
0.918456928448389 -1.93334785977544 0.259275311762048 0 0.281854899777203
0.806262360475668 -2.01338980533421 0.417958175613481 0.170131620509105 0.214047493183753
1.23547361032769 -1.85880470256657 0 0 -0.0325216621932668
1.17615268103119 -1.85672847415549 0 0 -0.111193031237322
1.00731391142902 -1.769151674513 0 0 -0.23765775156597
0.937029119673238 -1.59840101589136 0 0 -0.320800614425188
0.967577744543076 -1.37633324625542 0 0 0
0.76671156036985 -1.27995351272075 -0.371587006964597 0 -0.278978375629299
0.651097309309446 -1.09848510800146 -0.559472287159412 0 -0.352569130561235
0.526943663289231 -0.924915706711923 -0.71039323975677 0 -0.324038063182682
0.131323182238534 -0.893202952539425 -1.02126629750874 -0.480241535828326 -0.250336463518943
0.183868775412041 -1.75607412463665 0.704302647002116 0.351871918928887 0.984536189033834
0.347845154905261 -1.83186345036062 0.567604208103768 0.340889377618888 0.794060143202304
0.916993995523859 -2.00605615504967 0.284576782220983 0 0.560779320510102
1.0661520589848 -2.07459141299522 0.281658632991816 0 0.417030631814213
0.866188853497136 -2.16399043443832 0.440323736860281 0.144477423387481 0.367178122308964
1.43894816682731 -1.97570435151679 0 0 0.0819611065363071
1.40828012104471 -1.86774392872969 0 0 -0.0781261060004564
1.23009816590852 -1.83737693056428 0 0 -0.190056982956899
1.12678035766993 -1.75576497371598 0 0 -0.26990367086903
1.19559668214924 -1.57608900226052 0 0 0
1.16818357605073 -1.42272500382303 0 0 0
1.06818206828757 -1.22073816164196 0 0 0
0.484448821251245 -1.36264874763783 -0.857639873865566 -0.366508034617896 -0.331217003613204
0.173425810607819 -1.17681475967198 -1.08026321901935 -0.515036785977962 -0.240404875991152
