"(Intercept)" "X1" "X2" "X3" "X4"
2.66633670762165 -1.94008013995362 0 0 1.09463633486789
2.08494575640365 -2.07474483344237 0 0 0.900574537896942
1.76069019786542 -2.02025870831639 0 0 0.847897444942401
1.42820365933832 -2.06121189644306 0 0 0.910533402518736
1.08873391310736 -2.04155206281283 0 0 0.82966619765222
0.834539283450213 -1.98008982555462 0 0 0.704930086786218
0.465661204984902 -2.05235016062959 0.183713857788072 -0.0335594119334051 0.834253560107228
0.247184620038861 -2.00513796328358 0.499800335579398 0.255278186700529 0.583769150201384
-0.318062850557068 -1.99673024928068 0.986751686442477 0.5357246452946 0.753375765890702
-0.818612973406175 -1.73719551582796 1.47458814158731 1.00764731701243 1.22498458728353
-0.612884958832737 -1.33584363510681 1.67844650584291 1.12650922539628 0.474403168660401
-0.542517698422373 -1.27757066664291 2.19014640706637 1.31217655679594 0.00823874532554538
-1.0023162050188 -1.41523546056686 2.79468743998529 1.01367077484663 0
-1.204934882243 -1.46977892482776 3.25014787326876 1.18039833718855 0
2.96535158937685 -1.43689563075544 0 0 1.26915113882226
2.26017575798216 -1.64795481118823 0 0 0.925935353610456
1.76325723839579 -1.68317771397939 0 0 0.741147619392513
1.35062156514423 -1.68897675355369 0 0 0.679707869851714
1.07144605169486 -1.51365203340855 0 0 0.602208799107404
0.731312583500423 -1.35079451608305 0 0 0.40858652295641
0.674896792895399 -0.990470673966884 0 0 0.201148391242478
0.173339901354936 -1.16038962478174 0.24897647432839 0.228446388109401 0.14638478211988
-0.112576349663509 -1.27297984050493 0.513775421456198 0.487293533905201 0.155155895342401
-0.26759842796746 -1.06458782043468 0.748733861607791 0.725433212567815 0.409206944303573
-0.190882414064521 -0.875568441203024 1.16653259769893 0.87267734500648 -0.0935416351843807
-0.220079967706137 -0.826768541735398 1.67560919171672 1.03504501171224 -0.382503629721074
-0.906621620521222 -1.06973333065839 2.298875181531 1.04936395878844 0
-1.0933200307488 -1.18035861946551 2.69899132778744 1.31984028363562 0
3.36874498951072 -0.873802219519784 0 0 1.44901222622355
2.69987235798952 -0.984249207350246 0 0 1.02597635106594
1.90624853754797 -1.21909580884712 0 0 0.678973977747673
1.47774882778896 -1.16805904589122 0 0 0.486777735411019
1.10302303585782 -1.04494046769612 0 0 0.356863304131022
0.575269817978319 -0.940820884047758 -0.19717291309669 0.0925583374104019 0.0269493752124208
0.594723641391966 -0.618790794677889 0 0.215272951998315 -0.0522020722175646
0.535538924463276 -0.215314443381021 0 0.0138070622996353 -0.0638551370976171
-0.0122753748772698 -0.529067474680836 0.0952394158625669 0.401380709573682 -0.355211968883697
0.086351478544315 -0.544853137651524 0.336032286182114 0.545914308282558 -0.348437610719908
0.0261964254723859 -0.471410882079543 0.767301563384941 0.676487855710859 -0.36250965145582
-0.583516584214594 -0.63228935784504 1.23119455068024 0.776391783002209 0
-0.828759695525911 -0.736375559245102 1.69031944628283 1.07636832953224 0
-1.0121416068322 -0.892140829218193 2.0491254527697 1.38802749140857 0
3.20471792052619 -0.791288517603633 0 0 1.43059166682614
2.19715830164192 -1.07177067012598 -0.160613787420956 -0.292806410153546 0.906677243915262
1.70468072208455 -0.892659155731577 -0.012190796510495 -0.192943224781748 0.422348833158955
1.2180224179367 -0.912257941193698 -0.0336988791953435 -0.0139963332726875 0.0272137125719255
1.10204394435142 -0.8325646075994 0 0.139491748255347 0.230339376356578
0.670569053350804 -0.649146631751837 -0.263986999749337 0.344492568124374 -0.21892774015188
0.665036922316383 -0.355556731923625 -0.255793348465204 0.495290560517661 -0.366372022916682
0.525164124710273 -0.0865782342975775 0 0.150660738285266 -0.303773145505364
0.448379299592523 0.302607417394084 -0.216167449636608 0.0903714892652 -0.482271963236511
0.0203045425713231 0.218068512599924 0.252831057069528 0 -0.636838364772938
-0.335857944165973 -0.190881502166348 0.414315049646144 0.357502306414401 0
-0.607839078079244 -0.266951287514544 0.715493998379719 0.744580940965723 0
-0.97791767157695 -0.372774315848038 0.999639544893332 0.923462206257594 0
-1.26859853056019 -0.451828421653999 1.23956131056193 1.15107693488231 0
2.82485040797111 -0.905988126279606 0 0 1.44160857831276
2.33151805218012 -0.829780176168177 0 0 0.990910729380895
1.83886046904056 -0.750146728421459 0 0 0.547358614159121
1.1535614170501 -0.723677817413468 -0.0811501335762069 0.0502302568960399 -0.108515902063647
0.683028469487037 -0.567806995615425 -0.219745211116573 0.255117930380559 -0.397184610304706
0.600573110251782 -0.338846077888954 -0.323750252804135 0.504768363611764 -0.482861346168017
0.555284088020721 -0.165996293977917 0 0.271486093012276 -0.359594750616472
0.599999658906816 0.319851062842354 -0.272262951246814 0.49434771158042 -0.628327724480837
0.497518951598208 0.612035036770498 -0.141070550545885 0.231721818750132 -0.658785406601744
0.245849681204724 0.949669228791668 0.0596024247982423 -0.0920820075718249 -0.873607169194294
-0.233611408849727 0.867165157002118 0.232900730599275 0 -0.689708423670478
-0.387859320327282 0.558762734173023 0.281822319727244 0.549665272712566 -0.587636346718467
-0.528586784271796 0.0813270140006986 0.334674646030356 1.05185245569143 -0.280961030797285
-0.567783215438283 -0.263523939408042 0.284904108840791 1.46691241570419 -0.088385384594454
2.46539846275151 -1.01612878849984 0 0 1.36726567303921
1.94102700597155 -0.995519735728591 0 0 0.922663457355803
1.38731490762702 -0.983626516854745 0 0 0.451332334773298
0.904691919247881 -0.925776500634811 0 0 0.07428617956405
0.592662202062224 -0.507385385677001 -0.272925898414557 0.304158929326453 -0.432629831574935
0.118788587826127 -0.26373530279955 0 0.0491838792627893 -0.330399113103792
0.137430000271451 0.0886872462191632 0 0 0
0.592154785844603 0.612865296616394 -0.137469180215588 0.541308971931392 -0.853448633007799
0.434526051527304 0.968258458678046 0.0745949236966614 0.211554870344668 -0.694396296799974
-0.0284956966157922 1.04688758977756 0 0.0519429807652207 -0.601250651279976
-0.201236089343551 1.16607621613128 0 -0.0841904943769495 -0.507338010211539
-0.140500127753285 1.07468581642765 -0.0779564548733381 0.117111082535827 -0.538783564324254
-0.397357228708416 0.32272257215749 -0.150699246943231 0.804561605136896 -0.303709022680248
-0.516790829835656 -0.263178978024845 -0.263256912780054 1.28125550762216 -0.0809047197026891
2.18609702323005 -1.09290295054273 0 0 1.34672711077006
1.70141234478788 -1.08032735973754 0 0 0.900980700484055
1.17322218166701 -1.06597765381101 0 0 0.389894405029542
0.721760026194301 -0.949597531398029 0 0 -0.149453170929919
0.395834424281025 -0.693023302117431 0 -0.0272355567107513 -0.359939877152991
-0.00569568488422729 -0.272980412786957 -0.257569720023089 -0.00713298005843301 -0.711839037133263
0.0355399879289992 0.238240844512784 -0.0550083421514911 0 -0.739099170564794
0.541596204195206 0.616784215974668 0.110017257009994 0.280552321505168 -1.0357743289585
0.450480770972238 0.946012535336012 0.261061632203557 0.150606830726023 -0.903087457207434
-0.255028668181145 1.10320929181481 0 0 -0.410871086226247
-0.306512695383578 1.01833884830028 0 0 -0.280302630076704
-0.114627111591228 1.0386305981114 -0.291888178140302 0.265808924244826 -0.346265217622484
-0.124919606395624 0.654520978748842 -0.459596702615106 0.475825477284678 -0.272907955179667
-0.362592579351829 -0.111824055556192 -0.559512024190245 1.00068700082036 -0.0730923694742131
1.85081497936632 -1.20980238312282 0 0 1.23917607747913
1.51833481677435 -1.23657668203468 0 0 0.853290870896849
0.950706136074631 -1.23734050888118 0 0 0.200556453344437
0.546929007955709 -1.13469792970348 0.0333905738840441 -0.121175210071877 -0.00913940199250348
0.546783833209302 -0.898404744357822 0.02986962355312 -0.0041577300423947 -0.533354736333104
0.145224393097343 -0.826801032262354 0.125540488820112 0 0
0.0790265710068272 -0.228114164316401 0.302223706234378 0 0
0.428251495820728 0.246869440014741 0.397688714113563 0.0787252760776516 -0.884879984445364
0.422792638249599 0.634783564749455 0.448671746028842 -0.0738289173390946 -0.649900403859403
-0.417004530566278 1.06208479247589 0 0 0
-0.433965279982773 0.950513719919351 0 0 0
-0.491035283305767 0.927176537300834 0 -0.226663549271897 0
-0.0879361008984827 0.487245122123153 -0.535150354875796 0.487854958356331 -0.172261448297315
-0.212960320042613 -0.0317309453802571 -0.629020119339213 0.971498444905615 -0.104936861187532
1.46708410522236 -1.04146458778848 0.025922040523921 0.0794251304315951 1.3163635578762
0.981673869839027 -1.21895412467978 0.189374945979192 -0.0626265377429719 0.642614662319776
0.434159936078008 -1.40771797804571 0 0 0
0.351199242157842 -1.45230842844253 0.219921030144036 0.0539216257921662 -0.270332378342765
0.495307130457307 -1.37674294413129 0.160836020139371 -0.124093565738166 -0.472689248645407
0.421143293845305 -1.01107462312292 -0.0508158765686463 -0.0819494255638706 -0.540418060007086
-0.0975867073632421 -0.87344693936026 0.296277729452653 -0.386546229549636 0
0.109667881936512 -0.0808731172907468 0.346486905204953 -0.048369857760942 -0.447471692288876
0.0829737345890505 0.231714413387028 0.39295539544552 0 -0.114780342326322
0.121999323121089 0.902668516660257 0.270055235406211 0 0
0.211697238597138 0.924110811264853 0.0331054330103554 -0.594174191026983 -0.28533117304571
0.022865133099842 0.697647801695847 -0.452871547260553 -0.158110702304339 -0.297117279997716
-0.131630438766627 0.163060421798544 -0.591369898470903 0.323098623558867 -0.175559937486542
-0.213379004042884 -0.311896051964495 -0.733269460738587 0.783616466403042 -0.00568981640058584
0.909443034868651 -0.921005087716923 0.0433344384390124 0.197698794358437 0.778155319007709
0.406365108186883 -1.27278630558577 0 0 0
0.218532555822646 -1.54117375955293 0 0 0
0.117694770437791 -1.81018417544312 0 0 -0.242362229493218
0.595542173398555 -1.74511271240825 0.190566975737949 -0.205520522230902 -0.427600405652987
0.558880641925907 -1.47992143576085 0.0967686898476635 -0.250732278412526 -0.514284976763625
0.237446591066084 -1.23290878491315 0.222510935078333 -0.400549098704926 -0.370646052177064
-0.111110561698679 -0.901128742974427 0 0 0
0.17684897898361 -0.478987568519887 0.377098745166793 0 0
0.517836729257063 0.325467512777713 0.345882837196542 0 -0.165392738591235
0.584901613581897 0.79582831439833 0.158375179369929 0 -0.1804319974019
0.159269261914438 0.288508270991344 -0.320453551021937 -0.674541766964916 -0.257844186408432
-0.00156071716385369 -0.264010410852702 -0.717835386357099 -0.034857903125029 -0.140311294044561
-0.0939971295761229 -0.670385522031102 -0.911170600049541 0.542880050796862 0.0598055973940741
0.339320474955399 -1.17536984933547 0 0 0
0.201225931240806 -1.3509791324121 0 0 0
0.191326124936713 -1.70835148677896 0 0 0
0.103297922723614 -2.08681929293291 0.243221890669524 0 0
0.51917935090245 -2.00351709913828 0.295206932501882 0 -0.265334416279628
0.869245635181136 -1.89950079390515 0.347887056101698 0 -0.423871304697694
0.879381653141934 -1.75084463274384 0.308764902250105 0 -0.392837484571367
0.803190340461079 -1.43209808197256 0.244454030798945 0 -0.328361925164464
0.593146539238204 -1.54213774155811 -0.116726084851846 0.273621052860189 -0.00703804042222837
0.487928278910623 -0.505564561005851 0.270953721006484 0 0
0.55603065706542 0.00650148904557459 0.0726644901111747 0 -0.216089451717025
0.381357585050137 -0.145024221399349 -0.49757523664824 -0.73826561448479 -0.28528705657127
0.239718349414789 -0.571550591091681 -0.770752183383305 -0.583058079664843 -0.123185676321834
0.0419599635846327 -0.929329637247097 -0.954725284805465 0.0249360815173353 0.0803045170469523
0.222040067674222 -1.17672060195264 0 0 0
0.206177240503892 -1.47489912156907 0 0 0
0.263118492783805 -1.81442776549293 0 0 0
0.353542463776613 -2.06555099761304 0 0 0
0.573139440770023 -2.12905970269179 0.220655712168424 -0.124841975720402 0
0.842457392326493 -1.91748277582369 0.281292280490133 -0.233829175730077 -0.219475034714739
0.95031191718758 -1.79067243063312 0.299899384277312 -0.237788898173226 0.0501956942535079
0.886273295759476 -1.77060709553302 0.255862653143965 0 -0.051736020731456
0.381390772232199 -1.69300238046138 0 0 0
0.459571234792311 -1.237556968662 0 0 0
0.526738025348189 -0.719488967993004 0 0 0
0.358658887334258 -0.791339233853178 -0.594809816091568 -0.787934501992062 -0.336984988300207
0.310726357522479 -0.965905669926556 -0.861944518844392 -0.91833134048143 -0.16841464024733
0.22879552436506 -1.21962526851289 -1.00551667000285 -0.410948645247706 0.0113845868895241
0.231226985393048 -1.27241905516339 0 0 0
0.189010379585351 -1.43976960458357 0 0.281567259926556 0
0.0660191580430058 -1.8266802841102 0.192770626054155 0.473875254586597 0
0.154339484192412 -2.17385364200028 0.0867647329869041 0.557409183773662 0
0.621804925282119 -2.02259330034986 0.0903950073049896 0.135599540818367 0
0.89266322487863 -1.49022762302017 0.196760012356457 -0.0168466929530569 -0.133383877577233
0.806208842617293 -1.59686981177503 -0.0198081089385311 -0.0245474977781983 0.5670103454797
0.858866332653196 -1.86092901967146 0.0647079507347793 -0.27476539896934 0.391434509067399
0.586603054610194 -2.17073359332846 0 0 0
0.594842621259382 -1.94759867239866 0 0 0
0.561589237817886 -1.428317529895 0 0 0
0.531476845359632 -0.987832092963089 0 0 0
0.221519276410751 -1.30756820465556 -0.850919145931366 -0.896922933285572 -0.224599179257571
0.178453499393803 -1.43245691383943 -1.04165939485585 -0.757793545861338 -0.0103856245090882
0.312985248014465 -1.40336720982273 0 0 0
0.368805481677538 -1.66141113208945 0 0 0
0.0851679583528201 -1.84098514532503 0.148823871920849 0.772112834907407 0
0.619550964294156 -1.98970984668204 0 0 0
0.842288455770999 -1.74500469356028 0.0142296399289594 0.13873111682053 0
0.913671898764111 -1.19388116770465 -0.0640949875710138 0.347762762648344 0.0713933423584399
0.83139270828059 -1.18435879321752 -0.23662705973851 0.214574087551777 0.756821108955274
0.536866185867277 -2.1138980632317 -0.0848908207624523 0.0492085807022976 0.642291311839295
0.649381737208138 -2.02352655358389 0 0 0
0.709164833960926 -2.41985055052119 0 0 0
0.618866341657067 -2.10258754803145 0 0 0
0.536675057586635 -1.64115668991184 0 0 0
0.169182913494246 -1.83887225314412 -0.937557271056523 -0.890027279642503 -0.247260665051752
0.060253123083402 -1.69347151698253 -1.06375744710614 -0.943155073527154 -0.0333995973130396
