"(Intercept)" "X1" "X2" "X3" "X4"
0.707053363296011 -4.06598068570189 -1.11463265041486 0.113065072491476 0
0.0981561939336447 -4.71297268626911 -0.889326091683054 0.725732646280517 1.4521985586173
0.318644856426895 -4.04842982903422 -0.444109869833478 0.399530542245837 1.51269784118555
0.664231543917151 -2.97458913425487 0.0844546153943003 -0.0289389179808849 1.23577573056346
1.21861164296313 -2.45025625677427 0.209040477674455 0.0637089585335142 0.71450447155978
1.00444521283449 -2.17384579783726 0.367331545141635 0.0237507268349998 0.127141466332143
0.962215298681016 -1.92275304915363 0.233423089702646 -0.0136257989915464 0.207150612174731
0.418312809364079 -1.74595304780405 0.447990531655687 -0.163749083810941 0.161747267318988
-0.0347730077601384 -1.77222753342898 0.519259537599224 0 0
-0.350278101392495 -1.75313646227851 0.681558722332647 0 0
-0.790405096103579 -1.86765046655434 1.33509002401486 0 0.270768836200493
-1.25197746586876 -1.8436490362876 1.68195600788993 0 0.0216524348777
-1.67724844608024 -1.84826322176697 1.98509765276878 0 -0.187959206472926
-2.38954716542177 -1.82455293983894 1.88518232656075 0 0
0.4013304740338 -3.99849481256468 -1.36237959394791 0.230687231809387 -0.356446895566548
-0.15039542889977 -3.90201371234903 -0.83762305851174 0.437840448259737 0.313124072209121
0.0114157915039597 -3.53636566702527 -0.469364367679521 0.4549051270466 0.690951422978766
0.414958206291883 -2.93304859747588 0.00293995809600334 0.309699199782214 0.757834977046211
0.947202603586163 -1.68794193160664 0 0 0
0.843254444806743 -1.62191930021616 0.135721659981374 0.299140378709816 -0.0342638616550602
0.838272473852242 -1.13138312989368 0.10942067785409 0.254494742919673 -0.0611589773594567
0.321396357895207 -0.892017585347158 0.285725727105504 0.0622354958048504 -0.0637400790311549
-0.0300280221698311 -0.882258279461141 0.472387606618972 0.0510403351083242 0.0745276948203236
-0.373399904736046 -0.981649028611073 0.611485479440073 0 -0.0596174953862213
-0.729261817061802 -1.0914227167556 1.11366390009747 0 0.000417864604270975
-1.04937468596215 -1.08779808230667 1.36467636424835 0 -0.188942806444404
-1.7509689334059 -1.20239458387115 1.20900502118739 0 0
-2.3663172539072 -1.31654161134002 1.59009087427126 0 0
0.598165831605309 -3.64949702050881 -1.04959960925586 0.316881070713753 -0.52569651244881
0.335489230560633 -3.00193790193653 -0.691092914988936 0.163537275450847 -0.256127546395302
-0.236841810539272 -2.70583609069517 -0.480393504828132 0.207856874814879 -0.237388549388105
0.16796669855505 -2.10631552432541 -0.116872976352745 0.192833579589363 -0.0967640052553462
0.644164381966583 -1.44130117072307 -0.0683653375842345 0.306324305736367 -0.0158650671446121
0.75893388988446 -0.9932565882725 -0.0739960563668661 0.411594114831727 -0.22880959892211
0.713362342273607 -0.51728670638801 -0.125921148415638 0.413490933897236 -0.415306159677495
0.30445353370378 -0.0977018736989626 0.0116851813873193 0.316020813384117 -0.40994990302346
-0.122812482269391 -0.0485213490508675 0.193616446402 0.227391563317929 -0.427949111693818
-0.234399681361441 -0.263507754825728 0.378803236848161 0.258793949797272 -0.391779985099431
-0.480422418285636 -0.311998115044156 0.7411319653178 0 -0.217014732569721
-1.08257382100799 -0.50656999088508 0.815082896231661 0 0
-1.70415699089042 -0.753002712316278 0.991362664243744 0 0
-2.13064299624046 -0.984752072115405 1.26666600224377 0 0
0.780087633176795 -3.28693991805762 -0.736202345378811 0.338048137744246 -0.385293524910437
0.433853468202943 -2.61145161890408 -0.313694946555481 0.0249078833350417 -0.26694576262612
0.154408758563946 -1.94868453972987 -0.293990818864631 0.0438805351314141 -0.341844973551546
0.0725045108391652 -1.46306295212886 -0.342251705302973 0.153128051637007 -0.573037594763115
0.748402843771504 -0.904374457890261 -0.380063217550461 0.539571382715155 -0.408970400754619
0.780278208923675 -0.357352192594081 -0.316418766221034 0.53293394798797 -0.450439011662247
0.784236477644311 -0.0718988877305647 -0.327120847561974 0.594416581812274 -0.596666007961352
0.703918865091838 0.189160175027784 -0.280585053387903 0.580436469274901 -0.739114591373134
0.288158142134986 0.413443193636951 -0.263487620136415 0.461787169435496 -0.880266316434736
0.026497870660768 0.574988125478491 0.0355220090886377 0.326357685680018 -0.793353052124193
-0.289734881252805 0.273807842755594 0.403212018650061 0 -0.429493772504336
-0.784991410925657 -0.00168098772100584 0.736139719793866 0 -0.392262706523868
-1.42392072542835 -0.384334687883477 0.669586589568672 0 0
-1.73464145869748 -0.868128281255621 0.628520091631244 0 0
1.36975874725484 -2.6832352735739 -0.278066295939004 0.397248079764132 0.17225288599739
1.47565998063926 -1.71545315762699 0 0 0
0.96174795573548 -1.2897144078692 0 0 0
0.691914154462271 -0.769164827220141 0 0 0
0.675601803003866 -0.468753809276031 -0.35743856191917 0.535779481953482 -0.417750282472296
0.774559270133118 0.135523190126336 -0.407277592880554 0.649143711652252 -0.673465202923734
1.0986198933023 0.281918215339392 -0.56392255733829 0.697385101361957 -0.694534516410933
1.13804642970949 0.454099904165883 -0.656562284748335 0.544807629858811 -0.675954969193639
0.792561273094543 0.771991009245885 -0.63054368606454 0.154794122962287 -0.80019159049064
0.0722977418092277 1.07876316833574 0 0.131539522799053 -0.692986693145453
-0.102321964264631 0.877964178527941 0.15298523890693 0 -0.513338616062776
-0.930645364050388 0.358382356626994 0.410619128973143 0 0
-1.27760271721648 -0.310388289122065 0.436110108733719 0 0
-1.64481421871991 -0.969142783441113 0.435905429632381 0 0
1.2385758133844 -2.68252488354635 0.188940701952934 0.291187958452041 0.513360963814468
0.96767554568033 -1.96806434880809 -0.166923604384225 0.356522402118659 0.00937008928721056
1.01702589300348 -1.20344031595359 0 0 0
0.637138096397377 -0.764906459627782 0 0 -0.132365412529881
0.186773805499377 -0.355951404064271 0 0.301175449056057 -0.486757762834045
-0.0978522418901576 0.0741640799788708 0 0 -0.529166600404759
0.63631701128027 0.194609649637297 -0.418521790364903 0.479841795409427 -0.821197570969692
0.414060388426803 0.536394311477808 -0.514233808179976 0.335933661321789 -0.57325154440097
0.536456747717925 0.847519563161348 -0.548718997951518 0.10988816643828 -0.496293021056111
0.257579237040474 1.06515901928169 -0.367766860629227 0.070665698749478 -0.565558467347451
-0.157263983687481 1.02480759120507 -0.0822434639828937 0.177226117023249 -0.524190192180693
-0.246125413592223 0.982876188053818 -0.15901901520714 0 -0.17546545398006
-1.02174873193183 -0.0668326153021118 0.146349235185008 0 0
-1.4247519293925 -0.827418642816134 0.22997034905264 0 0
1.65553735026981 -2.28767364570566 0.489394098743085 0.136816708606703 0.535953851254416
1.35434236424452 -1.87738585431298 0.00336443587374568 0.310439852219312 0.407677003112503
1.01346147610868 -1.42857616687257 0 0 0.356247600941129
0.790723081178289 -0.983274293433246 0 0.382922885032041 -0.194966437991376
0.257567315231912 -0.826455309137916 0 0.27852709933659 -0.575300469498429
-0.0707162730957392 -0.462034667828816 0 0 0
-0.0770922060724271 0.00637745845021446 0 0 -0.833881873392246
0.129562596907142 0.523003341248391 0 0.289323922658449 -0.811912099031183
0.556003382917432 0.671617182986746 -0.302473033466082 0.329089996471183 -0.763072460662206
0.399203063688985 1.01128431820658 -0.435766933591609 -0.12728699044502 -0.403989155171887
-0.143319310393864 0.987291547849357 0 -0.259591456740514 0
-0.288857844632479 0.649588342841058 0 0 0
0.0175656390218534 0.926790115834926 -0.60860531630924 0.0491055761701335 -0.3780151385543
-1.03133154092287 -0.0872006582024024 -0.163676673124757 0 0
1.69027330305628 -1.51026211890412 0 0 0.548630625894929
1.41089474449848 -1.93528649031284 0.207846489128678 0.269175029122673 0.564532405522744
0.857380087695099 -1.48605397001103 0.121469067737243 0.595006617052293 0.177787373616833
0.768601565920322 -1.26518097242664 -0.0032590130454274 0.683857095363528 -0.267901828521899
0.714681776567135 -1.20055043419295 0 0.440817338624822 -0.550600244322447
-0.0325064317177024 -1.02654873828511 0 0 0
-0.0271144085206104 -0.623221988434775 0 0 -0.416813192325308
0.293351915943846 -0.0144082406828618 0 0.149806898387108 -0.822646728827184
0.548868876280727 0.35621661101911 -0.358988101898549 0.156625246477749 -0.73968194697908
0.321353506687545 0.734443442748195 -0.458582051533786 -0.272128213537215 -0.499025097187765
0.00349256010270067 1.09873079985282 -0.698296207106248 -0.642777793244043 -0.257177045869933
-0.0325677961183007 1.43854511647108 -0.833312890994561 -0.842119437544353 -0.158083188391402
0.184819477621758 1.3534184768174 -1.08818111336829 -0.0279337961385317 -0.227674269542398
0.376298899596776 0.861902301655659 -1.1255534219624 0.600911292471222 -0.350484191273458
1.00162306837475 -1.61740094696998 0.386237454016112 -0.223709493765285 1.21899794985507
0.663331539310207 -1.44024283446483 0.281132722185283 0.300236319445119 0.460439300485629
0.695790301731602 -1.45412010779372 0.146980674766549 0.422343918355957 -0.0597079439005205
0.661163434290677 -1.64979215890985 0.229805907996541 0.339989567529933 -0.359609312213017
0.514957177131024 -1.76022325327335 0 0.278390878020198 -0.495361780070918
0.628040249388519 -1.54664976441502 0 0.294435130938432 -0.67530246596582
-0.0407513112780818 -1.19684661644786 0 0 0
-0.057543781930528 -0.707964010967999 0 0 0
-0.00161007091715912 -0.14738268892771 0 0 0
0.201537217639843 0.431427825242628 -0.583313366767563 -0.309337974694826 -0.492884206067619
0.0846549592632748 1.0137207036968 -0.916444710720091 -0.503784488942223 -0.417870050610596
-0.0012007898009111 1.42570265201159 -1.11904692215902 -0.512152326641648 -0.241897976114936
0.00679885332513452 1.37593830396839 -1.19826881696741 -0.378638689958644 -0.18797318477142
0.13065651582728 1.22589814640126 -1.38369832378263 0.238581357255074 -0.0438543796099363
0.148030727375946 -1.12427110316179 0.495098064168163 0.0175525949103787 0.788477206892433
0.309565515782471 -1.33123892090297 0.37614452599956 -0.0425527092254183 0.367493333833419
0.433483120959089 -1.57278435796693 0.301698249552356 0.057790583270803 -0.0381857216439328
0.654674548688095 -1.87163572984319 0 0.0292191882127103 -0.197518055735599
1.03872143108136 -1.95171875889545 0 0.220526127592155 -0.497245387395166
0.510137237312156 -2.04904037063061 0 0 -0.548722338709208
0.211900744516167 -1.78321754450626 0 0 0
0.56409270303829 -1.49093183679831 -0.0301281817444908 -0.217170807919192 -1.04690591468829
0.484397966496498 -0.738165938720177 0 0 -0.40437130555496
0.397136978072623 -0.058665100707416 -0.392703377277741 -0.220181367630773 -0.520062115263987
0.417137002073368 0.547480354741832 -0.575126327608281 0 -0.326724075726644
0.268161449892406 0.963306170280077 -0.96998960839399 -0.268359786185222 -0.419934811635319
0.0456594674313201 1.28498410143181 -1.23717636839336 -0.0656697639373917 -0.087820595548024
-0.0642546014971029 1.42001000437407 -1.52158676523829 0.0764643512879408 0.0460913765766954
-0.276216256370175 -1.06009385080036 0.632735003725973 -0.133723876073575 0.545359548314907
-0.0153624336913434 -1.24933161640442 0.471295470423653 -0.0661449678125084 0.211872043367487
0.326418299651259 -1.56603860427457 0 0 0
0.515223529557241 -2.08404650106905 0 0 -0.186949837547602
0.697058524779474 -2.19729234241109 0 0 -0.426030104775068
1.13400708938647 -2.2274889577582 0.0601875565123367 0 -0.626878826721039
1.11104574537303 -2.4356963963336 0.135092964028558 0.0398809725426411 -0.931280095423811
0.749046598560778 -1.83440942387843 0.0643090754626103 -0.0909984592847618 -0.863573869417624
0.812212869455896 -1.25346442221994 0 0 -0.518970260066685
0.396516204036482 -0.621047514943904 -0.46896632808217 -0.216216648810715 -0.693577493891489
0.383453605092646 -0.0517305205792648 -0.608008596173975 -0.292648614150489 -0.650094912457385
0.331650621427976 0.434356385810603 -0.823143372873778 -0.190278624869424 -0.458366990747239
0.113875098793498 0.772119121497181 -1.17495288960909 0.0366869614908623 -0.168641487939367
0.0214080788405848 1.06322239937239 -1.45791692199138 0.324659077738183 0.104661806850744
-0.281284207832838 -1.03039813401378 0 0 0
-0.00145730846346252 -1.25872786017978 0 0 0
0.375082831905844 -1.67020945473682 0 0 0
0.566478978322681 -2.03852242016641 0.202172778042048 0 -0.153989149030502
1.0113839054752 -2.09373161731634 0.135194493359311 0 -0.305034046522755
1.31935047082304 -2.04192338682775 0.0267265382926047 0 -0.426281278662813
1.05573962675604 -2.29281884131576 0 0 -0.437723708415065
1.07158896910458 -2.1382506845604 0 0 -0.34528951815887
1.05901039234833 -1.64596285155502 0 0 0
0.40385546641495 -1.22877765627849 -0.465171551454491 -0.126344022976327 -0.846614017975348
0.395136842188613 -0.764550791052379 -0.732791709713422 -0.190007780497153 -0.653648672796801
0.330841294837664 -0.30605482613621 -0.896475656448753 -0.0560497358616599 -0.523352716904726
0.105782561560978 0.209409930733217 -1.11054073420028 0.0998285377796065 -0.26975248321916
0.00785024290345889 0.554636958481154 -1.40938709320067 0.306967502135391 0.00277796150322994
-0.244172538192968 -1.00080946732731 0 0 0
0.0716507005210573 -1.35320461972897 0 0 0
0.527103889128405 -1.41055010461174 -0.0604071200415363 0.432113147265784 -0.120208117243181
0.810013488331627 -1.58686835899702 -0.165042597596036 0 -0.162607245439274
1.02226592924655 -1.78683865605021 -0.149438017375581 0 -0.14043343549719
0.995045223484137 -1.69211910837723 0.027441775151214 0 -0.149376181950391
1.15169898219422 -1.80478927024581 0 0 -0.157155220353141
1.23713047826796 -2.4918067861939 0 0.0239500816319788 -0.435772438819641
0.802914569435292 -2.25253268595598 -0.364042217258355 0.288714842917786 -0.602932547100097
0.566414164509933 -1.74679947920229 -0.5416361741333 0.234469625140864 -0.632203031638418
0.775115634178237 -1.38253403433004 -0.556442253174643 0.173541264039168 -0.579590096598085
0.703886316723483 -0.963992296961851 -0.800775228283396 0.312045609609912 -0.48259172961522
0.203501542143089 -0.468674388573641 -1.17409385313483 0.325068785259714 -0.441297814666451
-0.00483508239880483 -0.0499823295190968 -1.46906863684519 0.401303251618438 -0.235575855615226
-0.181732234016019 -1.08847560728494 0 0 0
0.249379078052627 -1.19641059847882 0.104150444358147 0 0.130613971309754
0.626019760523267 -1.07902089993049 -0.392205837924953 0.521710490999944 -0.12649700859541
0.734859942178574 -1.36167568801147 -0.333762463965221 0 0
0.721429439084383 -1.43637731421603 -0.153864679821347 0 -0.00145611849175045
0.707171632049062 -1.39523828248847 -0.139747666869198 0 0.261321166972456
0.916514011651438 -1.55971219479017 0.0663160004188129 0 0.185677979918132
0.53852546091359 -2.24772103967446 -0.438138148561371 0.601207533104496 0.153752981582893
0.504996193660497 -2.57758183459756 -0.592562490852007 0.896510812382948 -0.435259411130052
0.701228021644819 -2.25704666579764 -0.614002237696329 0.771056851079698 -0.516349596392819
1.03444472439865 -1.89400120175329 -0.546055152163042 0.706201993479366 -0.460652796391228
1.06692698897629 -1.5458906887561 -0.649243183578653 0.717880375036635 -0.478959889501653
0.417919934785252 -1.07922553057722 -1.16829239708533 0.657139563685321 -0.547896523133938
0.0248803401570018 -0.662182500717381 -1.56203150685272 0.596783937344896 -0.488839883809755
