"(Intercept)" "X1" "X2" "X3" "X4"
1.31325032874627 -4.11617519717915 -0.77914774971851 1.08113493604741 0.782549085427136
0.856192897168424 -3.73978078951551 -0.364826634205717 0.692165057270499 0.826085980034326
0.728053113351586 -2.87390849565377 0.117185409027094 0 0.721294312145497
0.754087559808721 -2.64027956405401 0 0 0.776322667579171
0.688996244493575 -2.42818116112596 0 0 0.573678494549873
0.965683739905248 -2.26501443885417 0 0.207105459028365 0.372591548716879
0.614309761628621 -1.91417504744857 0 0 -0.0817578761219939
0.291019401579415 -1.6456805858792 0.213870591733102 0 -0.112776932478399
-0.379425282453568 -1.81889554386488 1.00020201857088 0.468526718010595 0.888287514646134
-0.839991553607247 -1.56424703008599 0.756710577187299 0 -0.0166023788417512
-1.0787193484592 -1.5628487821991 1.06713329846784 0 -0.226397637623235
-1.38693137054752 -1.63976528337168 1.64307725316937 0 -0.167632440514511
-1.6204080609204 -1.76101560381178 2.02207986731775 0 -0.241643998665658
-2.20878172507028 -1.90828878681647 1.97693388140852 0 0
1.43543224572116 -3.63085167594254 -0.727669594334381 1.02088903529498 0.378982484651426
0.787046270020926 -3.20232491057887 -0.303793477501423 0.623429443784439 0.233248671281538
0.467584358278665 -2.6831340172827 -0.00105875063812195 0.271117905318944 0.289685206244534
0.643512428571606 -2.18692551476732 0.172835996288189 0 0.357869307711942
0.576878495492021 -1.84026061560316 0.165905278255689 0 0.257582960076812
0.778104849546785 -1.51976171915791 0 0.237539800441214 0.0808623148520197
0.599498751486998 -1.11363571191044 0 0.215903603117521 -0.262036813012125
0.278988004250615 -0.731650762348535 0.186941478875366 0.131884820944523 -0.256011146218552
-0.155488117500549 -0.704531293947163 0.216662447202569 0 -0.260983190780706
-0.644536230333314 -0.828883384038146 0.474644864419137 0 -0.292240830752302
-0.848805767450843 -0.866471923953867 0.87378262831722 0 -0.336848139267334
-1.08123063151529 -0.945925103670518 1.3175700441667 0 -0.313693640750988
-1.73385094611517 -1.13287129752286 1.23187993250912 0 0
-1.87340908349233 -1.6399242659359 1.56924968440909 0 0
1.539430252444 -3.1838223462687 -0.578478631083297 0.831823899667673 0.112294932094125
0.613400741715199 -2.87900172151671 -0.297717570505541 0.429547074102076 -0.216450665338889
0.145100588027929 -2.22188584528876 0.0594768809530504 0.0736383493674342 -0.322501512242091
0.480792642662116 -1.5205695559113 0.163111635746708 0 -0.0926981574626686
0.476540310007229 -1.20178782202854 0.190325260569376 0 -0.17118257946706
0.469176951861179 -0.826674510876238 -0.0501968560855489 0.3328152885022 -0.290680230564282
0.35372993459418 -0.37764664153398 0 0.336977833937883 -0.509878620310801
0.202132136527109 -0.0512180785689636 0 0.314189700756438 -0.66823332887944
0.0176273042662573 -0.15006620655651 -0.115875448561868 0.31356856913872 -0.523593903575936
-0.291808700451499 -0.104833053282463 0.185859963696788 0 -0.502311676477095
-0.554369195105238 -0.17946884727736 0.583670205111978 0 -0.437080492281329
-0.939288959102773 -0.252414266124013 0.921570319659819 0 -0.440713237039184
-1.47597210868446 -0.791832379727415 0.883819773339744 0 0
-1.62543315472796 -1.34629185536966 0.863445679365181 0 0
1.4967430363826 -2.06491624130525 0 0 0
1.34133836690043 -1.72502998036359 0 0 0
0.931855048641064 -1.48738585315601 0 0 0
-0.0945326518296604 -1.14320284950064 -0.0335156015111794 -0.23512185344715 -0.719516260175756
0.428481830771208 -0.611266418935895 0 0 -0.596644207066643
0.409511730152635 -0.307163786671167 -0.263477444918791 0.415675416171782 -0.740820715094722
0.454929731856639 -0.0216364126460471 -0.194221023055693 0.726004578425457 -0.763253353182638
0.253271258676989 0.268563213944011 -0.233818752556762 0.674659043478692 -0.865351914799862
0.0118838211629098 0.571354487047874 -0.286719485124572 0.405568091294736 -1.11193143846769
0.219514696469337 0.701383120328108 0 0 -0.756960767598138
-0.262067957014497 0.523909762119736 0.228922458986734 0 -0.636740597110814
-1.03848110889777 0.148647419539477 0.560160568503446 0 0
-1.26336789616539 -0.287703360296433 0.548888691095465 0 0
-1.40877211154759 -0.817820039172459 0.473414038056611 0 0
1.5031682928634 -2.02087944856572 0 0 0.415828753612125
1.31720042582197 -1.54216736567843 0 0 0
1.0395112141561 -1.29243063527169 0 0 0
0.38843245923726 -0.897825192145324 -0.245621983040765 0.0096565274759515 -0.798589489465506
0.299279906125626 -0.432401247159186 -0.324606845735962 0.348883534632667 -1.04423859514017
0.394735971297213 0.0448879290518454 -0.436119334727905 0.616102380180245 -0.970855235996158
0.600655953684531 0.376379078244423 -0.361022356463028 1.00193860903083 -1.13042866544466
0.613998973146365 0.557876334787613 -0.378833975143763 0.832272121471208 -1.0696737802116
0.353578122927191 0.900035915064947 -0.298404789382286 0.4267005455926 -1.04403761818326
0.110123491363048 1.10320305991238 0 0.208588090915896 -1.0172836848794
-0.106517094236648 0.905529323026694 0 0 -0.402825393899881
-0.562335063786838 0.681870821216082 0 0 0
-1.0238569205012 0.234713666547009 0.228667883185724 0 0
-1.23610316231166 -0.410007614571797 0.166228826361108 0 0
1.77478980457575 -1.62189515922244 0 0 0.607365705652451
1.35116581844103 -1.40565719293986 0 0 0.286663924030944
1.00446881421802 -1.17118544054687 -0.224966170319892 0 -0.0189021095870166
0.777120533122096 -0.715943592606917 -0.397014196042507 0.13452179350516 -0.493210437477425
0.39856204194715 -0.272032659703067 -0.460091697824125 0.357034453244978 -0.993020262648516
0.0508938176480467 0.0991784014466068 -0.419505966276286 0.555419703444476 -1.15429753538219
-0.0956931960158796 0.383993641206615 0 0 -1.16633402896352
0.309713544811325 0.736979677324271 -0.169505277669682 0.631480404225472 -1.16338218315918
0.268913534277106 1.04086692684034 0 0.29772739527954 -1.04448074638023
0.0860105743779145 1.33162251147549 0 0.174833328645958 -0.907778251443033
0.0227007228950058 1.35650426697385 0 0 -0.667723308515153
-0.287550888629963 1.0766351738368 0 0 -0.280279130346542
-0.637384795110019 0.685128460313275 0 0 0
-1.07624920723636 -0.204430230290784 0.037687334205652 0 0
1.60415130460118 -1.21078009718291 0 0 0.428112171780747
1.16191644734371 -1.18384314241944 0 0 0.360763961404605
0.690789384472283 -0.98241871610628 0 0 0
0.453004028653229 -0.919062591166922 0 0 -0.39955705546857
0.0749790519129244 -0.804709747797515 0 0 -0.686646332034765
0.252400689918744 -0.365353931943337 -0.173973243532638 0.251304361863576 -1.15429962410971
0.106129427196513 0.134211312971434 0.140231741522324 0 -1.17695696294834
0.290309195467231 0.548165229871455 0 0 -0.926151242629727
0.523589569604847 0.949098998820654 -0.00593750068129964 0.443934991525271 -1.0116369056672
0.0263660912301418 1.19505066169461 0 0 -0.524256853657882
-0.0526109334238898 1.24739669987926 0 0 -0.421626722421344
-0.311360891763363 0.917364392089523 0 0 0
-0.399083913372474 0.816995595283701 0 0 0
-0.537508770629875 0.527051486867711 0 0 0
1.29094306010986 -1.23202465383635 0 0 0.723010291589133
0.877284327255358 -1.24512356033335 0 0 0.368954366334563
0.42838378269282 -1.22982421531373 0 0 -0.14986084138804
0.276241220890172 -1.29003863498574 0 0 -0.540981656627133
0.193265360632304 -1.22958056320577 0 0 -0.865679538992411
0.661934899849608 -0.817368441467701 -0.0792766135474962 0.260297521939219 -1.10042789358407
0.368778954176759 -0.326692707986748 0 0 -0.815024755632235
0.133093019604451 0.0732540693495634 0 0 -0.99328603825745
-0.0433325487580424 0.62900824709788 0 0 0
-0.188436493295905 0.986077679287415 0 0 0
-0.226415733061943 0.904338405555652 0 0 0
-0.255415293749255 0.919225722236077 0 0 0
-0.282278452383326 0.707788421489702 0 0 0
-0.360841808950593 0.355914365194811 0 0 0
0.744623618513127 -1.21053992362753 0 0 0.531830470442705
0.366618697950517 -1.22080980961467 0 0 0.0491819990209809
0.33408581549329 -1.39690025701884 0 0 -0.34797126433939
0.251995255310646 -1.64325077930078 0 0 -0.692650480993723
0.147014639016973 -1.79405511399427 0 0 -0.60256143723782
0.871468204943977 -1.49302079573279 0.209582941258672 0.114475565347201 -0.94505709990523
0.469835039642985 -0.991054059770169 0 0 -0.856678020919749
0.20002915591075 -0.643595689162277 0 0 -0.878122983358586
-0.0400160566900358 0.00221576580926005 0 0 0
0.0813661089764867 0.79857928972872 0 0 0
0.15566213743529 1.06930265580116 0 0 0
0.00323713757297398 0.859107076031412 0 0 0
-0.0812173727785092 0.41107312426649 0 0 0
-0.152498649174074 0.168272910743657 0 0 0
-0.0198283237294397 -1.09005382838107 0 0 0
0.162720410361884 -1.09166153768995 0 0 0.0497230038791176
0.210752624674059 -1.46144292506979 0.39386010461833 0 -0.161085751169802
0.246405686792918 -1.97029003867164 0.383866162439934 0 -0.562152931630278
0.254278802019191 -2.18910305645081 0 0 -0.805982780455627
0.646815396206393 -1.98444200384966 0.197886338774127 0 -0.873003885146216
0.597861588084302 -1.53388053230569 0 0 -0.71998459375091
0.375519224475307 -1.21686072823316 0 0 -0.773023238056819
0.209054412156195 -0.561908921859481 0 0 0
0.396592188497379 0.172527670320771 0 0 0
0.685678469639365 0.558651267647676 0 0 -0.285148570103021
0.426106377590707 0.520964360055373 -0.547548902489438 0.275190240814707 -0.404185129064322
0.202966167734817 0.176515894289859 -0.773991454191814 0 -0.105848882087719
0.326496917837333 -0.120222204400871 -0.482548036570685 0 0
0.0454543111863874 -0.756416297116077 0 0 0.271825309119781
0.211917202544049 -1.10790867059803 0 0 0.0992073106117979
0.250741262244203 -1.49115072776535 0.478205895758292 0.149686759381243 -0.239950555990554
0.148546584938761 -2.15702817022888 0.459306011764538 0.0642788605127731 -0.415903812497382
0.446343730731356 -2.5197449251586 0.352895078429713 -0.00439308567630739 -0.682933792962253
0.945048379574206 -2.32768486498107 0.424128092139136 -0.147816056176769 -0.821453931194322
1.09327509149434 -2.0269574525713 0.433301930000982 -0.0686151126441293 -0.844750405838268
0.627427465682857 -1.50672762766221 0 0 -0.435927970150726
0.523232092628027 -1.02136207824322 0 0 0
0.390639940538226 -0.354147406796873 0 -0.254952257149051 -0.620394303647274
0.759802462454262 -0.27328609037644 0 0.0228718594939083 -0.561919788189821
0.447770804705832 -0.0969246762488046 -0.370792631394804 0 -0.290327069587847
0.369934371581032 -0.26434628280884 -0.796505993088574 0 -0.0360807462684565
0.517269402406224 -0.668561518374366 -0.96094472785746 0 0.0303198032957325
-0.213613213132229 -0.892203906680109 0 0 0
0.0874790194993209 -0.918867791185042 0.286896603489441 0.387352905125396 0.0629667583823797
0.233694595573966 -1.52949971016739 0.352371535982721 0.446091491136409 -0.164979694501096
0.187984844787165 -2.17299087661557 0.37009663623076 0.444834944187894 -0.318795616319503
0.404266985130561 -2.39533420080737 0.232924228608454 0.327444624562151 -0.322785619798968
0.852370875555017 -2.30943777992202 0.206400869911217 0.295924021373776 -0.362640046814003
1.00748496205627 -2.21069792479756 0.298936223732032 0 -0.653803602696696
0.69250909751118 -1.97916239569939 0.0692216305454451 -0.0940412602550143 -0.649637687277933
0.856208829893236 -1.5351000045146 0 0 0
1.03186708792255 -1.07337859090043 0 0 0
1.02877929499221 -0.799177655077086 0 0 0
0.716639739824939 -0.812997554487262 -0.543934308181426 0 -0.210391458194749
0.606208341752313 -0.962574839757408 -0.983095121170838 0 -0.0912332725347661
0.759148230835712 -1.23189480341192 -1.28423586031492 0 -0.0164567544721176
-0.133795816160583 -0.920930785301697 0 0 0
0.316956149093856 -0.837378423795314 0.0280152832611569 0.513479000588582 0.105660486375457
0.448369111896406 -1.39796769829002 0.0364395957710579 0.600312981271617 -0.0668431598067709
0.260023354942875 -1.92144160444548 0.232925034051678 0.502774852206259 -0.112602150889876
0.42577849264244 -2.00161531902926 0.0485986263500864 0.553628812265549 -0.0492776787204003
0.562376624910383 -2.09943250180205 -0.073445787938869 0.578076164263093 0.0819623839086403
0.772147393660272 -2.13469868973739 -0.0928134920205563 0.460317352628454 -0.00871386538865618
0.713710356099267 -2.07660427681881 -0.134598387900825 0.215802628578363 -0.249352437787417
1.23331190264562 -1.8279093802089 0 0 0
1.34470097242374 -1.56280799718185 0 0 0
1.32147124093419 -1.19864820764196 0 0 0
0.907799637329274 -1.25115209842969 -0.492679014330345 0 -0.204766041713982
0.762397927056733 -1.41304703668255 -1.01389945477713 0 -0.0850789514752026
0.809520825218692 -1.59083188820388 -1.4031876946762 0 0.0320947499675921
-0.07701363814462 -0.977965448548496 0 0 0
0.162668031331516 -1.2668410454141 0 0 0
0.334848861132548 -1.54509759229513 0 0 0
0.462328713908507 -1.76082272786919 0 0 0
0.362756690568985 -1.59582426687215 -0.211884855404987 0.683984082611763 0.172255386699798
0.421827140045781 -1.64280092930009 -0.361441561645832 0.825940267174365 0.278680467045203
0.386590503698832 -1.92387928043787 -0.406211890421247 0.766619797331361 0.414659546097435
0.577059660131061 -2.00871495500246 -0.481684455795301 0.642533912724081 0.213017243774195
1.26540419782903 -2.14427858396637 0 0 -0.262528851508335
1.56330254493926 -1.86055047331906 0 0 0
1.50773144878063 -1.37497880946252 0 0 0
1.09722886677767 -1.63912149886215 -0.497633309311985 0 -0.186643309802031
0.893166975856918 -1.72664152949589 -0.901610756672736 0 -0.142315625911829
0.918291161889539 -1.89113833174569 -1.27326689272368 0 -0.0316186080226478
