"(Intercept)" "X1" "X2" "X3" "X4"
2.56258660009892 -2.87711285588418 0 0 1.75041871698524
2.15532971366407 -2.75294212154239 0 0 1.40065490778097
1.90356159988013 -2.43100078305185 0 0 1.04949055925401
1.67972772320016 -1.97409245706725 0 0 0.597999512309202
1.55726717101169 -1.502651062704 0 0 0.262667895716435
1.30596108800445 -1.29039934040496 -0.0323282103739563 -0.125912135357857 0.296378390301659
1.0132370088711 -1.09764796508987 0.123955136925845 -0.117494689351428 0.236046660959396
1.06367549834186 -1.0650952290786 0 0.247645168848039 0.0166888141926581
0.940329148644007 -0.988045181449188 0 0.327195396164482 -0.101063396210853
0.764272817709094 -0.973255644054864 0 0.349248593600746 -0.190563175354987
0.554786902427109 -0.992978387094118 0 0.351279470926407 -0.249491407515172
-0.0926574003803873 -0.684106937533253 0 0 -0.488998618527511
-0.41384179892123 -0.834525946799733 0 0 -0.358755713919666
-0.602486113108901 -0.534280367948027 0 0 -0.439415848854162
2.52202413651822 -2.54029833154102 0 0 1.60272581875378
2.07511932541172 -2.4453566249405 0 0 1.23022814230911
1.80690311532646 -2.15403504320535 0 0 0.896652510190529
1.59725314964357 -1.7369735573304 0 0 0.520103270059146
1.63872484301623 -1.35064821291178 0 0.194057064793217 0.296243167936561
1.24616563649616 -1.0629241329767 -0.158818734052992 0.0789143079276725 -0.0366225648469823
0.985942345030708 -0.737686222415918 -0.0290520285715402 0.0361744995744057 -0.216466989921438
1.00408244059871 -0.63493161383336 0 0.315649061097307 -0.346188273557538
0.823687504652608 -0.597235768744168 0 0.361659476166544 -0.428030288462194
0.668993438657298 -0.595352190955572 0 0.392460179784878 -0.487311995965577
0.492471775951225 -0.602995517952987 0 0.40062046158611 -0.493585279602553
-0.157041895436502 -0.403290839382209 0 0 -0.517427556568742
-0.406872271891205 -0.405685266137589 0 0 -0.454765801812468
-0.596302434013071 -0.209354599831469 0 0 -0.489603854959341
2.48957867304133 -2.20255461751089 0 0 1.4852045338372
2.09014128253996 -2.06796393712556 0 0 1.10520937864211
1.75951216409624 -1.82085217729089 0 0 0.743549812239145
1.50043202167142 -1.44626488686744 0 0 0.370280646988227
1.48933697117422 -1.06726053452989 0 0.236153547731117 0.078356717935404
1.20907415249791 -0.782829192621167 -0.260762527074856 0.257729971942208 -0.351482400848274
1.24731307657609 -0.358781555705399 0 0.341157353204335 -0.518763248622498
1.05451864910957 -0.19630829021374 0 0.377470307269162 -0.683010714712767
0.803563931049333 -0.216252585003102 0 0.452648289640065 -0.799088208093711
0.625351354169693 -0.196779527710568 0 0.467760638074304 -0.756990686004854
0.455134284259593 -0.197787636754498 0 0.46310810057711 -0.722454161082367
-0.163818734110639 -0.0377195074246 0 0 -0.570353059020162
-0.366142403127307 0.039556437652824 0 0 -0.530205911816531
-0.58012918584665 0.141605781039092 0 0 -0.530841580409654
2.49544975518937 -1.87088411188816 0 0 1.40832664303593
2.09651989641493 -1.68376548665348 0 0 0.985570897223007
1.73605404256714 -1.47499002791814 0 0 0.610210286786496
1.41716429389226 -1.17605694427337 0 0 0.214291298887096
1.339466038294 -0.901171527608693 -0.29821184352443 0.343105070632115 -0.208686219226485
1.16002021504337 -0.544173991122115 -0.379762414323384 0.436900374508635 -0.63144155893703
1.00737685956113 -0.172993382165336 -0.280008317559764 0.424708503211565 -0.908206620328957
1.04191335845968 0.0705078583772391 0 0.408200430941186 -0.952954368614123
0.873611412545218 0.137144416649822 0 0.556134596556131 -1.10756595685738
0.635760869100826 0.201547992971529 0 0.539235398367749 -1.03352882289241
0.382302789920245 0.248026724137475 0 0.433914498192655 -0.920651173875423
-0.119537563050014 0.357683159248839 0 0 -0.640478170110274
-0.307568608131358 0.348919668354886 0 0 -0.568627405460639
-0.537083548754615 0.256016124887954 0 0 -0.372871132024549
2.40083979893747 -1.79294530994594 0 0 1.57602430583487
2.02470824450146 -1.53403105177687 0 0 0.964957282301089
1.67127827218048 -1.24665209280124 0 0 0.495972245230942
1.31749938412795 -1.00169915223259 0 0 0.0314668074909986
1.40611061632382 -0.755956434083807 0 0.293593932312582 -0.376444060834098
1.18692351518645 -0.438397432620361 0 0.29953510109068 -0.871794916162408
1.11088585329313 -0.0200382841922538 0 0.325405025190675 -1.17917233497609
0.959211988319661 0.243263698067838 0 0.345101545029153 -1.2088125791196
0.862100559130629 0.443345126874101 0 0.492705475654341 -1.29144513824172
0.640763885833647 0.596946399860263 0 0.531890636465167 -1.31057716902655
0.0513538758183926 0.754765246273719 0 0 -0.85539562436214
-0.0578051540705913 0.72078630868444 0 0 -0.763010389732575
-0.219637117009323 0.651832556331841 0 0 -0.566766750063148
-0.397424457710215 0.517792085817007 0 0 -0.271394148222505
2.33387427053173 -1.61011898600853 0 0 1.68956429175246
1.92698293585038 -1.49774515127706 0 0 0.92400589978432
1.56950301893694 -1.29362408723145 0 0 0.309579581717971
1.46147930646736 -1.00631563596641 0 0.0605794281230378 -0.232351110201212
1.4112050078127 -0.72829378966706 0 0.248665673332173 -0.760150782028518
0.706771203580361 -0.458472931823103 0 0 -1.16384080850923
0.688404377455415 -0.0750609980247907 0 0 -1.39820425941842
0.932087183922003 0.362612212461202 0 0.279762811636403 -1.6318231185483
0.958175657067548 0.65657720981376 0 0.441518104624336 -1.64204055246809
0.590306240059982 0.890334187158372 0 0.441249393075443 -1.44383781857408
0.0800583027210025 0.893897194699594 0 0 -0.948936183683505
-0.0942686130214465 0.760192255920384 -0.0158949116351331 0.139801720417653 -0.736689500393924
-0.0204235743631992 0.710910255539128 0 0.0546329005727412 -0.524600485739893
-0.249925526740069 0.624729013132916 0 0 -0.269716031427231
2.42776191739914 -1.80498318821064 0 -0.365449416095531 1.74353233301424
2.01288697107396 -1.62373205788925 0 -0.264053611862872 0.915417414043274
1.62735896786628 -1.41006052746929 0 -0.168017568265408 0.163398743288927
1.43653689153222 -1.09244573514923 0 0.0119871513427151 -0.389132812220987
1.18470751397824 -0.750633712220937 0 0.186566101058987 -0.906931338938301
0.318294659022316 -0.477178807859111 0 0 -1.09328101553144
0.386680046139852 -0.122496551085271 0 0 -1.56608757704197
0.48849584590943 0.263747514934695 0 0 -1.60856437876201
0.72328221683524 0.670722157252463 0 0.213668682230133 -1.65465813085344
0.511767608998508 0.831640364052771 0 0.166318833806015 -1.35673082451107
0.307379833524091 0.792765955798986 0 0.225787556646684 -1.07111920110247
0.0279099826944435 0.768265366098128 -0.191485620744284 0.00804962765798336 -0.805553325036382
-0.0157409323821841 0.681318056888941 0 0 -0.406038510998435
-0.131449875370198 0.335988470807281 0 0 -0.259556990370662
2.30116326079118 -1.81968524422404 0 -0.590942311278104 1.70129925328466
1.88058840530551 -1.61899032547711 0 -0.429382728424361 0.834244873012059
1.52335935290427 -1.45114487435695 0 -0.300578432762439 0.119149683553135
1.24151906671536 -1.26100749657583 0 -0.102206788712844 -0.375568744416922
0.776899801759762 -0.979824420780676 0 0.166175353960437 -0.817422533819649
0.299105299725578 -0.777714099736428 0 0 -0.876250859226324
0.216572570294192 -0.429810372293061 0 0 -1.22744897496586
0.293835767159981 -0.0348794859211512 0 0 -1.31052739363414
0.332282180756386 0.321927682632381 0 0 -1.34486822146968
0.480103964702769 0.606680537887244 0 0 -1.19838551135413
0.247370973352108 0.796556361834787 -0.222262859782976 0 -0.847215052386864
0.183102177145216 0.737398967465065 -0.293708317159474 0 -0.596143113778928
0.0809140079746941 0.417858970239443 -0.286476414799696 0 -0.336677313897905
-0.00484707367031236 -0.0590876030667374 -0.364673796813479 0 -0.123581565316064
2.0790246491908 -1.78793555343967 0 -0.755366856840714 1.54148154873748
1.63955737410762 -1.65738176697972 0 -0.610128441557153 0.794949702467427
1.22293712947218 -1.50938845552084 0 -0.406920089476354 0.165133467857499
0.763287289567444 -1.28817046308346 0 -0.0113722490878366 -0.461021134260267
0.636815831425533 -1.28174503450144 0 0 -0.875329023777883
0.484755099765731 -1.23397220877113 0 0 -0.773960454239765
0.242196459185244 -0.953261547562531 0 0 -0.599274528070072
0.362935213193221 -0.475687221759947 0 0 -1.02649283491835
0.437124791003267 -0.0773770539329881 0 0 -1.00215098213216
0.567787798422356 0.289896205463759 0 0 -0.78313389999034
0.39800597609883 0.531395910727327 -0.297503376654347 0 -0.535337957622138
0.244882853150386 0.400355959404053 -0.530446787719365 0 -0.415200383005914
0.241891279784612 0.0932673070787575 -0.599327803210698 0 -0.343206490864562
0.242028759753089 -0.193194752110248 -0.427863168011456 0 -0.181244860811887
1.21197062203126 -1.25142231008488 0 0 0.927391319471941
0.961759237689925 -1.3029544147625 0 0 0.40638603909658
0.506263616938422 -1.33009288519297 0 0 -0.156440535017294
0.509357509362695 -1.43408784818233 0 0 -0.541546017921939
1.0045350431199 -1.59126992667975 0.08998239418424 -0.231968218769362 -0.600730880762218
0.793812773949839 -1.4641186803086 0 0 -0.868452146537361
0.541195453260539 -1.41851979946197 0 0 -0.864449328542523
0.568319561269922 -1.03612102692103 0.0727379158418078 0 -0.852704823235584
0.428935731151015 -0.582397575650345 0 0 -0.636636199699416
0.645855298835427 -0.134317650107507 0 0 -0.356052996448348
0.614894896862539 0.146971998114383 -0.4216537364528 0 -0.232379670004867
0.394464678343812 0.0276117465900707 -0.624186392737156 0 -0.126168154127455
0.28172679257868 -0.221708755918553 -0.967817028565508 0.0979525595020514 -0.0584795282810252
0.309495223582403 -0.506667864056046 -1.14008459317568 0.34708815262868 0.0764596465384056
0.879956615669206 -1.23762163314939 0 0 0.732105380837664
0.651019294033838 -1.2998832301055 0 0 0.312587014221318
0.424144954074153 -1.42350066931098 0 0 -0.0508715536349984
0.747449293646924 -1.74570802812309 -0.0337835423728648 -0.347676123725078 -0.155440075382601
1.02340945919416 -1.83196349810744 -0.0390911823200986 -0.33359180684026 -0.37860440874648
1.24409728498429 -1.83048488180755 -0.0804055229689187 -0.189103787503179 -0.584191243512693
0.896366605905224 -1.69238646639494 0 0 -0.870206711058514
0.765279492484924 -1.56971541830344 -0.124165893803323 0 -0.69192226574079
0.755861308842106 -1.13520592594174 -0.20641049578479 0 -0.453357802765734
0.792216388563747 -0.633811277378181 -0.266323792482538 0 -0.327405233758746
0.732936636120763 -0.341186229078278 -0.456155224778333 0 -0.150628850316597
0.690004801284358 -0.426395644196093 -0.58096163857513 0 0
0.632774460433263 -0.471053055203916 -0.412495646599415 0 0
0.304342089993285 -0.714868445067292 -1.25441310207215 0.159697083035273 0.321440263460104
1.05572169942659 -1.55249600805029 0 -0.59060574854316 1.2456561012874
0.422187504806823 -1.32737775045291 0 0 0.291653673065282
0.617403850384422 -1.72787456615478 -0.155247547161322 -0.419858280258424 0.27197791160584
0.558883523437202 -1.68156875457657 0.0831269364780547 0 -0.188645018807634
1.05955902139547 -2.01625376403457 -0.204929969931251 -0.408515892991356 -0.105299696785524
1.05581744982166 -1.95272911103683 -0.0199433182344995 0 -0.327319509567815
1.14951394084017 -2.10128553386359 -0.242273475082964 0 -0.215401006120942
0.919960510122771 -1.98040459358987 -0.335819142487805 0 -0.274972177226068
0.875559469893904 -1.63675823728443 -0.408243145399662 0 -0.232201353690153
0.855231770973907 -1.22938410528734 -0.486896531174588 0 -0.181273094353769
0.777878495997609 -0.937458744309051 -0.511030508545694 0 -0.107557741253616
0.805283317850892 -0.857781110870533 -0.619763656298765 0 0.0221474016967616
0.964078878856822 -0.968805754062761 -0.603416965911806 0 0
0.869922448470723 -0.872171422162705 -0.381989960305893 0 0
0.433999783013075 -1.22952624943638 0 0 0.383370943972019
0.317745522635436 -1.36218626250309 0 0 0.119849978066378
0.641893789522938 -1.93638716317662 -0.380124151011939 -0.541572398843933 0.462653911146252
0.825319064171005 -2.09431081977794 -0.378233666972333 -0.537872345610612 0.305604836894391
0.916316505997688 -2.23692766759201 -0.32223324599729 -0.455881775194732 0.196242926713441
0.92186463821158 -2.08297825713447 -0.111391504735098 0 0.00393420038635929
1.0748152699758 -2.14276592571126 -0.313058055235865 0 0.178477326575026
1.10997343866051 -1.84265599211075 0 0 -0.414976363319709
0.883224084739201 -2.04282978102514 -0.545889792842063 0 -0.0280014986021051
0.801851548235613 -1.82478192677146 -0.668092168107371 0 0.0150296640588615
0.70938393006803 -1.58106124016864 -0.773600599650686 0 0.0995803630060658
0.893029904500989 -1.35821582657063 -0.594929390155662 0 0.0784540903664976
0.873017396735546 -1.27813169721039 -0.718083410404133 0 0.169784294310182
0.896848580199113 -1.2148302293526 -0.714499811331448 0 0.191169083436923
0.313375748021539 -1.21286053434783 0 0 0.165075230858027
0.380322312042484 -1.32695195086604 0 0 -0.102841861908392
0.559248757636072 -2.25694898380522 -0.552835070813051 -0.706559505370874 0.712981675058454
0.673035023870495 -2.36701225202818 -0.499260677647226 -0.60380557489585 0.553684864939237
0.746738198827053 -2.45109720944867 -0.452936916911372 -0.45884200555596 0.472894604005838
0.8470253992707 -2.12400659892606 -0.110492152574466 0 0.161056070822691
1.1192272083613 -1.90341684154927 0 0 -0.0757888884382803
1.20612516217719 -1.72841245121107 0 0 -0.39076102559742
1.1752313622728 -1.77729448454423 0 0 -0.35475529550062
0.777404826121963 -2.22168428751078 -0.759390194792606 0 0.143122035037902
0.66875425726213 -2.14227819389627 -0.920791429519468 0 0.246207522407535
0.786145403563515 -1.90778845362561 -0.854389397696268 0 0.307248969672213
0.862383744601595 -1.70323674447357 -0.805297659865059 0 0.322394845306748
0.840327518466807 -1.53354469924517 -0.837778128112287 0 0.418896707152356
