"(Intercept)" "X1" "X2" "X3" "X4"
0.700692609491648 -2.77889549437485 0 0 0
0.515279136247654 -3.14373984709644 0 0 0
0.49952881201749 -2.908573449369 0 0 0
0.651858507815413 -2.43294515617359 0 0 0
0.698653353906893 -2.43197542788808 0.301783054289454 -0.0190654018244354 0.333023222898628
0.636652894019699 -2.14078874438655 0.318317033264186 -0.0271917793273691 0.322826985372009
0.412067057921748 -1.97508905443333 0.499837855649941 -0.0192569747901278 0.422228300671891
-0.115149875535738 -1.83544932184638 0.71095605330668 -0.137524959708893 0.519701189413616
-0.382258934965526 -1.73629350099857 0.878803568973935 -0.0422743791332032 0.558243727883266
-0.679681663819083 -1.67177944771715 1.11182494506062 0.192967548991155 0.585273055500238
-0.879018155787443 -1.62116769015997 1.41966404167412 0.301273383294799 0.482814522105175
-0.956936107101188 -1.6368286484545 1.78551688700899 0.311734901251031 0.330358644603341
-1.02606076103388 -1.64755236454037 2.11818474834937 0.328070208036624 0.157707846293401
-1.8683366483679 -0.981042247285852 1.51582797622589 0 0
0.844923965848489 -2.23191384282998 0 0 0
0.655061863637438 -2.47459855083188 0 0 0
0.558898007545555 -2.3920124386601 0 0 0
0.623124882165751 -2.00136590315377 0 0 0
0.60526190280128 -1.89475387319384 0.160446348432867 0.12023179911658 0.152638297545727
0.622195863865728 -1.44504385753367 0.12839182063105 0.12684831129095 0.0654452622539858
0.446248610224314 -1.16219824793748 0.204585777666024 0.12683201094522 0.026665899310282
-0.0110578184275819 -1.1061078620174 0.407743334487002 0.139540963519903 0.175556263508117
-0.20376903414254 -1.04316759918991 0.490709977027632 0.214373360000334 0.196651988829454
-0.391801463161704 -1.04504269828625 0.606804348633243 0.346281740887027 0.226554527026227
-0.522841650488536 -1.02336663901569 0.970096632007006 0.386676272086814 0.156166432716136
-0.62573530743126 -1.04258514831846 1.350933353171 0.410866049149823 0.0283461724096734
-0.711933324821647 -1.07620140473691 1.70042395025586 0.41708329153091 -0.125173725016988
-1.73169672067586 -0.632161480142361 1.29565531124336 0 0
1.05409950153491 -1.67580248587892 0 0 0
0.85198104744958 -1.87188482788929 0 0 0
0.645250437798584 -1.90192868507166 0 0 0
0.664530382992075 -1.49383407304492 0 0 0
0.509136061488466 -1.41826078389051 -0.00625092777954959 0.220884328338215 -0.0238158289992019
0.630449627465088 -0.898831741366384 -0.0727502205540704 0.310379592447147 -0.0907800805708789
0.559445886267418 -0.478334585898504 -0.114213946125048 0.288493717789136 -0.173520607892385
0.213348333602428 -0.36286415959969 -0.0270102507023039 0.376589327554215 -0.234245705473103
0.0120060272423914 -0.346160611504764 0.0202057372371047 0.446665000127165 -0.160935132654196
-0.077929302165282 -0.384181244745546 0.166060177797442 0.452562867115354 -0.103845350240723
-0.203299427845989 -0.403176125098297 0.527900922103577 0.48309863310773 -0.173728090601063
-0.307331342671443 -0.456242378976157 0.918662844858857 0.510331653310918 -0.26286295364378
-0.431507196185629 -0.497537804337333 1.22517672615613 0.493039532080307 -0.374708580711378
-1.56358445692502 -0.340237356531445 1.05611185910586 0 0
1.19025898924816 -1.11919003054772 0 0 0
1.10049084343723 -1.24556790124872 0 0 0
0.531116495279215 -1.63046264976523 0.312218482869994 -0.147191488525117 0
0.515398534879696 -1.26750719743817 0.048508786634608 0.0934321584763072 0
0.586231823946226 -0.828560868905727 -0.172017732986771 0.318116952524056 0
0.734586243106637 -0.45469923229913 -0.295968806569987 0.435876230699036 -0.217800722663684
0.741905134464766 -0.0744804107148505 -0.412082565429614 0.447193133280259 -0.256736512624546
0.514244664066516 0.224726463085369 -0.456525893039484 0.479678004172104 -0.372477395557037
0.170222940357815 0.389572396891562 -0.432751816804803 0.534514398185198 -0.423813339846443
0.150085180312995 0.261951531952925 -0.188578255972534 0.511045482076012 -0.379764797651582
0.00143900408933758 0.226077439464119 0.145415241833401 0.508570220469531 -0.395319320892663
-0.167298213672779 0.179939139218091 0.46347937101902 0.509775387579757 -0.446987506418612
-1.09711043736159 0.159260719794743 0.564742430550356 0 0
-1.42281419546073 -0.104014545569785 0.727830898199933 0 0
1.40855150473657 -1.6270961131432 0.429279063996004 -0.826622122995092 0.669171232446691
1.20658276050654 -1.41891444946967 0.37437053687048 -0.619723231883556 0.265288080687046
0.966231143491114 -1.18786724872921 0.2813746124218 -0.444536733940212 -0.0944904338081678
0.76334513224187 -0.993955171538319 0.0979656081600975 -0.232272646379173 -0.327958770377104
0.803292734055371 -0.758598913197786 -0.0940074214764339 0.00369571372789061 -0.462520747054215
0.880575126290677 -0.453506818596257 -0.247078393038993 0.171009111887332 -0.584036840119883
0.826182270994449 0.0182045178668274 -0.343705479822945 0 -0.63211907621682
0.506815743480577 0.55139592552969 -0.622799972285867 0.365787644880755 -0.303940147205829
0.301937162112319 0.830614814613055 -0.616691717925447 0.390328926822416 -0.386746370516701
0.11290782545409 0.894838227232577 -0.292544139150347 0 -0.437517461095177
-0.495543996076959 0.830578075040672 0.0467487190183454 0 0
-0.765727478727496 0.660572083667324 0.254924666623445 0 0
-0.988508695525076 0.362497261951874 0.36813163374522 0 0
-1.24059773594921 0.0371241077562309 0.400487108232996 0 0
1.61024221128841 -1.50322030333134 0.150675116413458 -1.05949608030849 0.771525182475156
1.42844092003974 -1.29385349214123 0.136108007680599 -0.795387394917108 0.235437982313001
1.25093935343003 -1.05797880653428 0.119885018147859 -0.500005472387015 -0.273284582717929
1.04538067561631 -0.887612834998748 0.0831280151408196 -0.266501016907117 -0.696204026163173
0.929690976807811 -0.709886011073227 0 -0.147269739917762 -0.825770569832487
0.61141161507033 -0.426987842374559 0 0 -0.68201695607738
0.859663401015751 -0.0498569175173498 0 0 -0.809515147292672
0.769669114116783 0.309449068506117 0 0 -0.806647347266779
0.465307003470348 0.65329147564232 0 0 -0.456268155743683
0.201472348419868 1.17687925655589 -0.377526692414713 0.255025701768351 -0.547807709973696
0.238611184104877 1.13073896837745 -0.279076968416423 0.286204837739971 -0.585563176237287
-0.401114204627976 0.909277027970837 0 0 0
-0.732488778146981 0.557917955303133 0.165857748637912 0 0
-0.809488644843811 -0.223423911081804 0.0931762810352314 0.234194262784294 0
1.06645335937053 -1.26420060328531 0 -0.746300894601653 0.660181920847252
1.1475928191356 -1.18359685326266 0 -0.499147749421225 0.223964433615181
1.17058396383028 -1.08520710402824 0 -0.222472762721798 -0.218774251033096
1.19280129041812 -1.00990959156646 0 -0.133195173173222 -0.782572991531733
1.07244453175559 -0.813963504533732 0 -0.145606362542714 -0.974680905401358
0.771330545875967 -0.493347844743866 -0.164897111704927 -0.172430990605056 -0.914329028262548
0.643788446327069 -0.154309485888344 -0.281068736696598 -0.210135801491866 -1.00571639648194
0.642003377975458 0.278975719506741 0 0 -0.868376061278993
0.772640328032299 0.583432671772924 0 0 -1.10206643381989
0.68630386297479 0.886663229861043 -0.257596826844056 -0.154552067010517 -0.870659523054536
-0.137818238217662 0.774370683678233 0 0 0
-0.211812503299458 0.739865241641601 0 0 0
-0.422924844386892 0.768036744882139 0 0 0
-0.828837211167977 0.120490145554685 0 0 0
1.08486867801276 -1.27994692688702 0 -0.892687102239818 0.782356448010758
1.08737132207498 -1.24943363507899 0 -0.674457558215862 0.229721036624536
1.09838303198188 -1.22304514492012 0 -0.350740400584717 -0.2886054317787
0.975506898980798 -1.19142606204532 0 0 -0.799155908868985
1.05523780851497 -1.07779883359322 0 0 -1.07478678158102
0.793616622484059 -0.934559539396714 0 0 -0.93067045651616
0.398753172247394 -0.541248151908297 -0.266727778602564 0 -1.03758800890151
0.63447992865118 -0.000674569183649226 -0.2021241333034 0 -1.08135096628125
0.960121026559328 0.422656759037554 -0.22919298193515 -0.0151920009556233 -1.18575514418989
1.07592404200134 0.842816179612736 0.0370129370376198 -0.127104577153917 -0.779619310454786
0.341160906740018 1.11558129881342 -0.204941829941034 0 -0.456027078756833
0.247457185851434 1.04596528003154 -0.0861267647232847 0 -0.445447056506356
-0.37681859204253 0.673150872351621 0 0 0
-0.698869495196738 0.596748287067632 0 0 0
1.00425076776878 -1.27408835864678 0 -0.779954641941148 0.831642838544088
0.880034694499316 -1.30755956391093 0 -0.59212058552299 0.274848107311456
0.753481984533902 -1.29352516223213 0 0 -0.206903108239007
0.905606734071205 -1.36573412187743 0 0 -0.812087436714036
1.1399961258164 -1.41336453511005 0 0 -1.05129038948532
0.886896210219051 -1.27990165244468 0 -0.358951261338818 -0.981066450400929
0.543006989469957 -0.946126674124045 -0.081006097094099 -0.312639903957487 -0.882744228514048
0.430950807016171 -0.589229305859034 0 0 -0.754377115679489
0.748255048783601 0.01735625766038 0 0 -1.02680339423265
0.731547513135116 0.529732209386688 -0.140745665615818 0 -0.827763358445011
0.456411377606021 0.923324449984976 -0.128837404024376 0 -0.572409432724021
0.207505898586684 0.942488166004129 -0.0418919251809398 -0.0226026410580401 -0.440979375021134
0.046828113204052 0.727556300498421 0 -0.140862737537236 -0.479013497532444
-0.039618922048576 0.255346583320082 -0.495796755532879 0.796667329996506 -0.101670155893691
0.81050471226698 -1.26693355656989 0 -0.305830666104013 0.914545647012095
0.509965955614365 -1.31756402076205 0 0 0.369951952993672
0.489476478583269 -1.53703555506585 0.21514283037863 0 -0.0327759029010755
0.841898322774035 -1.70765605451485 0.151330466551787 0 -0.44529448794444
1.14594999364942 -1.76658129495232 0 -0.40432518040766 -0.804208036053327
1.16343552225236 -1.72592985509561 0 -0.531263671828348 -0.93054923600888
0.970123207117861 -1.47594178025014 0.0362210749002908 -0.347289595644421 -0.988081006343055
0.670525519707553 -0.953882788962979 0.0669490313893438 -0.153842921205597 -1.01505801973647
0.513856693328697 -0.358949848177939 0 0 -0.785293164365777
0.584267598837876 0.155594126992345 0 0 -0.584146670081873
0.521918695330996 0.455774298345178 0 0 -0.56415179630141
0.20838014411722 0.607208990368352 0 -0.246670966371359 -0.534401676399766
0.0659403706152466 0.570022979462276 0 -0.134742517738334 -0.495493808450548
-0.106952098852731 0.470035050766083 0 -0.0908225994444761 -0.460028267143014
0.355605209986277 -1.27703845125953 0 0 0.672220605293668
0.579245485229626 -1.53911530242485 -0.147859712075133 -0.224681007334271 0.535828826819298
0.710188071452213 -1.89064004300586 -0.00238025222185106 -0.367282228337404 0.293923341301551
1.10110671148992 -2.11954231869776 -0.00121031719610884 -0.541325334193127 0.0340882310403173
1.55866340919749 -2.16207463658038 0.0409512248555262 -0.608142621925501 -0.288503367663305
1.34359363795888 -2.03746238946444 0 -0.413798574021609 -0.77065388074965
1.08884791787674 -1.84272544624034 0 0 -0.982811534330835
0.918334005226275 -1.33409904038351 0 0 -1.00433798164921
0.712725035458591 -0.750048831875007 0 0 -0.804249109252168
0.548520884135971 -0.246473549285672 0 0 -0.736729733538419
0.452066160280779 0.154524674218066 0 -0.263033773191739 -0.726960074120225
0.398489655113367 0.219698703180275 0 0 -0.469127816914172
0.131867395048377 0.220266866858353 0 0 -0.39301401673694
-0.130471305538256 0.214467957806749 0 0 -0.357584053962679
0.221071103981003 -1.46295440017344 0 0 0.789743605406644
0.589717831833158 -1.91445960981364 -0.190297927823042 -0.27443174940817 0.820845235004577
0.493106837866835 -2.0106040113145 0 0 0.344676812929547
1.1312627583663 -2.43878462780603 -0.127505213551231 -0.566212837244985 0.288850190553707
1.43196317436515 -2.513596540821 -0.130547614722843 -0.577129424588831 -0.006480396340758
1.63594802842685 -2.37561104268145 0.0443155846455722 -0.513632115808875 -0.353766491784412
1.38184590078179 -1.94497095764487 0.0833639754261654 -0.15515971731742 -0.46415164580726
0.948616013675515 -1.60579838416557 0.0957374158500525 -0.0204856506509458 -0.643362989552227
0.656937463016566 -1.19992061492869 0 0 -0.67919880498735
0.500395737465268 -0.844208698656576 0 0 -0.489675992022269
0.324935993230415 -0.372571463346248 0 0 -0.612786918257995
0.284541133620271 -0.122680725570019 0 0 -0.527415980889735
0.263655320646062 -0.0993668202705105 0 0 -0.445152105813961
0.0621347093488729 -0.0605101040670697 0 0 -0.361884414341271
0.192002687121194 -1.67353091831656 0 0 0.879318007132102
0.312629544307651 -1.95690346868056 0 0 0.746083219555946
0.442494836531141 -2.24257187793815 0 0 0.569771494411869
1.03524790540151 -2.71195000595598 -0.348283376651215 -0.501483059877148 0.544077342633897
1.23247348275682 -2.77340285387862 -0.343691705823902 -0.474983096189593 0.296287334077156
1.17995397410789 -2.57307169965778 -0.243046365837272 -0.188536270889812 0.0759399177345552
0.874199873910018 -2.00481854455256 -0.252756351615053 0.369274184093382 0.116605791247472
0.608211208008183 -1.7538467759958 -0.0843529532683411 0.357021454962811 -0.169729888934828
0.433039146867883 -1.49311502960566 -0.0246518457777849 0.179094368840092 -0.540399647415195
0.28790368899498 -1.16866213420752 -0.0809296337511736 0.119065919182381 -0.567923285077159
0.197980746163717 -0.834241433389541 0.128559029951777 0 -0.523800672272886
0.0935945994751348 -0.515263669951647 0 0 -0.497124069414249
0.019081090954079 -0.27806660274316 0 0 -0.480802816024933
-0.0482957627604304 -0.167580567534761 0 0 -0.418390042375622
0.459886131914871 -2.43899356626241 -0.782295187566132 -0.207304406681143 1.57245354180447
0.59071490573376 -2.66860305985308 -0.696756328895366 -0.303852344617992 1.31985938314752
0.75587874080092 -2.85244447042232 -0.646258486029777 -0.365125163168677 1.05309822393738
0.915518475036998 -2.9955841374037 -0.613061341529395 -0.412119616790202 0.809998943365163
0.848450868184949 -3.13496991479495 -0.530980135840917 -0.319084605060076 0.629550724414799
0.608180538835499 -2.72580674395974 -0.615473557524745 0.267727437169903 0.582986657099011
0.265006226474559 -2.19953846546422 -0.592395276662527 0.751894741975611 0.546939910339865
0.0421133574135692 -1.86282290543995 -0.458479916121634 0.876683538261263 0.285163395741571
0.00313939677906489 -1.69989581613358 -0.325025308307997 0.622737778153388 -0.177519117781231
-0.0381699698675566 -1.52905625485212 -0.301587368815731 0.369863195862696 -0.41643334689978
-0.119158809105072 -1.27395349040851 -0.368150150704702 0.300196476511726 -0.442674534801022
-0.0136711871073865 -0.917469812080017 0 0 -0.344231878396144
-0.129343898918103 -0.575648003101404 0 0 -0.397615278514596
-0.219228823226224 -0.285430861318136 0 0 -0.34086404415247
