"(Intercept)" "X1" "X2" "X3" "X4"
-1.26012735248711 -5.4404808920428 0 0 0
-1.01183936662972 -4.91434437294793 0 0 0
-0.693416538661409 -4.61902174013231 0 0 0.320158186844793
-0.294133534632695 -3.87979488889474 0 0 0.292133438917148
0.787585528732407 -3.05440097153691 0 0.285216422896837 0.4400478572936
1.03060960564068 -2.25056037225076 0.172337009835585 0.201495686163348 0.126747846112156
1.02220599378337 -1.77742488180033 0 0.134313892944426 -0.0540217877429441
0.124203704367052 -1.82249112000111 0.552288804525683 -0.0724558747989861 0.5537234223353
-0.260198221241179 -1.4231213271399 0.476319901012803 0 0
-0.716088807836214 -1.22861763586889 0.688478940788359 0 0
-1.00654272577995 -1.76848926677087 1.65108625558346 0.258821198369339 0.681933838666688
-1.02361030933735 -1.90620742890916 2.23339763491085 0.359249451830219 0.637565354408016
-1.6491394137307 -1.28239563480099 1.97403184332231 0 -0.208395461209702
-1.91061346451265 -1.52504580851512 2.2618540183446 0 -0.239170010288673
-0.858916788173451 -4.67150767559184 0 0 0
-0.666602505135048 -4.10880818754609 0 0 0
-0.261667924587417 -4.26286882193378 -0.498424333237327 0.51646384752223 0.290505277787564
0.037176723778699 -3.3527089426584 -0.249985744346511 0.310173573609364 0.307953840979274
0.271077855123493 -2.21625863803769 0 0 0.186274479632103
0.7931497680788 -1.47000842375391 0.0322874500678641 0.407239124442013 -0.0282608064788781
0.411840413108569 -1.12502052009792 0.0625332100236039 0.127520862248163 -0.0732691859054699
0.19825721415997 -0.819450953603804 0.0808504258287122 0.0888201852629569 -0.277415755777725
-0.116193744798018 -0.876577090259435 0.12552126542878 0.32962674904504 0
-0.557430165090588 -0.616934656027875 0.509452280303347 0 0
-0.586999073160032 -1.19354868482316 1.12654788907223 0.554015195836034 0.272108972999048
-0.58929389099153 -1.20280584320894 1.61934459782022 0.540518473640719 0.162219571810274
-1.36350312321136 -0.81973003406814 1.47133468349973 0 -0.258326243590841
-1.73168316125846 -1.12055550932424 1.68262670431377 0 -0.251829443830723
-0.0560460425106568 -3.68448934916591 0 0 0
-0.132507168204541 -3.23349125696392 0 0 0
-0.153301229656741 -2.71145759981261 0 0 0
-0.0934934827383653 -2.18018538934145 0 0 -0.0704331935161005
0.356527860520273 -1.33312597955398 -0.0847593589486525 0.193004987741721 -0.098466390443301
0.492921430176136 -0.80785662573648 -0.141302048152258 0.476430807019488 -0.159315952379196
0.236980074633991 -0.52952838974403 -0.170743005735473 0.411049112526561 -0.247713704142504
0.253095066182909 -0.235155316490197 -0.216924097752915 0.348584268993034 -0.417894985531368
0.0355848863614921 -0.290647070724647 -0.15264038191577 0.479732221608125 -0.346034212677697
-0.114474489729984 -0.361641694628715 0.172427134385025 0.548811307665928 -0.131896754353652
-0.18917693158491 -0.378366563029728 0.538069870446334 0.631740298945319 -0.206770216961014
-0.83960545135684 -0.00610539630889671 0.728670810027491 0 -0.27440824445996
-1.39364326154448 -0.241546216064223 0.722929844655106 0 -0.240593733582596
-1.68572016478868 -0.700690700776959 0.633310159663769 0 -0.219150115438267
0.56744660747181 -2.82864050796018 0 0 0
0.219734000243814 -2.56144258017846 0 0 0
0.227702052754592 -1.93395985615933 0 0 0
0.174989037230953 -1.13354489046155 0.0699611741611381 0 0
0.336124396917583 -0.609096390924495 -0.180761599377709 0.236957227020345 0
0.52857179765534 -0.368928962056824 -0.359663935578725 0.459114605117169 -0.194245896329686
0.532491229788688 -0.0498904914957999 -0.437486245396688 0.667018833918853 -0.364544669780965
0.0726128782588865 0.329004514378275 -0.700054723961598 0.607824850223084 -0.483396508762619
0.128732251398412 0.420269945581768 -0.553279601397639 0.508659881504127 -0.582320133326572
0.272584896509929 0.386082310353094 -0.251584681748262 0.592244265710017 -0.495462837626888
-0.14921725300356 0.442493311541926 0.179586919548957 0.651403771436425 -0.565134089739416
-0.796578077549924 0.582206714616118 0.486319157256129 0 -0.307123261790142
-0.633633733501506 0.0301187053528601 0.513379596017959 0.46208092413298 -0.26224182963601
-0.605260391637228 -0.407663271124633 0.250414546788443 0.252883922566251 -0.214183518575951
1.1420805480819 -1.93421900261367 0 0 0
0.781732945100978 -1.73672134846522 0 0 0
0.61536803327184 -1.263176024565 0 0 0
-0.0080290691360043 -0.873780235835337 -0.0694732541555328 -0.362002760256807 -0.496551709803233
-0.0882634086873638 -0.315514143654453 -0.343095136125776 0.0586792148139051 -0.526275267287947
0.492563082335345 0.0657361456083766 -0.512589366832073 0.522634804521217 -0.42275804089155
0.836106869790216 0.297869536947797 -0.725405310278478 0.693085754765992 -0.299625124277068
0.169994708897958 0.836154260447421 -1.01473316040734 0.552537331776582 -0.290889902794485
0.162369428356113 1.0499364282639 -0.652720302063476 0.385315509838315 -0.543046300688328
0.371355039548295 1.05521653470927 -0.436114404767493 0.416003382864411 -0.663824744811805
0.227504003608974 1.00075157691913 -0.299490604769909 0.591825868018722 -0.694046894848586
-0.684587640499888 0.867426909919868 0.11598814274452 0 0
-1.02805642164362 0.485462336078713 0.188644607571412 0 0
-1.17336193050093 -0.230203673091887 -0.0920901662485115 0 0
1.33758105730082 -1.02520471911669 0 0 0
1.17254191140461 -1.45753484620054 0.158504502711578 -0.653829875191335 0
1.06970355758807 -0.939505223022521 0 -0.28982197765353 0
0.823860499807588 -0.751527774841554 -0.0281670411381047 -0.275610014475669 -0.885540002712607
0.663452671182314 -0.558373075624033 -0.0596393449761492 0.065830404499642 -1.09199744365562
0.345769355816283 -0.207661466423983 -0.346027444192125 0.0493286303415922 -1.06260781044267
0.375994728414302 0.277896389301136 -0.410632940700028 0 -0.947102555089293
0.59890464980044 0.56557806887034 -0.630218366043872 0.312140791477731 -1.00720219238705
0.185564531701473 1.27647026174131 -0.506067967942597 0.300036344844855 -0.40687422187685
0.213577759438612 1.32665237875967 -0.400688613452678 0 -0.521471840810592
0.434631561923248 1.36469870350587 -0.286537353575201 0.524101245690644 -0.877439207661948
-0.165773169130472 1.13130035648299 0 0 -0.331697337612263
-0.673425507466026 0.773515099081975 0 0 0
-1.07009760062827 -0.149443877945415 -0.0347569196759351 0 0
1.09479086957666 -1.14344147789639 0 0 0.243832406208002
0.88412958244891 -1.10293365525557 0 0 0.226388194986883
0.992808033890245 -1.06235180198844 0 -0.359820267660319 -0.241836153135881
0.93281547522566 -0.915392067745218 0 0 -0.666628067247785
0.969005070709931 -0.809933971117516 0 0 -1.13298176946678
0.199351578074349 -0.607741642255415 -0.374278185599934 0 -0.889790921406159
0.786698984695789 0.0883570916711429 -0.440083791903809 0.00463983468655667 -0.900112711472194
1.16529289218717 0.450460416980791 -0.328794874151851 0.232532163187298 -1.29231547875943
1.0698745857123 0.66115053676646 -0.36284885444346 0.0610454881298281 -0.838552838553005
0.816828860807284 1.34875393576426 -0.341795714255499 -0.135379430521853 -0.396265705163138
0.474169233960561 1.56569123975879 -0.186193822350929 0 -0.491040704014832
0.193536502866822 1.24449569791764 0 0 -0.518176522564371
-0.381396096950142 0.91767565426753 0 0 0
-0.712011876575535 0.172277488047552 0 0 0
0.948103125292064 -1.14502920364719 0 0 0.611166928446989
0.997634402884064 -1.12264694260908 0 0 0.3483229313484
0.737794401363901 -1.16299803459809 0 0 -0.278937303443539
0.746345643353263 -1.20284941329309 0 0 -0.90022258532296
0.908917738282501 -1.21465000802304 0 0 -1.4006472954798
0.763640233503192 -0.906745401721446 -0.163488885938945 0 -1.13645830736156
0.50399935437239 -0.328419482160236 -0.225844850554858 0 -1.13486890358518
0.857688383750825 0.125832807933023 -0.101755676588562 0 -1.19836997526122
1.16309102015261 0.463976328488279 -0.0990338480738365 0 -0.91430613706547
1.37992376384932 1.12228751412924 0.221854009153757 -0.00639780726200554 -0.499886208914302
0.194255640146071 1.31048275251008 0.0577192113141798 0 0
-0.130593984958328 1.09347834931605 0 0 0
0.0454368374441622 0.624759675692674 0 0 -0.434849664095436
-0.608412831727386 0.0117709943105536 0 0 0
0.84500494326015 -1.00554154870235 0 -0.528083051611699 0.596998624044217
0.226216104042799 -1.07599705142799 0.24980391861766 -0.0713157516964986 0.131623481549671
0.149976499018837 -1.45709508895655 0.315218022492314 -0.188159386407158 -0.241601692245489
0.585314403780503 -1.56599873512209 0 0 -0.906594155165929
1.03500545158672 -1.47252364566661 0 0 -1.41640126014484
0.734891054462803 -1.4637477070676 0 0 -1.07879265288693
0.311473586022699 -1.25279923274351 0 0 -1.10237967594791
0.422865747691933 -0.559274239289166 0 0 -1.20386418503888
0.359454108315849 0.105661915848323 0 0 -0.64337979803714
0.645436658239752 0.920583370777709 0.164183101714796 0 -0.420220651635495
0.848096310860605 1.21119806280832 0.317556300046042 -0.230956474809495 -0.375616081041527
0.214162202183659 1.13763959058498 0.0576419643063476 -0.212992956653283 0.0422919120729065
0.114363927553086 0.446164782236556 0 0 -0.519756142578395
-0.112816312743827 -0.155062724453729 0 0 -0.431078290259419
0.463374639743246 -0.799594808094687 -0.0604783754507496 0.000179775260791633 0.565193372466869
0.201408793135762 -1.15152351204036 0.187864762039434 0 0.211607592219043
0.348339642100967 -1.50443844500817 0 0 -0.217459985945563
0.529238808663636 -1.82427507017355 0 0 -0.726325530606133
1.14894180504323 -1.86963025210556 0 0 -1.13694000381922
1.19045322209551 -1.88832377164647 0 -0.372792091745155 -1.28058881786316
0.599489231778672 -1.73551837178272 0 -0.307626169296565 -1.18862383527032
0.614359255672898 -1.04352353369608 0 0 -1.28041572099425
0.533361967680129 -0.359503348197597 0 0 -0.738024333764472
0.729742833358868 0.319255544395218 0 0 -0.632345902079341
0.598753972261731 0.800332399366634 0 -0.0208087703560665 -0.495403104651107
0.327676715713708 0.653948825565208 -0.890573423586662 0.44136993845933 -0.329886160632303
0.158917038515455 0.353926838168798 -1.56954149356934 0.36537437555331 0.19573841687757
0.197594299431586 -0.118657383069626 -0.842345683560711 0 0.03809916584101
0.0211237649178268 -0.972613297723713 0.195384443202195 0 0.657524737116937
0.219025760741277 -1.35481943038812 0.185110713756717 0 0.416557374824833
0.369666990039138 -1.7889431590042 0.172444957689016 0 0.0564404736340021
0.509184595659171 -2.25520772367904 0 0 -0.275152451662321
1.22967858213446 -2.34095695070258 0 -0.265017005410186 -0.622789080922727
1.59686150047179 -2.23726012809591 0.0175034907653459 0 -1.14180012136127
1.4494205994539 -1.90536139748 0.313869478650483 -0.234893839219673 -1.4351695995673
1.11093589897403 -1.31134557070948 0.219406943344984 -0.157892939084429 -1.23536851436811
0.624752245575289 -0.689664109511938 0 0 -0.878932258533237
0.613575067769308 -0.147268133272637 0 -0.176892141966727 -0.885121522809425
0.508925876589843 0.109690126385106 0 -0.0427069240883957 -0.691720525352762
0.282716583030162 0.476896043682841 0 0 -0.518491010033216
0.187966880465831 -0.193460757073823 -1.52930621785067 0.242239910296686 -0.0781522732787352
0.371000554309976 -0.747361684510754 -1.98909460509111 0.0815493762793737 0.338231555231943
0.0324047527484172 -1.1547622164296 0.13509255020212 0 0.752780842688077
0.589582592412161 -1.48384042686857 -0.442385765616553 0.0656665001243425 0.54163892517995
0.5276899860462 -1.92711938999514 -0.316552192992419 0.103098232418504 0.226828803320675
0.496631425352874 -2.37186078327501 -0.0350353176126308 -0.0398343538379918 0.105466769766812
0.908583002479412 -2.4744721958417 0 0 -0.44726299876582
1.3429789143835 -2.38831289034823 -0.0455242802823066 0 -0.668429057896712
1.14701403134396 -2.01455244977403 -0.0521729875512524 0.0976244108768909 -0.835500101047267
0.941785778704798 -1.48024077893316 0.0326969312650662 0.122039653079851 -0.758831527279711
0.690237669069045 -1.14786164762173 0.3144408584935 0 -0.847914291240164
0.631936883604572 -0.783293595870121 0.259595518726866 -0.148719375541804 -0.91551286036287
0.354366227221293 -0.387085893737058 0 0 -0.692570456365531
0.277320589981114 -0.143243255117828 0 0 -0.580130791195013
0.110264705715778 -0.240517753421227 -0.56794996509082 0 -0.340754768204917
0.198546281749602 -0.503687289968106 -0.984636802743345 0 -0.188582574511487
0.565031138215504 -1.11695812727665 -0.930345435059443 0.496024075823214 0.791362616553107
0.49166479993736 -1.45213699883108 -0.884983958862159 0.614072198442682 0.465187208725534
0.449698997408758 -1.90420293747735 -0.621616960965889 0.517262119372608 0.321991549659424
0.570325911355171 -2.35280538257699 -0.186372242060135 0.166989167646525 0.237203383229684
0.743115886396659 -2.49874441427999 -0.0661574083724089 0 0.0604182928413175
0.795359278570399 -2.26371426372609 -0.323014799382301 0.337592250224703 0.0936838254385911
0.874110582691152 -2.06624503729038 -0.282209495071741 0.412095336562223 -0.0363029603033875
0.602759194174214 -1.67397047880881 -0.186150164615457 0.440820218622232 -0.273686545797726
0.232151723073553 -1.37487729366591 0.0467080696499287 0.327886455028875 -0.555396374561238
0.121991272343303 -1.12575560068386 0.0506260564927705 0.147296465671477 -0.702616566349773
0.149116239096029 -0.897161476725001 0 0 -0.747052501340079
0.194236952942708 -0.67723071860964 0 0 -0.614542524013702
0.192298321616847 -0.510795637058303 0 0 -0.507188467046384
0.0646994460590753 -0.812920150592294 -0.816447072171593 0 -0.285875411427188
0.405488155969401 -1.25347314996228 -1.21971929193743 0.92663350657799 0.801039314731988
0.395021391441943 -1.64734344575478 -0.905214941177299 0.861345405359019 0.719875705026969
0.523043537695454 -1.99399364721582 -0.547065710130069 0.556817769400117 0.62857171294254
0.301215592391138 -2.41224293821697 0 0 0.585209485208908
0.500998571645509 -2.25708788135581 0 0 0.293974386570846
0.32167790630976 -2.2379401530551 -0.637277551437647 0.688734614993447 0.597804401534819
0.168999913282837 -2.10032372505632 -0.632523487450752 0.930181382558523 0.567311612006977
-0.0283870607994618 -1.94303370211128 -0.327608544603145 0.857338393715758 0.0444486300153405
0.26106768383076 -1.88883080858222 0 0 -0.661392779310169
-0.393130812104526 -1.35768129857806 -0.237810857135133 0.484752796500483 -0.443121618779882
0.217395916153394 -1.43400505425605 0 0 -0.541949406312732
0.102575099035436 -1.1911295081874 0 0 -0.625764669183197
0.0983234976918202 -0.980980286835227 0 0 -0.533913972550123
0.0410655058386939 -0.810176614792233 0 0 -0.463326452725105
