"(Intercept)" "X1" "X2" "X3" "X4"
0.0526621559184796 -5.74825827321337 -1.15926162336251 1.45723043726534 0.151499164062384
0.066975272675838 -4.9361335188322 -0.695453005963832 0.946574170550003 0.473124893045877
0.0662175864584399 -3.97609763763461 -0.0746386704712234 0.44091864967922 0.574166046671862
0.210947684695459 -2.72867712383836 0.224113924868782 -0.0930676984135783 0.791327552033698
0.365049612269734 -1.95132786883687 0.45034941877519 -0.297995129341945 0.708019575728197
0.409535187573856 -1.85434311717108 0.444768726553868 -0.28018781085274 0.138363611777046
0.125617892005639 -1.29554802092513 0.43109940812225 -0.452986047613194 -0.038272093344467
-0.67231173473022 -1.28781725141514 1.05967894791085 -0.433720920910365 0.351911525174501
-0.889078636029069 -1.02009788256673 1.25304346476519 0 0.197929301783598
-1.52645617929697 -1.28529829264308 1.7798236507494 0 0.64214218651471
-2.25999062844832 -1.17842119460327 2.05600784433303 -0.409127115732761 0.446309681535584
-2.57829106263948 -1.17249814562077 1.92835123888055 -0.419481555949193 0.210993090405913
-2.71459052762741 -1.42926692699672 1.46170557184503 -0.0336967480584273 0.11375625591372
-2.55463064528602 -2.02906524888173 0.830224555759013 0.609126573445601 0.145489505397934
-0.168674290135757 -5.20977597309514 -1.08502000125565 1.37851135137058 -0.383794800478706
-0.223594745979672 -4.43005050678054 -0.716718774668347 0.817785814063329 -0.130359850420179
-0.108775853012848 -3.46969925932388 -0.211474351109318 0.403847971537389 0.0664052444239453
0.212226054518272 -2.53196022516657 0.164156497790257 0.0999497379941162 0.120191826543397
0.559333278591155 -1.61576430429952 0.30350117316116 0.0775318084807827 0.190036091452343
0.37051784217051 -1.23310477722005 0.314037959530057 0.0105289612089239 -0.100463258582863
0.215462833361198 -0.755432799522465 0.173440464192087 0.0946565722323099 -0.312253155152879
-0.287308142150991 -0.405430396910043 0.556080480638371 -0.343620211704962 -0.245597209080485
-0.918492719193495 -0.728407190122299 1.01128578483866 -0.122663722205075 0.397767560026213
-1.0931615902115 -0.77695355895058 1.17718530442046 0 0.273778138395613
-1.87430859116333 -0.425118367685623 1.53379251277735 -0.632589728937055 -0.0497596939068454
-2.47819590568056 -0.378803904002785 1.37872712779372 -0.716536967391569 -0.101880774028369
-2.38582199574163 -1.05140262957894 0.744812410658563 -0.138453816675948 0.00302796006643247
-2.05147048200271 -1.97654798609995 0.129370629601196 0.585006352614448 0.102870134830934
-0.634116102852337 -4.75940384043451 -0.909458806242662 0.903930898221699 -0.637873006316989
-0.598107810943454 -3.98935589141864 -0.721990878443275 0.633673624336242 -0.637752644650785
-0.53104793380668 -2.97546561406756 -0.222569006598536 0.2211083244564 -0.577890863110204
-0.0438207020767762 -1.98851333139254 0.0642378164815778 0.0431345182376976 -0.406973698100743
0.816314988504379 -1.13549606161782 0.0126652193266942 0.440914811694263 -0.293503411572846
0.466398553540953 -0.808365950694409 -0.0440714982909617 0.388934147754418 -0.273209132219791
0.069176055863625 -0.209543825959397 -0.0247193893454669 0.286669926611531 -0.653208156640319
-0.23124819877046 0.223200456501517 0.204343563892841 0.0726989161595336 -0.605778536376367
-0.487448891396308 0.107177463507956 0.347158092687525 0.0108683537864846 -0.465012285961541
-0.660702981633421 -0.155332689094788 0.474937627193015 0 -0.333784181704041
-1.44734845040364 0.0759081918006246 1.04548045114706 -0.433469815480985 -0.488756896949183
-1.88229514241124 -0.00450752583932676 1.02304262954106 -0.924155238300541 -0.238005349375305
-2.10667185978019 -0.675428262136023 0.498329166855967 -0.384035384784785 0
-1.79586241571047 -1.45559067677 0.0307720273218505 0.162323587284616 0
-0.343403482704055 -4.20773215464257 -0.876045199690549 0.546205747760974 -0.529173091921685
-0.536966288711631 -3.49957960696908 -0.632441107846885 0.35391416858635 -0.608315629867534
-0.472154903266819 -2.57946817275882 -0.282854186265385 0.112539196997497 -0.772640303506909
0.107099088144385 -1.43962430129949 -0.0898327612179283 0 -0.863124992654123
1.01152128433183 -0.724908566284103 -0.306936186674113 0.767123255137939 -0.785496967287287
0.784001037141895 -0.292345102091957 -0.393149725004963 0.787991600093001 -0.762305550090049
0.47974876760345 0.0133144623528246 -0.301775831369505 0.747588770221433 -0.946227792548561
-0.0320567944538484 0.511937979013042 -0.0431844204091543 0.147036140479961 -0.84917489914152
-0.256273278448674 0.637014038383594 -0.0586711082777895 0.266827050285695 -0.996661198813643
-0.549709783830131 0.766752955596972 0.164685469857031 0.275566696472386 -1.14273874374336
-0.59690735522461 0.43067183177468 0.371672512738688 0 -0.723776171580938
-1.23431652436447 0.344183069553906 0.804509887717121 -0.790017855543406 -0.371324725230047
-1.18242701767234 -0.298945960176129 0.234364690600446 -0.225226333641926 -0.205202598800662
-1.26945237914747 -1.09233027441374 -0.258176848006177 0.18963117890061 0
0.453306989493389 -3.42202410913379 -0.574365311319862 0.400625561257777 0
0.435771872952796 -2.87214205352845 -0.579068155111656 0.108698312284884 -0.355362801518726
0.155236220280776 -2.18435902553262 -0.536117137971494 0 -0.630286488714441
0.663900100985267 -1.065195120601 -0.331504964687986 0.228089637803604 -0.787488789631302
0.917749006456188 -0.353475602614296 -0.586897444720316 0.79885725456666 -1.10514914326033
0.542415630542821 0.219600868555459 -0.559371666476743 0.866300141410129 -1.15235512609348
0.384391738957944 0.523305835225526 -0.559289379552618 0.976851774243784 -1.2200570667481
0.254575570371513 0.692886901453052 -0.444751645508282 0.557676933446378 -1.1743508294565
0.0203408774485901 0.824954325031693 -0.24630143267939 0.170657665793873 -1.16061767475055
-0.359661797905608 1.19947220522583 0 0 -1.21333985239708
-0.230436022871016 1.09923659553904 0 0 -1.01858285941604
-0.338544788516859 0.867544023443904 0.347168640490381 0.0782788808019737 -0.87688815859847
-0.781312920398325 0.32888014562058 -0.139724649620609 -0.0579768452946451 -0.268964382420408
-0.967890582813447 -0.489617339432389 -0.368472606270459 0.0538539463159059 0
1.08043829803796 -3.22061380926567 -0.664256752479453 -0.098133662477861 0.145678914051383
0.609689173493825 -2.65728612828068 -0.718116231992774 0 -0.346227468447457
0.632773090678467 -1.84108248630151 -0.606883426588565 0 -0.4676033941629
0.997004467514226 -0.982025922953079 -0.558246526816349 0.355050365174124 -0.631667023810607
0.536423386601022 -0.313339344547104 -0.367912275904661 0.443657330230583 -0.976552949374856
0.0823039483944494 0.405557947818013 -0.606966058930535 0.564125512790663 -1.29797882670069
-0.0523773132309722 0.827523827788395 -0.614822536831026 0.82819565051365 -1.52648611067427
0.263404809736366 0.937604338170177 -0.58594000537015 0.881584501144106 -1.67287899896039
0.342821027634065 1.00281778797985 -0.416224593518444 0.409080100385534 -1.54417223243396
-0.0691218999296073 1.31668654924023 -0.0854603488512901 0.11447535012226 -1.35752865589984
-0.00600064597299582 1.40343920440742 0 0.471246981968054 -1.2807115026598
-0.0789492658580315 1.24736417916023 0 0 -0.737299573916926
-0.264978686786544 0.710992124145197 -0.265386333418082 0.286954486311085 -0.315155015733537
-0.596551852396205 -0.439284882388396 -0.480007732618584 0.386309810193489 0.123502269658806
1.51525083223171 -2.83514342089271 -0.480162102739467 -0.450305454938255 0.479154802801676
1.57659093251746 -2.05146147957424 -0.536300773006866 -0.272032988769112 0.237254723326273
1.59926264749035 -1.47365138382691 -0.444030670879124 -0.0555278107426723 -0.0434783868490609
0.881663775407722 -1.1441209533634 0 0.128862321977551 -0.432422349845538
0.199986379025874 -0.738967359820768 0 0 -0.972940992706767
0.399089687016847 0.110064089897822 -0.426218044035289 0.368134721231073 -1.48454614546781
0.466580879814767 0.658624492554053 -0.302691994321354 0.840814510883572 -1.86920556491238
0.606113175987252 0.907341920877361 -0.158607569473604 0.947286416295056 -1.90646854115538
0.5067283872295 1.19882451736157 -0.267320582506007 0.641328856438285 -2.02811199542173
0.093660634027491 1.3590750299301 -0.209561795248578 0.167122103331906 -1.49982249975677
-0.214096100773373 1.45085388634203 -0.0262358371159562 0.0423867688835996 -1.0011924904848
0.233908154973143 1.2804705914796 0 0.256293336259632 -0.85980568237647
0.199966499777742 1.04138361292438 0 0 -0.552107898191717
-0.0596714733370295 0.391520051387731 0 0 -0.0782753848133795
1.99877668888202 -2.17584782417393 0 -0.214279295780768 1.23033249064871
1.69684075962397 -1.89039898926831 0 -0.169240872096329 0.714245688931115
1.34822922336607 -1.47907053839614 0 0.0379673140783105 0.0147997155890848
0.933646321653036 -1.2249621829885 0 0.278836503932011 -0.610407492581561
0.612433521695154 -1.1690330888166 0 0.126350269529955 -1.00819221648258
1.02157837943096 -0.467802277403987 -0.351568041193435 0.462442162129542 -1.43875435360754
1.0333599499939 0.137795968640251 -0.126370822967753 0.737617412443788 -1.41896168828904
0.163236488147742 0.167464572400678 0 0 -1.23849993269369
0.117462440589713 0.540273538934472 0 0 -1.35582612709727
-0.0824017761018763 0.922963027991257 0 0 -1.0168246878495
-0.42420988666862 1.27691943646335 -0.0970182199048975 0.00464984083256432 -0.981367704453266
-0.146864325644679 0.881518712225612 -0.0551203995407933 -0.277740851429402 -0.947552405170253
0.377218064807579 0.788675839091728 -0.290530094131305 0.137951709426162 -0.675810741392605
0.391025189319764 0.545421084633148 0 0 -0.169419610016967
1.31708257171334 -1.74708651016415 0 0 0.679074037927243
1.38641348285491 -1.78202359800142 0 -0.0353073796028359 0.626419347232184
1.09462961409485 -1.63696190691769 0 0.0221091678572038 -0.00670261061877174
0.74629426390691 -1.71105287103036 0 -0.0191385841035605 -0.512407991402716
0.431170218770679 -1.72421598656569 0 0 -0.829415059523712
0.569045662881583 -1.51082743992256 0 0 -1.00033425649192
0.495327809103416 -0.979499396462394 0 0 -1.07865563002359
0.266985426484981 -0.573814600443684 0 0 -1.05243921655801
0.162862080763552 -0.0817335048997247 0 0 -0.729525064063661
0.316948485673881 0.444665101986974 0 0 -0.890617926566426
0.200810821353994 0.735125762355265 0 0 -0.734068800655773
0.197770572767052 0.80488563501244 -0.275342868014314 0.111566825914517 -0.66430467851177
0.187042136707732 0.395922254276732 -0.339737770463631 0 -0.493700314640706
0.473617546964781 -0.355512514964051 -0.507961144608454 0.463833030732752 -0.234110475511665
0.253681933518383 -1.45887787208756 0 0 0
0.330976219732564 -1.64682492800647 0 0 -0.13065180988947
0.502759098541863 -1.78188218234839 0 0 -0.252021249165593
0.272046777192996 -2.08001594555954 0 0 -0.427304579165415
0.466379822777906 -2.20428304929299 0 0 -0.641945971344789
0.771752062278389 -1.9500972745973 0 0 -0.791221637789942
0.667835059367026 -1.65309012552498 0 0 -0.988480701569579
0.588359767005897 -1.15710480065742 0 0 -1.12305783364791
0.483519628541139 -0.600577549271312 0 0 -0.908377146398171
0.622066779470447 0.0110456686389535 0 0 -0.690806852454607
0.996476189177877 0.248039661565542 -0.412009423751795 0.21925441438011 -0.868210700498528
0.498043688038948 0.231988166940865 -0.515478710853244 0.411465958911181 -0.606315790563639
0.37171791762072 -0.204206806059148 -0.560653816184922 0.49157008676845 -0.211992363320683
0.494991400983413 -0.841015165521894 -0.772638357706493 0.741200759215508 -0.0874426751498285
0.16553847348411 -1.58269834142856 0 0 0
0.313386686100967 -1.53016140243516 0 0 -0.0709968487243019
0.423886647503196 -1.85516038617488 0 0 0
0.327927644298133 -2.40342665684836 0 0 -0.187579563883472
0.526840553647317 -2.60027665084482 0 0 -0.454317399688816
0.93660531124222 -2.28543337750338 0 0 -0.800722129049783
1.17275591291797 -1.97898954212217 0.0843427775699376 0 -1.0593484531569
0.7802493152717 -1.69563129185983 0 0 -0.93632725918793
0.648656926193522 -1.01728899352183 0 0 -0.774327530961081
0.795319749804353 -0.482374594667782 0 0 -0.611861226079246
0.961080865313046 -0.613609240244455 -0.361940348424263 0.176521461532701 -0.771691396537519
0.372388075313171 -0.432617433341543 -0.570379120023401 0.514129908514231 -0.780205711995439
0.666065842256401 -0.92092076589534 -0.624169375329385 0.704956966386593 -0.38322151635496
0.753094808245638 -1.37600210997254 -0.755429617878259 0.901311438240866 -0.109997838855979
0.23526714086026 -1.34790590379404 0 0 0
0.340666882691371 -1.63945824863796 0 0 0
0.303834547927059 -2.02056627600975 0 0.225011969993515 0
0.569974231050336 -2.4845563107634 0 0 0
0.466857162957931 -2.60249319793843 0.122136899738807 0.281369801608861 -0.371199859376821
0.966140883005156 -2.38377235565986 -0.142179044400857 0.251259240601649 -0.317830447257658
1.01942078399273 -2.34049575002176 0.0859162134518792 0 -0.581209788661421
0.995519742617104 -2.07082279459037 0.0221733638819416 0 -0.547436995127475
0.955451326782483 -1.56176066071034 0.0209593934372041 0 -0.544825515531375
0.8653358300341 -1.15818061804628 -0.146795063782684 0.158030499632949 -0.665219535699998
1.03600629139714 -1.38156282002899 -0.319648948392429 0.327501530363996 -0.697631150700252
0.940970757289158 -1.51993681520217 -0.567096449615143 0.652296547077718 -0.66072538044622
0.850030466518047 -1.75063452866386 -0.801050833663866 0.928726105656713 -0.540499702233165
1.10922938234696 -2.22298939360097 -1.03413491915875 1.10227884013645 -0.283910208388034
0.274666558905241 -1.39361585837034 0 0 0
0.243933685001309 -1.53448635222085 0 0.302506735453685 0
0.315800818914666 -2.02352353934516 0 0.310873788252414 0
0.434996153795903 -2.4072251935341 0 0.233202684059828 0
0.249303954503075 -2.16853387426183 0.0424410521357122 0.797682716647422 -0.115482130265801
0.548855076588775 -2.23689947968491 -0.273531589662398 0.619012530445087 0.138807871674817
0.860394971598562 -2.30213817101594 -0.320415881224412 0.32354994578247 0.00700014190751596
1.08309986465729 -2.10927728953048 0 0 -0.352074868167963
1.02386422870623 -1.85122919742714 -0.169129586541333 0 -0.31936669558255
1.05233718314479 -1.75938971355419 -0.333613257440593 0.289179270286349 -0.487360669467073
1.06615494857547 -1.92324124428146 -0.455124713751743 0.510428953270852 -0.625247408228049
0.916999262442802 -1.92783949908331 -0.582680668625557 0.720286398896023 -0.656006356352854
1.32014159022112 -2.62181691283591 -0.875127349046657 1.08813462628318 -0.593672401303477
1.46963185982332 -3.05894980793415 -1.19267266869062 1.37613649988762 -0.450296001168553
0.324580686725019 -1.17013275984551 0 0.420257745800657 0
0.330338155082447 -1.54950069303 0 0.31137796870787 0
0.357787958306174 -1.74413771783395 0 0.368077934732654 0
0.487292942197927 -2.01378042045763 0 0.252868537616996 0
0.100167060101493 -1.5760530900106 -0.185671788176424 1.14695866817167 0.0883586783238716
0.271728314412139 -1.59507950769524 -0.322716586472124 1.15941355721263 0.229721183025984
0.621226502484428 -2.15529311857624 -0.559202154670009 0.611839562009686 0.441468902569481
0.920121413358075 -2.08905148459667 -0.552728680611907 0.459065586483669 0.228300435892345
1.38739612913591 -1.86210552623233 -0.228714202113022 0 0
1.04222708985734 -2.14577330366307 -0.577424080802689 0.405797032763552 -0.396738379018088
1.18284373847227 -2.51985335064702 -0.666380526395825 0.711504766643987 -0.691595656953317
1.15352739988282 -2.65249016276666 -0.801098009282272 0.922060925528524 -0.747188490124835
1.56065856975898 -3.2686613096232 -0.908245206417673 1.20486426403605 -0.749870155867205
1.74752591872815 -3.70693579500084 -1.12163077117831 1.55264100123001 -0.634813535158536
