"(Intercept)" "X1" "X2" "X3" "X4"
-0.251571179848341 -5.2207855633377 -0.433323198991185 1.09991473808308 0.0800428514078295
0.0867212945601582 -4.75398693420371 -0.453071457314775 0.846385453259076 0.442725952202675
0.300905328820178 -3.8913671025397 -0.106438678715419 0.464594928945464 0.63677763856755
0.557359585519938 -2.89803033695991 0.270483180516941 0.190633184228575 0.727471336913517
0.497010317596958 -2.10919423678441 0.537205256881503 -0.101631108795457 0.561587841713821
0.287428630591696 -1.55974907512336 0.696190683777501 -0.348054375923805 0.164368831563484
-0.270071702262571 -1.21583037193682 0.82578451698932 -0.703311727305352 0.0648525953614216
-0.602621267878135 -1.42898959170976 1.11509172031241 -0.285610120276009 0.489703257817486
-1.24651122707077 -1.35935620243484 1.53033937765355 -0.279680803366312 0.687467399423647
-1.52230978550785 -1.32815854373834 1.74695221969867 0 0.614101803505993
-1.75319856798775 -1.30635807004129 1.81542443732475 0 0.334778317776127
-2.23087584694027 -1.3810944060275 2.07707024438947 -0.315461396300837 0.213719523133323
-2.22101961474446 -1.58558560167039 2.0584527611178 -0.165437457581292 0.0811921848113141
-2.19656735421484 -1.81191435582052 2.08872218507819 0.0413328451494181 0.0144627070182587
-0.509710786085286 -4.92021055370478 -0.557561658195896 0.95502439282828 -0.228629180747658
-0.2907754781356 -4.3226010718731 -0.496138806371643 0.804611597814427 -0.149084460719482
-0.0689397511465842 -3.48274527786546 -0.197742924479241 0.382117560013336 0.0291787110182531
0.354594766742111 -2.5067007435858 0.15855765794723 0.168449646698708 0.15297239658514
0.665333037426892 -1.60185715076708 0.22384474739828 0.125617577780239 0.254497769673313
0.402687055032893 -1.19102530152911 0.333415044751398 0.0460934224437479 -0.138890083968203
0.0383326607770179 -0.630636575999952 0.365138186186058 -0.117445434957235 -0.247010165209144
-0.242923925567259 -0.615465941955934 0.559281742767627 -0.116544818732866 -0.129524170382046
-0.790926192948581 -0.739065195325186 0.905817908507054 -0.115023407499123 0.216636056867541
-1.0060826946258 -0.76780559903674 1.10392694589868 0 0.194977294680398
-1.51820654477783 -0.781109638481496 1.4211654066024 -0.238010528708281 0.0160416742681023
-1.77084848726685 -0.807621327142548 1.54661781103715 -0.271347505175312 -0.173141867138012
-1.7734429444845 -1.08114521115149 1.38283676128754 -0.0346934094218452 -0.124069610727567
-1.70679810804144 -1.44073144099163 1.1659396948735 0.304727848651019 -0.0547883788062804
0.248587947028381 -3.89533614466548 -0.26272463591585 0.573425157250223 0
-0.52920389509964 -3.81908885102744 -0.416532248476368 0.535601369103322 -0.446989808221057
-0.40750038431785 -2.99046570668757 -0.302840381634561 0.246887402131356 -0.543605647167342
0.274454621031202 -1.96451272790121 0.026247950013698 0.158311397400269 -0.377696274067184
0.837743901586619 -1.2039597923142 -0.0732672567863066 0.40405680075269 -0.261653111363885
0.526514090062808 -0.747146810716657 -0.0235826174260516 0.363384757621176 -0.33937725822348
0.0703869676369381 -0.120641472783734 0.104007610763162 0.132683506494301 -0.612127398604657
-0.10538988020559 0.0422066941125136 0.23062176862906 -0.0628973816808115 -0.528628206965527
-0.476918294479005 -0.00371285883205798 0.372219311781541 0.113318293311611 -0.415364458126065
-0.711994575691647 -0.178200850465652 0.56919589960727 0.0658056626441879 -0.373889095253125
-1.11208494236611 -0.163182535482889 0.867170456511505 -0.131206714956997 -0.459240934665883
-1.39921387978413 -0.210042685394472 1.07068840735702 -0.20327382247226 -0.435714934838763
-1.46376572908274 -0.67389221797659 0.619277522170439 -0.0806826457891398 -0.185268106048529
-1.32810037729296 -1.31216588964003 0.10974877390343 0.449560392997099 -0.0565314070962987
0.330741132880282 -3.71665194204793 -0.479780618511329 0.54114807266726 0
-0.271019016191366 -3.35971095482686 -0.448340163055798 0.326665845010716 -0.441078683217988
-0.257269378997648 -2.53313195898406 -0.232301453253689 0.154304591651579 -0.621321811620961
0.463353881173339 -1.53537504349856 -0.19228472102351 0.229349574756179 -0.708196208376089
1.00796361488762 -0.798439802218057 -0.392419503140092 0.635588347391102 -0.65787571675682
0.80573133183723 -0.30014724584987 -0.395601906675835 0.780817525587423 -0.741477056555483
0.405031177084416 0.117390002568762 -0.250953978502089 0.616390419938852 -0.989525624341757
0.174266282136265 0.380526726289555 -0.121963312404158 0.260600748949644 -0.860120306868396
-0.0370083424723469 0.483798867725687 -0.0592725833308242 0.389091368312339 -0.908280088837002
-0.483726524597547 0.539251216445923 0.193634962509662 0.32154395600364 -1.00310197820444
-0.624870561482306 0.428116137221983 0.443911023003065 0 -0.65497452947307
-0.796423257258551 0.241496282814998 0.6081714122751 0 -0.575507967253251
-1.0723031271243 -0.22052072045162 0.30652192761797 -0.0950171681619309 -0.295936245083068
-1.01277057188478 -1.01580719232002 -0.378074041206002 0.358965930025189 -0.117239565622536
0.518005451506579 -3.35050911939253 -0.525780786824803 0.340609338542266 0
0.358400456384849 -2.89234434172304 -0.478612358451336 0.178807291199016 -0.24131959415151
0.316434211321003 -2.08020744028997 -0.352183477070846 0.06226472736706 -0.452853872684755
0.563832703287067 -1.18729580567644 -0.324160949554919 0 -0.563801927169913
0.772956093839745 -0.487178188954271 -0.380468226998281 0.492753216366558 -0.79106091114607
0.675591282586188 0.0584510311915713 -0.665680198574373 0.810258945044038 -1.00975169796844
0.579046606242221 0.415456699095698 -0.604377271780167 0.93394361571425 -1.15592614448198
0.341826805923612 0.612361645419454 -0.320669100933975 0.473146445751876 -1.16498876085954
0.0546550571085748 0.771342529262652 -0.268097972130953 0.411131034423665 -1.26924073308491
-0.211987410350536 1.04082824866524 0 0 -1.02171062136006
-0.418623007750919 1.01498004076401 0.202388649578414 0 -1.04514501571667
-0.49203133864876 0.753710625744622 0.373315578441569 0 -0.758540060169814
-0.564248628664753 0.346161276676358 0.088348050933202 0.130557697051177 -0.438083176863619
-0.748081384839002 -0.673426733221364 -0.41761411179773 0.385439732358057 -0.129609964684244
1.25565209760428 -3.00552312868608 -0.633403879922182 -0.0859143772551044 0.175941971155089
1.15300749993495 -2.34497526085691 -0.517196406949111 -0.022829620722536 -0.00973735304868299
0.916863113368408 -1.72320729022795 -0.552449138280867 0.0946338117442029 -0.39074024680114
1.06574243683246 -0.986709092254326 -0.367960367155766 0.299086210459649 -0.61780651105613
0.550299811539708 -0.400132033901753 -0.166094466410961 0.37561438811586 -0.909026692143223
-0.195707468046133 0.200028433039152 0 0 -1.21944269464492
-0.0798765137764043 0.674503596282111 -0.464452785071261 0.509244034592831 -1.6100223756877
0.267230943225545 0.826056565343176 -0.49935542480783 0.681458207897456 -1.64468573289649
0.354847565525876 0.981102304565149 -0.450206111411395 0.386938184340519 -1.52627990226654
-0.219743690417265 1.17539767721539 0 0 -1.08247694667981
-0.0537659583728903 1.33847718792339 0 0.388290423134064 -1.19660445631905
-0.0978334181421905 1.17142289612083 0 0 -0.782943909303671
-0.30798487652579 0.55174794091905 0.15344536007969 0 -0.404657258259691
-0.639066288780109 -0.507963851843334 -0.258346057875793 0.255931656555847 0.0203673598683745
2.01157834175279 -2.6704553922451 -0.496606045700088 -0.550122323839921 0.838609610613427
1.91460090049413 -2.03839846952402 -0.452444192871491 -0.335852788055807 0.402188155410864
1.74011845087766 -1.49383917027526 -0.339434546992364 -0.101182396594499 -0.0228222768906248
1.14232300989195 -1.15066760311505 0 0.211592506843089 -0.502115314187015
0.29396462161992 -0.743864772302082 0 0 -0.956409339449504
0.0230831094824851 -0.218213335523576 0 0 -1.25820955468589
0.427107115380232 0.523578709154762 -0.331801310112638 0.682122651635578 -1.71030580234489
0.480909870193997 0.837533778460848 -0.19357943859975 0.767111889993019 -1.89460060117912
0.362601759284935 0.971684538127571 -0.276960048683146 0.490731234904708 -1.77941371367143
-0.146293480064607 1.19563587597605 -0.325041833009048 0.0822327500850601 -1.46874596219471
-0.0774211394944048 1.02255205612021 0 0 -0.935852424820977
0.0366931129369775 1.0081988134183 0 0 -0.768318164448145
0.029069673615505 0.705364313635853 0 0 -0.534358201169474
-0.255824866080495 -0.140526692221915 0 0 -0.12311553505493
2.18345496399766 -2.24099746478409 0 -0.360090149652841 1.34130630255831
1.94521371726907 -1.959768120567 0 -0.20394036564223 0.808977085708546
1.55415009503066 -1.62297940663286 0 -0.0619124708701642 0.104374851135752
0.975178150893342 -1.23633825196592 0 0.283811871044406 -0.623013140089665
0.655635017390044 -1.16482093496416 0 0.156455175852223 -0.984020461101377
0.326677532283936 -0.849550062838831 0 0 -1.01674503104444
0.357855999631846 -0.286232162701087 0 0 -0.971005760333842
0.196965345657318 0.136925786320948 0 0 -1.32813941983546
0.0727810957833942 0.486836129701403 0 0 -1.37226655142455
-0.00668312623443748 0.788586597991458 0 0 -1.19175661325856
-0.305304441976016 1.06016918247302 -0.31144386298266 0.0627563559539366 -1.07566760344331
-0.0274897271263811 0.889068994063867 -0.186729918682622 0.0293531851363248 -0.911966309118967
0.286727449142659 0.689167839024969 0 0 -0.602213176090553
0.242962747401981 0.236687477826736 0 0.308968992180372 -0.16715509585639
1.64524883714446 -1.81994586813179 0 0 0.943989650834607
1.25115049435341 -1.79722781578279 0 0 0.453516960578635
1.14205652287882 -1.67668165209151 0 0.0721310479410698 0.0448311576592561
0.792415897837945 -1.70185342341057 0 0.052494913271765 -0.450860859814227
0.534231744489087 -1.64875121327029 0 0 -0.835434121991107
0.597111795324888 -1.42448769750389 0 0 -0.836053916059514
0.437060894913087 -1.00858897910571 0 0 -0.959941914953157
0.281804521175473 -0.556018123747362 0 0 -0.953235678783001
0.189284221267562 -0.112380255133952 0 0 -0.977018779712803
0.327409625062774 0.345066532016227 0 0 -0.950865480425488
0.316349068659079 0.644231064394452 0 0 -0.782842508613126
0.153477348663857 0.691527860300959 -0.371621372336551 0 -0.837196088727154
0.205514824218267 0.317352800040725 -0.339847734678272 0 -0.600645795657383
0.327563220574952 -0.173502373771851 0 0 -0.36560595135313
1.17629989876849 -1.72925322780163 0 0 0.670195198834972
0.707164227309919 -1.65881937107694 0 0.135641281242832 0.158455725193474
0.46955154493132 -1.83309763688816 0 0 -0.230639350909202
0.363267111884853 -2.08428780801253 0 0 -0.367212699240533
0.545599346343712 -2.08605506184301 0 0 -0.603507310035149
0.77920323192583 -1.89481258145515 0 0 -0.650343305154262
0.776802501917529 -1.45552586910961 0 -0.0618190896088884 -0.984666162880874
0.536040218688429 -1.13226367574256 0 0 -1.01253521807822
0.438431173898283 -0.595895522708844 0 0 -0.88165779739239
0.628567402787597 -0.0910570008873462 0 0 -0.648890094997968
0.84850887288818 0.0508849836649676 -0.335998093174578 0.359690313404207 -0.553885068429904
0.590106864540455 -0.0276286145428731 -0.548373988180025 0.449859447222041 -0.450507492465737
0.427658148843471 -0.300114324979195 -0.659884960444632 0.586715372268176 -0.336654786914232
0.596073174310824 -0.895712030975897 -0.761679061383027 0.817584845387989 -0.226391593621471
0.370093798558732 -1.6611479576136 0 0 0
0.490745476843322 -1.63363902618682 0 0 0.0306398942139084
0.376955914691841 -1.90347440751004 0 0 -0.0957950042715939
0.326640649474902 -2.3331556610433 0 0 -0.202401908935826
0.663403865687851 -2.36674620073135 0 0 -0.400489896278164
0.946025099536304 -2.20371232708499 0 0 -0.691047692535215
0.950065787774081 -1.94325087781652 0 0 -0.821894869117933
0.827806615155485 -1.52466744700584 0 0 -0.99903726201135
0.597036729280489 -1.0446496533417 0 0 -0.747169967744752
0.784771070298245 -0.575586941472997 0 0 -0.565549152261497
0.928296541892651 -0.695834433188361 -0.317540355296024 0.294424831005922 -0.541303603866911
0.898731128424706 -0.80932604683348 -0.526321955531127 0.572356155487296 -0.503158136524285
0.816671720404234 -1.04662247189294 -0.720759928252994 0.908081696125712 -0.343745389316818
0.895883720326276 -1.42766996331116 -0.880429448438999 1.1917211883554 -0.17291481900045
0.363062940294359 -1.52535014601151 0 0 0
0.387100866391228 -1.70348902453167 0 0 0
0.439692448983472 -2.07155440392638 0 0 0
0.503909061767637 -2.45968319657181 0 0 0
0.903097672796772 -2.29729786876311 0 0 -0.247850001665605
1.03953832088541 -2.38802889381823 -0.0183006741686635 0 -0.430049476392682
1.13888297909014 -2.25516474761247 -0.00557488934039679 0 -0.626066085654934
0.979361285037151 -1.95104072906466 0.0349203689562348 0 -0.62954363398525
0.764022285524534 -1.49389184772711 0 0 -0.590384429938784
0.907793038228305 -1.1644269158233 -0.202435341282663 0.13395310035941 -0.579443414778287
1.12077954918639 -1.50587834133721 -0.346927194745442 0.379391575268873 -0.609212826333423
1.1539727245054 -1.69563467893967 -0.572793583815683 0.669945737390731 -0.594806749096925
1.17157574145992 -1.91415848151092 -0.791859325313871 1.01999225283975 -0.44019653084038
1.30004121832673 -2.23448409734024 -0.995830436699485 1.41491904491093 -0.284609269198519
0.391050690562003 -1.53521032074631 0 0 0
0.460368396555815 -1.83033029716201 0 0 0
0.594363322904765 -2.10402898409943 0 0 0
0.805014762260286 -2.18194660417909 0 0 0
0.37099700573919 -2.06761448498091 0.154170285188431 0.73599620626456 -0.228921247243403
0.663902701338333 -1.99237628038594 -0.173294654831512 0.609965830305183 -0.0768543172025801
0.910021362508561 -2.25202442639373 -0.358105223899432 0.334665999826265 0.0696776004683599
1.08485676160405 -2.12877184675004 -0.102972237208939 0 -0.316671613022358
0.899382738193229 -1.72443486404979 -0.373377180883707 0.282951423101485 -0.233483447236933
0.988068766857803 -1.50302364877545 -0.504123717747436 0.275929616511511 0
1.30804544937012 -2.20820518440727 -0.428243890405076 0.521145250438628 -0.672131840067306
1.42488984759963 -2.48848110097866 -0.626304359805087 0.80077514589698 -0.689544977616764
1.50828060801766 -2.77322033834313 -0.854268041906744 1.1050131272585 -0.617069426093201
1.6516172094888 -3.07349234576229 -1.04963209627233 1.48111426339247 -0.501791396553132
0.452465770025729 -1.67052808455721 0 0 0
0.608883099409142 -1.85871800323951 0 0 0
0.752941599803523 -1.81964634129611 0 0.487109390163551 0.0502390635189444
0.844138467402124 -1.90926038279592 0 0 0
0.0807279068334129 -1.72621271665207 -0.00903862425029056 1.22191864863788 0.0592979052648078
0.396138783445936 -1.71415405155268 -0.324824740888947 1.05703131830405 0.210796503167499
0.64586790380479 -1.98055559020997 -0.572770391964163 0.699310247986457 0.407844368677676
0.886452017599985 -2.09666184487667 -0.646503479880333 0.471136393075205 0.248090419650233
0.902594528820373 -1.7671614392769 -0.708303098896471 0.2018349194953 0
0.598670089425764 -1.60650757877899 -0.984975865858785 0.270809101318913 0
1.22562566950024 -2.55732750677133 -0.614699129483969 0.597467214671902 -0.664756579619242
1.70072554038917 -3.22459785515765 -0.701347860051425 0.980445822631583 -0.835908442072144
1.84606686860354 -3.5506407624123 -0.900007939059203 1.27645821990218 -0.804413348794428
1.92512179065674 -3.84243687605824 -1.12125425465311 1.58062517142453 -0.73804801004097
