"(Intercept)" "X1" "X2" "X3" "X4"
0.519046165979375 -4.20134541323218 -1.09076030055652 0.0796823924297137 0
0.302457745808176 -4.14000355235605 -0.847546712825375 0.229203686846484 0.585939130069624
0.599312275221972 -3.56053351508963 -0.231988508088943 0.166494065247531 1.15611212767888
0.850048751604401 -2.90283573621994 0.060724083882761 -0.020559196678513 1.06809642827541
1.210904409658 -2.4242593309852 0.235256488391168 0.0599879580750535 0.693595462024524
1.08552777888281 -2.12596630673549 0.3681647888466 0.0433450555400212 0.220131714458921
0.889677200235521 -1.91807043229773 0.324499764826258 -0.0556320606879563 0.250574746831338
0.417662319122978 -1.76641697669116 0.518041511042733 -0.120118344058637 0.291754838405129
0.0303558717002271 -1.77229375422075 0.507983723919357 0 0
-0.38871445279673 -1.76650174708279 0.961509863072331 0 0.342974244902361
-0.870247200208153 -1.80277099223477 1.36361549220295 0 0.276308802041701
-1.33372505685585 -1.81377197787288 1.719552539985 0 0.0132740146210746
-1.69916712923655 -1.81243299419125 2.00539831859274 0 -0.206627693388518
-2.31268891958166 -1.80073897503895 1.90180819489585 0 0
1.71689659851407 -2.93227758189756 -0.566138304360717 0 0
0.572192536732901 -3.2024452342168 -0.670359892049143 0.113619331117036 0
0.147299449620165 -3.50644156546745 -0.458618962131375 0.476969257924572 0.678730224832174
0.588385888739107 -2.51180637777764 -0.0769915627535983 0.14303950335104 0.621703557571028
0.849343924069826 -1.90921289524371 0.115490167534399 0.178462655165692 0.371492394082726
0.780685755244589 -1.55791950131618 0.251914908366832 0.220143558632099 -0.0698487194180074
0.817876904236817 -1.11875239302827 0.139439153374061 0.213057366175733 -0.0265468164163118
0.278828763555396 -0.89772567670866 0.314934535290492 0.046090576072094 -0.0305493245296105
-0.0825038449743506 -0.891896394388395 0.498752752630112 0.0160413949263221 0.0877148766569281
-0.339274858962723 -0.972026963680627 0.702818004347011 0 0.0819963850051755
-0.760185381551406 -1.07029661510355 1.09006223682068 0 -0.0198340120414403
-1.08793806699886 -1.08710499155993 1.36363682866303 0 -0.191617662078852
-1.47193304625775 -1.17697035362366 1.68834706141842 0 -0.372988498899949
-2.24171685596633 -1.32463674174617 1.59638729599786 0 0
0.407318343495912 -3.57903759780541 -0.927499439758627 0.211841651580065 -0.32736679548777
0.940262887466027 -2.53427081623521 -0.566228575007509 0.129874154769676 0
-0.0890397060728475 -2.5746982447389 -0.396090734668967 0.151949671927527 -0.25385900517729
0.333643391714051 -2.11335926640976 -0.174757675522299 0.242057206046782 -0.0611411320178979
0.685906900539817 -1.38917308863222 -0.154003287127432 0.286324053974492 0.0316046204516197
0.877788778260718 -0.987401847113776 -0.0991714882618163 0.444480704522733 -0.290342223665747
0.737536225020499 -0.532191983637623 -0.123228126758989 0.391601746827575 -0.395766575290164
0.41856975668564 -0.242386844621707 0.0159570623107217 0.316918651360291 -0.43239490388985
-0.151527108578329 -0.0678356944764207 0.235007059972389 0.22838268941318 -0.405122322919931
-0.312437166748847 -0.353019100305413 0.475328155461148 0.295920172063885 -0.387177365192403
-0.494168770611519 -0.36495863472056 0.744929123850896 0 -0.248147788179474
-0.843522096973478 -0.462919316254678 1.06745898935615 0 -0.366106666210953
-1.60830036727778 -0.718675100065311 1.04899397059941 0 0
-2.08163481317001 -1.00364762987159 1.16672241032666 0 0
1.02965512910678 -3.0234924792812 -0.627994340143567 0.369107278459124 -0.171231517833881
1.54452598893317 -1.89206593404095 -0.273674748418668 0 0
1.23857923424066 -1.34603755953433 0 0 0
0.357476345560768 -1.39916231991807 -0.32671476594166 0.226216362789493 -0.36391360877404
0.789390387287554 -0.919183042921192 -0.418721843090868 0.528409244431359 -0.371452142859229
0.800386258034334 -0.393998590133783 -0.298351747596012 0.534735766085131 -0.412244279671298
0.816750620343646 -0.0869240725716894 -0.316848104532439 0.580835856665819 -0.608162243811193
0.747315094135274 0.196923155146549 -0.281555603844154 0.530148768608343 -0.722819823377466
0.421994331846026 0.370123032882245 -0.198578525531907 0.454749042225961 -0.797978273055407
0.039843123138021 0.518456306097629 0.0532145155302934 0.335720031409502 -0.744100976953387
-0.349563523519561 0.188990146716391 0.444937598836146 0 -0.415189977942555
-0.737814756357488 -0.0375098395745971 0.774689493178018 0 -0.451755029556014
-1.42653921465514 -0.429018455494456 0.695448004520583 0 0
-1.94691616998755 -0.900508983457296 0.776634216002669 0 0
1.39391401996937 -2.57538295248354 -0.257338633038359 0.421177014248771 0.13615834500864
1.45322714194083 -1.71026447506403 0 0 0
1.02476148264552 -1.28294977438799 0 0 0
0.717524415259773 -0.755051570201357 0 0 0
0.727562691904691 -0.510188043630016 -0.386836855945872 0.555251330848065 -0.371477832247175
0.82968156027296 -0.00452281039042693 -0.473758986775052 0.695371875023623 -0.576709699786406
1.06019840941317 0.271191208367505 -0.583162583782934 0.673304998770646 -0.605604129413111
1.11766243491271 0.412984265824948 -0.611589279153629 0.560308849020939 -0.68799346949407
0.805430055068529 0.688424245284931 -0.602449434189398 0.29609378964883 -0.799964513435131
0.178327704019848 0.889383930104666 0 0.12859701363059 -0.657302234534785
-0.0581538651935113 0.883538337839887 0.15396016832842 0 -0.557704622061798
-0.973541763893439 0.190073385599472 0.44428383639175 0 0
-1.32089985565864 -0.371923890718036 0.469702336855236 0 0
-1.64278298551937 -0.937900079141698 0.446555811353294 0 0
1.85656101118269 -2.2688739440461 -0.0423395566365891 0 0.24238236339934
1.40759865578669 -1.82688979147159 -0.142577106707899 0 0.182939143177028
1.07318938085733 -1.28578734097037 0 0 0.156752901785944
0.680100343665067 -0.802825350683559 0 0 -0.144322282288179
0.0635653565639514 -0.384434029749695 0 0 -0.437826696711288
0.116129970498955 0.0449658200111584 0 0 0
0.726354242818925 0.196579830414629 -0.425802256446797 0.525175368316845 -0.802061261716204
0.612653155942048 0.488163050600998 -0.523502165737172 0.383896030458158 -0.685627794267614
0.580599802647705 0.819928935127375 -0.541392129051494 0.140776646942378 -0.547562084123358
0.279209676293971 1.02316234176658 -0.386452740558703 0.134749726376022 -0.58960674805839
-0.145065320663234 1.00210193945145 -0.117207165756783 0.1644000409249 -0.530017411140227
-0.396814376535847 0.866927880968162 -0.109406651688342 0 0
-1.09199352507463 -0.100868392266924 0.194847848894278 0 0
-1.57500517156727 -0.907747539469382 0.298880880888739 -0.537540879268717 0
1.74912082560524 -2.38274092398871 0.454865793709503 0.0653485165386849 0.799526002073126
1.4623630223076 -1.55925081406725 0 0 0.461559066376975
1.14327690296025 -1.45516282861244 0 0 0.30422414362762
0.808247718626265 -1.04796914183558 0 0.25450726831459 -0.200677370108826
0.367922121758771 -0.800160426109015 0 0.341629231261471 -0.519236815902438
-0.103721857289947 -0.517130100920489 0 0 -0.404471380381758
-0.0771130708876702 -0.00647236032071915 0 0 -0.69598482260617
0.237486652909854 0.53090920445954 0 0.297084649902237 -0.88510078107202
0.594920968438447 0.706753181987022 0 0.203140317189729 -0.803422612832611
0.409206332254632 0.96228204770626 -0.463435160471131 -0.199744555961629 -0.42631745516804
0.00309052840206268 0.973225863844618 0 -0.285980692245918 -0.287207558616907
-0.0467935924767255 1.01902305656345 -0.528403382156536 -0.113684102692224 -0.360230001099358
0.118239177744217 1.00611773481969 -0.700997072001309 0.0892691443620586 -0.38416780121683
-1.19838808878695 0 0 0 0
1.66067250893606 -1.62701183017554 0 0 0.553064044568539
1.23772247181205 -1.73723388407304 0 0 0.444694927828118
0.922217023312525 -1.64052515247171 0 0.247147411106783 0.169072681926898
0.833129240212426 -1.25065112160602 -0.00156861487436071 0.707660673922652 -0.276913555677558
0.661839045559019 -1.21993453294123 0 0.404283887699612 -0.56164468840719
0.0276596589206938 -1.0128206927438 0 0 0
-0.167232765352565 -0.583003652741476 0 0 0
-0.114926328479103 0.0271751789885241 0 0 0
0.482884720234933 0.278002332783141 -0.320584990864679 0.0861202536142879 -0.746513205164181
0.389754903557881 0.696819538328549 -0.452646504264002 -0.236547865486832 -0.55089352967925
0.00846607299874956 1.05973161777318 -0.709116728488645 -0.628007404928939 -0.274489631388622
-0.0113865872970824 1.27068263665459 -0.887642347506358 -0.526576313851277 -0.215931389042086
0.198553533208436 1.28131162617896 -1.08797636897299 0.00259584957160453 -0.260267980844227
0.375149665562279 0.811803717695264 -1.11362889274322 0.568580242195138 -0.397097471108417
1.0102204705619 -1.61599407682079 0.241812202854393 -0.321138387463416 1.20794725190459
0.851091298694774 -1.53546821032409 0.154605955138351 0.0779192703465169 0.474618027244866
0.740437599909948 -1.43571842643866 0.183208108609001 0.428425780832388 0.00165177798367857
0.589535872940792 -1.72511573622658 0 0.20697439859101 -0.18925354823682
0.818808299009143 -1.61868833242337 0.0532940540682286 0.418526968238852 -0.607115220091281
0.605180127710047 -1.51935136665457 0 0.274600820794813 -0.643113874741891
-0.0127707975967925 -1.15222622740112 0 0 0
-0.0480114242831728 -0.674308210814803 0 0 0
0.0160591911172154 -0.117068692606249 0 0 0
0.222404461065989 0.416546245767815 -0.551258570995048 -0.266534923533801 -0.439278903148449
0.0535162350780693 0.983639665486129 -0.891832613033119 -0.476750103685628 -0.36074282760347
-0.0321408744223385 1.29770134689566 -1.0792011832229 -0.58885486943112 -0.235261024481518
0.00994484747485743 1.27004838568532 -1.12421542217882 -0.394157662681594 -0.201082588141651
0.195402960029843 1.02207130662926 -1.367647572935 0.363706862727931 -0.148803503876739
0.501170707642393 -1.35787933705501 0 0.0895537227632796 0.478188869658939
0.386887289928657 -1.37406323438354 0.32392642755355 0.029121311234717 0.39961363536077
0.432508762502972 -1.61119116741583 0.284928115316531 0.0759375169062923 0.0390518662229243
0.623354957124238 -1.87699060947292 0 0.0124047355132558 -0.188665872329514
1.08154118658701 -1.88797837820882 0 0.210316987740866 -0.463006070726935
0.524343905121424 -2.01430268584069 0 0 -0.499822310474018
0.235655081636685 -1.74824360806175 0 0 0
0.537602433994203 -1.4375752445065 -0.0297933422414269 -0.173909042291373 -0.971596842767707
0.47592884639658 -0.722014288798842 0 0 -0.426695341585968
0.347072801750324 -0.0898451046518721 -0.403169746117661 -0.208498748951606 -0.479067430579338
0.283534805637613 0.548942897891114 -0.692083129528667 -0.36395867412059 -0.396513147301381
0.274056909737074 0.931480217072984 -0.922819072218597 -0.235824803518208 -0.351841224086211
0.0713720009176907 1.28771244587993 -1.23191135502223 -0.0273627045777038 -0.0877401969634987
-0.0127614781513471 1.34479616356238 -1.55577107582762 0.160347195109178 -0.0847277785479388
0.201654172069982 -1.06280389121225 0 0.0666138578733765 0.312807777645596
0.134672848429932 -1.35381501461639 0 0 0
0.294925613081734 -1.67844506903584 0 0 0
0.520954657663913 -2.03646428017483 0 0 -0.182700661203449
0.712205733974354 -2.12925164151581 0 0 -0.410969053045231
1.09674358277583 -2.12795417540844 0.0480708991532805 0 -0.548846246432219
0.756509797566332 -2.13835735074396 0 0 -0.458087855158287
0.604572948983942 -1.73425933684821 0 0 0
0.586226709749081 -1.21183295514952 -0.243774776756545 -0.07837083082069 -0.756326966749104
0.402773268373 -0.624334210936357 -0.433747649412166 -0.150681264614598 -0.670761692790025
0.368779507407751 -0.0571734140418378 -0.567355775151482 -0.231111734739253 -0.579652357743972
0.273474183450919 0.368430876755603 -0.872734426512568 -0.189121063211327 -0.445656195508672
0.131390500240948 0.752293982083316 -1.14534714424952 0.0113311460116874 -0.159605258243048
-0.0375654934690585 1.09364174148177 -1.43199505897066 0.221702005738576 0.100662944612352
-0.150591065548424 -1.16749308947973 0 0 0
0.0736938136277686 -1.33163334109767 0 0 0
0.31178513494206 -1.70620799774341 0 0 0
0.666359938385646 -1.99582615475682 0.169289247912686 0 -0.171635034373734
1.00012422761791 -2.04296801808142 0.127388123468419 0 -0.25755383259837
1.18864153644535 -1.97527182011483 0.0816936248623375 0 -0.369503619655946
1.07533193670682 -2.20988076788978 0 0 -0.402646351901524
0.963863513219324 -2.08083034683137 0 0 0
1.03040959059654 -1.61942722086217 0 0 0
0.434915612738215 -1.24188746631958 -0.445099134605965 -0.0271827525274369 -0.832132993965986
0.296488545524239 -0.708143185321944 -0.695240113114104 -0.150545162984499 -0.712664189460049
0.224310278256092 -0.275215902433304 -0.90333079512631 -0.0484011586936212 -0.55203105612267
0.126423562324872 0.139050646563453 -1.15391905159729 0.07942231207353 -0.324190195663413
0.0108459596822936 0.510827085447764 -1.4152678968251 0.260486875423251 -0.0693365388472515
-0.08300469347792 -1.10259168766762 0 0 0
0.127050040118137 -1.36557691146057 0 0 0
0.499083475044845 -1.61819117590905 0.147933042905868 0 -0.0013800881721556
0.847857151487377 -1.79526012724208 -0.0782408541323236 0 -0.136018163521996
1.0373616378854 -1.80454571224877 -0.120460821298017 0 -0.131093881483448
0.974342269315605 -1.75303771303141 0.0491484509756142 0 -0.0906240678670835
1.16836846084102 -1.75779337056657 0 0 -0.148460700037475
1.28284215027045 -2.38339012916328 0 0 -0.284328342937031
1.34942428885537 -2.07755718630041 0 0 0
0.616798141031426 -1.84088595972179 -0.549765006263599 0.264828793116357 -0.667149568994238
0.47997425376413 -1.33503873731381 -0.679037350450447 0.147345849190368 -0.68532339244241
0.308409946495777 -0.905274860577816 -0.935776569842528 0.192618748529238 -0.624172774612897
0.0821847712486875 -0.467214142738061 -1.23043659146589 0.250285971436999 -0.522157843753311
0.0414538369429643 -0.0990755208808652 -1.48142128125844 0.361396502596216 -0.326154895943568
0.00957390919888768 -1.23620619083277 0 0 0
0.285713646666484 -1.32167446434119 0.162396991586312 0 0.157929118755026
0.649636686874669 -1.52257106800916 -0.104433983705643 0 0.0230866067382193
0.649394866913609 -1.53531744031624 -0.132253302921599 0 0
0.735505786000496 -1.48778397842809 -0.0625494526314854 0 -0.0464974704914036
0.716039281805507 -1.60500702334221 0.00173344789673804 0 0.219925502607516
0.966995075615372 -1.56945824878794 0.0414994142199661 0 0.231235871480714
1.1490444452593 -2.06608806100223 0 -0.148751892825302 -0.117135848624628
1.07782673277053 -2.74835254933151 -0.381524865390511 0.604741160805818 -0.439096835162919
0.689936170018437 -2.30626217869419 -0.620958853096963 0.746551933217315 -0.547058542203029
0.775205183709208 -1.89144851175152 -0.701246140503389 0.680880328534855 -0.492924032925382
0.381693534260777 -1.46881913629107 -1.02111655715784 0.512345544141474 -0.631952657489312
0.139377591659935 -1.06875513759162 -1.27761175618875 0.476913201184546 -0.653129259755986
0.0675538320908897 -0.687524997965732 -1.52875561837019 0.529174644848307 -0.515290269574829
