"(Intercept)" "X1" "X2" "X3" "X4"
1.81080683888726 -3.29255469708774 0 0.712929912722964 0.7439780734384
1.48217701657281 -2.92681571224736 0 0.507486208463722 0.845991964358121
0.68194127588215 -2.5775286095773 0.252823029308898 0.279269702002591 0.835720624465587
0.582740638943003 -2.30225431016637 0.441985939394728 0.0275345794480448 0.955646979090325
0.679805181893622 -2.43479774876705 0.542327884392409 0 0.468646995895249
0.425898655861684 -2.31497580738027 0.563077783325768 0 0
0.174378881056792 -2.11477892939781 0.605782149734326 -0.282715061989307 0.111456155959084
-0.235372725940119 -2.30910248795231 0.695234185701857 -0.0710173865007074 0.847772547001172
-0.480310578071947 -2.23353928977931 0.879348595467493 -0.0251368988629616 0.960632677196461
-0.700485765836076 -2.23993196973669 1.10414061221268 0.043241141590804 0.882306928067502
-0.752362957063595 -1.98085892208946 0.65904332226997 0 0
-1.07531702352107 -2.15869542165973 0.849812525483357 0 0
-1.44164541404387 -2.4412941278069 1.15839857709994 0 0
-1.79509488659326 -2.76521704326358 1.35003060675085 0 0
2.10255803425838 -3.26624000108621 -0.652901248222898 1.04532147756567 0.444770883388757
1.42367995134518 -2.46488978267214 0 0.336783674081479 0.5161851427914
0.557129317405057 -2.14919827416195 -0.0542705874971166 0.0443309465510012 0.500415410641881
0.578530412587706 -1.74330310160189 0.0581901878975873 -0.185366117946268 0.806851028858193
0.820034223492901 -1.69686853638635 0.233378547248232 0 0.512586447533476
0.613985716739035 -1.5263286457952 0.444028785492529 0 0
0.294551840180627 -1.35117536404379 0.331803160966581 0.0308364023632815 -0.0678594539949147
-0.0353632676248513 -1.33534359674104 0.29163611567902 0.16008068408099 0.241365551231062
-0.296315794943629 -1.370393048502 0.415204033849866 0.240805822770965 0.410795066704857
-0.446793793777311 -1.38427253713429 0.571117492719749 0.213639791846859 0.48963196873627
-0.551666218274859 -1.58289221239733 0.840806591862679 0.354060430927125 0.293192802560282
-1.02856277731633 -1.42855729215665 0.655189029687472 0 0
-1.35232986191119 -1.7491656599309 0.854904785139471 0 0
-1.74088829087754 -2.13000728819276 0.985190500334821 0 0
2.13685566548619 -2.75287901274263 -0.494183855025619 0.710124761264278 0.348779932105158
1.33133630512435 -2.2235518533502 0 0.169845591053418 0.262771112118692
0.21804453059238 -1.99164896601143 -0.211722826601637 -0.194525388689209 0.101296134729337
0.322380209854033 -1.26719399195721 -0.294016983878374 -0.472090075824685 0.506654521517868
0.837250982246002 -1.05865353926392 -0.110382385587638 0 0.28229701182811
0.561554427585181 -0.764003735641574 0.151602577878482 0 -0.227271121935567
0.457964543594359 -0.785479035902145 -0.0326133071702895 0.382519843835832 -0.300357911146699
0.198576480252331 -0.601746434140686 0.0553453948346303 0.511726201481069 -0.372860740281355
-0.525386953412747 -0.636323044046246 0.378007823970103 0.998196627603638 0.033465231642001
-0.312799627226242 -0.587150149407829 0.189314318587724 0.534876319617524 -0.0734247878030842
-0.571815520484025 -0.537104879400329 0.353804917244681 0 -0.106751195222988
-0.944300271934539 -0.691083258609713 0.474427348778268 0 0
-1.32662181773988 -1.02556883467283 0.541367364371458 0 0
-1.65758977612321 -1.50402165951396 0.534724903268017 0 0
1.94919282870233 -2.15570307844401 -0.3281049527357 0.195544849133293 0.379278108321629
1.17633364503788 -1.9283160491931 -0.0385302395289851 -0.022230468236545 -0.0166137007689935
0.665764614170892 -1.49421671151948 0 -0.291766657268062 -0.00530849682612456
0.0110345165910103 -1.03245624123411 -0.300731490857344 -0.618556521105493 -0.0650283596513159
0.704886624632595 -0.562346009572001 0 0 -0.165033097595359
0.502163174147903 -0.359343662928809 -0.100550981334689 0.202314434211767 -0.343575393876342
0.607644284552047 -0.134537331750103 -0.327515620378036 0.517578326112329 -0.38892299393913
0.312504690336697 0.0725450799897503 -0.177162774096814 0.844592646170712 -0.691091086234816
-0.0862102005259432 0.377672376007426 -0.0772557188993805 1.01578359286073 -0.352237847584444
-0.158496700404042 0.366411730454882 0 0 0
-0.640001996312567 0.215250618171374 0.243070734881937 0 0
-0.938980157977234 0.110515437004969 0.292602391058912 0 0
-1.2577052017355 -0.318453064239924 0.268409954630728 0 0
-1.53099058365334 -0.904061095276871 0.162383990222761 0 0
1.69108686115615 -1.82450771571921 0 -0.330589768996799 0.114628695080797
1.17167605665583 -1.55911428809296 0 -0.423725123332697 -0.122238788090707
0.617848398565681 -1.25104162394166 0 -0.565808275880297 -0.227955615044229
0.786257976925053 -0.841643150060702 0 -0.255828275158493 0
0.8320529729414 -0.449956774368118 0 0 0
0.474610058250545 -0.223246730603902 -0.422029085738735 0.0265377117931578 -0.314477088713416
0.903603713462176 0.131071354243534 -0.477756072903589 0 0.0776361088133198
0.725392104136902 0.39037234428491 -0.363108782099441 0 0
0.389381077420423 0.559053347237267 0 0 0
-0.057782961738963 0.811427129278382 0 0 0
-0.468226907671443 0.895633407513883 0 0 0
-0.599302012974873 0.761813869193999 0.0586826940962859 0.444545614070592 0
-1.0452927485727 0.307898017001569 0.0851767284728663 0 0
-1.52282245032905 -0.507646543255731 0.049911840438894 0 0
1.35394512410538 -1.94706664037965 0 -0.412235674819445 0.38427170662265
0.887690110288866 -1.58494085672264 0 -0.611780976031156 -0.109785977820173
0.741799907823847 -1.0943720144532 0 -0.689150169490594 -0.261096375952443
0.900847993342454 -0.806743807774732 0 -0.409311194606414 0
0.781119458763773 -0.513577233976253 0 -0.27146176902997 0
-0.124316017620899 -0.154936775330766 -0.260797013498199 -0.0357538894802617 -0.72469757257699
0.461914076963856 0.301752950364528 0 0 0
0.491654910425482 0.597266462276124 0 0 0
0.355309380102658 0.946925883036758 0 0 0
0.0392925642351094 0.939470615788189 0 0 0
-0.312808101563996 0.60330517289939 0 0 0
-0.612424787004726 0.99112419891528 0 0 0
-0.924338912386161 0.428626915202421 -0.0906033542501217 0.352644884949838 0
-1.67800694424032 -0.48129103102699 0.0933891762362126 0 0
1.54791671892224 -1.99250501484848 0 -0.59969730890521 0.672082751113283
1.17638240986857 -1.65144704125557 0 -0.717047503000641 0.239588483715282
0.921339590753206 -1.29220885574086 0 -0.67823192368444 -0.0701675585143258
0.692494585654501 -0.942971247299064 -0.372958927221902 -0.501228895064336 -0.428112852844623
0.411028453907564 -0.627664532243846 -0.389721369436532 -0.205451812475395 -0.633686243686423
0.181130363153318 -0.502331585043317 -0.350161720105747 -0.00114850911492539 -0.706764597203455
0.330857956449952 -0.0319442476986619 0 0 -0.538347870132788
0.394666838373469 0.375231169253109 0 0 -0.478253991621133
0.29502558252388 0.83959321260339 0 0 0
0.134530829798446 1.02901500584594 0 0 0
-0.106919104446287 0.942839862696302 0 0 0
-0.486896069950153 0.674513932479113 0 0 0
-0.805598567621371 0.622476480695637 0 0 0
-1.16365183924025 -0.361365297195742 -0.396450355629826 0.0299525132432074 -0.0329670723850782
1.48101455804244 -1.69436763705126 0 -0.538722075759796 0.716306139284835
1.20488011535563 -1.61270421264146 0 -0.602825445926912 0.310577624917116
0.859761125495339 -1.4780374847819 0 -0.546031005110497 -0.102666795781572
0.688113791846016 -1.28242081387647 0 -0.287281979149805 -0.428084013343554
0.581365596628974 -0.936184632818541 0 -0.199938131168628 -0.669596141858223
0.413171719431489 -0.943345128518631 -0.0802675334281099 -0.0279849259387031 -0.731697099119443
0.376694527013164 -0.589003777925123 -0.128639581019444 0 -0.692789498798121
0.609591454981077 -0.340648944230887 -0.290287941668917 0.566671038434133 -0.743938929078042
0.357422563724724 0.504771750814975 -0.560873885719922 0.622076583881347 -0.629513395223385
0.345237436673606 1.09091616851217 -0.621670786296252 0.484842482205673 -0.579941901800189
0.0167124027176677 1.28143571226539 -0.795255669717942 -0.0629422541445711 -0.45769931752118
-0.265727284126264 1.45549720994169 -0.687240448794227 -0.388251335722357 -0.239633041141024
0.104701901043401 1.39854027710776 -0.871648326925468 0.127018879508186 -0.296380190245327
-0.260656850885522 1.01616292988213 -0.557533757902974 -0.0906747105472323 -0.0367340575401137
1.30233923648479 -1.58748773234741 0 -0.511238352942339 0.649464155223966
0.944140670467057 -1.47241524703074 0 -0.420943056114256 0.108050253458298
0.606606487394873 -1.48392830650777 0.347457956571539 -0.15531455107336 -0.152419835642969
0.609819896336742 -1.61734933275904 0.256484676058045 -0.119241067688497 -0.508358994165926
0.708555608805698 -1.3654138468449 0.0913619371429715 -0.113310914449219 -0.696966741582548
0.356704980735487 -1.25609330099358 -0.0711415014894925 -0.101334512550003 -0.894488429021817
0.387370124258372 -1.16120495109478 0.0267777217689148 0 -0.735614713600509
0.395809983097002 -0.8297637744201 -0.327839067081459 0.314333265760543 -0.887771203489277
0.0424228782711501 0.047175651048347 -0.684328225233533 0.183070817309792 -0.705302909447108
-0.0302910606006499 0.63348985181438 -0.838879481043099 0.114519646778543 -0.63046293841984
-0.0044133812504232 0.856071213267914 -0.719713601977021 -0.276002917072905 -0.65990317582451
-0.292137720659352 1.18337308248603 -0.612131557391955 -0.634439090487812 -0.482493976004315
-0.522656077084528 1.29610626438255 -0.518049939574764 -0.691449644722768 -0.12728525398613
-0.793847363973419 0.58740773451095 -0.220782249411585 0 -0.0283885556144693
0.615486045658904 -1.23617512776444 0.218914787587 0 0.503742830100259
0.54604399677539 -1.22248150821907 0.319022410821402 0.0157345873337312 0.220642201372229
0.33732408480608 -1.61961555180113 0.380063492590286 0 -0.321817588013178
0.443570859102856 -1.81588717070784 0.358691881413169 -0.341253835966322 -0.564051339082639
0.533543112459323 -1.6203072291668 0.128814364143282 -0.405278633290995 -0.751498171236235
0.32768893518452 -1.72092948119386 0.0548679413286285 -0.160628095601653 -0.914569248085677
0.471452941470421 -1.80025088513937 0.213089211016815 0.112362951972242 -1.08182985391464
0.480434894534012 -1.28214449946926 -0.115734440718806 -0.0447842976261775 -1.14017779364128
0.456655190123449 -0.40212022108445 -0.134841977565046 0 -0.69253881573572
0.615478377600283 0.0217742436822851 0 0 -0.495310577797894
0.134600801485297 0.462598519605247 -0.541755545652629 -0.39394761364572 -0.603336463672386
0.326858168751696 0.279407326909987 0 0 -0.40165392900774
-0.0320123034889053 0.294531572729005 0 0 -0.301293343400422
-0.377056256510152 0.633561770233648 -0.778157618135969 -0.0924034072118672 -0.0244197089464039
0.580710004261295 -0.956315569520684 0.194816387183168 0.160027540047779 0.499223818732207
0.290674268479072 -1.47647672890054 0.346910621777994 0 -0.047609644241697
0.289072272926334 -1.83749456549827 0.429682235816639 0 -0.276891396711211
0.535897943780368 -2.03807090774114 0.397390835758708 -0.349114674843716 -0.525877908844218
0.390279012362646 -1.92164192453677 0.144680028094765 -0.625412957980332 -0.887563040050409
1.23368619077253 -1.98925161493386 0.595009415553271 0.0582607502294835 -0.852237281242513
0.782926462077491 -1.96306487945027 0.46626394664915 0 -0.890345524665201
0.539086876906864 -1.61546148258172 0.115946070064444 -0.134314479847428 -1.14412347223904
0.720468148566819 -0.851963342145827 0 0 -0.660663401217697
0.713099330112131 -0.486604348525019 0 0 -0.473177797984774
0.672256661463761 -0.321664103398739 0 0 -0.517580141636521
0.543545128486076 -0.171506136521181 0 0 -0.405244640947974
-0.219656018487196 0.173688063001959 -0.745640723587396 -0.196895598413064 -0.235344088971384
-0.364929184124408 0.185871775373806 -0.846681855671381 0.0981151477970271 0.0652006838601757
0.17326479703986 -1.30653048820719 0.327603563137702 0 0.135287176307153
0.203626807898478 -1.55651542573064 0.367230939000592 0 -0.0776267769917247
0.198439204367716 -1.938328627054 0.447390672834675 0 -0.321786081627776
0.373752819222843 -2.2531277369395 0.425597594640822 -0.307079682484188 -0.605483702171745
0.778532188403636 -2.2090481037973 0.38891174611493 -0.148089849049948 -0.843043828293746
1.27332182740296 -2.14848404236789 0.637055326640534 0.277516786766236 -0.522084923092299
0.794460427884088 -2.04045750653874 0.48311227441351 -0.135316181654988 -0.850898996284955
0.6480577564314 -1.93025174882605 0.299170963046431 0 -0.944515401473215
-0.139775600236024 -1.42497806590848 -0.138979714304213 -0.709777748003465 -1.30842499465581
-0.156250634238746 -1.15396816038367 -0.378878636521289 -0.701072582744243 -1.2098885534116
0.335831539227926 -0.892751048401297 -0.456337793613683 0 -0.631436930847479
0.614235481145474 -0.765351324353792 0 0 -0.50823254346046
0.147346400092583 -0.638027480449622 -0.486111449529459 0 -0.340710371266618
0.0613164869470517 -0.601586860776015 -0.396387900347902 0 -0.288614810351978
0.0280772645322047 -1.3671267868309 0.333206122061601 0 0.0249641857833702
0.0497093686966025 -1.64468615472342 0.385640748681668 0 -0.17910044286852
0.0965535136283569 -1.94097245996729 0.436003716233199 0 -0.42457944439035
0.083714671264357 -2.14502724624229 0.387874653089221 0 -0.602113551876592
0.491089495887271 -1.85549869336441 0.188027543810613 -0.314400591566911 -0.420665518950682
0.654052326901593 -1.95124147759197 0.367623132884891 -0.092997673257815 -0.272076953049686
0.915204658803786 -1.9578381377766 0.489078545028439 -0.191265444777679 -0.554758275302963
0.473753274789349 -2.16934765375833 0.271497771030852 0 -0.851631020879836
0.195693220043192 -1.94450604417482 0.134500928641637 -0.631763315718311 -1.32188071166756
0.31034470701162 -1.80549410136947 -0.112259054930604 -0.624641735826337 -1.19577187639674
0.284724518936046 -1.75238409636895 -0.170739507314764 -0.378774239258545 -1.22011000648012
0.385028787258448 -1.31116857088381 -0.402933387241646 0 -0.539716403994713
0.266827532259807 -1.20738690475089 -0.459457881836697 0 -0.422019319750267
0.120072303962003 -1.12979979002973 -0.518330132041791 0 -0.333453919866021
-0.151998922451555 -1.4856673772243 0.344734155107187 0 -0.11723673680141
-0.0725941770607269 -1.71596801549426 0.393466258893994 0 -0.31759687849357
-0.0458091751646199 -1.90057602629582 0.388397181392831 0 -0.503116841512381
0.109766665440359 -1.83926357679274 0.266819342877485 -0.47735660819353 -0.664262605128962
0.125335958315123 -1.56631071154553 0.0185657437058277 -0.530766343914145 -0.209680366990795
0.208597215712749 -1.74340907393201 0.105833757509242 -0.456729517845582 -0.180138867009062
0.308167850770811 -1.90454091378648 0.204063346749098 -0.357013880465381 -0.244202268436965
0.483072168568246 -2.02357139856959 0.400062430546597 -0.697156871374353 -0.868598631554476
0.422838884554548 -1.99546596918517 -0.165000071561401 0 -0.665665315720634
0.542615041031772 -2.23744754994552 -0.0101171754591354 -0.435642578454955 -1.08513835134283
0.71189174986048 -2.39551553098775 0.0945806519599618 -0.278282854349811 -1.26865863781726
0.507877640021006 -1.75282345333509 -0.411676889186166 0 -0.488754776546667
0.36502912075549 -1.675190968682 -0.438432026064081 0 -0.442919415534562
0.187579633944637 -1.55350715269626 -0.550580612368501 0 -0.348275494387264
