"(Intercept)" "X1" "X2" "X3" "X4"
-0.948827538414793 -5.04161990746145 0 0 0
-0.759167765115115 -4.44927756717979 0 0 0
-0.162929332185524 -4.33308687508881 -0.216077923505457 0.201174438260176 0.653547929989117
0.243875848800046 -3.18667729355287 0.166864028474329 0.0258542494198754 0.572290392580842
0.735795901953426 -2.59793108310126 0.305431935288469 0.136636481840461 0.38160727975583
0.853997022144222 -2.24519267197107 0.412208387213163 0.190305590230605 0.0920399713949481
-0.282709241499803 -1.92462629818568 0.609703155732554 -0.573604507854913 0.414660816435261
-1.04456286419164 -1.68011950485472 0.897017665348109 -0.702743817771812 0.410046138334241
-1.5891771918281 -1.70060731579064 1.27324074638709 -0.346519153554839 0.468532759182268
-1.9312905528435 -1.69620216266238 1.73521219123456 0.0111632173782191 0.815442741419938
-2.01723561292621 -1.74850622531204 1.99254836132623 0.333470566039557 0.89975180900528
-2.10386840562402 -1.78347120307917 2.23719052899174 0.726172585509154 1.11155641612535
-2.33010430707523 -1.72394034716364 2.52004664993121 0.996991302881466 1.35572581212447
-2.73980331469325 -1.5324435952384 2.79304077586884 1.31138136349379 1.63343749928455
-0.530003969584433 -4.51711370667181 0 0 0
-0.298979361573513 -3.87556495021344 0 0 0
0.03843355040986 -3.5988081915485 -0.119506556709717 0.210912095018968 0.298557157081052
0.208477666945239 -2.7542405977711 0.0732698306948208 0 0.196727314383126
0.30399430715773 -2.08052553038607 0.210357560970322 0 0.148996989070291
0.758337757351883 -1.57945289861413 0.127217402911795 0.2648533639795 -0.0529043896540474
0.230515524098772 -1.21801230712994 0.159835612903254 0.0857810276297689 -0.0741690307523538
-0.505037042626407 -0.963717963114999 0.395211954731913 -0.268708794765762 -0.219662241321642
-1.15742950579843 -0.939476923002098 0.677748389176976 -0.0318490666421932 -0.237405511292626
-1.36122598908082 -1.0481524014618 1.10807295172723 0.190238061629672 0.166570354699265
-1.43344450610766 -1.14796648805629 1.41608355428645 0.536391789813794 0.21871605912937
-1.71485896123737 -1.07019628002452 1.72908729803689 0.769221970811046 0.506406110957983
-2.17379479327703 -0.810987996328977 2.09917627659759 1.06873962584794 1.00990918949899
-2.56510926118611 -0.686932511746275 2.38196310568075 1.4498198305589 1.68234648869516
-0.0753578943360006 -3.93806850450991 0 0 0
0.0954007348546223 -3.38245980360516 0 0 0
0.28380709451956 -2.74825372422135 0 0 0
0.295371866584071 -2.03896668111322 -0.0185151267810084 0 -0.148018549643539
0.597129096893909 -1.45895980448156 -0.137784193304768 0.233560766800098 -0.315568349475583
0.69897441308787 -0.937503217910598 -0.17538689706829 0.470972504442332 -0.372244306109611
0.219446808152088 -0.696320717356032 -0.111501487960742 0.484647172538015 -0.484470324263442
0.258132567586276 -0.346239342599414 -0.126009372831877 0.307763804456053 -0.784253609078463
-0.493591317422817 -0.308613513545317 0.170278341020848 0.276870945664601 -0.701740754675405
-0.839492068743727 -0.449547199616852 0.570622567761219 0.384499841664739 -0.574539270199461
-1.06354334855997 -0.446406341614417 0.973463515936177 0.538810862190887 -0.619287762882346
-1.49694492104659 -0.246403224553606 1.32108799805931 0.824911846955823 0.0672094869143123
-1.8009466605907 -0.148135156163086 1.67690646203302 1.26828044078114 0.990011045607789
-2.00708935063577 -0.0352133037220729 1.86184292385717 1.55840795980941 1.79469978780933
0.604844089108817 -3.41221433074647 0 0 0.631037640664538
0.692170582494429 -2.87426823087902 0 0 0.381503666745311
0.641092369567205 -2.15903962320595 0 0 0
0.451002338048054 -1.41840155678255 -0.0228700736344319 0 -0.303687127788345
1.10675162627776 -1.05064975287367 -0.505894684243285 0.597684171743195 -0.468418092644083
0.939700198093556 -0.547254264491239 -0.558932204101524 0.867928453934046 -0.800346269489861
0.485879485218963 -0.211049178110342 -0.423815197219103 1.05002444843306 -0.846097389793282
0.840698509593931 0.0767939694850057 -0.582616606846615 0.80652544192812 -1.18767775649915
0.535062672643939 0.385368160975782 -0.540622161283207 0.480499035481115 -1.47941159006932
-0.387113022964544 0.185853290772128 0.233230280430811 0.531289825816497 -1.17667784309812
-0.687553735654671 0.194169448290669 0.62952764021903 0.626431188383196 -0.935769208290813
-0.903029767862745 0.283827423668787 0.901311278044259 0.955323636794523 -0.21385661141582
-1.13873392880288 0.352976777077897 1.07427396207703 1.15948380467802 0.607669260649937
-1.39627728766762 0.210280631107463 1.24989032819102 1.29581988366274 1.05162464474157
1.44345901264366 -2.70349043209128 0.283661196320541 0.0339457714730942 0.754678697974752
1.41162910625699 -2.19387189237767 0.180626830966401 0.2328066837625 0.607460523053958
1.38898950359873 -1.64146382150271 -0.0677335361002722 0.375861095153718 0.209298185679585
1.28367664163874 -1.13306332261337 -0.255452757917509 0.415261998485771 -0.133110009689806
0.908813462096551 -0.565750670288406 -0.488909539075243 0.577574860077467 -0.643506236933789
0.941028655273996 -0.0928075672429249 -0.777295175922189 1.04876949457677 -1.04985095524573
0.737292186132635 0.314799546951354 -0.884286936657663 1.30231443792408 -1.32856414855531
1.05460226293172 0.376253830618381 -0.870063892343147 0.889281077144445 -1.48653895086367
0.801721200089558 0.747295944717142 -0.648970005104729 0.552296989612382 -1.46037395154097
0.130222780371033 1.03199000011636 0 0 -0.963115417477246
-0.0353995936922994 1.11612798033332 0 0 -1.06251805851876
-0.288599130666392 0.857921463457187 0.385801315745189 0.829019635447151 -0.616513303518419
-0.512144527535528 0.769925957051528 0.589458694076243 0.941967597417564 0.0821663668545364
-1.00999663789324 0.2009717956309 0.846118975772379 1.23165949049665 0.724771502952299
1.43326838116251 -2.00174709290818 0.321699483770722 0 0.5885931530425
1.40954260580783 -1.87170226857172 0.0136181046748989 0.0286987719436986 0.313009066301248
1.66036394773744 -1.38431162451712 -0.188683938187752 0.324422634535252 0.361014345886073
1.40992210187833 -0.843628589641552 -0.499659434352284 0.562410067219912 -0.232197974479748
0.710703816150597 -0.297207380039546 -0.503277046844723 0.541663196891137 -0.961881697332811
0.114627112591414 0.30693411164041 -0.405328167258684 0.450339770603788 -1.11851274271489
-0.0490934012067567 0.721931731212459 -0.497580368664729 0.37331858131336 -1.13387466684253
0.94830740109416 0.528462983760001 -0.788314044367897 0.722351156142439 -1.50664100180291
0.528971525733239 1.1027095020787 -0.621051172680035 0.746351661711394 -1.47701933510299
0.400028598912977 1.40112983971039 -0.568722470001384 0.330530008988987 -1.22291220982803
0.144727045456231 1.18469297282859 0 0 -0.860935315827884
0.253777777746013 1.24617929854444 0 0.541134722906977 -0.839663605774112
-0.269890152825226 0.624954681454218 0.319624819494438 0.831864414108577 -0.116269803281587
-1.10805817631738 -0.273984074990075 0.672450812288189 0.769544702258473 0.772473285462665
1.43287759370943 -2.00718333171164 0.569931237220306 0 0.519051911658054
1.35414523304187 -1.86087677724589 0.327196934617068 0.262929140518025 0.539855264267514
1.00826879867897 -1.27608080958729 0.0423408475437473 0 0.122726273532655
0.56691067347411 -0.800327127414448 -0.102717277437258 0.28893127508333 -0.364544068350147
0.572874611591348 -0.610843028111848 -0.20973009075521 0.312937833476768 -0.975060890798744
0.665345383973786 -0.115066767528133 -0.28569729927607 0.379437674874031 -1.21143676356731
0.545087018376065 0.373729310390774 -0.360736420363371 0.440559051811956 -1.20237493253183
1.00276493573016 0.383153927075752 -0.44437348142068 0.635106221682578 -1.32526318668802
0.43103696220417 0.538799103961426 -0.482781261990257 0.438371592315095 -0.0545270725788935
0.460504195292547 1.08704930412726 -0.640487128661674 0.252683018728063 -0.388698760990239
0.409836733041306 1.13744825055457 0 0 -0.70178347597864
0.366263606116708 1.05002663558811 -0.165649910119232 0 -0.483780729624682
0.327800019916606 1.06306152564489 -0.216339072409903 0.133546223499257 -0.1625840077982
-0.637567149378655 0.09201181642982 0 0.35001518073882 0.554253069826848
1.48070294737453 -1.5957346207643 0.38949395811302 0 0.806134269706382
1.21546155674575 -1.54125698510792 0.466828366799718 0.330262907455989 0.510950736646996
0.633382752902608 -1.24516836734758 0.302451827600178 0.336011475581038 -0.0376798096105288
0.344618912392466 -1.09714539874416 -0.0445486068653875 0.272334302133785 -0.646439180793142
0.784670288513883 -0.915237878349007 -0.0609511659576805 0.2815771806339 -1.09468800016418
0.620390748920127 -1.03773448979142 -0.10144456270904 0.359269105521026 -1.23185391152816
0.745201400584964 -0.714392346175978 -0.140591941122053 0.498707024496371 -1.02006987377597
0.405540423024169 -0.0815138057762557 0 0 -0.920011073999062
1.14087716016219 0.272674558662711 -0.33003867021948 0.284386612969417 -1.08357592075721
0.11043325803954 0.724761541235585 0 -0.552727300027733 -0.330286360265068
0.886335099913586 0.98181855103667 -0.377578116648493 -0.543723739564634 -0.954159992479269
0.428225764796551 0.870556472949727 0 0 -0.408016819321982
0.0867685041121078 0.724765685045311 0 -0.233155631528918 0.00212156241097794
-0.168512962115948 0.600051511636776 0 0.0878103191656862 0.527316256136534
0.93577642734834 -1.48370873983194 0.586674146995484 0.433648419640546 0.824939513849771
0.778962933162534 -1.28064250023958 0.391803887482543 0.454758222082649 0.314867719309312
0.652826431491664 -1.23802073853403 0.238770434315647 0.205405564139952 -0.276736298407942
0.463080568444537 -1.49884417393009 0.375382974344789 0.0255324322828477 -0.804690541608787
0.793901203383605 -1.47316101874364 0.250144381753614 0 -1.17359035449324
0.907402897485796 -1.36745785104821 0 0 -1.21669335887758
0.202121401908613 -1.3982959741244 0 0 -0.992461597277709
0.283266150914141 -0.972158085552247 -0.0922334202891163 0 -0.975482244234187
0.426324545863983 -0.265111916177056 -0.336551238019661 0.0830366891208843 -0.528677066361662
0.384320215426052 0.273629649615486 0 0 0
1.21359768309711 0.741204608768307 0.0182865745144742 -0.392705651362288 -0.266752651237954
0.420819601331634 0.736957133052764 0 -0.436586244755787 -0.187608705390801
0.283268198066747 0.691453307741289 0 -0.438316096509762 0.0300619876073538
0.150600394519162 0.552046376814543 0 -0.344793602866805 0.341960201316529
0.515632147493348 -1.17969098618508 0.584399874197093 0.121056321452621 0.777651652575897
0.498979932223249 -1.11167633581656 0.301338897228292 -0.0917982794409689 0.263052172313954
0.704470574064783 -1.16561372217281 0.289110075446409 -0.222638455444284 -0.340510224133671
1.05120532139424 -1.37395060134171 0.5056288136667 0 -0.94332582151751
1.42329193428676 -1.26049084634401 0 0 -1.49426051265913
0.947518101068129 -1.81233074506608 0 0 -1.12682858254554
0.349332149638623 -1.91428255847293 0 0 -0.78598570278293
0.477452787810168 -1.4464435106087 -0.117855944371548 0.026806785371992 -1.0919347459787
0.339497349331061 -0.747394293394035 -0.431526718991963 -0.120906919700408 -0.753107094355518
0.699605602618865 -0.155158421913413 0 0 -0.240193881691581
0.784172125372051 0.281085052938764 0 0 0.113416296159899
0.912309040501632 0.385836699155865 0 0 0
0.826981095923548 0.292652209144709 0 0 0
0.63288132099066 0.473457770490206 0 -0.383197605435866 0.230228200875633
0.171271861838105 -0.473440735915008 -0.0478804875824693 -0.0858203635151531 0.336462521612169
0.35616678195724 -0.945193622603961 0.122375455785935 -0.0116412207550251 -0.199633902850115
0.721495699265685 -1.23140367568457 0.357481422442525 0.0144307435696386 -0.750196025811237
1.07984900912701 -1.47097238968872 0.600356835610669 -0.12355880120573 -1.02852605957008
1.32163277026548 -1.81467583824599 0.513125037914757 -0.17182649027361 -1.15701358008114
1.58751125397119 -1.97892725539726 0.500763323909555 -0.205397570732821 -1.06785289123854
0.641050297344521 -2.3550919574369 0.34155410674434 -0.24944046947176 -1.1411343094037
0.703226084695669 -1.81781857484165 0.10630590810465 -0.298351880972425 -1.19478525931004
0.286779914798676 -1.21451797097077 -0.363368470846309 -0.32613173873428 -0.921305034650173
0.848812083859673 -0.685337488721913 0 0 -0.413018695887314
0.993231392929852 -0.28673017089704 0 0 -0.0871601755157714
1.12843875981894 -0.0553014336651011 0 0 0.114800015593068
1.28849098656328 0.0456230581977473 0 0 0.19480385118176
1.30442947953943 -0.05577007103902 0 0 0
0.153981523143527 -0.344453742478645 -0.210065944200667 0.068846400739299 0.0133710158428606
0.432216226138657 -0.823055247344447 -0.13432781184262 0.206548789611896 -0.311150535173888
0.763907841798029 -1.21689874321308 0.0368509458444954 0.358405546288968 -0.688811551892364
0.869218003212263 -1.72132056757978 0.109519128294639 0.263134161173976 -0.844732588618853
1.05922312331632 -1.79924877073212 0.0822761241455084 -0.0149224439743978 -0.831731731339293
1.45016086538794 -1.82652764436597 0.0973853076616074 -0.00117597042018544 -0.742309588946833
1.11683515289251 -1.99005834817506 0.126778590849199 0.0512124901535171 -0.699196140344665
0.367438141985518 -2.02935668402316 -0.173839668664787 -0.299042542860914 -0.996965538775031
0.0436349948874538 -1.35662710434911 -0.677259897320533 -0.596036706133266 -0.982829408408401
0.890778773090914 -1.16271895833453 0 0 -0.643546162784244
0.914068742999705 -0.794712324793954 0 -0.266543867037564 -0.391629860766717
1.12815892333807 -0.566640138721703 0 -0.148690326018543 -0.11729811518908
1.59003274799716 -0.584488695574556 0 0 0.0786959041037865
1.71061629490726 -0.529878945400154 0 0 0
0.405285002764888 -0.0651324696556161 -0.635300253185255 0.113913613782639 -0.0101300730754331
0.730960608082007 -0.522454152845071 -0.524984545107981 0.279316984744354 -0.331803570814832
1.10224398155407 -1.05693794940731 -0.471577864640815 0.316766670283477 -0.594109992410221
0.775564250464425 -1.61163783125502 -0.0874227490091767 0 -0.532869786378579
0.7950410423818 -1.76981773400444 -0.161602610111028 0.307063137727545 -0.447224575060418
0.834249370859618 -1.80621966995784 -0.166702905241289 0.446774570668484 -0.257984240601391
0.810853841497042 -1.84872803450845 -0.141653869986743 0.593794173235046 -0.0585070863016148
0.352428373569125 -2.06372167504447 -0.176585536263442 0.303898865621225 -0.443695742903663
0.236469894371608 -1.62222801230891 -0.546656202461322 -0.118132151808515 -0.546724788440595
0.654800538670371 -1.39536522550254 -0.501465175687406 -0.237946538024105 -0.321015107041566
1.0154362945806 -1.29777521751747 0 -0.209482781920262 -0.452086229720345
1.24993845518678 -1.05589278223313 0 -0.0329767276985104 -0.185071697692409
1.55124750845893 -0.861977464435934 0 -0.155841265280442 0.0347231466554589
2.0213513455928 -1.03102812957995 0 0 0
0.784693331908857 0.144177000323288 -1.03961259818293 0.135281866102983 0.034246901431504
1.10515817624469 -0.387981212130275 -1.01105659398388 0.0915949090271203 -0.163397126904653
1.40597673268462 -0.930078576569783 -1.14371565999832 -0.0364591886276174 -0.254771738412748
0.734425593577692 -1.57655099553635 -0.678729782460856 -0.0686091126331525 0.0303870349166834
0.578944467172062 -1.7195846730755 0 0 -0.255653238220781
0.338735815278838 -1.77818506890795 0 0.570756523798333 0.0409346745779487
0.244891063004088 -1.75469438311551 -0.459405253033459 0.940495792385994 0.526993499010166
0.171954851738629 -1.85208404912104 0 0.853414458253614 0.240976281807338
0.333915180754785 -1.85059212294784 -0.627369959761002 0.420968037755846 -0.0838503122309198
0.842075874031371 -1.56552344014578 -0.639038334441118 0.19279878502076 0.0306500036196263
1.07726700661081 -1.65657657783736 0 -0.0853125909230705 -0.34795040835491
1.37659140368324 -1.45720362204739 0 -0.0792772922291526 -0.136859213050681
1.57652677441713 -1.22939371363345 0 -0.168244748765765 0.0419534014523112
1.84812951825213 -0.977981531502483 0 -0.236681346025513 0.221648665584443
