"(Intercept)" "X1" "X2" "X3" "X4"
2.58776240247718 -2.26776550648831 0 0 1.98066476956314
2.06707516391349 -2.40664101888557 0 0 1.40720043114716
1.70343747162484 -2.23920329267235 0 0 0.441304506237909
0.621449089057953 -2.33951841867868 0.022089208488863 -0.545664763828784 0.421528454027437
0.272199575210792 -2.08424830147555 0.141766342017933 -0.628781523588016 -0.0659462552092345
0.0604442142888583 -1.83158791839863 0.307242883448525 -0.590857176855431 -0.151967421813516
-0.0497475317894845 -1.68049845918495 0.539586006735335 -0.405048990131898 0.0693357854027175
-0.0612410512956563 -1.66390230322848 0.828866313886339 -0.137724581466589 0.39364169278814
-0.26512837578208 -1.64581815777856 0.92045087412395 -0.138996507963869 0.572643170461903
-0.411201029404058 -1.57062764525206 1.1571185149118 -0.113560660360544 0.411556623989567
-0.608761391492961 -1.17588224269575 1.25819328013002 0 -0.0872047015257628
-0.833920619825598 -1.16307496462622 1.60892324925349 0 -0.173124604865116
-1.12133186243346 -1.20950075487448 1.8101469127412 0 0
-1.40969775954059 -1.34911544979288 2.09848755587314 0 0
2.62348117747945 -1.82628668434262 0 0 1.7894648183
2.08933441387547 -1.9981687212738 0 0 1.34983097029745
1.71852616622376 -1.83445726739104 0 0 0.621664255541023
0.820218584069532 -1.97306925066916 -0.110453659515272 -0.334566668139508 0.3425587055891
0.396435982656566 -1.69692665405898 -0.0749397815741995 -0.417275316894923 -0.277821178289618
0.198919703509335 -1.40671376364304 0.0305724031962501 -0.353127934361377 -0.347385457172642
0.192286795735157 -1.01967251762018 0.179835357221969 -0.255356889706329 -0.456714944094721
0.195459364950461 -0.971150715252014 0.34507607327264 0.0652011158085194 -0.129196203811719
-0.0777861846515779 -0.910492873765429 0.454650613579575 0.0870633205070133 0.0747247044706006
-0.249458465153764 -0.866700368355215 0.700257783351905 0.111142539713747 0.0635787374532894
-0.491144990148112 -0.589224888097465 0.905061036286371 0 -0.164481519513681
-0.823866526560684 -0.753599787327303 1.48288587257415 0.026346396581446 -0.202150544513948
-1.00900789456654 -0.796296658947542 1.49070869339512 0 0
-1.33109859677839 -1.13906203652539 1.8392415971252 0 0
2.6357777969128 -1.4298968063065 0 0 1.62277045188014
2.1343123905511 -1.55366151922856 0 0 1.19439507640347
1.67598730725125 -1.47271437590287 0 0 0.533783078616545
0.989343542443082 -1.58336988849576 -0.249513187900611 -0.15108145828821 0.246439088840961
0.570312124972637 -1.33697367280054 -0.300033648015496 -0.154132380381513 -0.420999940878008
0.347053928499107 -0.980382724508484 -0.258427045947413 -0.10127688392846 -0.597752453621193
0.374295239912844 -0.598491555234837 -0.095835152034603 0.0375546031969557 -0.690425188253
0.40008291331631 -0.352082082536752 -0.0945781847801447 0.256899252449961 -0.604548322121414
0.144015626979379 -0.11863528103816 7.03567616435615e-05 0.255600881461588 -0.448578676438337
-0.0491717523108821 -0.200630375361486 0.234229193061214 0.303903235019436 -0.257861469263382
-0.343290192975009 -0.212687388169471 0.6694108411796 0.235258008263487 -0.29244623916212
-0.730585025200866 -0.146138727215859 1.06021037567764 -0.00383023519270579 -0.330056546550251
-0.959336755700571 -0.476479760175182 1.14988077613589 0 0
-1.34957082788563 -1.03891766986452 1.4265153036791 0 0
2.58391956293311 -1.05460100446633 0 0 1.43742240710897
2.12710107115678 -1.13498527773005 0 0 0.992839434906861
1.68550112707086 -1.09115901344199 0 0 0.481167506987308
1.08413052010647 -1.2003191675013 -0.385891277924058 -0.000136824630094769 0.0480466388866718
0.743431776560274 -0.949247866907654 -0.511781702288318 0.0800990727043917 -0.45688094980352
0.529425253523253 -0.531779007379169 -0.571556159229174 0.101271968598443 -0.814819873897476
0.554366213717348 -0.123072699006468 -0.48745188940207 0.155180748651616 -0.874051144989435
0.630812600191419 0.139402964694555 -0.448694884573026 0.322113826888644 -0.804583020714255
0.457557614505578 0.432424242723739 -0.346548514059791 0.382935900494599 -0.781553968047394
0.0898487003681248 0.592856570947079 -0.130013738920865 0.3626140171233 -0.58601937481956
-0.210138727011922 0.510557605320212 0.266486541840531 0.19135103393571 -0.461896382024342
-0.644147831772942 0.226013707463984 0.45698114480276 0 0
-0.988720091453783 -0.332344041665855 0.745260834927957 0 0
-1.32740099139834 -0.715446036745665 0.826349275440569 0 0
2.14651121101539 -1.33824828554683 0.00773194208916774 -0.0195549258911733 1.47195684529322
1.65917517338366 -1.2331419412312 -0.151427900418358 -0.0416685260468691 0.847986126844929
1.63293132056836 -0.721079605911597 0 0 0.260437267503058
1.12206189322493 -0.785336455289821 -0.464563718284153 0.129206364953657 -0.151365959855956
0.952171805581096 -0.62536288535346 -0.689946149995302 0.314730540460327 -0.532951088466682
0.540210482615584 -0.22570615913399 -0.723686160924305 0.12487946019189 -0.792602085677343
0.533657658334136 0.148327983544544 -0.667760118776178 0.0905929165488222 -0.894568581509475
0.690609405518948 0.429654298100627 -0.693473155716584 0.306642594234409 -0.87110442345835
0.771686612415066 0.729589390231873 -0.524780258009892 0.287316437631362 -0.832602621325485
0.305006838878572 1.13617056872171 -0.257765780877116 0.186786665529574 -0.666039599381405
0.00431390889817981 1.00400345828413 0.0175423338982836 0 -0.487532704294761
-0.393308900962075 0.514291863824554 0.263892940661508 0 -0.35458812521139
-0.671980771659355 -0.130252848127699 0.510868808368418 0 -0.302857839310387
-0.981934089757304 -0.876069380066894 0.619451059110435 0 -0.229271764661258
2.1416159906787 -1.37856114558356 0.200865835482287 0.11897220183825 1.23550706842077
1.50808896193836 -1.23965278474892 -0.112528265812815 0.0991466834839922 0.682874807725805
1.100645486119 -0.947116630365128 -0.351003563320823 0.143218990575024 0.128326002892602
0.87814417940709 -0.683861482308963 -0.378542807489766 0 -0.329947901754306
0.898005154352014 -0.414711858983619 -0.610273324122408 0.425550228078465 -0.627816584321409
0.479659600594312 -0.262589322952295 0 0 -0.375513331118491
0.668658483120394 0.148553030463731 -0.912435628149741 0.326749686713906 -0.908555867880815
0.577445796400524 0.513593043392622 -0.726032411508953 0.072268282750664 -0.904557005818631
0.804727351065211 0.819716277104162 -0.320147403146191 0.0110353467008131 -0.789653060159561
0.578243940336744 1.25753549021361 -0.189482819058113 -0.0721355010140442 -0.679650758814259
0.0663742459775793 1.00771675422701 0 0 -0.351398960266677
0.0210323820355436 1.04807480192472 0 0 -0.411980036218395
-0.884684946363518 -0.0956746044583756 0.239323792978998 -0.0854880409606412 0
-1.33325491370238 -1.01870495401487 0.429104533897996 -0.385673921235468 0
1.96438812556378 -1.02762566744432 0.0406897963048569 0 1.11389735260104
1.52776681644046 -1.23676948360462 0.0944592691253273 0.120410379336267 0.679334761746464
1.1840032732773 -0.879319746599859 -0.208673565929841 0 0.139003620616909
0.822616420325851 -0.746195158602721 -0.338599961067027 0 -0.367911296645129
0.482861467836932 -0.606851112058175 0 0 -0.891195579002392
0.0876715739634032 -0.311605234548965 -0.348866815391165 0 -1.0090206957119
0.152899836849716 0.0483846631003516 -0.422016055889575 0 -0.831914220222086
0.505847919429113 0.402916456560537 -0.179691097125311 0.0613374956988995 -1.04821424234414
0.541747179889999 0.749485873522644 -0.140330853619447 0 -0.805414448751058
0.762904250183298 1.16948392636981 -0.171095979310861 -0.345819098497921 -0.740377171160203
-0.0558232362230025 0.832538864887944 0 0 0
0.0320161030222353 0.88301157331154 0 0 -0.290483537908795
-0.367525429935186 0.433876669494662 0 0 0
-0.6369878265185 -0.478786557141992 0 0 0
1.86480041913714 -0.824210204282895 -0.100107845305334 0 1.29927125837774
1.45403879651049 -0.902447781689292 -0.108434043056001 0 0.567381236796267
0.988791650003222 -1.01468145987758 -0.0939918892251822 0 -0.135122409884724
0.532817790445908 -1.08105363359355 0 0 -0.629510041979049
0.427684783892506 -0.89790913579204 0 0 -1.09676441291031
0.524583720552479 -0.781642750415974 -0.111707323326698 0 -1.10697857150453
0.662051807273829 -0.374689081235495 -0.105552159239437 0 -0.910681437276094
0.427623283452805 0.0592997351554384 0.0293513492998514 0 -0.61363790683828
-0.233999171164443 0.678853983640742 0 0 0
0.264052352391068 1.27821858884503 -0.118641653149124 0 0
0.468097389781542 1.35984590529744 -0.188706044896275 0 -0.169494910824682
0.242476396999624 1.10410521039517 -0.361803858003519 0.0704564999020237 -0.00350345477654091
0.122380222369322 0.708990376904101 -0.429658883472813 0.215040437548237 -0.031495555023907
-0.14196203767971 -0.177320170725629 -0.387058571689617 0 -0.197104465989066
1.38284924838353 -0.769096085078083 -0.2164551729357 0 0.972926123357365
1.01951148110983 -0.811802935911029 -0.233145548862206 0.138507819177482 0.351830239465991
0.545442328663329 -0.893774518266783 0 0.390262076928733 -0.2390242235918
0.635815484733418 -1.20763483017862 0 0.166279590346062 -0.840312927375536
0.474979501906376 -1.35514757472785 0 0 -1.09712504587049
0.80026714978834 -1.07092783311008 -0.264319594406775 -0.0138268493899994 -1.10482033834897
0.641646796195677 -0.555450154688174 -0.275539372794822 -0.037745421726344 -0.865135841621027
0.406608282331211 -0.280088470100084 0.0220464691710441 -0.0079546866460443 -0.506322203099619
-0.152339863302102 0.123451896961963 0 0 0
-0.0013307490989564 0.908590737668453 0 0 0
0.53531070840519 1.01947105708986 -0.0361558382145111 -0.382481303383359 -0.287594338177127
0.501035588075378 1.1371741385455 -0.464334912198898 0.295793811992864 -0.0380023685199827
0.297299859400098 1.08063016929442 -1.03727628326623 0.658416112722583 0.0606088012264573
0.12761998907373 0.629967242532077 -1.06553684914405 -0.0111464249953423 0.248667303878345
0.662352333981722 -0.748945830932832 0 0 0.504291233005028
0.390788896370849 -0.731058935417229 0 0.29597106351586 0.190105768465448
0.451254614711031 -1.17339357940485 0 -0.0603445057203809 -0.351514190326574
0.58931699902801 -1.5264251071638 0 -0.0245290612893008 -0.710089476305706
0.880144430798463 -1.62685812066442 0 -0.188673820668659 -1.07215972016328
0.551485465451663 -1.79785606685474 0 -0.178631572412795 -0.860742563964443
0.651311782449324 -1.48153038677874 0 0 -0.745634643982539
0.486391883007584 -0.937716838752341 0.251702277198151 -0.240214112527898 -0.806686901018809
0.318454484593747 -0.448735940604105 0 0 -0.466793079509077
0.616004176115762 0.221453245584124 0.157994994699725 0 -0.420625497563714
0.537358065574124 0.538836837491769 -0.177819231702869 -0.468632264173506 -0.536199052176517
0.49848644431959 0.573828859538682 -0.547570593931059 0.379733091918193 -0.304770964080867
0.199673362936097 0.457740725434572 -0.765579980905801 0 0.0253604637564054
0.327742530886678 0.105784699799687 -0.994094845011693 0 0.231896912673941
0.211099079616843 -0.525887159432827 0 0.208750942204182 0.325621883038977
0.414757586311179 -0.918921159439894 0 -0.0304386929603427 0.134620012804579
0.541372289349845 -1.41302841486198 0 -0.247277979976157 -0.259074839763705
0.759205364366462 -1.72822310017939 0 -0.363649532611875 -0.621825357778653
0.983049254023278 -1.95498473841126 0 -0.429139603165756 -0.853529466667711
1.23196982684639 -2.11206432184104 0.160736752491414 -0.206641319284748 -0.949920113169929
0.985275256825491 -2.09356593652303 0.46980136950274 -0.27076000074254 -0.978973527672128
0.625420423490463 -1.63816453249369 0.453793234374781 -0.355639898627276 -0.847410179778342
0.312926167129616 -0.937784911582016 0.206908621992899 -0.47951364463124 -0.803455994239196
0.416036760619068 -0.406635934821681 0.149906364038302 -0.431673832195979 -0.699438197282707
0.530313241247421 -0.244328561260953 0 -0.128597891598467 -0.65778495883503
0.399377483973654 -0.032767643091201 -0.713868704860163 0.0659183224162713 -0.205347394219598
0.3036839785505 -0.105829665949354 -0.972828002515586 0.0256618710526101 0.130427489748999
0.497524621644228 -0.300295040916423 -0.815787384551136 0 0.178775339807518
0.46745327300649 -0.767138059434396 0 -0.197232957572083 0.479347627498686
0.644750950351912 -1.19269273809255 0 -0.405109488546081 0.14384814083235
0.774789134915257 -1.65778390347852 0 -0.613796672797696 -0.164009520318431
0.858117974147029 -1.87860268855363 0 -0.562961991204904 -0.513521685324603
1.10583820299103 -2.09519742642424 0 -0.633364091328977 -0.736014767689825
1.23244814197989 -2.0359185229427 -0.0479411171484139 0 -0.81655718686812
1.02576276162415 -2.36915415336312 0.275418234719226 -0.0645673007802062 -0.736041702207078
0.682224564314594 -2.04711010089796 0.301874847011466 -0.194364496340988 -0.702608688710112
0.43005319421653 -1.4687219765657 0.140506302665645 -0.432698040332203 -0.8397448326419
0.363884317568692 -1.0731387842853 -0.0307173062616043 -0.34615028275478 -0.883082398689523
0.611343556496377 -0.851064552418171 -0.35653382323837 -0.0734484913653097 -0.441390451726631
0.612296110570005 -0.77860040585527 -0.728739823731782 0.0199736236330893 -0.176388033544581
0.442456560281182 -0.791462595494804 -1.1393259366068 0.0386101916859624 0.11335378618512
0.479360780519897 -0.92477795329209 -1.43734158299061 0.0963757089477437 0.390394292459335
0.923662677826536 -1.4896371395624 0.954314766323306 -1.20093719742766 1.25644964817879
0.671796628217483 -1.51372446638882 0 -0.665144324192831 0.0634442355300378
1.12536922765259 -2.11349314493056 0.450757353884476 -1.20359344014444 0.342633321661406
0.942079656043261 -2.04377602959773 0 -0.78708414002191 -0.394894081903908
1.12180943545672 -2.02399192931491 -0.560395679791785 -0.506295595621717 -0.49672803388219
1.21979471777255 -2.00234074294039 -0.487564055022163 -0.138214918436211 -0.382943901109678
1.01476075855864 -2.24926178780538 -0.189184044351313 0.151779967949811 -0.224187411320282
0.716574094961954 -2.32665909129325 -0.0234492486711136 -0.0190069901213466 -0.432934497774523
0.542398070613731 -1.92535945283638 -0.0946763596710643 -0.123176330527878 -0.644124256310334
0.508621402285058 -1.64012609248148 -0.174778434827464 -0.157252193683824 -0.843872186912614
0.641184705403585 -1.44647828490915 -0.547215394112406 0.0349988669629854 -0.546591968644141
0.542706658072958 -1.36677838315642 -0.926064210827539 0.0509300122609082 -0.270036284740794
0.756505831795523 -1.40846108192641 -1.14210369727312 0 -0.000965245081999702
0.683463012355654 -1.44213653698743 -1.53494409232993 0 0.161815180150537
1.05863219464197 -2.05003476506065 1.12598373884892 -1.83728262807701 1.37822201917631
1.20957440041508 -2.24442996865242 0.746425361845325 -1.70545222915012 0.897763413396671
1.28280212066381 -2.40406162946696 0.434479263923423 -1.58125942797781 0.441704632860999
1.05690991358881 -2.31090554916598 0 -1.14402020076167 -0.238391133158446
1.02625727980571 -1.94834747673923 -0.971430559331202 -0.542165770393198 -0.264300008807883
1.06064874387372 -2.0447368718051 -0.733741997890688 -0.248218144164592 -0.116687326305605
0.994426832264589 -2.1807858989275 -0.567452572174862 0.146938551235329 0.0619662921139543
1.02060539808574 -2.57965739578434 -0.253820921610457 0.142326463213192 -0.216388558211939
0.574601622021275 -2.35475142685735 -0.368290972026315 0.155896108213533 -0.537881423101111
0.609600024008044 -2.06118497816465 -0.492164825862601 0.25954283983449 -0.574528243592189
0.598388541792897 -1.97182771192908 -0.732468205826193 0.230889186498832 -0.633235177311126
0.461943554416203 -1.89162335181844 -1.18168718612895 0.192687936825371 -0.38023546568162
0.420140300471778 -1.869991731666 -1.52175818847179 0.174766406797527 -0.0730222207789276
0.47776411525909 -1.88613001302873 -1.79901852159855 0.235822085501882 0.26561214630345
