"(Intercept)" "X1" "X2" "X3" "X4"
2.46679442452475 -2.84548519039987 -1.39136556492116 0 1.08681672176106
2.06400096778556 -2.90520426390012 -1.3035085099862 0 1.40290151864083
1.83185664742887 -2.58537714240993 -0.864396390351111 0 1.32646355870472
0.953896830067317 -2.57029395486035 -0.808993351150284 -0.577967201566954 0.971855603608686
0.482930701610862 -2.46244039014362 -0.397539265898968 -0.496486439362883 0.666000887555978
0.589498046415371 -2.09705857605967 0.167166136572949 -0.0836100972004758 0.913473346249925
0.769272811423031 -1.53809714534969 0 -0.25471407851758 0.872046687625711
-0.0192506416160703 -1.82742194377843 0.0500850164392221 0 0.474736967851966
-1.32505780501067 -2.16435460814979 1.27259125824656 0.851085122416774 3.24940729536133
-3.03522029544206 -2.81809701247148 1.0767411958149 0.564266382954178 0.950627053143587
-3.14848343652204 -2.42092621970578 1.79857867234533 -0.680653982986414 -0.664619806489473
-2.99094955559719 -1.76798404311539 2.78868025923459 1.03432443968274 2.75256977769139
-3.25194586660946 -1.38213824527578 3.25695033128473 1.15546796762529 2.43745987408652
-3.47432919986904 -1.1695073198011 3.55852004851255 1.28596026789514 1.78026064483104
1.80005406084035 -2.6872393496056 -1.44471545446511 -0.378842262078571 0.706847167747889
1.5396369360767 -2.55510107109213 -1.31917989856937 0.0509912898790897 0.741786912408325
1.52255257292505 -2.22204127996435 -0.823827766095021 0 0.930992946091506
1.28763122395924 -1.92317626725408 -0.466251869689823 0 0.871895059652717
0.82707334545931 -1.68930816072285 0 -0.0189224203170187 0.537387809675713
0.537214925782976 -1.47772399601943 0.143064921975779 0.127716973927777 0.638464848638867
0.679772873884434 -0.94938246968269 0.00668041272322722 0.0935629809684858 0.551100311959969
0.300518763780342 -0.486894579249187 0 -0.297088996074358 0.250028426132097
-0.66352971609094 -0.95178716265091 0.349953230297946 0 0.817913043402188
-1.39522858806452 -1.29718365914871 0.633959702918939 -0.0976259992420987 0.486019969747385
-1.68923024899135 -0.91617565854445 1.42909275831825 0.226513325126627 1.22239575704767
-2.08930374506581 -0.756717108025825 2.05095645642219 0.589217518938837 1.43299682696971
-2.47267132642868 -0.445920407628275 2.3196816352018 0.747884485855534 1.26368339459162
-2.59952879896267 -0.43608902654211 2.58519375618701 1.16467241768443 1.28808354719045
1.39897838764022 -2.58339582793783 -1.07836376268282 -0.256958299036234 0.561666357941163
1.34712015039597 -2.10563729987489 -0.993677663301588 -0.110635161933402 0.334822131955767
0.881157270262095 -1.78953198149861 -0.708180407018289 -0.0762766464681306 0.228735313323838
0.915377949141321 -1.42356540183255 -0.314803933896309 0 0.237338717675916
0.547177038840928 -1.15523563471129 0 -0.108592894023634 0.179671130896555
0.514851582315862 -0.85377034089618 -0.0291987211168791 0.341988342504202 0.286216279589711
0.422607757237267 -0.337857898392646 -0.209912626634043 0.250037108417428 0.2956119775378
0.193982849461322 0.0146649546996389 -0.228398577587474 0.00420529980722297 0.114487403276079
-0.230338221350133 0.0235855847331948 -0.337033092193694 -0.244808772676253 -0.149439478346797
-0.586648674549208 -0.171090832303149 0.393313236721724 0 0
-0.957870489182128 -0.18633874729435 0.91254570460812 0 0.338907682770666
-1.67676512850901 0.146814532877976 1.29465730831392 0.27494132357831 0.698609992856653
-1.47254498582456 -0.0153803175260492 1.29539041640673 0 0
-1.14423071712564 -0.411368059566367 1.20119423230344 0 0
1.25551451590369 -2.46526507018639 -0.735822602085332 -0.014069374257548 0.628618288755498
0.747704395566756 -2.03157096720436 -0.568015153428837 -0.249125584877875 0.0227250079504345
0.297870178875354 -1.55994809204985 -0.479086884093382 -0.21639665740968 -0.308139783126854
0.488386600434981 -0.967661086595247 -0.287560347851767 0 -0.37571060568957
0.369622245669668 -0.566591050800156 0 -0.214571750104679 -0.513785961223988
0.606241252899775 -0.335425512686236 -0.238987563758071 0.271271386238298 -0.202459795360831
0.809297864561624 -0.0536913603046458 -0.359151440673986 0.570214367167368 -0.184249874323912
0.467604776863641 0.284995779643511 -0.387632610937284 0.468301307105319 -0.288846302899453
0.0369535163575237 0.761827878505155 -0.393669722802568 0.139750433246415 -0.422747937929246
0.0876368239861642 0.735144404582746 -0.198394831177674 0.160086176822856 -0.267541018681055
-0.500607882435078 0.591766236160921 0.249352768156204 0 0
-0.876029511209699 0.626223031473226 0.64556257606193 0 0
-0.775523108426984 0.464608610896867 0.613389876106061 0 0
-0.812477583110387 0.173986873713734 0.534940380810622 0 0
1.78977862166001 -1.99869915915587 -0.286860869744249 0.0918825503916831 0.890668199528034
1.175816183686 -1.71635233900513 -0.381136659370192 0 0.157511185114878
0.621626786867816 -1.25418154173376 -0.395219540658822 0 -0.255797085405307
0.242829687633599 -0.725040682642213 -0.47172642999745 0 -0.478763615689614
0.542140914133223 -0.276154251798799 -0.164759962565904 0.586314953004293 -0.946939186317193
0.752283130283969 -0.0649514862845679 -0.470134038870472 0.597528790877941 -0.539557839495757
0.804074787228599 0.436175162514329 -0.611986126317715 0.784717057164867 -0.638975060290174
1.10483658052606 0.586487951959774 -0.470116011511619 0.20967407719603 0
0.690234880318046 1.09446578141661 -0.521108106304708 -0.147172778551799 0
0.488295331261213 1.44901962042199 -0.41401116393122 -0.0381939367736042 -0.504523876994382
0.164993390920008 1.35288160457255 -0.246735794956024 0 -0.376780978292282
-0.472639266878916 1.21026518028333 0.164154117190684 0 0
-0.583762234095163 0.950452734865805 0.169177192904983 0 0
-0.787178187102612 0.619289186435037 0.108298543717943 0 0
2.0998039511892 -1.66031714883143 0.0591135083716873 0.142460387258167 0.975176427822511
1.23766229370714 -1.50527158069585 -0.086248587257288 0.191760721884756 0.532184513544014
0.888368735972137 -1.0507398006842 -0.317287824879636 0 0.0631515274252198
0.559825926778804 -0.336587365640043 -0.40755708181133 0.180242433767237 -0.406935408314404
0.698196168991808 0.0752495678117705 -0.434080382021695 0.537719109522451 -0.858429794538572
0.469305904530295 0.243216777126047 -0.487872757179538 0.576740973722504 -0.684286233273077
0.532118579250229 0.548043321567571 0 0 -0.370042965581502
0.698435959702749 0.752607004681155 -0.431022433833977 0 0
0.841753459771806 1.08383197481965 -0.733151430624539 0.299678327303555 -0.15780333146254
0.493230970130934 1.49918473901591 -0.775381689595935 0.0735392549325091 -0.106075554390263
0.467038533539427 1.67392230730636 -0.755683894623666 0.0913637984367688 -0.245345345842745
0.46551383063742 1.6223882908665 -0.562708666623642 0.590429566924071 -0.782149771463105
-0.249698351394188 1.02987846509073 -0.252941857495692 1.45106566490753 -0.712150665253459
-1.35463183942598 -0.0313536399966048 0.13249227308114 0.418607938685908 0
1.95484543655643 -1.32677633547457 0.0116925207327372 0 0.775368792361937
1.12849131011116 -1.15577474581042 -0.0803719818265339 0 0.320894401058159
0.516092435342566 -0.984117899679794 -0.0247082520285524 0.456393493758953 0.251579277479433
0.170484051677213 -0.658745033330771 -0.105028484130111 0 -0.392851634354572
0.34297229410829 -0.511093230098336 0 0.189501759475896 -0.704620490080632
0.54757186390691 -0.060500184478983 0 0 0
0.583881591703506 0.478359153821351 0 0 0
0.436632598825713 0.812388405722076 0 0 0
0.461603722359515 0.925509412994318 -0.416937817514478 0 -0.534843120226964
0.542369527940505 1.32130654933343 -0.530879072936145 0.051371679549407 0
0.702718765763491 1.71425565170179 -0.972778807418924 0.18778013778446 -0.61850604586851
0.326610098477089 1.80776331381995 -0.4661143631597 0.160253970652842 -0.544545428545849
0.0417484742941952 1.53421094896328 -0.495941171809913 0 -0.386443337914181
-0.941818328195498 1.12795139841866 0 0 0
1.49554290040744 -1.31298796817402 0.0446943501679941 0 0.5567540359424
0.583926615265389 -0.880874295606585 0 0 0
0.649382088064685 -0.919659285935708 -0.192075408584731 0.39077635516884 -0.03206042872632
0.256741756428853 -1.0619645814192 0 0 -0.60664162547463
0.199350516197231 -1.11584082349937 0.208847072410972 0 -0.901745509126089
1.4815491624479 -0.825122968119191 0.174046726192913 0.797676627981237 -0.959376263603965
1.00582662641857 -0.401518487348997 -0.0740167807399004 0.541991132897617 -0.933950743495572
0.455407056709362 0.235397255713562 0 0 -0.693812172635056
0.531878276877365 0.551560221481579 -0.456033507976289 0 -0.899456981558116
0.253764293125004 1.14868763289006 -0.42178291742721 0 -0.588564251931458
0.319228492395986 1.5702942935092 -0.887104071765584 0 -0.870795479609534
0.198916870658863 1.87145241636274 -0.590939840059899 0 -0.6828059006848
-0.116810485353721 1.55001913355832 -0.157020437427977 -0.40335508861002 -0.323692991327644
-0.420650606429602 1.08521762458987 -0.632355925899146 -1.05603198530763 0.644470316558704
1.04273253946032 -1.15111730870219 0.319072739958252 0.468702033169364 0.984878808064701
0.693024756115581 -1.14823258698811 0.0771832626528459 0.329444345230553 0.370745641229751
0.437004734051476 -1.28670123259528 0.045822091193983 0.177039169731185 -0.238622104430464
0.24364549257783 -1.59520677970175 0.261100046766063 0 -0.604569748013385
0.390721448856073 -2.03008015049343 0.736153374609393 0.337718067017892 -1.00249722604611
1.89798005524923 -1.61359453807434 0.791746879830091 0.852917133065868 -1.03138836506078
0.777955673776876 -0.943370797952578 0 0 -1.05790452694685
0.572668035781283 -0.878967886637537 -0.0989798111922397 0 -1.2435288094127
0.566009231343731 0.0568076262808305 -0.494484807610909 0.136568813151795 -0.752474334009802
0.125240216936311 0.768117418166877 -0.74394845539234 -0.0627026908768608 -0.491940740879648
-0.111280683264418 1.47595897965947 -0.715321493677051 -0.324920226915319 -0.982094847801385
0.0186179241508399 1.96458247144106 -0.246490851425187 -0.548529112018005 -0.687985940809705
-0.621892025957404 0.839320529771251 -1.06664181713495 -0.917719566695493 -0.135469342984892
-0.70031383950282 0.422384836620653 -0.903865088237962 -0.966883069127863 0.365997711092684
0.224955192482256 -1.01691561168147 0 0 0
0.281963611062587 -0.95050851679082 0 0 0.00101707620460617
0.50599509065474 -1.42274801297194 0 0.0349160997982065 -0.117340758003756
0.394178033946843 -2.02955932407518 0.425084294271451 0.103538871844114 -0.656719351261837
-0.0398775528684726 -2.52647113513105 0.546035663640269 0 -1.135432355362
0.788567634407479 -1.85322661008225 0 0 -1.24731400067551
1.10140429890824 -1.8464876504239 0.668199983273775 0 -1.18641790080952
0.708911493786209 -1.35394114591981 0.0143573646107679 -0.0896418642281379 -1.3013051799883
0.801556230435127 -0.424727730780091 -0.238810618474593 -0.0583862576610039 -0.970880378159028
0.586749412995978 0.395952781282565 0 -0.32659083297478 -0.661516374335668
0.312685917182527 0.936477797829572 -0.0158181035908855 -0.599077452729709 -0.729354388430765
-0.154796825348561 1.45901316541234 -0.352565703792778 -0.917598438933246 -0.720770992405479
-0.27990577488443 1.4926779736512 -0.282486726052431 -0.87569154202629 -0.380337471061893
-0.597607578793008 1.0988590934879 -0.478602635441269 -0.593028936968811 0.076992317342582
0.239871577008009 -0.585953180123031 0 0.0836850610684823 0.281104218926556
0.349025476193908 -1.03426510346414 0 0 -0.00273643210046796
0.534580714705338 -1.49993166317003 0.379842275996659 0 -0.165915195079364
0.655026762312488 -2.23694545977162 0.25812334317288 0.016938051988665 -0.536737724066058
0.403856484007591 -2.77335545925674 0.532122824210993 0.121249535433709 -0.913962866012428
1.000535006944 -2.19298853761499 0 0 -1.23632965038376
1.16885006544813 -2.19461558381645 0.404901257008557 0 -1.12563588565226
0.693112319539684 -2.10933237479127 0.136482603615945 0.012709824143677 -1.42004973035668
0.492158596105845 -1.02250433558787 -0.335450340902867 -0.39678280370178 -1.40926255170708
0.173023772990342 -0.142218037108547 0 -0.533005530016045 -1.05945908362015
0.263389497662023 0.200131527924226 0.0954781601289057 -0.780656100813414 -1.00194069568895
0.333245128373834 0.791530762696625 0.526883341823836 -1.19787284704375 -0.591569647843662
-0.200103389584447 1.20166277949452 0.268198482469589 -1.37038478863735 -0.316727809544027
-0.453733055306576 1.32134709918042 0.185043698159007 -1.32451933637151 0.0197674451745105
0.861968731742378 -0.341485909905827 -0.439361184407319 -0.215963106981561 0.461072247365326
0.954747103967428 -0.760916430799258 -0.36789639821538 0.0569348335955021 -0.0229829098183061
1.06674774131722 -1.40307740254084 -0.186206941577504 0.20684806691667 -0.227614288565867
0.948298200914772 -2.10254076082621 -0.0081959581054622 0.25105051666614 -0.378364907319642
0.648358546980402 -2.53046065100405 0.169646774399866 0 -0.555644252397332
1.03397697866576 -2.34475300338319 0 0 -0.867871745583294
1.09674186106641 -2.41980768735638 0.105578072925219 0 -0.75918521352609
0.521252301465247 -2.63361896116351 -0.0626386177167106 0.0966659618995887 -0.791349893949259
0.396655466623536 -1.53866657058124 -0.157942372811701 -0.446982305033203 -1.37656187751798
-0.168431311749488 -0.909396137413877 -0.408859579999784 -0.840167607851788 -1.38196409197462
-0.662441356005869 -0.313474775730471 -0.341357931087452 -1.15441389067798 -1.41522763149947
-0.427754586490484 0.0313703317029863 0 -1.22054474992949 -0.905713633045793
-0.438637754067552 0.29465210658697 0 -1.48638886346834 -0.50513418435111
-0.124326046945024 0.724294639054805 0.657511694641308 -1.91472850926631 0.0665546942244494
1.48060135374364 -0.105720812901891 -0.88918905594432 -0.0304889335296636 0.493957268852461
1.47187290029475 -0.592935073046534 -0.821214039187733 0.190179535969343 0.167777849373903
1.57334194975352 -1.11807066215105 -0.724046512936553 0.347050231854138 -0.00874312392758466
0.990302576911971 -1.83185627234433 -0.313694163887141 0.178739755709135 -0.109896893652511
0.869702942444982 -2.11010664949434 0 0 -0.253601195791116
0.854233624830054 -2.38644815939905 0 0 -0.28249339620458
1.14273106343647 -2.61554323062056 0 0 -0.269836453937742
0.905511025969336 -2.78889443029731 -0.186938355599871 0.0799390861403925 0.109258333681552
0.0599780413158894 -1.98867629071017 -0.489658781236937 -0.472812467658704 -0.755978205349015
-0.313149994605074 -1.57028283437209 -0.172133193415518 -1.06867691745005 -1.58748180914268
-1.04253816471334 -1.07228089196055 -0.344430404112597 -1.53435884825962 -1.56128837201021
-0.518957005152181 -0.720479273993617 0 -1.42983474950635 -0.924677408710251
-0.793927942916722 -0.402763338707904 0 -1.83451623704279 -0.695183243780576
-0.611873482225388 -0.0904883675983987 0 -1.72363435605108 -0.284358628317024
0.768734288666776 -0.400365991001243 -0.695716199531346 0 0
2.12554467394538 -0.238755802920301 -1.29925419596125 0.414646926254566 0.291857091827658
1.11002692601197 -1.24551959485411 -0.367612488711689 0 0.163075652137202
0.869148599766529 -1.58309561987125 0 0 0.0519600609178227
0.934034818927381 -1.85967055554634 0 0 0.00234908164716829
0.763488276101488 -2.27479932782976 0 0 0.080351372427717
0.979793639221302 -2.80278228299319 0 0 0.280612327863265
1.0869687191411 -2.90392361826311 0 0 0.189302626518357
0.571560064920463 -2.55915341005379 -0.0950505913911365 -0.378957489858969 -0.418105502392714
-0.621479486385836 -2.06172968295246 -0.38612161856695 -1.12081943101872 -1.2537332706393
-1.31577243269601 -1.73713990876782 -0.28903396267293 -1.73005982255409 -1.68613027776618
-2.17136641614458 -1.29560210350707 -0.333987874646783 -2.49673381830056 -1.64293314064703
-1.10709045930544 -0.996054920610376 0 -2.01664369101288 -0.84134931840952
-1.11856359560192 -0.649945945366681 0 -2.08118357906889 -0.540017916191223
