"(Intercept)" "X1" "X2" "X3" "X4"
1.47910151887117 -2.73244752794614 0 0 0.724267739819399
1.26992028958399 -2.59922665886854 0 0 0.63225775232828
1.18842348191645 -2.35852384192719 0 0 0.556266399173665
1.1026103306319 -2.08641580742734 0 0 0.41830852211915
0.949843885677798 -1.79111986273574 0 0 0.205925019937652
0.80870430819877 -1.50898989703844 0 0 -0.0162304190578264
0.223592778598038 -1.86511479820981 0.479653923306663 -0.00911654813070865 0.553787433385277
-0.124182425004523 -1.84109162316604 0.673083959175411 0.0181009147142951 0.536563174916385
-0.402034674573483 -1.79675587136149 0.796243022095989 -0.00260209307844387 0.464340277627842
-0.627345686100839 -1.7819695892314 0.952500804319737 0.028561953777761 0.347939590810047
-0.867685203087647 -1.66142984942917 0.574774789754332 0 0
-1.15656870410255 -1.8018790781586 0.890948364012949 0 0
-1.4146617717249 -1.92850165604119 1.18186492036043 0 0
-1.70433291394343 -1.96909096070691 1.29358805581754 0 0
1.45683125219288 -2.49552620477464 0 0 0.633099061026779
1.24206208353487 -2.33203700091662 0 0 0.522958416166792
1.13606949757098 -2.05690444672757 0 0 0.404577794659034
1.07321174928397 -1.72800514459431 0 0 0.257526563225146
0.970180584630866 -1.37125959471025 0 0 0.0259923974506211
0.68023264098982 -1.249590655434 0.134486049371675 0.00249413519392558 0.010233591751423
0.397061843003599 -1.09695037296753 0.240760883060496 0.0619108966990336 -0.00609926270645921
0.0386718497049986 -1.1035738443776 0.411804842010193 0.18224705540596 0.101881461761351
-0.250487993248879 -1.09633268260327 0.540179224076901 0.178264505848607 0.102268305588062
-0.465369013371139 -1.12567923619461 0.699565204311577 0.175427983679285 0.0591339650289468
-0.779876627444611 -1.08091764928376 0.591691916549286 0 0
-1.05990807780562 -1.21877005897458 0.870666419970596 0 0
-1.30152003894424 -1.36785080370633 1.07334009153016 0 0
-1.60207562201016 -1.52629736850966 1.19365731788953 0 0
1.49707367682985 -2.23565072697575 0 0 0.573891255558548
1.28569951768976 -2.03683554227415 0 0 0.43080530153857
1.1243657925234 -1.76766024918465 0 0 0.287378342084918
1.03295904193244 -1.40669491196201 0 0 0.135109643879443
0.950009215816787 -1.14908220414358 -0.0727240463082418 0.178765093709354 -0.118597662535088
0.744963926196213 -0.82392746562857 -0.0743219511330317 0.191474578923859 -0.325807588139507
0.545674016011979 -0.510335069861214 0.00103719559023888 0.19489359185221 -0.438694759397979
0.278396898837287 -0.409441259906803 0.0888911829280055 0.341826833257432 -0.381517373643323
-0.0406316408224154 -0.419949104596564 0.271905088281934 0.362210947395604 -0.301292268468663
-0.292697751085237 -0.478335642738487 0.41976746621521 0.331214273156 -0.279787479606096
-0.70204488746413 -0.498431387983588 0.559679318923398 0 0
-0.950600501042483 -0.658781087984152 0.732542455796269 0 0
-1.20693654405073 -0.86591367206144 0.887812565127394 0 0
-1.5581294566672 -1.12148145332235 0.973399181180822 0 0
1.56020237150264 -2.02196587935365 0 0 0.634757736978496
1.33663450654778 -1.7734393770439 0 0 0.375227747820388
1.16424609395562 -1.47856093777002 0 0 0.193711033913261
1.04588097092955 -1.09509553765632 0 0 0
0.918387717204548 -0.848995531902903 -0.2212943119683 0.259412053290185 -0.284735035161955
0.831405500928114 -0.500842100600222 -0.276033978795651 0.358045597175156 -0.507512147921176
0.724389579819008 -0.141478620634233 -0.248470572344022 0.352232006960255 -0.659684847963844
0.623586662663718 0.102575513602859 -0.2036372575229 0.400793215097893 -0.714630368875292
0.354176575052347 0.156370570469987 -0.0671160412647248 0.461958957437088 -0.676226342620346
-0.233189150546572 0.20525800293215 0.283830389950335 0 0
-0.598843200125954 0.078283326756387 0.441859604450367 0 0
-0.857506837187427 -0.14505039913657 0.546982575169053 0 0
-1.17020425390527 -0.465058569819504 0.631713078499413 0 0
-1.57505435282019 -0.801126973975633 0.702904001477598 0 0
1.610289635993 -1.84956757185241 0 0 0.749233147320027
1.38738435267946 -1.58319381555426 0 0 0.411544795730632
1.18759265170477 -1.28980607686807 0 0 0.153671618606237
1.05386132087879 -0.920660721897142 -0.146084195131249 0.188761464247118 -0.189988067671474
0.997675351096751 -0.605370784984009 0 0 0
0.810021603333169 -0.289621296463399 0 0 -0.308158334265519
0.706568190286281 0.0121298964438076 0 0 -0.600504678496672
0.675367915879665 0.350524387928663 -0.346172294909471 0.325104567063232 -0.855519811421831
0.556048949601626 0.509400677553627 -0.274038044429299 0.42911643560269 -0.835618291348521
0.0440242072376725 0.555555355832573 0 0 0
-0.430447914308005 0.47847729961651 0.287944598212334 0 0
-0.772924329925209 0.223588901517647 0.398443034801494 0 0
-1.16121695485736 -0.142019168073213 0.446026105361466 0 0
-1.55315348739898 -0.530932127457858 0.464412196556482 0 0
1.62862574111085 -1.61553761138969 0 0 0.875087202081187
1.40045569493035 -1.47846105291955 0 0 0.4908996284295
1.17110814031152 -1.26701271729868 0 0 0.13994847177843
0.900069220063744 -1.0399153653586 0 0 -0.180317521097201
0.630379753241907 -0.720353241563555 0 0 -0.471569337622277
0.388785699258999 -0.345179935554917 0 0 -0.793741942305142
0.507470237001346 0.0532667641820984 0 0 -0.938444066786277
0.500542360255818 0.381947417712535 0 0 -0.753134419267068
0.528731708067062 0.595934909922458 0 0.172274659271827 -0.731708551286494
0.220880267437388 0.850062496682454 0 0 -0.738958888442436
-0.0617944648622104 0.721643059074478 0 0 -0.470940267765081
-0.591261458709096 0.556019757727752 0.162402299888875 0 -0.272433967715015
-0.993203298839411 0.0506727962821244 0.255786251664989 0 -0.126066077370786
-1.44035460341987 -0.35004758414397 0.31965228623633 0 0
1.51340930558268 -1.45095952195097 0 0 0.914075761413424
1.29313556935333 -1.38811318834422 0 0 0.483491981118296
1.0800682410462 -1.30927680996735 0 0 0.0554024264004991
0.833802610135642 -1.1442957047913 0 0 -0.330563073766515
0.458754851946699 -0.830044034161741 0 0 -0.660443886070654
0.186163940740263 -0.431961642443349 0 0 -0.784876611520665
0.259446490663487 -0.0492860830493409 0 0 -1.08054734397101
0.333000690172207 0.31713327811513 0 0 -1.15074424100698
0.376671495062802 0.581257255316926 0 0 -0.931126700591749
0.219872377392953 0.752948036138402 0 0 -0.783799331674389
0.00132935779408795 0.764040494598039 0 0 -0.474234753095129
-0.210354467305152 0.638326818911497 0 0 -0.265516628461348
-0.631295422895739 0.394433931556168 0 0 0
-1.02976729827399 0 0 0 0
1.26182208814749 -1.36578000344938 0 0 0.829331774683074
1.09547086645277 -1.38564821183901 0 0 0.437515471680132
0.884353764885686 -1.39202112597667 0 0 -0.00524094394767101
0.617222169176619 -1.29279639810621 0 0 -0.459416141535718
0.445847903673348 -1.09425938863541 0 0 -0.762052580530832
0.321137925541251 -0.813118123264088 0 0 -0.832104703593562
0.24446399675389 -0.431686122955726 0 0 -0.884213284660178
0.245464411317571 -0.0220383409110241 0 0 -1.00513244992124
0.232894454866925 0.328954723133853 0 0 -0.938468201258588
0.308187396608883 0.545792013118732 0 0 -0.765397247589941
0.186924075471773 0.652359550250437 0 0 -0.478684409245119
-0.15915786599938 0.526995799271436 0 0 -0.215701573934444
-0.44588232167887 0.392651530864514 0 0 0
-0.635408707308115 0.271048391209849 0 0 0
1.00410408374355 -1.38418106302483 0 0 0.707324881398894
0.822572107884674 -1.38024694739332 0 0 0.330418114979114
0.567129122561703 -1.37255689054111 0 0 -0.0971495177107283
0.443128911138408 -1.42630911874733 0 0 -0.493291012781841
0.508395179051813 -1.40641233812913 0 0 -0.742174625106025
0.444401737128931 -1.2514769340735 0 0 -0.702058821175996
0.330641091592297 -0.922674429396146 0 0 -0.502455879762296
0.339020369293571 -0.473957919182272 0 0 -0.773875108741052
0.368765612777526 -0.0662752195336843 0 0 -0.745170170190591
0.432075345090636 0.261276182910279 0 0 -0.580859900486195
0.33877099275826 0.396518081377809 0 0 -0.373010053152061
-0.081122365268996 0.326306897872173 0 0 0
-0.240693610975834 0.274410507136651 0 0 0
-0.384150513935631 0.210073979570457 0 0 0
0.74204299448538 -1.32471927109499 0 0 0.543394511203669
0.515187009023358 -1.31457366932739 0 0 0.175946509498948
0.362664406328238 -1.43536102785063 0 0 -0.131288177922857
0.408278655541772 -1.5953318567788 0 0 -0.403589180093815
0.547830882638513 -1.64739413055803 0 0 -0.600715101605016
0.627245960598933 -1.59462717016501 0 0 -0.653000934807584
0.497364650088511 -1.38907737209039 0 0 -0.391612560398323
0.462207436046203 -0.951326622829482 0 0 -0.655605796359169
0.458417930888897 -0.494002994518844 0 0 -0.574363618601116
0.561135922683887 -0.0995867224755471 0 0 -0.424393118438821
0.543187404525458 0.0903297715471715 0 0 -0.27490154494309
0.32118504847594 0.111618173558993 0 0 0
0.101021535828446 0.0737189582487458 0 0 0
-0.108413314300518 0.0465938538961372 0 0 0
0.502664313387325 -1.24019317111056 0 0 0.376789094950514
0.424220414429537 -1.3022436858664 0 0 0.177951443849544
0.390598885246824 -1.52881506399389 0 0 -0.0595559630972847
0.497612687875585 -1.72037260014212 0 0 -0.270017724899152
0.654879343564834 -1.80802992710017 0 0 -0.434372125332182
0.76964975304515 -1.78628682897601 0 0 -0.518224138747237
0.744461379389188 -1.70663875312856 0 0 -0.655401284323183
0.618194999940855 -1.42302623743285 0 0 -0.570966891817441
0.641789086139876 -0.986755058435648 0 0 -0.544361764917212
0.668821542400951 -0.56994709595777 0 0 -0.460005820757838
0.758234514972134 -0.300827069722603 0 0 -0.276595280900614
0.670362875759132 -0.214082384016431 0 0 0
0.477086497332743 -0.191501767992696 0 0 0
0.248378548279918 -0.165180011925807 0 0 0
0.468083175386178 -1.24782784036314 0 0 0.410677444188789
0.452114408488263 -1.39130226862089 0 0 0.201318444019075
0.53729828874515 -1.59668008930015 0 0 0.0256124000044071
0.659025294691852 -1.77213769807672 0 0 -0.144011451285674
0.78951551357977 -1.86096410077681 0 0 -0.277238451348629
0.997636083436366 -1.97427556715264 0.216825213391591 0 -0.35701463173554
0.983089972835714 -1.89484739574357 0.179365301458943 0 -0.452160066378344
0.814168648519038 -1.7283761503424 0 0 -0.502529576792642
0.790528965978266 -1.44187799887527 0 0 -0.486692893179747
0.849065188885415 -1.09972716249326 0 0 -0.420636921404841
0.896962165411275 -0.813463024555567 0 0 -0.304338880648846
0.909031584631998 -0.587114347569212 0 0 0
0.804171418890941 -0.47708623695186 0 0 0
0.551718751436111 -0.368435212888697 0 0 0
0.517086676652106 -1.31764492807191 0 0 0.475521221723219
0.591143823146537 -1.47129208118679 0 0 0.304259908773677
0.672099041704065 -1.66109563420398 0 0 0.114671045184506
0.782118342543231 -1.79596708128684 0 0 -0.0554057641219314
0.944359951662775 -1.8150772515103 0 0 -0.156677698492229
0.976238980142387 -1.96884512049907 0.23216816387199 0 -0.20443251657599
0.993426202289341 -1.94620270703751 -0.143959508230747 0.178545472128559 0.0707554943336044
1.01451020479025 -1.74847454942109 0 0 -0.350672305988671
0.929727614942901 -1.76304551139466 0 0 -0.375129512362723
0.999668601659183 -1.54605235675096 0 0 -0.313277370587467
1.12838614741702 -1.19598215625931 0 0 0
1.12089011712193 -0.977358785033404 0 0 0
1.04338641910207 -0.789026460759749 0 0 0
0.84629339153096 -0.603937766296309 0 0 0
0.578286906274332 -1.44103201674722 0 0 0.55279679965565
0.680882680770805 -1.58593024199957 0 0 0.379031798685456
0.775703531416294 -1.7278512317153 0 0 0.191964240315996
0.903495933197547 -1.82818262598496 0 0 0.0811207590479633
1.03386519083333 -1.83668981319227 0 0 -0.0198718270077198
0.970433786915879 -1.93125601851202 0.20700862186627 0 -0.0501014108320516
0.823943328734603 -1.92134739857665 -0.411400585331288 0.421451505865928 0.39122269803281
0.78232626468052 -1.93670455245488 -0.511079904968288 0.418539651082688 0.311132139893964
1.10163464701822 -1.79060632373545 0 0 -0.242861362195296
1.2450669568177 -1.73920523726897 0 0 0
1.28593835506565 -1.57684739744843 0 0 0
1.29058323291098 -1.34753715277346 0 0 0
1.2158882554531 -1.0950039822342 0 0 0
1.04076427249389 -0.825848733319983 0 0 0
