"(Intercept)" "X1" "X2" "X3" "X4"
0.978036747579812 -4.06159535959206 -0.728981185938563 0.628748620389377 0.713053275540814
0.624421788247435 -2.97565335110895 0 0 0.384958892465115
0.928983209453985 -2.51143429301132 0 0 0.636061974727691
0.796518915636519 -2.610329130641 0.178139049086086 0 0.739369150234554
0.996260386630706 -2.40668040043728 0.449313094773278 0.0522323148902015 0.664262423220758
0.874767123372623 -2.17702532060622 0.480940834597791 0.0297239639180326 0.555310740982517
0.737935265849936 -1.95257193141998 0.549690103605483 0.0659463939651284 0.760119060241035
0.140313414014553 -1.90438635962839 0.622526318185309 0.0617931753267766 1.0947168422406
-0.295926719685297 -1.93854269309197 0.729435533140373 -0.0624930819748448 0.701218945654779
-0.544713879225314 -2.395368365856 1.07009750962537 -0.154844758333055 0.745988987844669
-0.379326415568119 -2.59892204956087 1.2557728092668 0.0592610342236053 0.348341076271384
-0.690946270655787 -2.30249043581439 1.29123217971503 0.18228672424831 -0.307194358194737
-1.46377115189644 -1.85374716446636 0.813454190031908 0 0
-1.72682523605821 -1.90091152831699 0.887214511386203 0 0
0.0825796802434226 -3.96448292816996 -0.31983691830881 0.401537607100018 0
0.709336990586999 -3.44481169498571 -0.555993039851536 0.476440700640261 0.492949634361681
0.79256281914997 -2.98964549991004 -0.290586031357493 0.300431257550733 0.700126649025358
1.01752562171789 -2.0260742785292 0 0 0.634239360029847
1.03220148754215 -1.81068680011496 0.175380846979871 0.14552742816841 0.410529128483226
0.924294634764289 -1.41407294964231 0.244310861785607 0.205452882671211 0.160861445892725
0.678120281064141 -1.00495007953527 0.299875870034215 0.168233261945485 0.0519188982529048
-0.00176060500179848 -1.13319791540609 0.510876501878587 0.221504256623331 0.639794134524355
-0.631301303082695 -1.25894912176508 0.80386180822861 0.0775261249627768 0.505423877373457
-0.683201004614441 -1.56442314354736 1.06246931220469 0.124122872300695 0.22630777425187
-0.564985056824035 -1.64648164309543 1.17760484309373 0.293027357321606 -0.150106144387447
-0.85967370236719 -1.6342719491514 1.17246774604076 0.310000894902703 0
-1.38320761842481 -1.31891442005135 0.890445473690723 0 0
-1.52573029350829 -1.45100141111548 1.10357267262007 0 0
0.624105618121169 -3.38019808483022 -0.251112149129299 0.273878612954001 0
0.46868463611538 -2.99537858964972 -0.137704238279965 0.216163345552407 0
0.676772367101205 -2.19202422969273 0.119919399422454 0 0
1.08830965042265 -1.68389270663169 0.117105501498539 0 0.44561526780409
1.15776288363553 -1.2228710423721 0 0.155862066224068 0.49797673802854
0.797732248608006 -0.902052889921867 0.110397718861449 0.399259100527165 -0.178759593563657
0.536590280187216 -0.363229058964028 0.0546476090498271 0.41049232279687 -0.347488649754001
0.0910926960498199 -0.327159081586133 0.274098193991682 0.350912308714672 -0.109252097552974
-0.665843942976107 -0.534970808720167 0.71517529883313 0.417301345647246 0.0150660874046998
-0.710685576336897 -0.69621611443883 0.95572142226161 0.485213690986027 -0.436679482341188
-0.654924840523788 -1.05026123215838 1.18639856422125 0.41323472686797 0
-1.0169003611796 -0.829258966920211 1.10693239055579 0 0
-1.1805983728817 -0.877630235842803 0.994515876462549 0 0
-1.41337674959439 -0.919769876420857 0.850049284384992 0 0
2.00080940449353 -2.29501428461346 0 0 0.762242602903935
1.11062557847416 -2.25056454062847 0 0 0
1.06670586094143 -1.72406975759071 0 0 0
1.32828275760717 -1.20938634641586 0 0 0.343929565857959
1.14982015812949 -0.911917618514453 -0.137238037939956 0.477761221999196 -0.0802026579520729
1.16564376618456 -0.665594589581777 0 0.562749833286614 0.195650008333244
0.670630110819118 -0.205523371951385 -0.0527735685798353 0.723280491493154 -0.309365767753965
0.403894973038136 -0.0593810905496545 0.0692009832082619 0.617753603346958 -0.432625583832989
0.169292727568243 -0.135513947079671 0.329125630097576 0.568735622255937 -0.392967354074134
-0.272106903392762 -0.657701344420188 1.06650618386631 0.532914384110553 0
-0.652523119292468 -0.508120024278202 1.11077233174407 0.398516670889511 0
-0.847299855248779 -0.312625160781829 0.862117171927771 0 0
-1.0045392133053 -0.376751620240661 0.83292269882136 0 0
-1.17154515062723 -0.705103031957823 0.814114762999179 0.33262006143312 0
2.45265060868542 -1.88247665510262 0 0.0552513564386361 1.21008015206822
2.05565069753371 -1.71269559172554 0 0.0816786223447163 0.820864788388748
1.78018674013037 -1.37083577548335 0 0 0.549819371068463
1.51147148031953 -0.965715824036941 -0.155089752792239 0.432676643064047 -0.0752471972028694
1.23653206726751 -0.791941531351963 -0.102188175098872 0.480351226935753 0
1.13063216540334 -0.533445131678442 -0.100602729768895 0.639712273937419 0
0.915217572148457 -0.407879652093934 -0.0722917291546289 0.701052749462913 0.187675693026897
0.672611003646734 -0.375817631548195 0.0916637332392275 0.647662610991402 0
0.535798703565009 -0.455967883146653 0.46809870390892 0.533194892907239 -0.014630492306699
-0.179979232855237 0 0.492391570962503 0 0
-0.495584009276949 0 0.655277218519901 0 0
-0.667745916929038 -0.0754718498657358 0.701005429644017 0.392956368320147 0
-0.893143369407785 -0.267873567592614 0.739427586036483 0.329014423155531 0
-1.13445842294624 -0.49084549226356 0.751358984225345 0.318621436536013 0
2.66549193942499 -1.8140620240778 0 -0.326326371204135 1.47505835997993
2.35073666083761 -1.66793756177313 0 -0.215720623052629 1.05963826677282
1.93386294726636 -1.46795558061534 0 -0.0360997559201974 0.526324056687276
1.56691670983765 -1.1873203362828 0 0.161780796826485 0.110990763843423
0.9726576819874 -0.909558688268583 0 0.197878923802781 -0.192327366229587
0.697333513995165 -0.554864883027697 -0.13967280757671 0.345559690267214 -0.182206237793503
0.781506029112862 -0.497595319391983 0 0.410193307215587 -0.283025618223481
0.550096334159307 -0.306191013626758 0.138518802726044 0.599170167591097 -0.310209976750968
0.249879667291074 -0.266406133107096 0.411550468336271 0.53421557266565 0
0.201622593519612 0.523752335377492 -0.384547771396149 0.406215019847116 -1.0432792765625
-0.249254733443381 0 0.376903834334363 0 0
-0.601768800587233 0 0.570533393842322 0 0
-0.802135374387886 0 0.601051908767194 0 0
-1.04854055625329 0 0.574250715269742 0 0
2.36116476643148 -1.69665232385739 0 -0.340391390892527 1.42646262311043
2.16408945797897 -1.71020326078304 0 -0.358120024632168 1.09537605163546
1.81307868445799 -1.61970890876913 0 -0.218583464948964 0.625088220057932
1.41912292845335 -1.39689392327235 0 -0.0485094565627641 0.269414412112716
0.944422662204098 -1.06143605194502 0 0.126489294955052 -0.256010695850026
0.477574143221095 -0.670946432345981 0 0.290836486404296 -0.782431676565385
0.571920603296514 -0.380093696777563 -0.0146536771816293 0.536899908494826 -0.978185170027038
0.548845579892911 -0.215598719102383 0.14595662921833 0.538620039428844 -1.01898344027516
0.237013970394282 -0.0427118858271031 0.0546779642354087 0.363927896014927 -0.994965506152446
-0.0673737784726834 0.312634921805551 -0.319930004616388 0.190778629145892 -1.09149105762682
0.0241006444175868 0.475414172554765 -0.252243214355578 0 -0.733188706172723
-0.227037770207807 0.373462945596107 -0.106445408971638 0 -0.384053264329363
-0.584539638951142 0 0.301320568331839 0 0
-0.814179354440135 0 0.347816572875875 0 0
1.7810472494248 -1.49029117031539 0 0 1.03083612810276
1.57883146420051 -1.54171452072155 0 0 0.716732477788479
1.33467332948088 -1.57736673643888 0 0 0.406048240677856
0.92255809182876 -1.46072062763477 0 0 0.038291763669525
0.839730279164099 -1.14857759080107 0 0.37260895498509 -0.53787866866092
0.810704865964232 -0.925789176309805 0 0.323817783108197 -0.943396267158765
0.720190635938373 -0.731394790510011 0 0.290436070049605 -1.11305762828206
0.691368590114506 -0.483749181011645 0 0.321905352827224 -1.25656635076386
0.49907070380643 -0.236066545783313 0 0.338121084038801 -1.20371471932959
0.41883865586137 -0.120013815191308 0 0.243621790213385 -0.897407995714703
0.224979360933739 0.0883639934711283 0 0 -0.538486581528729
0.236527857165324 0.364719965984098 0 0 -0.396109063315624
0.180780761038177 0.437245039750317 0 0 -0.205207377010078
-0.336685957691587 0.0181394818164724 0.095255534698805 0 0.00711345647755151
1.43755611394168 -1.4119734196904 0 0 0.880164670597233
1.28864302670748 -1.4511294493627 0 0 0.561987749472305
0.975755356214379 -1.49298626299175 0 0 0.163498560910264
0.78140423980073 -1.54731582175768 0.286911867284028 0.335388681136098 -0.347881908145351
0.872622124791267 -1.44879975003971 0.188801301582557 0.369250089682031 -0.74669196749133
1.02512413857936 -1.26811177955575 0 0.335322158684584 -0.889396478511488
0.955523103038373 -1.10143034916494 0 0.215618651308053 -0.968085707066341
0.575984393477378 -0.83310000989298 -0.213316993504638 0.0120104979583472 -1.35023868532713
0.481931772508419 -0.630125020063364 0 0 -0.775223150021212
0.390026076304163 -0.327571286736717 0 0 -0.726888042394172
0.459691293294826 -0.156802350147135 0 0 -0.509917046397762
0.434468224426429 0.0132002038997685 0 0 -0.330021261905656
0.488227450342682 0.258865652620891 0 0 -0.160244306447375
0.389395929141205 0.419324616925854 0 0 0.0765437540501055
1.0838646579776 -1.57728770763129 0.369782241803347 0 0.974980594720311
0.874298875120852 -1.66060605856236 0.390098253757572 0 0.552152498759738
0.533079785989008 -1.6190736482287 0.41994704234177 0.29303030962256 -0.00755542510039801
0.638624783639377 -1.69709790464836 0.270483409512969 0 -0.296130242586772
0.90065411266367 -1.73480007175954 0.266355383718372 0.175734435230548 -0.72233267076459
0.69075930319168 -1.63544018089189 0 0 -0.584727961035961
1.07142610386656 -1.55939620248194 0.0656237272630235 0.0995080987239071 -1.00085058881409
0.718201575375716 -1.19649504895257 -0.05473916014108 -0.147620512224247 -1.06450497299653
0.611541439879543 -0.954633109961451 0 0 -0.677844616051774
0.674002951411495 -0.683279145666998 0 0 -0.605795189525545
0.713478428987632 -0.447627775372188 0 0 -0.436655693255954
0.713314935840265 -0.265048314314478 0 0 -0.249714528167424
0.696438546758326 -0.064887009848133 0 0 -0.0710955018053523
0.705084080465285 0.16631304102617 0 0 0.120086601686847
0.706736279989567 -1.5346088997601 0.398078823199007 0 0.722325894972316
0.345252827827252 -1.46125829139432 0.514146933410124 0.401976814981623 0.202165037965493
0.545044528561863 -1.70265383315783 0.355518405500143 0 -0.0239677915571288
0.741402469345806 -1.78330349223063 0.353520021076982 0 -0.346717537120528
0.707402816045687 -1.70641218628104 0 0 -0.399566470345105
0.767211528196475 -1.79583196561813 0 0 -0.539758521927946
1.06912339716974 -1.86054807377205 0.148724220268883 -0.132624715878331 -1.00702182275826
0.956220303023264 -1.49703035863556 0.0164917325659263 -0.224945867362752 -0.956709450469489
0.790046015649164 -1.21073030637341 0 0 -0.518763834545905
0.951785606459749 -1.00101702160017 0 -0.113777933582563 -0.581088711288984
0.947749781783799 -0.766064466900315 0 0 -0.342722335548687
1.10169945782668 -0.62831534649009 0 -0.0460126187978231 -0.15798160469271
1.10069397510484 -0.463081227501957 0 0.136915908542807 0.0788548887524734
0.936643019745629 -0.165306364237973 0 0 0.152944383877217
0.500115818384977 -1.45626121613516 0.272981955889195 0 0.472298209861438
0.200240705743203 -1.54161680978027 0.549038568285368 0.39636571785852 0.118621702132832
0.521668269752716 -1.72406619792725 0.257883332765725 0 -0.0473779890466018
0.527878841816799 -1.96433760136844 0.420063624346404 0.230738715272429 -0.36161472943048
0.732986912330651 -1.72378926333198 0 0 -0.294120780722999
1.03187658519904 -2.02443705549757 0.227421400180879 0 -0.499153021657581
1.28790915675031 -1.90291421996921 0.135165469109826 0 -0.639670334097808
1.24532874696416 -1.7638864087436 0.0204544319126908 0 -0.691531413700154
1.06955291985159 -1.48458787057483 0 0 -0.530348983302195
1.18416914796256 -1.29113806685387 0 -0.127770112488538 -0.487658173585367
1.22810067760597 -1.1142285757615 0 -0.150212592542536 -0.342102523333174
1.27184659580801 -0.895819312369527 0 0 -0.0914975417645805
1.40557618843648 -0.784152123598756 0 -0.0110349786596494 0.168050887612873
1.14731287139523 -0.457849683567555 0 0 0.122035556260234
-0.0712590169311057 -1.54953942756916 0.68741639719042 0.331453338111275 0.340745137804609
0.0916470342050556 -1.66949682614888 0.570163479087013 0.467140423270608 0.0710473052572131
0.248264547669388 -1.86123152671174 0.505164500563405 0.428891894149568 -0.161869286713945
0.420160069958922 -2.02900403629537 0.458025749435798 0.246249021389772 -0.325891258172415
0.620125143172233 -2.10692731958812 0.366609442918705 0.0361503711876662 -0.383036751773441
0.884076497566319 -1.96866426114947 0.157846850544637 0 -0.272260750698639
1.15043725578739 -1.80876401240314 -0.204914419269905 0.194295551797168 -0.221112412975511
1.352800397871 -1.60588644392258 -0.0229359626201865 0 -0.330578046396692
1.33632599847305 -1.74364153864275 0 0 -0.469524695164018
1.29579232677043 -1.49667378806431 0 0 -0.349860713993677
1.44865312866957 -1.40493128663602 0 -0.102509356859573 -0.269617445620345
1.45161112003476 -1.16005362608077 0 0 -0.132694669898897
1.50126794949222 -0.968451376428461 0 0 0.0643479048954666
1.39668408312738 -0.715150993138976 0 0 0.161974713923539
-0.227524221294696 -1.72763475908441 0.678626443616242 0.266536885045448 0.244028461946736
-0.00620784703635936 -1.80917614698296 0.546002947355639 0.47635606264382 0.0204618909097535
0.149293846913686 -1.98509182247084 0.513946403373199 0.414500518799101 -0.146472992676153
0.267095708342703 -2.18633860493813 0.511100489019761 0.168345276481876 -0.214848438374546
0.448160509563871 -2.18152199371272 0.410085939412292 -0.0277253424070657 -0.216009652668268
0.738184990606873 -1.94610865360393 0.144385285521904 0 -0.0806333884190456
0.980809557730569 -1.6324310767085 -0.539709726713178 0.381893672675747 0.182307449530725
1.28089907695543 -1.46577192106161 -0.245430808817744 0 0.0334132091790007
1.41393345124002 -1.62801230935229 0 0 -0.149857120116197
1.54907072749207 -1.7981838514927 0 0 -0.301340671071285
1.61077238137595 -1.59888240639313 0 0 -0.225507384869593
1.69291229849491 -1.45650505794156 0 0 -0.125070007418588
1.72538166961786 -1.24135539407159 0 0 0.0737157674005517
1.64804636394444 -0.98279071788338 0 0 0.230680712479157
