"(Intercept)" "X1" "X2" "X3" "X4"
-0.9055061674252 -4.66105972812595 -2.02671332489434 -0.939708318213235 1.60782109065136
-0.487627852368744 -4.16593704052923 -1.40008281287352 -0.710188467091725 1.46390489728118
-0.0260182171017203 -3.74843168322761 -0.955060119388123 -0.418009138240349 1.37289442553021
0.0177059563890707 -2.93895898586392 -0.449633159255568 -0.176616480026179 0.884960829837261
0.221686878603131 -2.21633989593021 0 0 0.506195145192977
0.150852876345182 -1.7549594019884 0.20350959844491 -0.373666632443121 0.622043372478155
0.147741086514643 -1.74297274149425 0 -0.110978701520908 0.573683962367101
-0.243563146320635 -2.05087267763222 -0.00873987066636252 0.503389271741924 0.598713436330951
-0.645338611732736 -1.84422447622388 0.0635259667251265 0.794103054485724 0.309449812812652
-0.546031370006865 -1.94631796450623 -0.261108967999184 0.748926714823404 -0.777867161830821
-0.584183451458053 -1.98557658017786 0.0478290887401262 0.843478216283948 -1.0464015697982
-0.644779190131293 -1.9498039674463 0.496454825007162 0.956287462290337 -1.24942792823323
-0.683431645824076 -1.91328331788996 0.897936728575015 1.0069587196682 -1.58236827356362
-1.03658084109121 -1.80897143458366 1.14773929302451 1.07488886648869 -1.88232409120028
-0.993529838194199 -3.84818425399161 -1.44560368757474 -1.12091951163076 0.944488234940168
-0.486247630239506 -3.52399976186889 -1.1264315250876 -0.746938199355434 0.879566591461282
-0.161447722745473 -3.06473072813121 -0.601734547492337 -0.568085105130591 0.781205272554118
0.124736151035954 -2.67918732329021 -0.198372394594225 -0.420997321063346 0.631431415300022
0.531891771050188 -1.73551401298615 0 0.022737292045411 0.301009599669989
0.387417677758752 -1.41459649655883 -0.0285862975930156 0.0106760490819611 0.227101805345948
0.39730347387334 -1.19639691865815 0 0.0694169353416749 0.189841629502984
0.053685401776983 -0.562814864368129 0.0625153878763744 -0.262049304907385 0.229027927217889
-0.369632378447326 -1.01731949443221 -0.0343569827213985 0.594201374131238 -0.17902020907077
-0.302784067709703 -1.14289924248871 -0.0499717260854117 0.62867524246355 -0.72121244380589
-0.359746876631541 -1.21665067091318 0.277257589168353 0.718781316020357 -0.845862002124294
-0.470129925593517 -1.16134671194686 0.615195625827827 0.808619691088449 -1.03421106599729
-0.682511906727554 -1.15142331919528 0.817844184892961 0.832691840719994 -1.26599609615574
-0.987828786246258 -1.07910974039426 1.07379581904407 0.888237934394449 -1.63805684548414
-0.805489460347641 -3.06520740181725 -0.811577994157214 -1.20480250955728 0.595255530087886
-0.613916011623487 -2.84957969428453 -0.780608540651896 -0.956591416445898 0.426602753651577
-0.381293935912207 -2.47204443536687 -0.409867552944523 -0.686265756097576 0.142801173261805
-0.0210435474950119 -2.00820756830242 -0.088994059057847 -0.542521808360363 0.0896023384533592
0.6377194993804 -1.20394464087938 0 0.0161280627732402 0.0901098003658593
0.411412165789431 -0.919746354777652 -0.109405589960992 0.401660536661382 -0.265501895297898
0.302526337910115 -0.145271732738726 0.160617600388866 0.385568271470997 -0.664488705132222
0.181584760288273 -0.0333304705072467 0 0.0720393180343121 -0.342985772455024
-0.204765287372116 -0.170460335548802 -0.0218357834530215 0.364349927023286 -0.408862007869761
-0.0813984045207235 -0.381227765305315 0.024969435879746 0.475718828969311 -0.57505013117887
-0.12237618731193 -0.462055363287317 0.364813444142232 0.593531513568517 -0.706872844428701
-0.344417717880304 -0.396976959514031 0.536975621474085 0.628049151935646 -0.777721207750515
-0.639192161553703 -0.458481404310541 0.664437165792029 0.631354057655542 -0.926169846534186
-0.944647739299573 -0.505603271887958 0.87135412923288 0.645339289914317 -1.2150610961386
-0.463309126072185 -2.45909850670874 -0.768810748669898 -1.2380682898054 0.66144200251374
-0.176873504326805 -2.08674411993481 -0.418876379724856 -0.766007960735118 0.0863228160729185
-0.0888607740976763 -1.67310381087983 -0.186430985972664 -0.384030299316829 -0.519438665209274
0.288228736663423 -1.33304234956082 -0.360328640974693 -0.294441642089147 -0.408154629736167
0.807864541830803 -0.856975115935262 -0.31842038207945 0.276887527419318 -0.228729292989663
0.540511851794652 -0.171180888417529 0 0.467878129870093 -0.55080370826812
0.312581150679528 0.224596485601692 -0.012118303527763 0.464255490820513 -0.711116044614705
0.264561109816848 0.546185813021489 0 0.253089677912163 -0.540204603479658
0.0576465520162145 0.609974464352459 0.000385542927158199 0.242555036905118 -0.632632303819452
0.0738174419424479 0.391194091238129 0.158875824634421 0.28918597618591 -0.532437616914913
0.011854749576518 0.354300523110806 0.24637626742084 0.383348719309428 -0.499679940359013
-0.241786164400868 0.308983411589308 0.409866458606868 0.431952448890877 -0.502899681634244
-0.52927342117562 0.139639433666703 0.487571828757713 0.439235903836301 -0.603348145932671
-0.829196241317947 -0.365841289463039 0.489295155954651 0.43354072829243 -0.576499476278438
0.824532159460796 -2.00233686977273 0 -0.59493211519157 0
0.350039216318557 -1.46088874815206 -0.360355002965395 -0.703189761234337 0.0811390808890713
0.369601674467806 -1.04792967672073 -0.201900451348577 -0.162341402232273 -0.507265202036292
0.509809189806074 -0.633618092767087 -0.244488577004803 0.213220410138674 -0.775758648948272
1.02012432135383 -0.397532540363395 -0.454330322652401 0.627144649361471 -0.706195624131823
1.06722011077018 0.237139520549908 -0.519353467235857 0.849808108858612 -0.493294761897141
0.849658176478328 0.391134658339237 -0.423070157409467 0.722068496610932 -0.564041848911425
0.700219714605739 0.705914063888046 0 0.0578384818711672 0
0.438935246315068 0.888576116479098 0 0 0
0.192633323216054 1.00045953995119 0 0 0
-0.0753191635205541 0.979971380166492 0 0 0
-0.201575744245913 0.883665163430486 0.301495284182122 0.244767767454408 -0.276067243855802
-0.474049101472885 0.285204954075382 0.302171498393513 0.331111373796988 -0.246470156088281
-0.741858513491037 -0.661980838673699 0.092078036185853 0.375699536480015 -0.142034681729975
0.585670037739745 -1.60241288342988 -0.0633074418809897 -1.16205000917574 0.475691562067324
0.584190079933003 -1.26566580688215 -0.233780327523433 -0.750497516626401 -0.129046544548688
1.31921073911113 -0.77928685869349 -0.700671606178514 -0.0870864662824647 -0.16045303421563
1.383915956441 -0.541894099150754 -0.754446208971642 0.292729186046544 0
0.185127998073452 -0.311538106955156 -0.128291140217436 0.736817851316014 -1.23293593037865
-0.106495271598069 0.194615165749789 0.280807186909114 0.405403792199089 -1.50891900011494
0.786140896896287 0.349943145387729 0 0 -0.380730358576945
0.700263645398073 0.712867725345043 0 0 0
0.439793296654086 0.970845544858381 0 0 0
0.174434208836661 1.15992155943788 0 0 -0.445538974251794
0.0228032758574313 1.32755810615522 -0.0113094529942849 0.344885305846825 -0.636408076383343
-0.295788971497631 1.22086772192183 0 0 -0.194415348300519
-0.66194003602312 0.415683840893052 0 0 0
-0.956032490908161 -0.208233525631377 0 0 0
1.11760398576118 -1.26772539021085 0.075803898226155 -0.664721755469316 0
1.06454106169659 -1.03429011022571 -0.0723284782012639 -0.509990039836549 0.30241402543115
1.30227409544302 -0.646268923085393 -0.634290874601081 -0.207131567089788 0.0776626170073597
0.79433279880712 -0.546275017119758 0.0622922607161137 0.52856786917532 -0.243055203991971
0.364550803505418 -0.66243015427272 0 0 -0.325408957272894
0.201690828535793 -0.310310114164521 0.203340521855358 0 -1.01670266750991
0.0355391732670401 0.24419874643883 0.332683617123847 0.200949948504635 -1.53232324366957
0.215867741397125 0.705336792946451 0 0 -1.32574794065087
0.181467927105048 1.08597257125006 0 0 -1.19128158544868
-0.00701999217598014 1.29943576605766 0 0 -0.776545787920222
-0.174126270502852 1.21210057883523 0 0 0
-0.325295537205867 1.11827586362804 0 0 0
-0.397311526681281 0.594054867010316 0 0 0
-0.584640191465542 -0.0685443003404835 0 0 0
0.963746046962651 -1.0286272760148 0.368299164217284 -0.304642562137658 0.20739597787956
0.693596378419137 -1.06048205436548 -0.17741289755656 -0.186953901683758 0
0.418804443639371 -1.02981737399329 0 0 0
0.578123202973933 -1.0867803479645 0.139492023358679 0.32943971604222 -0.0278874305723883
0.575540871964903 -1.15470038081324 -0.134958800637027 0.401810329475576 -0.611470299254851
0.345784480180507 -0.803516332220018 0.132950242206973 -0.31554556770981 0
0.183228905238704 -0.128457825495736 0 0 -0.863713641420434
0.361381444139281 0.232375377672834 0.359650367477152 0 -1.16929045342525
0.114229595459121 0.690269321882857 0 0 -0.928197636981364
-0.0341975668306733 1.18346219906215 0 0 -0.236480202548673
-0.158841448053965 1.2623430844266 0 0 0
-0.171275454584452 0.989035652780545 0 0 0
-0.309161743037886 0.412852969261262 -0.298932716107402 0 0
-0.317658058171731 -0.116972035093142 -0.314905318497618 0 0
0.601133734308354 -0.834003857157404 -0.176454918488694 -0.0794894322381332 0
0.295477729610353 -0.988852851391547 0 0 -0.0897945666542478
0.422653481264486 -1.30319125669048 0.0808281751495946 0.185258233894001 -0.17017247427896
0.324837819241221 -1.78926168412123 0.0865006229096645 0 -0.458905982535952
0.41401350168673 -1.9851244978235 -0.0584576434673708 0 -0.665226867640574
1.42480089393814 -1.45776465561096 0.149608316457916 0.102086566201349 -0.38119107173575
0.759512136691448 -0.814618391757719 0.308110626071966 -0.0798500426576773 -0.445714913235815
0.316244499046319 -0.289361106390142 0 0 -0.864572273265663
0.0166933876482299 0.0844315340439775 0.366782888854912 -0.360670052447984 -0.642933978473016
-0.219944415577207 0.908357003635553 -0.12002284851479 -0.432584682380722 -0.317432205858452
0.111585988978698 1.03062411331723 0 -0.175789925119225 0
0.152254404776309 0.915159149034989 -0.168567205194659 0 -0.079438637871609
0.0781967749752026 0.135362607061202 -0.493939795016672 0.290625253091849 0
-0.12370347742992 -0.469071171220756 -0.595730169153108 0.318278282708981 0
-0.335634543664721 -0.679480802884284 0.378856755414776 -0.0530841042566925 0.386024690547543
-0.112966878459377 -1.05988912273731 0.164512067695169 0.0852143918107254 0.074871615104839
0.419865983128057 -1.56233027810757 0.14060041902157 0.194237077008863 -0.496224578464637
0.406945160494756 -2.06574173427529 0.00710415435438202 0.297747909517828 -0.88596751584796
0.581507358697668 -2.28449148598633 0.273786159137997 0 -0.497430725640682
0.703299040206172 -1.96724519353539 0.423914812377357 -0.437277990513207 -0.507193371498652
1.25897043571433 -1.50593604214616 0.731854099111157 -0.161723641725516 -0.928491353524319
0.276317893139416 -0.664703748081966 0 0 -0.827734306447756
0.378693925474627 -0.2162138640096 0 0 -0.621267445274725
0.278556332843373 0.372238534718197 0.0877679478660131 -0.327018238357185 -0.397824185151448
0.510024557554947 0.646060928833995 -0.512732848113378 -0.270549997080627 -0.551215810485842
0.577647906053272 0.557699561506783 -0.759815971054681 0.16026884860706 -0.483127047772125
0.330966103430354 -0.344620383152243 -0.58148782273533 0 -0.0974380891707576
0.132384710636954 -1.77033590003992 -0.901771124653576 0.411709809258581 -0.640666322930832
-0.213172008490087 -0.965345222111139 0 0.348381702188419 0
-0.190464336431924 -1.24445568519826 0 0.454521310791803 0
-0.023909557441582 -1.4233961478345 0.111834433963448 0.406397192165354 -0.280679912959093
0.0192667206014228 -2.05228165858174 0.261391862812738 0.457419474639381 -0.31062966565143
0.149675463180643 -2.45764580094462 0.323999682850085 0.535094644212416 -0.49635351676433
0.923619740597759 -2.07024365221705 0.350430263949921 0.132799963489475 -0.816505678330417
1.02971339138494 -1.71127170943349 0.431561335188161 0.250179875453597 -0.701915739892715
0.595890347798491 -1.26336945790521 0.102421367135738 -0.159972301270602 -0.917357754282391
0.155783822236132 -0.662369988636586 0.0563895078878095 -0.603767728026411 -0.730320620777059
-0.0357829774714928 -0.235155093576499 0 -0.53205153922936 -0.715000460336133
0.121590158751399 -0.000690598174950252 -0.955439235171889 -0.253353085296985 -0.623179517138867
0.115282564703969 -0.495940160196338 -0.572945922724969 0.408707008679648 -0.825842997263651
0.431228382454646 -1.86072529918369 -0.751331155599104 0.527406306163623 -0.859632315661156
0.705155657881368 -2.73370990545154 -0.849818278719812 1.11198003037303 -1.10271406518245
-0.453643095205089 -0.833260476367691 0 0.702687917257583 0
-0.317833185643023 -0.827350189758554 -0.331735823592968 1.00828677004365 -0.131533306057675
0.00518500472783008 -1.37560278003097 -0.0822687664917165 0.930397645661552 -0.0813037566257189
-0.0894544206444919 -1.97922946789572 0.0133008858905434 0.954120465968535 -0.388585313645819
0.174550848851404 -2.17511859904519 0.379227128084387 0.853905723539724 -0.383960656631103
0.484302112391899 -2.073002039415 0.059357164328788 0.778689077870933 -0.329368165836215
0.657999814562522 -1.85127679986061 0.0571700270524396 0.557699445300455 -0.322923773406303
0.233819734491092 -1.52010818874517 -0.0667437193382249 -0.0752096725291511 -0.651204835369275
0.332990680249697 -1.23942626771987 0.110121118255997 -0.467030333566055 -0.649845419311435
0.209495537662991 -0.968698550289354 -0.25107989060897 -0.45602942559012 -0.768926597808765
-0.971829937944375 -0.385949459282446 -0.989740241185592 -0.427019450973696 -1.48774571465162
0.0297801653765202 -1.48413095015126 -1.05237744412183 0.340899741338304 -1.25077298559866
0.871049692694975 -2.82832042592371 -0.862957807076258 1.31614401629235 -1.31649044507215
1.34380088094409 -3.89613293937274 -1.02862740482552 1.71628947693783 -1.60798156129116
-0.618529272978406 -0.630302241570437 0.181397439405363 1.36539817631794 0
-0.0963987930517645 -0.775996261595055 -0.705288262484176 1.64665955750222 0.251268847662215
-0.110363366514522 -1.40479036775676 -0.670784758711349 1.49739969892815 0.239294230065894
-0.107751227894476 -1.76864711888734 0.0315843088218538 1.21474831738649 0.0538901006906776
0.0466401108377697 -1.83045270315849 0.224074532622349 1.08731766446567 -0.0309762489498383
0.0970087594010264 -1.83474135522429 -0.131663564371799 1.10015745284808 0.0435205825190653
0.422547733808386 -1.88642971878343 -0.399366141261501 1.07097691485628 0.16304590108664
0.651246133865584 -1.84667513746733 0 0.322694538807035 -0.434352274133876
0.606263031187473 -1.89428937468632 0.0437272171530513 -0.262129319404847 -0.653184932605687
0.936476016311588 -1.66174796363874 -0.13410365980564 -0.0787436902919255 -0.522115229807117
1.28899230890258 -2.06348203487624 0.0640365407057683 -0.354312999923489 -1.24376736695252
1.01344282286779 -2.27502309965365 -0.454594465280042 0.872150536156583 -1.32460996661541
2.54554251083935 -3.71601455086066 -0.665104355309021 1.2488321470628 -0.888726822867133
2.30154794498293 -4.53948363026483 -0.679920092117149 2.5302584082048 -1.52031115349921
-0.433577666959911 -0.417631847520923 0.193080849289485 2.22244048334952 0
0.260039532650067 -0.597443579369223 -0.758629653257462 2.28191860665983 0.411397077681304
-0.169022094096592 -1.28513183480147 -0.408091507932298 1.77300577596788 0.482453347234981
-0.363889303701002 -1.56762464000967 0.0973938322908973 1.36925282757807 0.428672203357346
-0.239399323851319 -1.61359678389945 -0.21867248449057 1.31696053995163 0.337176195573929
0.0743819103370087 -1.56118510459239 -0.855096608961863 1.32375117048621 0.35598156905755
0.340734339401347 -1.51754098489286 -0.890378159506465 1.36299864122791 0.571149443439118
0.582236844825841 -1.79836606528016 -0.460748271202813 0.769692696324037 0.209562743806483
0.796959220218618 -1.63759535868361 -0.649030702615305 0.668878028940835 0.262153710128127
1.49923172209754 -2.21278155505162 -0.1490112310335 0.662577379046532 -0.461155207412876
7.43466885670369 -6.64866893778633 4.95021352565676 -2.98126903931969 -1.27594220427118
2.16002134159753 -3.02622110533663 0.0553506556154715 1.65108132403724 -1.06715520616545
2.89806461706322 -4.12943133152039 -0.138821629332462 1.90660494873274 -1.14756604927961
3.26746008244335 -5.17490789232358 -0.268638135729322 2.95061614909767 -1.55271295994173
