"(Intercept)" "X1" "X2" "X3" "X4"
-0.342862416012984 -4.32512198642167 0 0 0
-0.176495661646504 -4.33206526441107 0 0 0.457535195492136
0.177502698735471 -3.70909158936671 0 0 0.565256027652403
0.734762371848397 -3.0055752779601 0.322160636563626 0.14810530697028 0.501331741406294
0.900328171379902 -2.46040668288596 0.344430908031418 0.170312571919231 0.370580954561505
0.618704186226599 -2.1940111770842 0.336187103553258 -0.00200572825516722 0.312056546077833
-0.2759551951547 -1.83512096698642 0.623121846332658 -0.530652786895549 0.363731831184824
-1.11364220396388 -1.76208382850797 0.929621545288017 -0.711478716663112 0.453306124089651
-1.47858331420439 -1.80668738464815 1.22909573161626 -0.528414823544101 0.558336445955918
-1.6904723009129 -1.84912173092714 1.58136428210793 -0.303394813732853 0.793233827406176
-1.76009206847351 -1.86695586064404 1.82354646949624 0.0971004074369893 0.839827559676027
-1.92082381228403 -1.86978101189363 2.0801392992233 0.438119574964925 0.982880793477784
-2.18966152184714 -1.79237748167993 2.3278252775885 0.705623088976841 1.17214146089742
-2.69008196507933 -1.35842004812219 1.60856613173108 0 0
-0.0672768521215936 -4.42460536896202 0 0 0.481013977320194
0.103074999015634 -3.85682946343834 0 0 0.436630246549916
0.229878279362124 -3.21491289050639 0 0 0.306563670730545
0.372452363829032 -2.55398557934826 0.0838367769899645 0 0.230192984319944
0.803809615384992 -1.98144845081366 0.0809360408230214 0.234693689139332 0.0477636422008404
0.987304164715375 -1.43454858188749 0.0390155522679344 0.356806936865914 -0.111873115781059
-0.048167982442776 -1.24808921306875 0.296016755008469 -0.0869510020580258 -0.037593981700528
-0.535959757804185 -1.03672526272965 0.440886777481538 -0.21219605333818 -0.129221982408688
-1.06626106397413 -1.06480885995273 0.715711835535335 -0.116438327064872 -0.110614763117049
-1.27069398627979 -1.14285451984641 1.09949382767408 0.00399557103203622 0.159278134408531
-1.31671418592791 -1.23553485538172 1.3532208957569 0.372764123081927 0.299651304098211
-1.54093887545653 -1.22249493681914 1.6408430978675 0.617031526764483 0.515484338350885
-1.85923442525364 -1.11427880636082 1.8630778670183 0.804000700858003 0.821118021582548
-2.16420411623728 -1.04184450556436 2.05603696677336 0.944381758261247 0.953750081065968
0.27684197061162 -3.85374394804134 0 0 0.451266368817044
0.377724209454526 -3.30930987529371 0 0 0.32317819730359
0.410346858805898 -2.54781681695459 0 0 0
0.762425946634178 -1.98016253512066 -0.065584502712256 0.255268802313177 -0.0561404710063301
0.836010286068461 -1.43817946466683 -0.202552538450358 0.345301392735562 -0.231519198837955
0.901934993084456 -0.983289256889573 -0.212396150223821 0.502251924232029 -0.468339959096909
0.334486229264948 -0.767436767358411 -0.130395353455368 0.50100112528654 -0.499495524557084
0.0785561614774919 -0.446766209837884 -0.0145037535634856 0.26803161601574 -0.654350632836012
-0.521827831612435 -0.304613531356359 0.216682590717496 0.270769662316998 -0.722713934023774
-0.751260144151066 -0.535494617377865 0.616592228343759 0.35668070289072 -0.441437540813765
-0.96214141337108 -0.58465502005998 0.926266057315745 0.52255058423644 -0.308980614602186
-1.2993904116917 -0.449471016867059 1.24473487684337 0.680012219449484 -0.0546891237788522
-1.63478723746316 -0.333862446222659 1.41212924497541 0.881298934264862 0.505384394756488
-2.01510240493112 -0.320378983142074 1.70098035837299 1.13326077260547 0.896337283678596
1.53924984690466 -2.82838667611815 0.440106296668202 0.189747721096992 1.05163113068152
1.32649196475396 -2.48838096390727 0.310910650169447 0.258616217901318 0.761476368843911
1.37749790845775 -1.96693335530382 0.13629674081021 0.311186546862734 0.425021903381405
1.19383634539161 -1.51264215415118 -0.210620506242347 0.427910775898455 -0.0402865520179985
1.24042321839488 -1.09915907070128 -0.477146254073193 0.683964474737101 -0.462122079738808
1.00556909756811 -0.580004300977765 -0.521155395285166 0.791300256630102 -0.715546429579131
0.686498513473566 -0.243783738815312 -0.453832931997188 0.954800818178286 -0.892695124134773
0.702627522634034 0.046077733391264 -0.471726628584657 0.711134617291615 -1.07638655025473
0.26000320308387 0.278555093567865 -0.320903648782445 0.579288814418049 -1.17541221899126
-0.365735705136459 0.0881495602266864 0.287141546545904 0.539360618349661 -1.03220576108279
-0.746774442539786 0.193030726128022 0.589163602656217 0.561471405993675 -0.794938403673072
-0.974911294948414 0.22834489977221 0.801906993708603 0.777321700236482 -0.261008687378525
-1.22734537466512 0.275485717503621 1.00212684220363 0.978221756764908 0.427155442174731
-1.67911985273995 -0.0717481639499 1.34030660065835 1.17877933064468 1.04646333554676
1.65198347695408 -2.49633556209353 0.505403758871247 0.117311797687937 1.00047808534839
1.57118253931158 -2.07163392254071 0.225894311448248 0.194371040834665 0.672971385415714
1.44756267334809 -1.60575371837918 -0.0651169778771723 0.383464917131967 0.294624840259855
1.44948871960176 -1.13054600751321 -0.246025341978053 0.488878870295528 -0.0335777647370881
1.29993218503247 -0.801569588624915 -0.542265037828837 0.715068078256458 -0.515655653785005
1.05937114000035 -0.2316910117245 -0.722361203239103 0.885782948123524 -0.892272337915681
1.0540902401012 0.132369201686257 -0.810816388982283 0.958219079882115 -1.21510107665589
1.0678731957372 0.358263943450094 -0.896923173078612 0.673510101153024 -1.38694017567227
0.925748825232492 0.788929779803112 -0.748538344984819 0.421426960575434 -1.41408143019529
0.215140290511191 0.92125374794893 -0.223904127011224 0.507169727231354 -1.44447519785904
-0.24910271242373 0.833221021268065 0.191393961749615 0.732027456209333 -1.05814912907751
-0.450368895592939 0.767010245725323 0.378592843331119 0.880000593399462 -0.537274502354498
-0.771125040914317 0.50905831260987 0.691119160399877 1.07333317772426 0.126189775467062
-1.40603099904968 -0.204093251815034 1.0595146164541 0.852716411572763 0.943125169569699
1.69571123840148 -2.27578688819702 0.549095850380513 0.0513962815229463 0.967876799535289
1.5560411596122 -1.82871490785369 0.147296019355946 0.11624421903109 0.555942253958461
1.42798734920251 -1.40578928050518 -0.266835203256095 0.254490598851009 0.0929035337978603
1.37796291863184 -0.953198879148376 -0.363298696727152 0.464262294638193 -0.217572448954541
0.991841379700652 -0.601119831709894 -0.514946459785148 0.599438803256237 -0.784186379496295
0.383510192677762 0.0279029463048805 -0.367936850001288 0.409441954841169 -1.00569002357998
0.579589115478035 0.324600414489421 -0.688281801430101 0.40408927422077 -1.35714131509683
0.90700796279921 0.536078437759414 -0.848153073273643 0.663525278734656 -1.39498267067737
0.744476221819534 0.898023361440916 -0.69111534956309 0.436286005832538 -1.17505078321263
0.510920060853192 1.21451680428192 -0.589850563051974 0.549769109281664 -1.30028205349193
0.152301503746006 1.25370104818319 0 0.442969441027954 -1.02166442485369
-0.0211201642338428 0.970076678255048 0 0.258452606608634 -0.591394730686331
-0.734716255571774 0.571415777715942 0.336038859283291 0 0.0195869215525397
-1.19479622481867 -0.226237449275336 0.836705535979706 0.491926968468367 1.03982055196274
1.48154022402457 -1.78884057927879 0.398202855196821 0 0.778211021624653
1.45150739871149 -1.56297438283544 0.277219292642451 0 0.553907432233287
1.17757612327969 -1.28326381751515 0.0436924674080903 0 0.0957642503964834
0.979045680237179 -0.850617127829495 -0.189237228115689 0.194423175380566 -0.373255402624234
0.819066006610265 -0.503469969690224 -0.227657611975408 0.334390500568943 -0.971281999317734
0.37327833981374 -0.36078654645886 -0.311975177110534 0.282044539971123 -1.13355924979606
0.599313795198435 0.17421233978907 -0.417427247871392 0.357378282429459 -1.28206450746982
0.673312855331673 0.483886774111464 0 0 -1.23008961948016
0.7760010700841 0.664023234290451 -0.483663681599061 0.313216896401543 -1.10449696091488
0.626155711912435 0.995607163848592 -0.692990326429122 0.0462609183920383 -0.784303048850189
0.294583832774439 0.94782855088028 0 0 -0.62634364892125
0.220165209103321 0.83996914391272 0 0 -0.419338025426797
-0.165629401862366 0.596298991382921 0 0.0722255097858866 0.0356018522303305
-0.596938347904572 0 0 0 0
1.10815068320355 -1.14054137778192 0 0 0.475434398185438
1.04762018849869 -1.07991189905172 0 0 0.229184874031672
0.944521575799798 -1.30905716671874 0.189254709621738 0.126700655473675 -0.0661807422043175
0.509430879250449 -1.07756789439527 -0.0584104164222458 0.213486137359808 -0.708594981657685
0.962228015590888 -0.817939847044106 -0.094624121855394 0.302394491378711 -1.12452353301573
1.00726297203775 -0.812526028053189 -0.154981502111483 0.357355080717332 -1.32044742373347
0.601224848477963 -0.599414171424184 -0.241247883431039 0.311139978001314 -1.08102424185176
0.590371191531778 -0.0403176457495027 -0.193450794702968 0 -1.01313968764467
0.908720198896406 0.179881347140006 -0.244359417328603 0.118383767603301 -0.998943254506371
0.616727625112558 0.620270528523651 -0.262638891030674 -0.241398955805443 -0.620364082362838
0.802476010261061 0.871195024925292 -0.528438396215804 -0.344629596705643 -0.80787090352807
0.59395583736523 0.874442817057559 -0.409841769331577 0 -0.483596485020421
0.129401003217272 0.564806408397589 0 0 -0.0519132253211257
-0.297805807382243 0.459844195130744 0 0.0417164599630568 0.505168068570565
0.873757061411921 -1.08285073288231 0 -0.16185002016358 0.703202369550185
0.729593108248933 -1.16292192893215 0.332812002029059 0.223009313276846 0.347792479526913
0.805665720676907 -1.11731504952182 0 -0.0764280196644439 -0.404371504334789
0.607704172883417 -1.35235357567271 0.253563350094142 0.0393944486849445 -0.780317969610899
0.968267350953815 -1.2539697190262 0.089012654294722 0.145297447196836 -1.19297509905868
1.18626530165249 -1.1227915592352 -0.181643595025536 0.25952777798095 -1.36737335907142
0.198626819802169 -1.32900137429018 0 0 -0.843238980017613
0.235448722359155 -0.781411675112533 0 0 -0.884099834683377
0.539261069900612 -0.298462712325481 -0.347884106757238 -0.0492991050211783 -0.767049078992907
0.593308184679419 0.18138234488686 0 -0.339848864324815 -0.512879081327253
1.16716221488774 0.622919214058602 -0.106735807334717 -0.348572743834153 -0.407796338043132
0.696285938446806 0.606365504730238 0 0 -0.170019464559698
0.621924422928249 0.667918382444192 0 0 0.0644121451422659
0.324396874583629 0.536122886278266 0 -0.14383640314193 0.306364606222451
0.436138693574352 -0.944740309414255 0 -0.152810101073702 0.5395083744735
0.629733300815377 -0.899937407372001 0 -0.30544283644801 -0.00916218640133772
0.686616530017876 -1.12427967160039 0.330551572747633 -0.200960180780994 -0.307444149372252
0.980120131930779 -1.28338745224479 0.379357163504749 -0.222341167326234 -0.771275896932929
1.11383801147104 -1.38729080773335 0 0 -1.27100087599014
0.914823622773461 -1.80197823502495 0 0 -0.926325202770086
0.380243612281336 -1.82797291637092 0 0 -0.804378149097415
0.502482305051442 -1.36868421113986 -0.154588170382149 0.0313274437838143 -1.11606260042455
0.354905176409767 -0.656215831015898 -0.403050476245586 -0.0752960862068741 -0.755212719168954
0.702016998542578 -0.186840157148083 0 0 -0.262860454437257
0.736427889521507 0.234549493303093 0 -0.395929195831382 -0.145380768952714
0.7817724771275 0.203941636958869 0 0 0
0.735056133171851 0.181647607170891 0 0 0
0.589513369735683 0.136700821049431 0 0 0
-0.0577641711269002 -0.738564853409379 0 0 0.253804053657192
0.427105246778729 -0.794527590454436 0.0280597593494532 -0.128450486594358 -0.163618090061248
0.795599240644457 -1.02809959392078 0.243897420380141 -0.08663573316957 -0.631044707495052
1.03369692477721 -1.36970566148438 0.364268914578133 -0.167543708284769 -0.851876259633571
1.18087974227067 -1.78557880311124 0.26969014732272 0 -0.972810844299576
1.68420892374153 -1.75600258457709 0.289510175780985 -0.227963962976516 -0.990065608425401
0.791713290110287 -2.18516087176148 0.273710440604694 -0.218227380853506 -1.00032951553441
0.715879239540432 -1.7305673614259 0.0635675352297278 -0.221425524438032 -1.07232325858729
0.416713447632294 -1.12819866200879 -0.328967651236096 -0.291801634655878 -0.877917449958081
0.853002621352633 -0.692674393350037 0 0 -0.416700538880788
0.95315123355482 -0.283726391357452 0 0 -0.0498033060335753
1.07578123239976 -0.0299582313718232 0 0 0.166528276950672
1.19560517933839 -0.111067605701883 0 0 0
1.14988544492306 -0.0593404665163118 0 0 0
0.140390014740073 -0.303029940426562 -0.300308850757216 0.118668867220046 -0.0137824532282909
0.495613760637244 -0.715666384575402 -0.136620715380943 0.254269740214413 -0.399229367490407
0.793327301448351 -1.17125452377082 0.0059865692836712 0.273206842642116 -0.644015230718791
1.04341843151981 -1.46344320955577 0.0813829884467585 0.129524207354242 -0.859951150892248
1.16494787518369 -1.80018068271982 0.0536405724231956 -0.0798625754706023 -0.798457254037297
1.47052753533539 -1.80916162415546 0.0833517865304608 -0.0204414716173983 -0.658782226035787
1.18031719865217 -1.82326182321627 0.172229290512262 -0.00572322968445638 -0.694277706979712
0.608362888492731 -1.98276518037756 -0.0666096569122451 -0.177079863189904 -0.867911698038676
0.365775857733278 -1.4425308816445 -0.393285737944386 -0.30778992683421 -0.773935956169497
0.979772809055263 -1.15295787378849 0 -0.183068273405021 -0.490895023339784
1.05419647122756 -0.798510845133354 0 0 -0.167969702299075
1.2183115404137 -0.469780872434359 0 0 0.108287182841186
1.40703379304789 -0.254846285067566 0 0 0.285757262863825
1.48735197507175 -0.331150512152944 0 0 0
0.427109290599665 -0.210681578621572 -0.491659959319538 0.291558517704528 -0.0224088980084362
0.74923939285596 -0.625745353945043 -0.449100391838926 0.316991198581474 -0.255167111112264
0.928158530847446 -1.11660184554555 -0.383706987095678 0.329162091291588 -0.457908754476116
0.653571051216485 -1.61763646342309 0 0 -0.518221931641008
0.782152731647556 -1.84150979388342 0 0 -0.553484351049414
1.05463613323068 -1.68824822663878 -0.288467153970193 0.303886171108626 -0.201282157705909
0.808209414828235 -1.78408854768659 -0.154469411408526 0.425121170940821 -0.133443250744455
0.643022651870131 -1.72097322043364 -0.220422922361444 0.366089129019845 -0.260049676616459
0.423887038323902 -1.7163034554524 -0.505803967662453 -0.14219989102258 -0.493579476040606
1.07875383244161 -1.60508909557148 0 0 -0.324055600379013
1.20086383476096 -1.32787094868311 0 0 -0.25308901950898
1.35344135632541 -0.971488745092135 0 0 0.0596666499910092
1.48537706212662 -0.620719534208533 0 0 0.293219127683925
1.60866757610745 -0.272657884172091 0 0 0.605320373439032
0.255103100100186 -0.439454610248115 -0.485521874248799 0 0.0244872248844202
0.364756299306416 -0.841825616957698 -0.410975498540336 0 -0.130110648420818
0.242339706401741 -1.27656206826993 0 0 -0.193876626677964
0.480911930336509 -1.51516757981424 0 0 -0.208171062025554
0.553021891527223 -1.73221066250138 0 0 -0.236484782331358
0.501072017665413 -1.62859759460206 -0.457927909843037 0.63200171539835 0.301146464249689
0.33649050656586 -1.82201110900776 0 0.647036852902026 0.267795608505118
0.406930793402967 -1.68769723672929 0 0.657630489039871 0.156862337865523
0.801607255087393 -1.74424359023272 0 0.292188118078735 -0.230276908507295
0.980270674968071 -1.66081861072671 0 0 -0.326734467960078
1.38713016631499 -1.52549983275503 0 0 0
1.4762576495777 -1.4425864303879 0 0 -0.106906140037065
1.6684682774996 -1.11721892118708 0 0 0.105451518012449
1.72868699512276 -0.717138670924251 0 0 0.462638971921283
