"(Intercept)" "X1" "X2" "X3" "X4"
1.45741828462654 -3.19163803951192 0 0 0.981836189795365
1.18309384758858 -2.92192701687961 0 0 0.816529554054645
1.13020982114766 -2.69018308565048 0 0 0.837388905732341
0.925746848985553 -2.31466826103488 0 0 0.606142997299787
1.12606716688162 -2.32202426173322 0.376777267760545 0.0581341510633744 0.7478689091297
1.01185159522267 -2.03233153761063 0.381332079521127 0.0167481832218672 0.714984241657603
0.729398468081266 -1.95405401414351 0.570016859839206 0.138722437415331 0.851609372363021
0.197825051394432 -1.88078120421412 0.6210298099284 0.0954357781038904 0.928416238409961
-0.242311494556387 -1.86889218530253 0.67606750421715 -0.0465818905600823 0.608851037386888
-0.558862413526269 -2.21363749134673 1.03061868245404 -0.110077739785789 0.618211385621214
-0.571896547845894 -2.25386942705981 1.19245454939647 0.0819465663347576 0.132227385551542
-0.922064493691036 -2.03878594912151 1.25680859990832 0.160912408589009 -0.444216865780001
-1.43744280524734 -1.76477352660296 0.749642515936765 0 0
-1.67017487726091 -1.86101230262263 0.912426937566107 0 0
1.10137667631111 -3.09985583916419 0 0 0.536120475604731
0.993502213656676 -3.17561313643986 -0.360416613788638 0.364038112210464 0.613746459304666
0.976799181362061 -2.35304175523656 0 0 0.480410710067572
1.16604293483439 -1.98256348821386 0 0 0.757977574980476
1.13287661677519 -1.76759438991463 0.151874968460174 0.173730452820458 0.444906471491813
0.971982379206443 -1.36265870908764 0.222979970600697 0.197682162363992 0.238897238162164
0.690566786396516 -1.031314185846 0.344721285392704 0.182285564594659 0.0941295252243966
0.0166360853072581 -1.15995315567797 0.510200658240242 0.228443795200377 0.692706973789272
-0.533233164081685 -1.22497175419946 0.762218329897385 0.0819218392960099 0.458898210689679
-0.667107006475329 -1.53205669191891 1.06303607693523 0.136720106846591 0.220759547460605
-0.634252958028109 -1.53082602743687 1.14839900079884 0.281494789909116 -0.15995204297355
-0.938394820406697 -1.48906357789737 1.04632883063058 0.264564544169978 0
-1.31711756608355 -1.33274061100324 0.862410404882877 0 0
-1.52201907283406 -1.38231378775661 0.946928693186112 0 0
1.72434440879965 -2.59215896457847 0 0 0.75925333354172
1.12183725011126 -2.70401975386713 -0.165355536405123 0.263715218976174 0.461525319071891
0.955438019925426 -2.2631511175085 0.0348898812582301 0.115752766107918 0.44013100787932
1.26822240099204 -1.57533332425853 0 0 0.582652139149596
1.34842235399856 -1.19829422062213 0 0.287458787703483 0.489563498278731
0.842074350427002 -0.916005520369844 0.101371341452734 0.353485280764852 -0.0323321980680358
0.691035646648133 -0.433148815580604 0.0996714759228699 0.442037069753528 -0.335694987319677
0.170241197636175 -0.411556060318739 0.28268428549844 0.33986794930501 -0.0233193716389652
-0.394771203234166 -0.631033060317434 0.68345450957931 0.385669181830219 0.106883489856945
-0.510274328699589 -0.779568635720754 0.971766369199427 0.417962507447985 -0.231226729789331
-0.642111236244396 -1.00011479042082 1.11693810581731 0.411325221673819 0
-0.995146184157402 -0.780308487705966 0.9699832591521 0 0
-1.1482028375616 -0.871416067257822 0.963329553016603 0 0
-1.50700453661896 -0.828371400594719 0.869494587738226 0 0
2.18242998720868 -2.15312454323221 0 0 0.958535257979796
1.71403509255389 -2.02090073070302 0 0 0.642616886378435
1.53109886384072 -1.63311945833391 0 0 0.516933329923136
1.45280374076464 -1.19052235644233 0 0 0.466354355936672
1.20089052102732 -0.92825544640495 -0.148638581336341 0.481527978608799 -0.0327630719860622
1.20875630507189 -0.695490228416631 0 0.536239332420685 0.217418798377035
0.690547786344191 -0.218158255546116 -0.0646149473234038 0.713286948962369 -0.299147488248366
0.423905878677087 -0.100755472350941 0.0863399299249893 0.595774556471128 -0.38498051701432
0.126701423424998 -0.426382943928439 0.562595189309054 0.611670334403473 0.000495688754614048
-0.266614635633122 -0.594204753376664 0.946614320258202 0.52989371003889 0
-0.62502770983215 -0.525212746766551 1.06462885415675 0.425845381023056 0
-0.729632915999461 -0.52121832652168 0.891308687261055 0.371992676351646 0
-0.919878845207617 -0.556189428215313 0.845455247911367 0.337746332217729 0
-1.52858723826315 -0.388272262729316 0.782330564789776 0 0
2.53764656090651 -1.80123868626524 0 0.0392346467603392 1.23276056771792
2.14476605013829 -1.644770942514 0 0.0906973329215829 0.877714466999844
1.93198390626843 -1.30406101383656 -0.0354492271191926 0.191988360037386 0.431480216478583
1.6007307334685 -0.979687271743063 -0.135692683777151 0.425981963287635 0.0281151800454404
1.16870326990752 -0.73860670111277 -0.217386807964694 0.541626715156513 -0.197584825659022
1.13101177239103 -0.586172010383448 -0.0932831650419684 0.593478837516266 0
0.905594025711121 -0.425588714463042 -0.0722781371935874 0.65558004603153 0.213595640516926
0.548316223743263 -0.329227025457535 0.097224681191478 0.575118506337254 0
0.486610377453773 -0.299305060807035 0.374715801859902 0.521118982952572 -0.0887515885675702
-0.186872429516217 0 0.511576887604422 0 0
-0.426774231968093 -0.206539135335405 0.714999647568402 0.431320779880959 0
-0.647882371667786 -0.179664132827999 0.695596769945103 0.404208354902239 0
-0.887729701893659 -0.364834131500241 0.739452455433234 0.42162390596477 0
-1.15798937393468 -0.528135800779379 0.756821059307428 0.4185273802616 0
2.60050282655737 -1.77340235956818 0 -0.278858853614116 1.43699174552637
2.32462683777853 -1.64463023025327 0 -0.182846477822833 1.05853321338566
1.9397339933507 -1.47270268862289 0 -0.0263222959311378 0.577750755426226
1.58640140451173 -1.21592221111732 0 0.149792583700427 0.180228774050289
1.06755283019969 -0.962241928566304 0 0.166083075622927 -0.0876159735187285
0.598525639135178 -0.689167323062404 0 0 0
0.789256805086479 -0.4630477926332 -0.0389429119102341 0.558443687849982 -0.262087124320562
0.600679524486465 -0.32052766644222 0.122405732860314 0.573431496623822 -0.327119997338565
0.268250931015747 -0.299490507088585 0.310667817603047 0.430547885114813 0
0.191330970293469 0.441947984682771 -0.329076761193696 0.388332578440476 -0.941280368617403
-0.270881615085014 0 0.414684574944393 0 0
-0.631378726959086 0 0.570120352319324 0 0
-0.851510995073749 0 0.577568410820148 0 0
-1.09114551727172 0 0.556225830667141 0 0
2.40861361537265 -1.76136824601215 0 -0.430714421874237 1.49207501954596
2.14000369615419 -1.71741671086118 0 -0.333713593106801 1.06453036646816
1.79010337238764 -1.60500916888835 0 -0.174341594593451 0.618754829114217
1.44543727155718 -1.40763451273097 0 -0.0288148023872364 0.278751668515342
0.978918125166149 -1.09485324423635 0 0.135008183618415 -0.187047343888442
0.553022774980811 -0.719759693188853 0 0.246351543560293 -0.688399321274502
0.321876472333353 -0.554196762174002 0 0 -0.761524647317347
0.66927018826314 -0.306031209464029 0.143446031230174 0.492493800307064 -0.872158261939621
0.271133428268041 -0.103569349489405 0.0323228591528308 0.285944437474451 -0.908665424882572
-0.00488196559339109 0.244899277908346 -0.263636157654762 0.120184132837324 -1.00167779118698
-0.153993944333176 0.546120859685505 -0.396551492005532 -0.00196425457608162 -0.881230434209979
-0.347464903234013 0.297029847932648 -0.0158660463169057 0.0405830039105158 -0.412564881073157
-0.610160562093776 0 0.327905197923603 0 0
-0.826272692956784 0 0.376019745990961 0 0
2.24108962936425 -2.02423733031474 0.302106745676783 -0.677587667881322 1.75838707632499
1.94079661523084 -1.97223064803617 0.243121281296786 -0.475656437595174 1.21197072501648
1.32756233304041 -1.56921857328689 0 0 0.39392212690738
1.05105781510705 -1.4660737598876 0 0.0885177895168745 0.0860795208470815
0.85993277383421 -1.15877774975821 0 0.365999395722773 -0.471079376932616
0.757658423852245 -0.94388430078178 0 0.312618338950191 -0.85823962764568
0.666040957739284 -0.738826416522012 0 0.249782779462325 -1.07124468185409
0.608354076787544 -0.492069418404713 0 0.260770297842804 -1.22035407456113
0.450262897261199 -0.255698600123305 0 0.262820039531152 -1.13917140342797
0.434009135209206 -0.136070238762093 0 0.213931893688116 -0.879041827088954
0.266569239795053 0.103765765863278 0 0 -0.578799208186803
0.266212954915606 0.327943913243206 0 0 -0.415169490189535
0.122007473424158 0.304402214112901 0 0 -0.260103515927863
-0.454099405487533 0 0 0 0
1.4438710833538 -1.42535521636235 0 0 0.850608684213288
1.29084952092078 -1.45294501754473 0 0 0.542111428507345
1.00656922261424 -1.47740227034005 0 0 0.189316603273633
0.816961460439796 -1.52648528386647 0.26295167042813 0.326421092645157 -0.28275466213889
0.877693740117838 -1.43093947201754 0.174219245884204 0.377437083354231 -0.743668737068557
0.978713869418804 -1.26433555014025 0 0.333619766351691 -0.832193551369451
0.882078004019489 -1.09199423888319 0 0.177391605376724 -0.919902826272115
0.650498046845707 -0.862681349362911 0 0.0643262292141281 -0.915143869082027
0.481563433233038 -0.624994095542226 0 0 -0.766667498658721
0.410736997427477 -0.346911588247541 0 0 -0.706035193106265
0.464377086222498 -0.174881552277745 0 0 -0.50958852799223
0.499461455387423 0.0362325748656821 0 0 -0.353704533870757
0.507382931852541 0.252246523778594 0 0 -0.170948657789333
0.405349393822812 0.374512415382826 0 0 0.00927866899098903
1.07398406296807 -1.62563806407728 0.35564604723555 0 0.906664558462186
0.923226576701854 -1.66727155803538 0.354626019015227 0 0.542737071712433
0.59404389307471 -1.60086610383431 0.406666578997303 0.301807466534737 0.0113600153383472
0.647043044889192 -1.68600212457684 0.337804208040063 0.287613107725239 -0.35144330329923
0.906332113720406 -1.68251937955399 0.238215793791605 0.20437316693465 -0.670916481284747
0.839171300413166 -1.64662503679629 0 0.178673352290277 -0.732600311231757
1.10145837646971 -1.51206925285126 0.0543578242113983 0.140317380569086 -0.949555148792466
0.76703072885612 -1.17435787603388 -0.0369153118158044 -0.090755631211997 -1.01994084853103
0.630890902626993 -0.969366596099286 0 0 -0.691189539181521
0.659585117888879 -0.69342849338649 0 0 -0.600062653253832
0.690725679758438 -0.459663439908523 0 0 -0.431432740977875
0.683291875657032 -0.270082705134421 0 0 -0.252810012493864
0.705281715999303 -0.0538726679631219 0 0 -0.0816300047241301
0.694201297183999 0.169309796702322 0 0 0.112003326435886
0.737785970212816 -1.64592425433058 0.452911211733573 0 0.759206425254895
0.442298968600967 -1.55996694168085 0.492922514382441 0.266898283690055 0.274033326490578
0.46469723229329 -1.65509311019128 0.438807757862498 0.274324348581225 -0.0971229647109315
0.66211772125013 -1.77334737463241 0.266057310995376 0 -0.247649566039783
0.698671988008238 -1.67458973493238 0 0 -0.3547608156466
0.745506103928689 -1.78413661315157 0 0 -0.495401165511999
1.07436978550738 -1.84861185481344 0.134447958197052 -0.0983614605715488 -0.956829438578926
0.744768330176668 -1.47778015895618 0 0 -0.518740400980566
0.785978738014848 -1.22049358177445 0 0 -0.515302961020367
0.883296380370717 -0.994652625323806 0 0 -0.488629404498949
0.936330580277362 -0.769506307564764 0 0 -0.346126452078843
1.09120823330218 -0.646256232131153 0 0.00360550170119504 -0.172005508331954
0.885404137671532 -0.352020152439146 0 0 -0.0393638027000493
0.913188903989322 -0.133684299736944 0 0 0.149428669374326
0.470570139106998 -1.63165015196155 0.421660984596543 0 0.536947010770608
0.223033675720949 -1.63264997642211 0.555843937230288 0.276060415562346 0.152776152288842
0.532013058108931 -1.71426293441454 0.226426805133767 0 -0.0374552710265701
0.580149421113948 -1.91566343638827 0.397789592497524 0.149845112421045 -0.32264551630437
0.745884441675408 -1.69162661834407 0 0 -0.275170801020516
0.925168308382816 -1.952155865645 0.199009493406421 0 -0.43094347022696
1.19295017166559 -1.92531939314415 0.10709184008058 0 -0.561771685821032
1.03881352611532 -1.72265293684784 0 0 -0.598915041836029
1.02257958601354 -1.47706720707641 0 0 -0.489646824349954
1.18132922476837 -1.31060439612341 0 -0.116113304795742 -0.491117266221938
1.10296723577824 -1.03916520422352 0 0 -0.282927061317262
1.19464487055681 -0.858996787779338 0 0 -0.113930102351376
1.12143992372461 -0.622535290268393 0 0 0.00289232334933349
1.11701803863674 -0.415339716082821 0 0 0.167869745465757
0.0226872572104386 -1.73967482185174 0.655609787448455 0.163164050252124 0.394037988872916
0.106643126043665 -1.75883094360761 0.560852519467021 0.229507450212802 0.0837587411761591
0.302226014251763 -1.87546056458113 0.463680409790836 0.268702817017808 -0.12666681504976
0.482072388493047 -2.04559024257225 0.422150994254575 0.130652101077941 -0.270579135340735
0.674946087041904 -2.13192097346321 0.359058708794079 -0.0543736354254798 -0.351278740320343
0.891099766757717 -1.97416472002163 0.187950744873767 0 -0.273521016376647
1.27739368528301 -1.59302162673314 -0.0594656838804599 0 -0.288993806089176
1.33170180896809 -1.66350813387854 -0.0586652997934333 0 -0.284451586552401
1.29943013463855 -1.74652204897263 0 0 -0.459676121961225
1.29401876387234 -1.51179456989849 0 0 -0.355489088856061
1.31892985375296 -1.30363375461815 0 0 -0.260202596239913
1.42367887494324 -1.14531392758462 0 0 -0.0920117874480346
1.39959391272593 -0.909985843517692 0 0 0.0615639560717469
1.33126671512396 -0.668093181268834 0 0 0.217863524283298
-0.205133062039855 -1.845488626144 0.656430914283486 0.115380165612836 0.263812654150749
0.0121289522457552 -1.91325630736907 0.546933198719724 0.163570428166276 0.0610804574702677
0.193229163330423 -2.08712835020988 0.493786274741071 0.155305700960574 -0.0614752848044583
0.339508600720759 -2.25067532492836 0.481603472367448 -0.00377075250315312 -0.164303291491097
0.530499962572915 -2.25762282417191 0.404969601424471 -0.148022699468896 -0.233305794100747
0.841950916328245 -1.90978933895832 0.157501281625619 0 -0.0871897780407693
1.07518899739657 -1.68990134677556 -0.214872666694931 0 0.0444450182892724
1.30849682831192 -1.55574510512359 -0.247976533376379 0 0.0489708407560879
1.40382686241009 -1.5722922445431 0 0 -0.0959262949603756
1.52672764263209 -1.7724431804666 0 0 -0.290421439647419
1.5736825023413 -1.59847858545375 0 0 -0.233731711596104
1.65122527071274 -1.44110916768495 0 0 -0.0922029775475862
1.64007942304873 -1.18137344268697 0 0 0.0863055187305544
1.56172440826345 -0.92609782053359 0 0 0.252606196888971
