"(Intercept)" "X1" "X2" "X3" "X4"
-0.714464100995773 -4.81860422428663 0 0 0
-0.578762761498486 -4.32553085155135 0 0 0
0.0264492063511 -3.86772477911022 0 0 0.574426418854521
0.517040884734575 -3.11673347494245 0.260111793268255 0.103673871942082 0.530271188892751
0.812108083903216 -2.50868079266493 0.337253141292807 0.138269480752188 0.370034542776559
0.820592726234109 -2.21374338225946 0.338161495040303 0.141126845723446 0.205589064995736
-0.262676146330148 -1.87390021454035 0.643119976430636 -0.543534381449734 0.40478784536168
-1.09508945449116 -1.7304557982067 0.933640210738639 -0.70782598314905 0.462672257410472
-1.56377636729858 -1.73227483168722 1.25735161971089 -0.48360418384588 0.516767986776815
-1.80334048135993 -1.7710633120909 1.65199163570581 -0.169131772120118 0.800310039058341
-1.88062414068256 -1.80040152235828 1.899854303829 0.214801726010812 0.832131442742595
-2.0176858951753 -1.82053938080126 2.16248447890088 0.564605405359789 1.00978306322176
-2.21907769328318 -1.79409467186244 2.42596800975881 0.82630613381944 1.23983370032968
-2.59873800158629 -1.63287333797482 2.64501876709839 1.07839004401282 1.49289595900973
-0.406621239141872 -4.37118750975833 0 0 0
-0.282189440587664 -3.8959950291757 0 0 0
0.108748648910476 -3.35976520249774 0 0 0.2821021634197
0.294061603896529 -2.64226382700878 0.0759472496066507 0 0.222710431338927
0.732414243594956 -1.98679196226755 0.086245786846055 0.20551919901884 0.0601650192144897
0.879148763157462 -1.49330800489488 0.1256873789118 0.332214587066457 -0.138770194741979
0.00323111019042001 -1.24124767626638 0.246642383130725 -0.043619599931178 -0.0216535854277963
-0.527615651271806 -1.00694350722832 0.431366695384993 -0.231744348191557 -0.151190537485572
-1.11443285784956 -0.996176178922694 0.69473508984689 -0.0859745127654278 -0.180984463384399
-1.31404576079639 -1.10025671602364 1.10710072227541 0.083299872558717 0.158439986566433
-1.36546774739446 -1.19878649143018 1.38372313465146 0.43570367501627 0.249575047106348
-1.62205515341975 -1.15524207430027 1.68613404759634 0.696097736325943 0.513780917665099
-1.96804787136414 -1.01516448307604 1.95966176344136 0.936805856904351 0.871976141816814
-2.37727783932635 -0.844967298878729 2.18422855956279 1.17056749391732 1.26622948345296
0.032686911106243 -3.74041359184976 0 0 0
0.148881306593218 -3.30048334565672 0 0 0
0.381896323711633 -2.74911759275943 0 0 0.143871175482119
0.334222302918648 -2.00805666720667 -0.0402796411852272 0 -0.127222921710859
0.69256771757743 -1.45003088940177 -0.179319731527422 0.278835641398929 -0.259024791566682
0.816070353067062 -0.918239974491694 -0.193055402605253 0.471349332307924 -0.468959379611383
0.228050465185355 -0.749156559147676 -0.111720502792205 0.493632203093678 -0.486714848497567
0.146575041760755 -0.393782077256321 -0.0559527714585699 0.258081649716175 -0.697263617705572
-0.513474985524891 -0.306576465795623 0.19612160767388 0.27311604541354 -0.71767976275308
-0.808419030011661 -0.484342911117045 0.610989658697323 0.369164278954421 -0.525384982090755
-1.02451388018366 -0.530831662935256 0.948159781445185 0.536114805535792 -0.471291516662602
-1.40851845371388 -0.333802460085569 1.26882107741795 0.743722555129755 0.00483783659600401
-1.74041668032218 -0.228122347839649 1.51039007915075 1.04575931720514 0.680645645887844
-2.05615716598176 -0.208349575029624 1.75260615088372 1.3010059937614 1.17970308426802
0.727082016724672 -3.21494837118882 0 0 0.472299725617511
0.733828137539907 -2.79853557303447 0 0 0.364759742831143
0.708713549034234 -2.05573286542661 0 0 0
1.03422092379446 -1.4861745593733 -0.196335054721806 0.361480049889398 -0.124607557253261
1.23758581758102 -1.08738672662424 -0.500621444962758 0.668443612079599 -0.44882524563292
0.985610125771621 -0.569699475392837 -0.541981512560679 0.822070865867338 -0.752575769019231
0.57356309731302 -0.241605007466482 -0.444108941426878 1.01589442728925 -0.891120175919653
0.708071678497309 0.0454220302285659 -0.504924504702356 0.763370176991171 -1.11067518043121
0.308146682628262 0.311835530513299 -0.37897549141169 0.559249548151353 -1.26550750001276
-0.376170663492653 0.117172610113332 0.271950212376865 0.54074209028873 -1.08173730953127
-0.754028776703267 0.219935529679989 0.608100983303812 0.57667453538578 -0.869687997618628
-0.943322683816517 0.248779168741406 0.877378686347265 0.904301817853621 -0.222109401739993
-1.14478947334737 0.35743197850184 1.03447981803343 1.1126616343283 0.556612565754592
-1.52651287609202 0.165855671248438 1.34946644994413 1.32045737417348 1.02852418474651
1.56367080598615 -2.53639464743299 0.404361633762723 0.0735950416108556 0.91752376124436
1.52897677422571 -2.10819524860706 0.203555046106053 0.20271566557413 0.650061824608592
1.4169514109782 -1.62244648173162 -0.0666073327486339 0.380491786774385 0.254401959948394
1.36854504422278 -1.13553771672991 -0.263025602439751 0.435266430872818 -0.0673215046732472
1.10007429643787 -0.6877938144379 -0.491504832475454 0.617811874576051 -0.562019265396521
1.00439371594878 -0.162070011643768 -0.764577566681087 0.966552097574573 -0.963246508797101
0.919634760018812 0.201028155305987 -0.840463805669124 1.04386581134296 -1.27185171176145
1.06423422847441 0.374161957356543 -0.881830698759443 0.72699329438688 -1.44770867398058
0.948061447516888 0.789672856767041 -0.786039459623106 0.44419657388696 -1.51005133145911
0.118056870055209 0.998230488982299 0 0 -0.883658290139795
-0.243908644700408 0.876894508295058 0.20163243197815 0.729602109619239 -1.16115442788788
-0.380667422979374 0.882321332168979 0.377241821510959 0.818092262566433 -0.570545770838122
-0.692723770961363 0.612818383905491 0.656848828984554 1.00944290293372 0.0727198438951613
-1.31401621989472 -0.10800192656478 1.0153768299668 1.01481331980505 0.801384019439075
1.69952044997129 -2.30038850360433 0.564957231577829 0.0592413095271676 0.953477411510807
1.51005937172415 -1.84109407020988 0.0959493241365012 0.0759534085422184 0.468944422066171
1.51625591700621 -1.40115793822193 -0.239420936488101 0.274652097924572 0.192884617883684
1.42394203002646 -0.871392475513723 -0.486231884945289 0.569658171310205 -0.245664748998092
0.710921940921686 -0.464123703360699 -0.477118191636174 0.580433609785289 -0.922466648098745
0.0579002795214706 0.274956263645823 -0.423037159124969 0.384385777537382 -1.070061332903
0.378910828517801 0.446705202506236 -0.647279417730661 0.415679344200449 -1.29254509600732
0.989552477495253 0.508581278116808 -0.846750988898348 0.708705363143997 -1.4726991202182
0.615247595003859 1.03492977454242 -0.64868326291213 0.635549885766297 -1.33989005361231
0.100143180530913 1.25175968001366 0 0 -0.944526364646069
0.0908698961766095 1.23807360522121 0 0.362132198135022 -0.923546423083023
0.10962685457103 1.12409912041628 0 0.42815987271034 -0.759853823194265
-0.461624013179102 0.830786663124495 0 0 -0.205050985121891
-1.11197586479122 -0.247112192515836 0.727397204398354 0.635745240121111 0.769783341271534
1.43452022018535 -1.96024267512633 0.516531817049025 0 0.611944542783387
1.4591017916883 -1.6560313949449 0.290264282662149 0 0.556857719017878
1.1210466798482 -1.28044462700987 0.0360481649410789 0 0.119488254726465
0.697310184617527 -0.918618725561998 -0.152794569464897 0 -0.510147112121871
0.707185381000946 -0.521750869435092 -0.199013148545291 0.310654888106472 -0.984378139478676
0.474650607242773 -0.24003494420073 -0.329371076351053 0.33955925212389 -1.16286090782882
0.460455559753589 0.309887007262792 -0.39559964592942 0.393933075791492 -1.1213149296337
0.633951317007232 0.49518439686595 0 0 -1.0446395888533
0.616211649622476 0.601257098504942 -0.523209442588098 0.358721904231422 -0.681232139540813
0.537827960900017 1.06074281934075 -0.599533321603687 0.0605312989385141 -0.648395140127363
0.39936357017397 1.08125782230117 0 0 -0.730296591647686
0.259750057532271 0.872158440834507 0 0 -0.417050944972154
-0.0148407096159544 0.784503595340151 0 0.250893352594336 -0.0637381820827706
-0.564976867412863 0.496641773004702 0 0.15888806615107 0.448489484049123
1.31133027076441 -1.35182045439908 0.180375691301716 0 0.747318090210418
1.30064500974942 -1.50845953529541 0.387454201552662 0.232209492976963 0.515979228048589
0.799261138229253 -1.26480719686213 0.268642487703611 0.230819310438662 -0.0585611839748008
0.427914619223241 -1.05639469846655 -0.0783746353561051 0.292895068683509 -0.684700915406892
0.891159571245371 -0.867175857932268 -0.0574522109557758 0.300646242658358 -1.10108526862027
0.821064591085097 -0.914778690844843 -0.136691066769229 0.363133208850036 -1.28162431346911
0.68074378691073 -0.650992930605059 -0.200657900895711 0.386558839501691 -1.06996149351643
0.514623855476408 -0.0580461261098735 -0.140093602216856 0 -0.981860436180934
1.04887691817781 0.237465100670948 -0.293905698901038 0.209874413309191 -1.09154164534807
0.501499705715437 0.652344419895625 -0.338241153383643 -0.297736348963519 -0.616374090637936
0.810409549231788 0.917853661783822 -0.486684448069389 -0.416736663327158 -0.840995221871664
0.556698987440391 0.892019033367383 -0.360432740891098 0 -0.479201865314259
0.61456094770449 1.10876515953939 -0.317030670961419 0.0782415121077151 -0.140836781068531
-0.312425534909801 0.455343895440638 0 0.22195811009065 0.61105292559908
0.982127272228052 -1.38584755093944 0.432800911938603 0.296480304381944 0.862635763050472
0.813408393814843 -1.23450991446312 0.342703846257466 0.390792574708671 0.300199337088033
0.65794772039725 -1.22375823737306 0.241436825167552 0.131809159303451 -0.289134451956727
0.457034321117426 -1.49677182360641 0.346719865557938 0.0443715453856927 -0.79193444064541
0.897271179265719 -1.29718198747659 0.111954316500308 0.110520153315284 -1.21373596756448
1.19615608484148 -1.14682217152921 -0.1634372153538 0.27362091285442 -1.40342309526763
0.194267529349909 -1.36295101478562 0 0 -0.902615929150276
0.269605433298018 -0.797293679016681 0 0 -0.87459368903237
0.504825549769217 -0.284811137122679 -0.344827028692698 0.000149492292525493 -0.6849987760266
0.549728345145408 0.225300323588491 0 -0.340075328079152 -0.443429173352977
1.25728281235439 0.688305949127119 0.0149108561713891 -0.361197335282195 -0.3007371091794
0.617910031232222 0.63644010132814 0 0 -0.146679116046608
0.47120320667238 0.567752403523552 0 0 0.0303823293945901
0.251493642539137 0.569121581328727 0 -0.131832170493228 0.385273761877473
0.496704693843467 -1.0552741067711 0.473504309969142 0.107374585083745 0.817091755152585
0.626290448269092 -0.915075849829608 0 -0.29957562094011 0.02431959008123
0.663825142583632 -1.14723868650363 0.341083327355006 -0.183940790174845 -0.29012375800413
1.08838877192134 -1.23257112841614 0.403333210754551 0 -0.928678805298894
1.21757581122116 -1.37325620574753 0 0 -1.37390680133108
0.929316387628076 -1.80741582083617 0 0 -1.01300539397145
0.34046861039239 -1.88184966125603 0 0 -0.750622340277463
0.487742197408306 -1.40481011281853 -0.140309178755757 0.0286156848630079 -1.10778026459112
0.346550079710029 -0.695457818323089 -0.414875138753631 -0.0928867431820137 -0.751094330060086
0.698900269736887 -0.17308368944181 0 0 -0.251760941940014
0.769632415290997 0.267809483254066 0 0 0.115481766366575
0.801999669869468 0.267692295910824 0 0 0
0.807722605969942 0.234503522980278 0 0 0
0.647370525735598 0.170102191006624 0 0 0
-0.0637297100061256 -0.763643298892964 0 0 0.20226459026115
0.403781835849254 -0.855969279503846 0.0719160002931512 -0.0770582063649332 -0.204803612643431
0.766801647919407 -1.12163582636414 0.281051936945147 -0.0323909527117719 -0.697855971570605
1.13617588861127 -1.32521050292687 0.442952541613159 -0.168119263264708 -0.9313855091794
1.27935678349878 -1.77676874237943 0.402827620982327 -0.222008947947597 -1.07351500076503
1.65835213003111 -1.83482939388468 0.367220409473733 -0.22132332043606 -1.02921160807781
0.706431232386563 -2.33502817581883 0.351456295820914 -0.214559848093479 -1.04744122932422
0.740605847582541 -1.76721811414802 0.10482243545705 -0.268997187147359 -1.1678075259476
0.245653639271796 -1.20805079254016 -0.340322946054536 -0.329284629810236 -0.877768629804321
0.842477449484848 -0.694691872886508 0 0 -0.398230645241271
0.961908479032995 -0.282785927212426 0 0 -0.0407482311607052
1.08996396684666 -0.0532826847908235 0 0 0.140916545160705
1.25586411396205 -0.101406923426233 0 0 0
1.23096568587982 -0.0388660285841023 0 0 0
0.164601342181221 -0.326154964649787 -0.278166175282976 0.113157690544262 -0.0496380344211231
0.480245968876612 -0.759126916171769 -0.128364305424149 0.227233775015921 -0.361844421501672
0.773571605508256 -1.1861114449477 0.0138259440027534 0.337447074879211 -0.67900594607459
0.923448129105924 -1.6197341411283 0.082264350134929 0.220645845828799 -0.852915794053047
1.11008024872432 -1.80839134235643 0.0729755189543358 -0.0571139451892401 -0.78591141285829
1.45547119264555 -1.82001782309497 0.0918023215819514 -0.0107986727692523 -0.691351746238859
1.15842780160903 -1.86550561043354 0.143552321459635 0.0196780020790346 -0.712619342891752
0.333238108087985 -2.02953652550436 -0.181403374644193 -0.309430117696501 -0.979372509034326
0.267241945064672 -1.39129900011122 -0.459135367963795 -0.354801961004263 -0.895063838477149
0.954577466180819 -1.19147226214435 0 0 -0.511604464326785
0.957186350628161 -0.763990681253765 0 -0.325754349637156 -0.374154378618453
1.16231243052905 -0.508688140322872 0 -0.252734965492036 -0.0576129805711856
1.51464674984222 -0.503230036050893 0 0 0.110078732813273
1.60355611696823 -0.415356216719985 0 0 0
0.39953334379401 -0.0531722922155139 -0.644495252789442 0.232004303940587 -0.0566484478937834
0.736542794056546 -0.540043819668386 -0.490035916186948 0.33162180648628 -0.322610768285282
0.997749710635201 -1.10277463518963 -0.421773284911716 0.303113312982808 -0.49340577318601
0.709997294023872 -1.63738701444836 -0.0632290149846633 0 -0.513842643032735
0.784115784100934 -1.83532520649 0 0 -0.553377852814059
0.918897085248905 -1.73363471780046 -0.217421474304049 0.386222204469398 -0.244921441925918
0.773778924584671 -1.80448837037635 -0.141468711930674 0.493355237347499 -0.119688441685658
0.91385428109739 -1.74802747278374 0 0.198387815124469 -0.449751783383458
0.299139412089886 -1.65416891318095 -0.578279854636986 -0.208465187710956 -0.526803657222948
0.991345425442268 -1.57539277431581 0 0 -0.411783347317084
1.12866332595382 -1.36108224968418 0 0 -0.319320828140459
1.19182899432931 -0.944814165291049 0 -0.308584820571206 -0.150423078721282
1.45217841394842 -0.685314554573628 0 -0.260252310604046 0.111209223573629
1.76101084214474 -0.661488617917685 0 0 0.155841762357773
0.796340568402866 0.0253959435365209 -0.940806302871209 0.202779761753339 0.0640564481426706
1.07189408480894 -0.424395725002565 -0.913580942095239 0.206767646314533 -0.138951793351406
0.490558349278727 -1.20092739121883 -0.301617172951853 0 -0.164264354855538
0.810542605032886 -1.40208739131869 -0.452512046320443 0 -0.182334208741666
0.561236739208976 -1.72693112620466 0 0 -0.23354709588791
0.46878094533263 -1.61616422508572 -0.444083968872843 0.744311061831496 0.253543705914762
0.154013560002085 -1.85771929561825 -0.385237727278194 0.919879967124094 0.461265270625391
0.217410897735885 -1.75573483038461 0 0.813894809015756 0.181287143620278
0.520054603132488 -1.716854763207 0 0.335154754675062 -0.437304877382452
1.06114516241281 -1.63669900050407 -0.54707176733364 0.102159542468667 0.0835041224616926
1.33748733398159 -1.50268491680867 0 0 0
1.40067302368816 -1.53039199757008 0 0 -0.157222680647776
1.64716475290458 -1.22095920773053 0 0 0.130513160026701
1.78999480938032 -0.869215807963018 0 0 0.352690435271839
