"(Intercept)" "X1" "X2" "X3" "X4"
0.963444737066749 -2.66780420165197 0 0 0.829882170965374
0.771741185209471 -2.43107101017434 0 0 0.662850008963242
0.579745795490139 -2.19797514448027 0 0 0.478407254636195
0.466396733477936 -1.91671685415828 0 0 0.322311512996733
0.395726230899145 -1.62057301802938 0 0 0.195142758915278
0.573894953147763 -1.27204214441908 0 0 0.119121488710189
0.313471508127451 -1.18803622659219 0.275999200134775 -0.109200199929652 0.540142199759758
-0.0665203872243248 -1.037826223851 0.493539588789897 -0.130874535432598 0.642461493560609
-0.289499277873931 -0.968727601275658 0.617267482721626 -0.00217328715935606 0.425353277830615
-0.530971062894764 -0.858045900425916 0.74277933583047 0.0602072723194622 0.113713385375248
-0.65661768795777 -0.817569248476404 0.837016385637179 0.196012591670967 0
-0.982407893423167 -0.834374933661185 1.02085199666892 0.11090631298823 0
-1.16352629022872 -0.842204103801646 1.08401506095204 0.193057480685776 0
-1.44446930250348 -0.731267897209138 1.02416625157079 0.196124312731152 0
1.08727056213882 -2.53569225637406 -0.308875100165164 0 1.05852662810032
0.900349937804007 -2.23509867615085 -0.235525711737834 0 0.747000628250585
0.801704083266239 -1.86551551064645 0 0 0.453383476804016
0.705323310303124 -1.55553061984911 0 0 0.283508713744421
0.600869398428632 -1.20592053093132 0 0 0.159457440568462
0.714727578563728 -0.902264775227271 0 0.139374656384622 -0.0239734036479326
0.308081681376091 -0.683512124545898 0.179833231738402 -0.00355945778302108 -0.00529766945984364
0.0732993054427337 -0.571853894441469 0.315844994007584 0.145079096956471 0.113825042787642
-0.165694267491182 -0.495557981405338 0.407803649605818 0.211214390123579 -0.00538737527985589
-0.336677766044076 -0.365176903487642 0.443133645983506 0.223024625700323 0
-0.614403869910221 -0.445400650548778 0.652349260621463 0.245996971114434 0
-0.88318528553706 -0.477334945294012 0.808869886142032 0.200424653865612 0
-1.4631578791491 -0.0884629592894641 0.635598139521716 0 0
-1.81417210252386 -0.0146395343696426 0.566865178250054 0 0
1.10510787859178 -2.40982821247081 -0.261117853440559 0 0.938329939920317
0.961297989498364 -2.02654802222735 -0.230685442760074 0 0.667100262517604
0.978442583987041 -1.54783263819643 0 0 0.3998725215697
0.940532244860702 -1.16603258319011 0 0 0.224313149983195
0.947961827800051 -0.878013127226553 0 0.130352868620784 0.0831524814915831
0.807320670203983 -0.567375615497919 0 0.183139881860692 -0.156232250446647
0.396836369530385 -0.265635314051584 0.034767093935874 0.116802501098378 -0.418509773763474
0.261970900452397 -0.1292405632358 0.10861294014626 0.3679936566347 -0.477891856188917
-0.000783573156739323 -0.0111966727572102 0.170398391948306 0.37078023923947 -0.411666974258841
-0.2973043291459 -0.0614547124801354 0.314002677940619 0.313787347833655 0
-0.563761555757579 -0.0865227118179008 0.436868241148479 0.290293717897471 0
-1.04240548709545 0.180139696042093 0.441832394033753 0 0
-1.34072544398294 0.158447626550007 0.46803528618419 0 0
-1.7045840540389 0.169368843145452 0.422462528751223 0 0
0.840021534595528 -2.60474264901279 -0.64141059399683 -0.462859060307658 0.746044602066925
0.590100906457648 -2.14913966804355 -0.511381184874178 -0.284318139076124 0.472849987958512
0.699721481736325 -1.5572938560994 -0.322208655674011 -0.199520665641171 0.207164265015992
0.990668870515329 -0.881989166644635 0 0 0.106656832857382
0.951183203448517 -0.6188804067644 0 0.0857202807499946 -0.109692922108685
0.662528882848624 -0.408002499385248 -0.120273262285093 0.169695723574972 -0.4472051375353
0.55075657225941 0.0171994693662799 -0.132555613016561 0.304540979711732 -0.726765928593942
0.514083741821622 0.252920406802213 -0.141884232591853 0.446813965868475 -0.896554637324239
0.242345764962494 0.41479950252608 -0.0689946584169532 0.488546497802955 -0.73316151032764
-0.2247123752098 0.336222437991023 0.142207023731584 0.343962454457263 0
-0.492047559652416 0.311571601255976 0.220819645664489 0.315272744077084 0
-0.891292900324342 0.448675268430961 0.25920192814084 0 0
-1.19592117000962 0.347976206004816 0.265331194964073 0 0
-1.52087653442425 0 0 0 0
1.21864614630002 -2.70386793717305 -0.52752349998189 -0.779016369974207 0.623112687733227
0.913399238356759 -2.14780850346117 -0.411744749410665 -0.540418853304044 0.356668556490844
0.682824381278541 -1.49656615681342 -0.282852562745088 -0.342099952274345 0.0170865063702918
0.870903779369479 -0.816298757296926 0 0 -0.016099944146621
0.642766381932497 -0.543434196053041 -0.225113006879126 0.023741734820236 -0.499291216678599
0.558026939610647 -0.175499343596951 -0.22307330505571 0.268092705069981 -0.750717866965593
0.768496544036484 0 0 0 0
0.585567355224132 0.495288196641027 -0.32164800970891 0.540950542711528 -1.0277201091746
0.383911638984215 0.654480821782346 -0.245324674814019 0.604077729614542 -0.73632060747903
-0.113525665694987 0.724191335565131 0 0 0
-0.445748413599328 0.760587522646451 0.119511985985779 0 0
-0.51755886975161 0.460927756956108 -0.0290403541435248 0.44957522978561 -0.0458614425579974
-0.950371150278462 0 0 0 0
-1.34708063477982 0 0 0 0
1.41286882533938 -2.82281170521457 0 -0.839872350421008 0.417519152323602
1.26282862589727 -2.20173348207902 0 -0.717964831319303 0.302002863565832
1.02060066711071 -1.58557810221037 0 -0.507850511783731 0.112586241850889
0.626950673035622 -1.01581480287333 0 -0.369212331678985 -0.322702234732306
0.18565742695303 -0.530136527412695 0 -0.144876801604937 -0.84054598895567
0.249334037821681 -0.167435784784209 0 0.0767333449256065 -0.855558351441865
0.434455821813006 0.142421688000858 0 0 -0.609016631251533
0.529322935452425 0.594905236737723 -0.315075390850852 0.386978887399037 -1.0395387559208
0.562195335853098 0.793772092971234 0 0.310598285455904 -0.775702157172892
-0.0513778918867996 0.568908661788348 0 0 0
-0.140449299450774 0 0 0 0
-0.467541072870001 0 0 0 0
-0.825451208808634 0 0 0 0
-1.17182126086823 0 0 0 0
2.03555892831438 -2.4235784412152 -0.666822525224877 -1.49079273401974 1.05634616543114
1.78059302093505 -2.01490700614595 0 -0.829959507117766 0.593488880837003
1.41511713260497 -1.76673745112341 0 -0.750181519934359 0.118193378539586
0.745408032362542 -1.28243631705046 0 -0.53711382831887 -0.42582134398379
0.144349220116063 -0.784481012665822 0 -0.108708661469146 -1.12618492273757
0.0843419805772067 -0.294910931242984 0 0.0870893706836994 -1.09701171724319
0.120583700425968 0.0996734826789049 0 0 -1.09151373862354
0.241754211758539 0.366306826977229 0 0 -0.879766802766747
0.413292239435511 0.707729224570689 0 0.00919738496185925 -1.10651455752035
0.126474788315936 0.65359722234538 0 0 -0.548193403955269
-0.289929381610597 0.353620929849272 0 0 0
-0.439227620062239 0 0 0 0
-0.71454853957636 0 0 0 0
-0.936713331497122 0 0 0 0
2.36939843738654 -1.6300533725841 0 -0.875648487988647 1.95483558961727
1.91003107661012 -1.65382093720494 0 -0.753351016949556 1.05358990483875
1.3643969806158 -1.75060229371344 0 -0.691851311895828 0.0502150032302511
0.666627082405714 -1.52804393642652 0 -0.401376445198326 -0.742392680483334
0.457826322652685 -1.26293500845357 0.208099179626605 -0.194716254775255 -1.11833825146049
0.421021237218565 -0.845845194322293 0.252387196425037 0.0334364895168752 -1.00206641761109
0.369498712194337 -0.465430668734528 0.151660810548308 0 -0.924578291937156
0.359125772471069 -0.149413549487123 -0.0801951694332833 0 -1.08640073560904
0.298969432233667 0.28149825948867 0 0 -0.971876956023344
0.272204448588725 0.448086257794327 0 0 -0.650234984120713
0.0997930493399507 0.5144736868756 0 0 -0.403001993416248
-0.033285365994232 0.565632825385999 -0.298541389458048 0 -0.297894510257418
-0.356286172974867 0.259107945644135 0 0 -0.21061613683876
-0.579433270211774 0.152557068502684 0 0 -0.163778813423992
1.9815491642935 -1.62469137329724 0 -0.830072898337742 1.76617570704389
1.32981408585208 -1.5045238257767 0 -0.42824564842202 0.911508680613088
0.316012669730528 -1.24667957132812 0 0 -0.0926521575855402
0.0427454836284436 -1.56224222115763 0 0 -0.626131719516466
0.607574897407476 -1.76689119172636 0.333263086380035 -0.0958175631077741 -1.01948325430407
0.668047079111287 -1.43109265517251 0.326208761093738 0.0282934462487813 -0.879150732390001
0.499128206030429 -1.02070034008889 0.227520876527294 0.0895220769441358 -0.701448518826978
0.304739487346143 -0.566550059825159 0.00390903094985682 0.0561512598686818 -0.616239637477903
0.493217726251898 -0.21673650062285 -0.167273250664581 0 -0.799495374540528
0.585109271766642 0.0879814592192968 -0.284582669878071 0 -0.616358981211274
0.231338057850929 0.159719127912236 0 0 0
0.0955800082985129 0.246313458315782 0 0 0
-0.0404119608276894 0.176339738069381 0 0 0
-0.294687537617532 0.049474396142374 0 0 0
1.76447776679169 -1.538029887511 -0.636237227783761 -1.17026972567851 1.60406532969859
0.297239282136651 -1.16560043771346 0 0 0.269701650835276
0.0943555333391525 -1.40415600067216 0 0 -0.0831213224349856
0.0469457892418842 -1.75050457820176 0 0 -0.304898899972029
0.356977331514971 -2.03860982084058 0 0.304069124418552 -0.616406067674431
0.709985273130901 -2.02887199587293 0.45648073437983 0 -0.847238598464914
0.757885570008695 -1.67985769214281 0.433757133757244 0 -0.880416154436931
0.419046710338685 -1.19078899147081 0.212721435480901 -0.136784829536569 -0.846608206798358
0.295577099915549 -0.64720031433737 -0.138415138421875 -0.00699416412743782 -0.664462180470926
0.652679295537019 -0.267332565011792 -0.221987038185726 0 -0.498028359024717
0.780004367164281 -0.00804809448322178 -0.368395539179213 0 -0.441926058268475
0.727751149933357 0.165965808223312 -0.468903333065202 0 -0.318230794433839
0.651466671073203 0.261911734494291 -0.55886599241859 0 -0.203505127123602
0.270273583370087 0.0582059836205375 -0.201498426029547 0 0
0.300424610731876 -1.2472730334441 0 0 0.535484548686968
0.113277554664021 -1.27597966960472 0 0 0.191913342273156
0.295112403687937 -1.64644487172343 0.0814550530910887 -0.0798724571880013 0.12746685498452
0.1662005287543 -2.0875561321502 0.206875318741704 0.173476816604096 -0.192633287357207
0.401213857109836 -2.40727746232016 0.283654245415364 0.426643501833836 -0.410772744811162
0.890606024034847 -2.31941386844743 0.481831080290782 0 -0.672156255855296
1.05720096535832 -2.05787587707565 0.525715160950779 0 -0.870502583488444
0.888522566442853 -1.75448159024966 0.343891017464253 0 -0.864517717393734
0.647098414878 -1.29263687065093 0.0822570279520096 0 -0.723164877579796
0.824797987843947 -0.795051311273823 -0.0793381605637822 0 -0.634865579644621
0.932207555814216 -0.403155517414365 -0.264191320317771 0 -0.489496012314762
0.901901264913402 -0.261292713491931 -0.38262817368907 0 -0.339291552129007
0.838599795518564 -0.104043403422409 -0.402044067861707 0 -0.250159520268074
0.82688036581721 0.0603788539877653 -0.516404917886931 0 -0.195410890802863
0.191602750329971 -1.13483357758947 0 0 0.471295340472314
0.43941346061546 -1.51826157296585 -0.10908853179578 -0.289399680499396 0.646416970257033
0.320982385517918 -1.925228120952 -0.00518745630662753 -0.0324095358938355 0.297774855119023
0.255840791684314 -2.35758816058838 0.156669968643294 0.11045893198489 -0.146320367532069
0.437726197809784 -2.39608130901659 0.238234288987221 0.295500157996461 -0.362962827666983
0.90067582390992 -2.13386141463004 0.290589708181321 0.199852618103458 -0.294764803267845
0.853602678925707 -2.07707135842439 0.296834710826829 -0.0231901021439957 -0.538768782370407
0.724178764921145 -1.98873360451793 0.150227928999334 -0.15917702513182 -0.6440283145915
0.770783183199962 -1.66391029820389 0.0622222354402365 0 -0.688455864075828
0.8463384450642 -1.36516126229222 -0.118445807510968 0 -0.655466965857029
1.08570959878471 -0.992359570793653 -0.250139778377677 0.185485307854665 -0.546363277359155
1.33535570667878 -0.697558012882881 -0.494563332406545 0.378874098784595 -0.376630292391319
1.41802585081471 -0.447638517730841 -0.685509037416758 0.59768468278848 -0.168947195346107
1.52142105328864 -0.200210301579942 -0.827244134968163 0.747197331993859 0.0268431851251976
0.212427161762278 -1.16574122884464 0 0 0.455323219612872
0.364690649824812 -1.66611948512563 -0.153584079557289 -0.104941376266141 0.747876164417529
0.246072630865246 -2.06586238510312 -0.0373792591017457 0.135755451376564 0.3880200132142
0.151961179498363 -2.25109456797392 0.00219446839875738 0.388052998396185 0.109255184800258
0.418975292226741 -2.01413417925666 0.0164247834832418 0.379335404624188 0.110790253782671
0.733569841746978 -1.80861136949094 -0.0449199087676838 0.4179021354847 0.216063598480878
0.825368578269517 -1.75203523600587 -0.0535533716835952 0.351785750480621 0.178583614706775
0.696525665402017 -1.86733649440297 -0.0938644441305391 0.161351436391871 -0.0876278159245234
0.528747501506249 -1.90016736219697 -0.141271780064454 -0.117882587148157 -0.453388827329106
0.867483283848234 -1.73481604271052 -0.135978821174876 0 -0.518068888382013
1.00427960427762 -1.49227322641148 -0.258870031094797 0 -0.452801011176677
1.1662905318415 -1.1988421319811 -0.371909009959416 0 -0.351909151968574
1.2694476135206 -0.882771698019328 -0.435633750067297 0 -0.285589962624765
1.64016586789579 -0.641546393877577 -0.847595938936227 0.762283262693869 0.00484354163180609
0.0317885798719439 -1.46167810948422 -0.155420878506271 -0.0911852066683004 0.955469474751744
0.16237947675413 -1.43601615425534 0 0.288951993551194 0.486372331725861
0.0125135638853574 -1.97578155336209 -0.0728078543639076 0.345576409679451 0.489281112363069
0.288893759554709 -1.86480283794146 0.294861938723413 0 0.346178677732204
0.444910154620082 -1.88105654010014 0.276136365407847 0 0.353589182531292
0.540336686109888 -1.3920013740847 -0.281063839847653 0.443014175041546 0.572166147715247
0.633907319159084 -1.48821032927169 -0.352958864832614 0.459862487520482 0.620638535871534
0.590859150378267 -1.59167696150275 -0.431008091743318 0.459485745589715 0.458494255416535
0.392954802121184 -1.93708012331826 -0.355418961679536 0.266189696812627 -0.109428307016098
0.837424059377257 -1.86503036198747 -0.150186489390686 0 -0.403746876896402
0.96899531988268 -1.8450821008107 -0.289535021210431 0 -0.391827664362236
1.17079677571162 -1.62479172553622 -0.390583264108022 0 -0.346810061788
1.30878285925295 -1.37030974848355 -0.512747248407745 0 -0.311408116254755
1.43080482214038 -0.982969294123425 -0.501508413949155 0 -0.238503896262946
