"(Intercept)" "X1" "X2" "X3" "X4"
0.9643718981247 -4.83504219390278 -1.18061706801236 1.45528543759841 0.370634334631281
1.33812944675693 -4.58041731690812 -0.993192572265722 1.51616325504136 0.774079883311591
1.00972366464213 -3.93537408715685 -0.319945072824666 0.929324686896174 0.939411240449356
1.0314298971618 -2.93996841473444 0.299636127345244 0.277291696242952 0.719513936755652
0.946238820867941 -2.34980539146521 0.174985715035859 0 0.555517827289756
0.868111122995413 -1.91733006130765 0 0 0.0773394973480473
0.519502434155149 -2.29789723690404 0.552573922404645 0.309604593222316 0.487206778712179
0.199861622932193 -2.3707709094001 0.582186608571139 0.337335026337513 0.324824504518725
-0.0498760822261073 -2.26178000536425 0.402867431723888 0.267018965311619 0.0708304931157406
-0.33062474164916 -2.18981345473653 0.33151540423984 0.369822512790687 -0.360338342916595
-0.52202345722547 -2.13427827196029 0.385558454010121 0.504150248033741 -0.743312758021107
-0.622411496400775 -2.08661250028958 0.619902708364648 0.652240103039077 -1.14947746156384
-1.07669000762342 -2.04451393041386 0.941304033845214 0.649634570485558 -1.12142578322067
-2.16143960250833 -2.48700751101374 0.398744350543878 0 0
0.965466127385514 -4.2567044078399 -1.17870109565797 1.17602892541141 0.0318161507623995
0.988098589608557 -3.99801359942972 -0.956276026135538 1.1516259613332 0.200336082771217
0.62038049260757 -3.28410280568912 -0.344401432614532 0.55674726477358 0.344031345723932
0.541820146331765 -2.48823690347877 0.0428012406844689 0.111191534142632 0.502839903238834
0.747359600275613 -1.80638574889041 0.0279529195132468 0 0.119488282774215
0.83589947906529 -1.34393239957655 0 0 -0.20501688947804
0.443055489676247 -1.43388707447851 0.506067477431821 0.196814206029854 -0.112276880660466
0.117294688818204 -1.48682858954006 0.454887277242641 0.40573609314212 -0.0191398764691896
-0.0810668760653984 -1.4467861859428 0.358677507257266 0.399711557521945 -0.209579073295948
-0.301647105249708 -1.40647715816616 0.291537876270083 0.442294468170594 -0.61866228802116
-0.378176023137772 -1.3637169598788 0.400680740174096 0.598813351175635 -1.02900356316506
-0.577175826395789 -1.34790645233743 0.774892512870353 0.684349773703572 -1.2051940648875
-1.0801963127202 -1.3470773534074 1.06940381080537 0.470494393040226 -1.02812986682887
-1.52160144595863 -1.47653932019412 1.19910696616655 0.269378124756862 -0.824751621250588
0.890036546104811 -3.1873552686666 -0.496254147804633 0.302771947712639 0
0.693028521344528 -3.10683091795185 -0.563248318758248 0.524239433757281 -0.244945659192759
0.136952878182505 -2.53617207875032 -0.158239975170304 0.142373319390778 -0.349567989638227
0.259211694027603 -1.81249493584104 -0.0236874887615785 -0.130755538131707 -0.0413385732827725
0.681038764057089 -1.13218242242022 0 0 -0.0518008359916557
0.910216074275554 -0.931920691288392 0 0.30733000500091 -0.389184049788316
0.459334678963002 -0.686129570755911 0.260171407596135 0.219083244167997 -0.67436686981589
0.104424781305176 -0.733677857477314 0.247088493436258 0.387995163792345 -0.44585454797296
-0.0401200930201997 -0.69621797865688 0.238497726439126 0.482324342054207 -0.555709315855844
-0.194352581893145 -0.642952653965904 0.216154513386091 0.584949719059318 -0.928148084719539
-0.259879334872493 -0.711868382766984 0.471292701715008 0.693288436004518 -1.07888941431477
-0.481111928892039 -0.695401745826551 0.835236705606704 0.575301478990592 -1.14045866478751
-0.976493430356947 -0.712527773161383 1.00482558369447 0.283826880195472 -0.864531939444881
-1.2870996211099 -0.90493999267237 1.04665447439425 0.104883416254747 -0.652641908092716
1.13758072385725 -2.66616069534464 -0.428418605528134 0 0
1.15456171883896 -2.07500096042968 -0.195628817710812 0 0
0.998515136277719 -1.51681271476555 -0.0574500362944074 0 0
0.301500356149947 -1.18646901207053 -0.00294834457948675 0 -0.49398264230413
0.730115533021873 -0.853118197318797 0 0 0
0.59723627465201 -0.641594309358165 -0.143692475596001 0.384429256392133 -0.567933820690685
0.641831012110984 -0.366599221677089 -0.0880347052334347 0.304730488766722 -0.799245169890686
0.573400564022619 -0.19012431514321 0 0.145460474996508 -0.497266643103292
0.204602401243249 -0.0394387009945084 0.151845322540004 0 -0.533947757354374
-0.00266004431430542 -0.0499040035630454 0.224014257439428 0.646734892354424 -0.924658535629679
-0.323825179419499 -0.0618994482931564 0.59725851924963 0.655861167339912 -0.90923394533181
-0.534809743269961 0.00794226156950856 0.837868398583477 0.499820157973631 -0.958102242252136
-0.824800662318356 -0.104864740259395 0.772290566266164 0.238832069758819 -0.695104701973661
-0.867309404279343 -0.48572372061723 0.669854687928955 0.0270094985045207 -0.64188600525248
2.05775182105603 -1.99595728489307 -0.52758988758247 -0.199262374818572 0.313121268463056
1.67167429328589 -1.56739896503099 -0.250690282556267 -0.0620072021280595 0.006872979980331
1.12374706882821 -1.25494308735022 -0.259441894339112 0 -0.186577067586823
0.632107496758064 -0.793886820510619 -0.103989082914843 0 -0.477449847580061
0.501718815203064 -0.523760430289893 -0.200425292245192 0.342444884059665 -0.647150915943926
0.683224799018456 -0.566433077022499 0 0 0
0.553500737627002 -0.330616722357493 0 0 0
0.351191199380209 -0.0573443587508989 0 0 -0.721597057638966
0.64462791540012 0.285039471519842 -0.454803967589983 0.264221780428549 -0.84694818276772
0.18254907638292 0.621716658172317 0 0.10958549408414 -0.687253811700369
-0.50703950824512 0.793379480305415 0.529739737104821 0.535016966755592 -0.807401252560367
-0.610969822619434 0.672921588818486 0.605231844903009 0.383598249775282 -0.656994424265013
-0.586334907087456 0.293693449617562 0.521296367030544 0.202892557864285 -0.617794586760268
-0.761544290634692 -0.279645413699937 0.550376752003856 0.0171633932578174 -0.664942157656656
2.44803672337725 -1.54861140430691 0 0 1.00836973318161
1.81902866127183 -1.35759487869005 0 0 0.434281378048661
1.06092696716658 -1.34867338429608 -0.228613413202354 0 -0.120975413908475
0.587299749563994 -1.09339966190984 -0.271819844043709 0 -0.435358553923817
0.321309114048858 -0.722957198341109 -0.300037474365256 0.249808562687939 -0.750068073159629
0.108445088889451 -0.526030957981663 0 0 -0.513565718542647
0.0715663799073209 -0.224011503785069 0 0 -0.660395865774789
0.148902514357865 0.0729250217428885 0 0 -0.664610262133148
0.188643632853919 0.359913013798555 0 0 -0.707256402587152
0.0308685374592125 0.726838135418636 -0.268261741812107 0.0902504247484005 -0.657947568793564
-0.155159689714174 0.942821923948467 -0.0737831034858068 0.139007502853642 -0.6415201962256
-0.0910493873092409 1.0888529955255 0.0273577753141028 0.182792057968678 -0.567856363552371
-0.280733096378401 0.552816169955098 0.342411558007581 0.238927856202739 -0.622501127178778
-0.489285094396599 0.0302152658984381 0.399394353961652 -0.0427437754925697 -0.602786195154717
2.23359229160804 -1.32245986233646 -0.181130242955686 0 0.643505083962501
1.84096641820682 -1.50935734585961 -0.202030733780863 -0.156652157259495 0.623095231608977
1.06866656440223 -1.39284741766568 0 0 0.225494232466392
0.752139319847031 -1.28593834069167 0 0 -0.133165400399171
0.295951683792639 -1.02558026910577 0 0 -0.628448718110566
0.217031573713861 -0.570875627379231 -0.156730015257352 0.245169007892317 -0.689261680467733
0.00597330103887109 -0.303440406764012 0 0 -0.664694701671139
0.0918171682805075 0.0327076197028811 0 0 -0.79083868432507
0.206944351948018 0.240124695613227 0 0 -0.693807275641852
0.106966752991508 0.581958997723988 0 0 -0.41762421651911
-0.226586765514402 0.713259897279963 0 0 0
-0.00461135150300863 1.02931826403045 -0.318376047906107 0 -0.305250586851736
0.00815837067276132 1.00316988066347 -0.311158417533406 0 -0.234498652580088
-0.108734928124632 0.384647530894892 0.193093646777605 0.0126138421072973 -0.474872435579041
1.60709935055595 -1.37004039313953 0 0 0.767959621599129
1.47896742390746 -1.36554874127407 0 0 0.635237189028506
1.0095637993036 -1.38192272503702 0 0 0.116867795904002
0.513227550461562 -1.45975352019488 0 0 -0.411992663109627
0.344859345546573 -1.36640791613464 0 0 -0.683556979048205
0.203277672459421 -1.05040998207685 0 0 -0.584239841622276
0.192425601446643 -0.546713324573626 0 0 -0.590513884656234
0.189333732398547 -0.196312667606284 0 0 -0.612278228779876
0.140125691797141 0.0429133982683136 0 0 -0.724121564199393
0.205499818603653 0.367281435997107 0 0 -0.530816676036733
0.0904784106888188 0.635971887632361 0 0 -0.289001817378961
-0.20767336591216 0.659592703713437 0 0 0
-0.24445705173487 0.615433285291752 0 0 0
-0.308430856420131 0.509044742148797 0 0 0
1.21045989944043 -1.16833720067003 -0.11678994985613 0 0.530672263465725
0.532062486429244 -1.120812707681 0 0.211822181961229 0.115839065234536
0.292694316710995 -1.48892775328475 0 0 -0.301972748844796
0.426363945096224 -1.77494389266947 0 0.137317238390056 -0.556908848208149
0.295407667287896 -1.74963101049295 0 0 -0.758835986442094
0.34816623112226 -1.53034785614581 0 0 -0.758105758458938
0.376822933941925 -1.04204587621109 0 -0.0677010678803324 -0.627028861942594
0.378818221321473 -0.574445991880191 0 0 -0.535537875910016
0.239968954238162 -0.240447904843486 0 0 -0.528158616454002
0.317490132650937 0.144869914365745 0 0 -0.405188184767613
0.12736632989519 0.319403529085265 0 0 0
0.0142789982949926 0.444788668320742 0 0 0
-0.126331349812684 0.467994377249482 0 0 0
-0.255902431532034 0.421794643983966 0 0 0
0.0482091805981079 -0.840572419013691 0.467314273467982 0.158936970829672 0.455858553989211
0.0834682276589319 -1.22459181964471 0 0 -0.243052760060657
0.262971089392033 -1.68576567088545 0.202293344531266 0.0559046773382494 -0.132226307257039
0.552624771635288 -2.02577962814683 0.0122024060421408 0.233540406190703 -0.633215175863872
0.577666586926164 -2.2473393165224 0 0.113674681943171 -0.806743078357753
0.559802150755811 -2.06752184703863 0 0 -0.728244677833305
0.509964327284293 -1.55530729385974 0 -0.181654874839144 -0.599742647763763
0.509085178992253 -1.08318182285939 0 0 -0.377565076351518
0.404606792662206 -0.617935540993624 0 0 -0.413207598477558
0.449294486241364 -0.198845001092736 0 0 -0.245323300384649
0.487324722684892 0.0167357946180449 0 0 0
0.373221164096578 0.132230665173068 0 0 0
0.102176879714586 0.192139859727068 0 0 0
-0.102555402540315 0.222549218586066 0 0 0
0.00693564253565066 -0.918600455496529 0 0 -0.171564991011276
-0.0772424074787157 -1.32691235134127 0.202988984687738 0 -0.192869849919437
0.179920227046552 -1.83371266180106 0.418612864100579 0.00739611773676051 -0.201173000274803
0.363122232940497 -2.36062466802642 0.190952427208209 0.0936496890600112 -0.315785071390666
0.725634766213183 -2.55353754888491 0 0.0275418259818327 -0.697547926993886
0.959657066079807 -2.3474951330704 0 -0.112448471563834 -0.82988996240252
0.894875970840345 -2.03813209769373 0 0 -0.634827680698087
0.748322814456145 -1.55218704254427 0 0 -0.403288081547737
0.646542523327591 -1.15873694120813 0 0 -0.42843040453061
0.699239453222763 -0.735584460245693 0 0 -0.379048964377816
0.719035754549374 -0.372678042965104 -0.214681390972123 0 -0.293798866321738
0.755197588715886 -0.203879655987043 0 0 0
0.514687134440326 -0.101915159777843 0 0 0
0.140092395871056 0.00783454423562606 0 0 0
-0.010763408953468 -1.00581492683571 0 0 -0.163913303538301
0.0267957901601253 -1.46127111315536 0.194949816773426 0 -0.100485823927377
0.422821568707674 -1.68223407650777 0.263697065346388 0.182552029765035 -0.0406261992044624
0.534351848904613 -2.33114585151619 0.0996512488650286 0.23015440858414 -0.298298339507102
1.05838601018103 -2.7940582997172 -0.173075731168935 0.0646436847722888 -0.529204933212557
1.04939965257111 -2.36890205693613 0.021769542698608 0 -0.432671739723081
1.07937459503683 -2.41296473760447 0 0 -0.794306756999823
0.986268338941051 -2.06014232130974 0 0 -0.597629236706116
0.886097298878892 -1.67494701569283 0 0 -0.554089716228836
0.959069327655109 -1.35765576676404 0 0 -0.461421484057203
0.939257641459423 -1.10516862188085 -0.258030334453616 0 -0.51895610077839
0.903821237806275 -0.804519649402677 -0.28760522072109 0 -0.357214599531294
0.844547472318189 -0.374082160628541 0 0 0
0.569710295393826 -0.204703220138004 0 0 0
0.0649429253219767 -1.17160061930055 0 0 -0.142966126734153
0.30345062808986 -1.36933308861566 0.325485130632434 0.0200307589625461 0.167478153517361
0.741402827501855 -1.61973357567567 0.00689364963320312 0.316766403749303 -0.0537048107462881
0.944003713206956 -2.23471673829047 -0.235364100975793 0.365379040813071 -0.283088988852223
0.97980079771803 -2.26729505856692 0 0 -0.551529439079112
1.18265046375421 -2.35092932740662 0.0108590293575185 -0.268735303151449 -0.0647332079194349
1.03254498293366 -2.50864552924175 0 0 -0.316948877702166
1.09507581042365 -2.55074564459957 0 0 -0.633371993094339
1.02046702394288 -2.18544962807695 0 0 -0.517545795158241
1.17210284958694 -2.05776504185564 -0.242158876820071 0 -0.667396545972251
1.14758269511596 -1.81362211902119 -0.254594433226833 0 -0.670566947880632
1.00366922590746 -1.50585153622029 -0.432144690843901 0 -0.533840555924657
1.00528706551334 -1.1103387996177 -0.295997580147576 0 -0.303038775860754
0.895386181853306 -0.411788255153156 0 0 0
0.129649495318843 -1.30954056736227 0.544040774405848 -0.393049694923192 0.428340751650606
0.541607697481518 -1.41344791401656 0.183891348918953 0.0245031576808645 0.174479234357438
1.06497730753299 -1.62786508692094 -0.284109532389128 0.369771433234975 -0.0991023909126088
0.796112615134515 -2.18893416301575 0 0 -0.362625849343279
1.05554655159874 -2.10864810980114 0 0 -0.462452852485058
1.37836403532649 -2.22086688329373 0 -0.384812780710265 -0.119104866012953
1.37969164945818 -2.46671900274161 0 -0.402189250887977 -0.0473911285050839
1.14444262787948 -2.69265659117104 0 0 -0.483909737165649
1.12808006505924 -2.63782888760272 0 0 -0.3859026900203
1.31771223500708 -2.67791655895612 -0.315275935514601 0 -0.711741323732483
1.28323434826175 -2.49548130894634 -0.377817158695279 0 -0.792944455788166
1.21688288820144 -2.13246582078276 -0.398360990395741 0 -0.642609054593978
1.07131421890028 -1.69168127052018 -0.42363575665267 0 -0.434163407974215
1.08864859112077 -1.20741108124246 -0.29407061273856 0 -0.204245116115359
