"(Intercept)" "X1" "X2" "X3" "X4"
1.4688808481606 -2.37684092810878 -0.0892371733520824 -0.831100960723053 0.871184768347348
1.09104768047915 -2.36127308034069 -0.000278525012593732 -0.816787730517783 0.689729739382876
0.708980408656747 -2.2999426385078 0.088992973599502 -0.810085366968153 0.590905244595662
0.528180399679501 -2.11344104981616 0.156650777119267 -0.679262259316569 0.542155781648168
0.412361305726778 -1.88045363964851 0.245161717840122 -0.542233742141548 0.521826978671187
0.317669256294065 -1.65479497678717 0.350150419398269 -0.363368423244944 0.593871660451582
0.128193501569555 -1.52166022038233 0.552000915092531 -0.13854938529668 0.83987218755353
-0.0832451725116662 -1.35622747445481 0.876403692443759 0.0955563106488452 0.859889755421302
-0.26845896087831 -1.16202058470835 1.15171927115706 0.276268709361768 0.862283082714966
-0.476403437087818 -1.10050795676781 1.50134759354967 0.48990727927246 1.01934392377371
-0.675180934936604 -1.06113888993102 1.80521090558568 0.705170972845899 1.09853036352001
-0.883372427573436 -1.06246273528351 2.08264299372173 0.885372752186622 1.12923444656911
-1.15814746430708 -1.02858037784484 2.36076962666681 1.06470279573026 1.19275243160683
-1.38418235765217 -1.02044363648954 2.57376955348495 1.21587385613685 1.15282660752792
1.61351078575041 -2.05370899427595 -0.195048095145509 -0.70310272559669 0.757362339646465
1.27099536929746 -2.00697886852403 -0.129058043575719 -0.639505812042078 0.545799392967166
0.932427681776504 -1.90273472506663 -0.0624433968094537 -0.571224558005315 0.4372611212203
0.718282709800796 -1.71972786117171 -0.0112943842096909 -0.421671525295941 0.351277236017119
0.53627985937316 -1.48411161500774 0.060581581685488 -0.281744580636262 0.276654067227276
0.417190661705388 -1.17573879356143 0.160243184107854 -0.140927417576168 0.232896989434732
0.253575541981729 -0.950371221159176 0.317316296798119 0.0532144090622921 0.278078429711271
0.0276133784765851 -0.784215969994501 0.560308778719365 0.269770001848758 0.3510476199834
-0.159893117867436 -0.656294622784001 0.779692592594282 0.406547524868168 0.393157586239883
-0.371704478172287 -0.629613121908932 1.07258136313713 0.564863945898736 0.593209237785387
-0.589264114623168 -0.652486776254331 1.36612890138452 0.780223222325087 0.763790770652312
-0.840396620911854 -0.692285292001729 1.66960948396295 0.965307182375388 0.870261513715652
-1.11300948615887 -0.726351749277343 1.94379486265452 1.11666780005045 0.927957074707456
-1.38162613581523 -0.794149081137937 2.17768481937181 1.21641070479399 0.900857203700296
1.73005925442471 -1.76734955840955 -0.306773314956665 -0.590893321655285 0.693038872519649
1.35286548867586 -1.69984900576309 -0.251383138200339 -0.509170068161942 0.419072883495762
1.0532823270653 -1.55533541907107 -0.207329070842764 -0.37729544675596 0.271867001985109
0.860224936215754 -1.3479058106884 -0.168160302260166 -0.189498318194802 0.171177546940114
0.713842009867933 -1.0963195472011 -0.131234632487248 0.00634358320422738 0.0678008452173193
0.529700804586233 -0.783268197078592 -0.0396619388320154 0.11812331725579 -0.0277634741683876
0.415700024744717 -0.424340785942105 0.0555951383330297 0.217984009527859 -0.143270011265809
0.299676010925335 -0.196188702438403 0.145547943015804 0.420189707487529 -0.154495462014942
0.00759602534136006 -0.138744549243306 0.38031468630716 0.51382831223397 -0.0426313393475362
-0.25103277858545 -0.154700258136537 0.623255896221102 0.617891158846695 0.163640075172006
-0.490568247613886 -0.251539650520138 0.889056607710925 0.786773282380874 0.396093672052935
-0.772751048534161 -0.335123782337958 1.17812308211627 0.941916652704079 0.534378419589974
-1.07462703332686 -0.442324639811633 1.44230583026109 1.06653954203001 0.611647517786422
-1.41259675490984 -0.58291986524654 1.70166383006106 1.13227572552323 0.65276231837252
2.10639421603261 -1.34783212151835 0 0 0.421372140811742
1.51501034618064 -1.41831318071156 -0.323862086881684 -0.39475701035633 0.36860775972224
1.16777385711952 -1.22970090355099 -0.316678570776736 -0.224566794055146 0.154302035979774
0.933799735505844 -1.00328637150317 -0.31002813233183 0.00346638346036587 0.0143946180044318
0.759888402372601 -0.760280820635665 -0.285768075091907 0.207062705341661 -0.116059511806439
0.689689168512298 -0.488700334088273 -0.235078348406433 0.348589671008004 -0.180816783305702
0.692191917494649 -0.153289828957643 -0.14881710662094 0.335883144316609 0
0.53722806566087 0.105994485432715 -0.167412126081636 0.424248815516437 0
0.242459990237496 0.195882262691878 0.0174703291796342 0.551524790962628 0
-0.165184914601182 0.246537592708439 0.205016185760123 0.422236616074673 0
-0.411433807923061 0.109967275491703 0.420800865105238 0.76626582285919 0.0751373905393215
-0.725424769132822 -0.0151682705866551 0.682407215182322 0.89435861215233 0.226897606033604
-1.09857741493357 -0.215865331054838 0.965203895695952 0.937110619314365 0.343471569160553
-1.48043361012729 -0.405013757799829 1.23751070888956 0.969845196562719 0.434016074709022
2.03646662869438 -1.1643453890987 0 0 0.665637041146845
1.66546308922357 -1.17221055242146 0 0 0.348793699346979
1.30222362299982 -1.02170278373114 -0.35580421434793 -0.23354999914816 0.0567552083984559
0.991834704882965 -0.769046968023345 -0.370405519630555 0.0357001145414857 -0.12083357544602
0.807763942471177 -0.560747691008355 -0.365736040757579 0.26133842375326 -0.226221761609032
0.591872734184873 -0.362048091329735 -0.362956068665101 0.367050226159671 -0.332435748017322
0.575654587938554 -0.0555957627816264 -0.408108861575519 0.369005099880507 -0.370819674575798
0.485322054094176 0.230343186752938 -0.359892641172891 0.388687075078205 0
0.340826917424717 0.437848817120258 -0.293036364546783 0.433354513786496 0
-0.087684778166286 0.477058010200612 -0.115515073112465 0.493886191881865 0
-0.336794200636227 0.422858259893274 0.0102366252890343 0.726213445341132 -0.180820174576935
-0.767901071630315 0.212626221867799 0.250140050577573 0.734343492878984 0.0153086449703186
-1.15803825196775 -0.0208167171278727 0.501425193454506 0.746177262561581 0.149663255849172
-1.57558398112638 -0.285376261499876 0.750543237304091 0.75419498716499 0.32555116965698
2.36359617848519 -1.38648374842731 -0.37734400358143 -0.677579882631754 0.800112001385475
1.93814613261634 -1.25339435668379 -0.347221808796697 -0.530686449245174 0.377246058271054
1.4782457424778 -1.05289779920742 -0.357186100954285 -0.377619657603623 -0.0203532321080629
1.06504356786849 -0.805408663851862 -0.385939989511158 -0.158170533839031 -0.352388021062415
0.744310491712253 -0.593762801112304 -0.366606393952387 0.0798627234408628 -0.518979750646415
0.406383450008402 -0.436507228842373 0 0 -0.389208894947937
0.29056958942961 -0.108976891715691 -0.300818895929901 0 -0.601047430946413
0.292187001879239 0.305486238934033 -0.354852201414164 0 -0.521491228500739
0.428236727651552 0.515115914046948 -0.525103442548763 0.485623054654558 -0.533612971032325
0.239713947583949 0.79059868608855 -0.546610653414379 0.561597608848416 -0.539771583951516
-0.370827655722692 0.650686013333033 -0.33967425420808 0.561104442909655 -0.322477853158068
-0.850743553245445 0.40840569578997 -0.156315373760287 0.491861058479413 -0.104193075819646
-1.23094574851808 0.087693452779175 0.010692868533642 0.441215277325183 0.103320266626523
-1.49774763749678 -0.155366442709967 0.184069302432534 0.404788841458337 0.209268648385849
2.31221081898037 -1.45718655100311 -0.41054225959292 -0.824536304699068 0.790532950144143
1.90060355967835 -1.32220983204253 -0.366709835917613 -0.681035255690087 0.340363372424499
1.45634100506729 -1.18340433716646 -0.361853620228079 -0.501179877155129 -0.13915691365837
1.10008015894566 -0.984529547235835 -0.381141394712421 -0.246699128913093 -0.511499618074135
0.635198060815263 -0.871976437741108 0 0 -0.594498280285606
0.393897104260371 -0.601712833013663 0 0 -0.610291646905934
0.168562054295493 -0.201301585365427 0 0 -0.580696676467731
0.144911919457383 0.290888061599392 -0.34901880352821 0 -0.75233574298349
0.225047718101222 0.645913821312276 -0.389850829513646 0 -0.694807828825824
0.148435724083424 0.772747202790522 -0.588995291197331 0.208445165536886 -0.671793368496689
-0.149737643695695 0.939861924494126 -0.70956263266458 0.272767543720333 -0.476176698358897
-0.685655164421681 0.653395716792886 -0.552617375430646 0.224173445979564 -0.189108012576265
-0.882977232202452 0.533504789971441 -0.308821217554852 0.227412663137327 0
-1.20718318678556 -0.0021352459517693 -0.257881419163451 0.241569410578868 0
2.08621167523611 -1.52844560113606 -0.43350591797212 -0.951132013134796 0.653686130466755
1.25148203193896 -1.30306691660331 0 -0.452768201488763 0.267992566440872
1.06062542128968 -1.27690429709021 0 -0.409254742841121 -0.134725446797606
0.996573548094625 -1.20296946137088 0 -0.309430555888106 -0.470074335192727
0.696710058123636 -1.131352079909 0 0 -0.749147673409638
0.432919227904615 -0.905588481286017 -0.0841063462554862 0 -0.771377498216066
0.142204471448273 -0.565864576916641 -0.209245573452168 0 -0.662215356674018
0.0962822336583479 -0.0593500986036785 -0.280506367817256 0 -0.624094377878159
0.183484003559126 0.414723472191334 -0.327723092206212 0 -0.632697325250197
0.229206783777379 0.755043457071602 -0.514271910184242 -0.0475860462169987 -0.592051117824428
0.115562371463713 1.0030623168338 -0.716445171124697 0.0903250794667678 -0.507593967142373
-0.076183795782905 1.03578584980251 -0.84568711667189 0.167751377928882 -0.331693817724746
-0.5134109884564 0.531635604598998 -0.656219824018497 0.126899830138732 0
-0.83212270660295 0.12450485644231 -0.544918512495876 0.171126640529698 0
1.1145966244863 -1.29331507171554 0 -0.418354217246206 0.463324134103759
1.0123453586144 -1.36049626730912 0 -0.496908676105327 0.147827262842116
0.902514380846907 -1.37406806192005 0 -0.478138689621501 -0.215560416269391
0.905686044944661 -1.32675769705459 0 -0.309022685729674 -0.534144315264251
0.897036716432931 -1.21222392269918 0 -0.0660902829675891 -0.766374091163699
0.623739613644023 -1.202431188433 0 0 -0.630881652123674
0.211518467776288 -1.02925290198265 -0.116665928401327 0 -0.694144384315179
0.190935018621068 -0.56236873697782 -0.168519441288935 0 -0.645045874066872
0.26900413789253 0.0371744920606017 -0.413497588210068 0.0451689417262447 -0.609997213677899
0.275392141655624 0.534865703291171 -0.458483810507287 -0.0483612040586418 -0.442451106600275
0.255786409643156 0.821015617881958 -0.632178156734778 -0.0844185625857645 -0.329667643618735
0.0951998813913195 0.759418996437274 -0.260359211587086 0 0
0.00452306000479001 0.624655611643618 -0.613535178097146 0.131682271112105 0
-0.259091844230289 0.290219968498835 -0.69385420237163 0.15368480480148 0
0.833543878827999 -1.27715557881429 0 -0.363484797259318 0.314433833017091
0.785219491064018 -1.35501417722612 0 -0.449880372944715 0.00954572365087838
0.749964001313028 -1.42531484607421 0 -0.463142149031694 -0.313867010839247
0.783547965562916 -1.4435890959577 0 -0.270917660155317 -0.591939347962056
0.921872933736505 -1.43819231079354 0 -0.17046297532904 -0.757300001571169
0.876723407020666 -1.37735804588415 0 -0.113698499323178 -0.629738741124323
0.506251293445073 -1.36896659024308 -0.0447877838992247 0.036219765256394 -0.974249926826294
0.39414838036291 -1.01178208389037 -0.151780469183689 0.00589425822858756 -0.867173166082402
0.318161025826231 -0.478089800748945 -0.337770563945662 -0.0188712392695967 -0.619801832322356
0.276438299598312 0.125581021532232 -0.44811542525493 -0.113910747485912 -0.463010056968587
0.203909202405616 0.533082359973641 -0.508733026000461 -0.251178594099036 -0.36178935510667
0.418951856492938 0.50657965317279 0 0 0
0.29165970899589 0.4646593677989 -0.48696427477457 0 0
0.148444326013203 0.382670531727919 -0.330044549161581 0 0
0.713240152007494 -1.33679991577654 0 -0.490914522473773 0.247416474364187
0.621421035402672 -1.41776666291174 0 -0.523632722123027 -0.0937825319057624
0.602277017547507 -1.52517084868125 0 -0.497243248855129 -0.382135428231375
0.689554628281488 -1.64861508837561 0 -0.436480341608415 -0.615963052705821
0.88336571346943 -1.69395778488434 0 -0.347243521567672 -0.734447914615503
1.01636483880232 -1.66454438974721 0 -0.233817673106932 -0.676137126193135
0.825138800594788 -1.64526297096459 0.0701264916184329 -0.156753945491857 -0.973757478566091
0.435635984365275 -1.58199390226253 0.0182328692870787 -0.153870205004319 -0.942102480929124
0.386979153896055 -1.00797960686776 -0.236978703518446 -0.179162879311471 -0.731544091546668
0.300493392117353 -0.424790591876707 -0.421933414766323 -0.24148008537524 -0.602577613146195
0.239110561152771 0.0560879469634378 -0.515216159199935 -0.273229521788064 -0.472199534342051
0.336702270116822 0.208629014325437 -0.606823471482484 0 -0.212030964130577
0.33926042493027 0.214180975138455 -0.785803214732652 0 0.0270507200679471
0.324498345945358 0.271213601160026 -0.787909755313323 0 0.142494816934917
0.530227269236862 -1.4225112325904 0 -0.603621966360806 0.123493262821194
0.449820815408498 -1.53538783095067 0 -0.606662761749346 -0.185021500537517
0.457897998176396 -1.70785402871501 0 -0.612500342998959 -0.428149766009911
0.630424991272596 -1.90221610708738 0 -0.642865659918508 -0.607168846838008
0.827784688779131 -1.96356387934833 0 -0.518534184045473 -0.693765156804568
0.974994336853432 -1.9432012311152 0 -0.39039876856601 -0.700986587248282
0.998953773190802 -1.86449559432628 0 -0.277487566316455 -0.874347966606437
0.582623164298984 -1.96008042127463 0.120520979276034 -0.284688783856012 -0.954626049216191
0.450251586098357 -1.50500805333342 -0.103052656869321 -0.311536860214939 -0.897407581526901
0.37720942034989 -1.00357532701211 -0.33550797907981 -0.348701063552357 -0.743699928637705
0.325340960631467 -0.5759464063921 -0.53268223771253 -0.245950955705083 -0.475051012888735
0.359840434514888 -0.249188306202742 -0.626786509968651 0 -0.272059648919015
0.313503938763775 -0.0915515107007731 -0.711195512013115 0 -0.137973235165802
0.291131908147425 0.0021049480399163 -0.883069712425033 0 0.193294542782334
0.333214105360218 -1.59218359409183 0 -0.782887963850543 0.00682467910558037
0.290355025892721 -1.79725457755487 0 -0.854353507417386 -0.253985566610688
0.351105408615611 -2.07123861457985 0 -0.920036544646136 -0.476475728947105
0.519963283468667 -2.22737442608272 0 -0.841187492840538 -0.609700872191199
0.701411174294325 -2.24705204981424 0 -0.673551383619189 -0.677013568625452
0.828620638201434 -2.2393027451535 0 -0.545797213372761 -0.753825175503059
0.898592751748129 -2.06313507036598 0 -0.328172187668274 -0.757379065699745
0.943250840041529 -2.02180788567324 0 -0.3044710488564 -0.820339213874045
0.511096897839015 -2.01242841348083 0.0143406836457388 -0.430069858261654 -1.05827289265594
0.41280924094643 -1.57267627352538 -0.276759138022061 -0.425457645909472 -0.87298541854
0.367032663329668 -1.1872381442332 -0.594812871229053 -0.247509182975794 -0.517655922570951
0.22065157589732 -0.84768286358889 -0.888644793606161 -0.101798387611765 -0.221201553411267
0.379486959941111 -0.46885043543632 -0.658766194650764 0 -0.220581431984481
0.307231744127631 -0.292887037858612 -0.815848540425492 0 0.0773036082334015
0.0527811904074042 -2.1396279068275 0 -1.24666896104676 -0.172997949579788
0.0503142989234495 -2.34014454674636 0 -1.25201347073012 -0.396885811627848
0.203670672327647 -2.47424212392895 0 -1.15954389992713 -0.519552322423625
0.400219598560063 -2.5359081419239 0 -0.980414576093832 -0.592786279663035
0.568557885233963 -2.56342282082615 0 -0.831389655350047 -0.645501391752745
0.739895599025964 -2.49513143688679 0 -0.627494679898808 -0.654402833330052
0.865632775482892 -2.26751512459539 0 -0.338010443379328 -0.677475801200032
1.05932626156911 -2.21860034215111 0 -0.27495552846629 -0.609744160978895
0.971641287541367 -2.26933139145919 -0.1158654833744 -0.286196879889076 -0.729214198964099
0.526628574282924 -2.121906466042 -0.182292438903067 -0.460197865494241 -0.961932827582294
0.321893458633576 -1.71921918938751 -0.605834827341007 -0.313745091343731 -0.631362211490276
0.437812055744815 -1.22970033368349 -0.694544402193463 0 -0.289032403645307
0.387320788778448 -0.889783890783352 -0.720514607591633 0 -0.215452273192677
0.340417250754305 -0.654716493019807 -0.848230226738166 0 0.111394075061673
