"(Intercept)" "X1" "X2" "X3" "X4"
1.65709405435454 -2.7663525519758 0.447575002959806 -0.425551593296512 1.29178383024611
1.542515882497 -2.466923526543 0 0 0.686771691031231
1.49411049497887 -2.29814941078096 0 0 0.677800539412486
1.42883810275708 -2.12675305846105 0 0 0.616580771704475
1.27983152462874 -1.85720466192905 0 0 0.435061123110888
1.38394374450721 -1.72604558332245 0 0.243145396149615 0.347969985022457
1.2500072365312 -1.63028179880529 0 0.396015494467767 0.178102442405789
-0.269507727099071 -1.78190549294661 0.591893333177605 -0.170960440528208 0.185861363044816
-0.562290077814125 -1.64095072854313 0.701327259491686 -0.255278977375175 0.0249435344953064
-0.59042436194097 -1.53312746350191 0.775091703318672 -0.0289766695266175 0.0777724519040168
-0.690018885924266 -1.51507139017539 0.908973845263093 0.111428344140971 0.0880473290280143
-0.680980421354792 -1.6292876197483 1.12611039500387 0.202871600178653 -0.0156694582367537
-1.48421057955668 -1.32819111779175 0.373620467005314 0 0
-1.74202456641478 -1.57414492529856 0.834275024164819 0 0
1.65275581855197 -2.40123807909861 0.418086413350862 -0.504383963573928 1.11463348178815
1.53592421527698 -2.28054664969051 0 -0.0519278322141455 0.712198498959189
1.4187239914183 -2.16764778282296 0.175651756704277 -0.162319697585252 0.72108514224308
1.46575901768365 -1.94899794061279 0.00609879880720882 0.0545502820562178 0.517098608111056
1.23395233484073 -1.26529187178652 0 0 0.147187373946747
1.26644749920419 -1.10059036787092 0 0.251413908867501 0.00405163137741545
1.09804081462234 -0.923495437013957 0 0.38457494637408 -0.221626863518375
-0.12897846066474 -1.0235175826256 0.371244356559252 0.151523211115603 -0.243625412921311
-0.419489392422916 -0.885992548038508 0.45533325391511 0.090123662780284 -0.328713903608488
-0.34758600031535 -0.913265870655199 0.508045252036226 0.228212907037015 -0.224876177946526
-0.330172752727705 -1.01978109394421 0.691360950916235 0.323332714464919 -0.193731855643801
-0.398244599378181 -1.11177103955349 0.9465042266887 0.480567881606713 -0.267865548815264
-1.40245861782615 -0.892358758275456 0.534469478620285 0 0
-1.7030419826239 -1.01312542198008 0.544772727125915 0 0
1.71415170803532 -2.11462282624786 0.41418375385026 -0.532258231515101 0.974047955953666
1.53607597728664 -2.00380936436437 0.244723109407946 -0.338498256244701 0.740283877623379
1.58794642885151 -1.63275150867175 0 -0.0371824864683566 0.513569156857412
1.45217912250346 -1.51678324703156 0.00445616223603376 0.0830191469489053 0.256804259831043
1.30140629178952 -1.22217557910816 -0.12089553618558 0.257765390722486 -0.0538921545363478
1.09426318624526 -0.873306395551779 -0.161021566993229 0.35103209530885 -0.341871709168378
0.871211674441365 -0.469220966048393 -0.133052311011506 0.389478889913557 -0.610796254190833
0.308896583880516 -0.310950007448678 0.0424159490788493 0.483590506397349 -0.721682902284938
-0.0599968326143896 -0.225491037637377 0.202129768880109 0.460871557013293 -0.692227455647864
-0.0886715145093182 -0.318925665346376 0.248005205958866 0.477234916114278 -0.545120964158166
-0.0706777047566541 -0.521430698266845 0.447644064753023 0.641659487141059 -0.524237153836401
-0.276404796078737 -0.564771879358007 0.736488519843199 0.568121721052256 -0.445094524347935
-1.30839637928066 -0.407015790111682 0.327447772718159 0 0
-1.66317521226348 -0.620022150435152 0.330923251720847 0 0
1.89097444971651 -1.89595439792999 0.415143552233811 -0.587769555710546 0.91912317123636
1.6154506836826 -1.67071818176421 0.256448104545254 -0.410253296458955 0.595072002493996
1.48826678280217 -1.38640225326825 0.0999209375676511 -0.196792681596322 0.350602049740174
1.49081039598733 -1.14224376588876 -0.0315208194001938 0.105997821883698 0.068297785798071
1.39757432215283 -0.876736708888329 -0.141029092309999 0.334820497276557 -0.254658288517422
1.23554643544344 -0.547500349753233 -0.259293136007723 0.458346196836239 -0.456556399839458
1.04891259336345 -0.193751248219603 -0.314655022311262 0.494419349065325 -0.688625774186388
0.936394800444053 0.119469394244783 -0.303239866372874 0.555112001927339 -0.930205647470591
0.6204956342911 0.224314349228307 0 0.551947942207946 -0.784575076759505
0.205439656170975 0.331035880357159 0 0.533160205992621 -0.803643143151914
-0.0437366351042861 0.0727379942636154 0.285364822194949 0.637263001502966 -0.686254779324208
-0.362278785334251 0.0782895210017135 0.440818655896775 0.410038429099071 -0.537889188996159
-1.20328549038293 -0.0360010970391382 0.241979309231341 0 0
-1.57166599729534 -0.332489966771221 0.244238397570988 0 0
2.10964115751708 -1.68721603685879 0.270995157518104 -0.752255043238934 0.889358993017816
1.81233237784744 -1.47730914293404 0.206306449537452 -0.504225490855397 0.543132074914725
1.42305213512149 -1.15833467238383 0.103532530339348 -0.285896074081397 0.130084874846318
1.13492783896114 -0.868997975664956 -0.0185604199950434 -0.0241171001157938 -0.276956146395652
1.10444737221041 -0.641995563186684 -0.203621406350286 0.26729459728464 -0.492758468209533
1.31551749387148 0 0 0 0
1.01487820670928 0 0 0 0
0.549312996634512 0.34878149837186 0 0 -0.708349024197835
0.709533826169655 0.514062484870912 0 0.555957907345684 -1.05164444682357
0.33915497053207 0.829478488774755 0 0.410363267138749 -0.983586642867247
-0.42974551959092 0.763026145205238 0 0 0
-0.576794463929973 0.851811153034025 0.20789885024462 0.326342064280088 -0.694258833947532
-0.944214819019856 0.54424883673171 0.253459999150996 0.0623709175440269 -0.499419580808619
-1.37557457605522 -0.00202128351592874 0.281347048244538 -0.207137627307552 -0.257035692453336
1.79023781680863 -1.32997305250337 0 -0.673682044380488 0.771124134571653
1.60932026962471 -1.16655665503066 0 -0.506600426902781 0.367559303616849
1.47924075115003 -1.13380718221897 -0.0444327452157208 -0.453629569143261 -0.0190819907857882
1.00216552722845 -0.849348348211978 -0.115234954803201 -0.183809283011225 -0.543255663283948
0.802437545318596 -0.709916369884867 0 -0.0961238904773518 -0.67460474699741
0.085638150698636 -0.41472206865952 0 -0.124761258159994 -0.978059921442803
0.164569495905113 0.146164675732526 0 0 -1.16873414446927
0.240309840348013 0.556951876178471 0 0 -1.17075780944896
0.320913064544093 0.916343140196598 0 0.302773522845886 -1.24904266430167
0.251419084382319 1.15667337797866 0 0.35747662323838 -1.09617261674209
-0.137630695005153 1.25078500308576 0 0 -0.727954905880688
-0.414485917115378 0.920980510511122 0 0 -0.372111367657606
-0.980638269600107 0.680546472486576 0.165856199922913 -0.0791534120891677 -0.424485137755697
-1.26488460906738 0.0661854407536971 0.13494458198153 -0.332359400011996 -0.22334282600561
1.80503050073341 -1.4380762074984 0 -0.915411564009546 0.880527076876517
1.53972096713868 -1.30487398808479 0 -0.765549727686913 0.334698101481894
1.22755451972039 -1.14232611288054 0 -0.569139597640645 -0.158631318460809
0.969295285505046 -0.984542800541051 0 -0.338660145095006 -0.570037347594057
0.571895697820316 -0.732357638674203 0 -0.0821717757741141 -0.933828943044251
-0.33076301771567 -0.431564354982407 0 -0.0853642817591932 -1.0901622654891
-0.347650475767005 0.0768306669059269 0 0 -1.11198610329532
0.0222480803582547 0.512433542757881 0 0 -1.35647795376874
0.0365017366553598 0.904552070217934 0 0 -1.22603304996344
0.172757199091347 1.17928324950161 0 0.079819357797165 -1.01895594030901
0.0313987531589945 1.23461860118321 0 0 -0.718909594138855
-0.139152235066555 0.994608453171119 0 0 -0.494021794143607
-0.418091838514469 0.741953038185661 0 0 -0.432499297715867
-1.05444042105261 0.253216672713962 0 0 0
1.54308657761334 -1.31431973306129 0 -0.850764203036893 0.826578107469826
1.37699699720296 -1.32113713761273 0 -0.700005038333574 0.371645118345726
1.16187021097457 -1.28811012004037 0 -0.491625519927397 -0.0492825330050843
0.76677119898079 -1.17590603086601 0 -0.245166930181711 -0.458964949974921
0.265420125728651 -1.16640788746049 0 0 -0.710759753770294
-0.178728395152368 -0.933216889246217 0 0 -0.716396787368319
-0.548765901913183 -0.455089473166377 -0.0131051064963626 -0.0575297115969486 -1.04747692095393
-0.202811948756687 0.143354105544496 0 0 -0.799618934050629
0.157305464266892 0.553836412996089 0.154776093065932 0 -0.917932860798128
0.102919017182162 0.848594957631656 0 0 -0.7538792363424
0.121417848219564 1.05960438903183 0 0 -0.575043132758141
0.00720960143171833 0.855452247164108 0 0 -0.460873746791553
0.571757787300894 0.635014421994138 -0.621686103255196 0.63494920789894 -0.753640869129326
-0.714881396920727 0.181630751506468 0 0 0
1.17860223635638 -1.237980163881 0 -0.284542662561943 0.715448091912126
0.645793765984806 -1.21831345696727 0 0 0.208898439372934
0.28125207174033 -1.32903033816998 0 0 -0.196873918105294
0.106319948906078 -1.62086905011358 0 0 -0.526371617840904
0.352599078700774 -1.64256778649258 0 -0.149971047784906 -0.681151280244318
0.0650549001103482 -1.52015659566837 0 0 -0.600823475933937
-0.0962448579845665 -1.12410460232458 0 0 -0.670844264625768
-0.0702227045263021 -0.588082242817957 0 0 -0.664477189787051
0.0236192422219521 0.0553945125859753 0 0 -0.461968307032333
0.0927152973999482 0.599278997583853 0 0 0
0.118048406185645 0.744934618393145 0 0 0
-0.0812020165905235 0.600153741558405 0 0 0
-0.212407350475147 0.405521372482388 0 0 0
0.497210362067319 -0.373750000509881 -0.755851865648667 0.924260834740177 -0.511990728308457
0.736461820034973 -0.967717861590884 0.117362359334305 -0.349375363150453 0.53999976614552
0.141025361390098 -1.12587908548815 0 0 0.0425246223037218
-0.0593727777388565 -1.52348257949008 0 0 -0.186818126691892
0.0552030084491747 -2.02734849972776 0 -0.364809484229864 -0.419551663041607
0.613235732890399 -2.14813151880802 0.040321058785466 -0.306572735542521 -0.557079990607288
0.264304311879239 -2.05752890120368 0 0 -0.602110631786363
0.180403158776727 -1.70291071719129 0 0 -0.616393630268664
0.125972629352561 -1.23586763888598 0 0 -0.505188271886915
0.17732428723171 -0.598769465176307 0 0 0
0.427453190015399 0.021945818392396 0 0 0
0.509220307794091 0.356965039061901 -0.163524820295044 0 0
0.500679291872196 0.135967043451138 -0.633668444371736 0.278308930268437 -0.343732225431656
0.634272036492 -0.437344500439793 -0.860794806271389 0.927613489708809 -0.391943330060324
0.739752477250049 -0.909040319017194 -0.985948466863957 1.25126458414482 -0.412551147669253
0.396912814138777 -1.00471371351296 0 -0.217749807295347 0.388115573191984
0.0509372621519207 -1.26447219341097 0 0 0.12120099629883
0.0123115388931898 -1.77631274869038 0 0 -0.0457322433349134
0.0652031344143827 -2.23063041187538 0 0 -0.208622383162458
0.274575445086261 -2.36497486777878 0 0 -0.424630488783635
0.896028284960923 -2.43724833341359 0.127175634118393 -0.229746237015998 -0.374694000187475
1.3240142422374 -2.22195537762862 0.484711971676982 -0.144752747463691 -0.425667733997173
0.735909615230679 -1.89741872884564 0.178423109414462 -0.259416732142584 -0.424157678844535
0.392354475798306 -1.20228871264878 0 0 -0.233673108969037
0.645202453042702 -0.555677331662936 0 0 0
0.64964398440205 -0.282922398723962 -0.241238342723914 0.142987065835672 -0.159368668352297
0.750453090488977 -0.402725129774507 -0.521920994480532 0.416697052103401 -0.248168494977315
0.791275720471951 -0.815237683890466 -0.753717669653947 0.880129791926837 -0.318507908078313
0.886301697379761 -1.31505340555754 -0.979373177515931 1.30537253355314 -0.331808587799198
0.297925624199547 -1.14444075943153 0 0 0.466200514353497
0.248601542442441 -1.54337374618184 0 0 0.301005242335199
0.23992641948663 -1.99324321734039 0 0 0.173214191260148
0.298888638534414 -2.35289181428378 0 0 0.0440859033045876
0.487346381314997 -2.48043884977445 0 0 -0.173788416338548
1.06112784248296 -2.35849847865225 0.0874434408560374 0.255830574847326 -0.0387787790583464
1.20045733554421 -2.34949937267662 0.13827035415518 0.259877800533625 0.1147965940559
0.972801003972154 -2.13578698232358 0.0881593803582808 -0.0192292090029918 -0.0392024661227154
0.487283907183158 -1.78169668625923 -0.267088762814207 -0.0368789290594072 -0.013075171674871
0.410078120493824 -1.24855173431559 -0.166763473168661 0.0584969181381457 -0.277227814513344
0.793617997785724 -1.14743298922548 -0.283736894495564 0.365244122079383 -0.245419612121441
0.983104233672047 -1.20879032624337 -0.521138657979647 0.686454941000309 -0.288916934170575
1.12760466451094 -1.40001211626232 -0.725605189471694 1.03425744664564 -0.361678459486857
1.13451300921307 -1.66911382561812 -0.951714750550109 1.29821777855928 -0.412236650277422
0.396531788594332 -1.48795705960736 0 0 0.667923797878153
0.406874171940808 -1.82055004334643 0 0 0.522508819966615
0.429176027095934 -2.15608274110438 0 0 0.400549495375041
0.48767374267271 -2.42604086345304 0 0 0.281320642891525
0.700132808138568 -2.36490668671929 0 0 0.0253511126244973
0.555992738651296 -2.28555479756275 -0.345375804660717 0.76955957041011 0.626365569692195
0.687111593350017 -2.2773653031541 -0.311686819782014 0.733726794139654 0.707982404227971
0.765565084517869 -2.22723281344133 -0.335312394323508 0.475488353610186 0.546472967560831
0.320427244441626 -2.07091104864535 -0.267452916777444 0.311608936656269 0.0519957531320035
0.352371866206313 -1.90351991818732 -0.340551270279026 0.354114232489919 -0.139402688010042
0.794427652365646 -1.88616319274132 -0.333372632401472 0.615460554294431 -0.399949351842957
1.25419319680087 -2.09653729676882 -0.575037426347308 1.01246546785015 -0.428581031636612
1.41321814289002 -2.18775151282693 -0.802314800016515 1.32801308208729 -0.476118174508969
1.50740739169567 -2.28269200721916 -0.933930830854036 1.73273137636266 -0.529771399742066
0.424691368753883 -1.82183023377791 0 0 0.886441183570556
0.493727111048578 -2.07095349302159 0 0 0.756606740906748
0.555429651915717 -2.30428591318026 0 0 0.634839552688399
0.566188726506406 -2.53265304462996 0 0 0.552506112735604
0.133998427630892 -2.64311508118325 -0.305976505576247 0.494933871262522 0.876079715551558
-0.091873818788179 -2.20354996516317 -0.784975620850006 1.23017197556333 1.2058376174056
0.0945184874072452 -2.12715847703274 -0.876230092106569 1.31411445403562 1.25623595771777
0.32170421945387 -2.08565702337343 -0.826560565232581 1.12558894260713 1.01471650814037
-0.0929427072225699 -2.3270351186796 -0.580693429713917 0.773939521461912 0.166771898924094
0.156983611906201 -2.40852316467683 -0.606452192219404 0.705067296509106 0.000331656595175037
0.816914656109847 -2.42616548474031 -0.741926597470923 0.715426867121313 0
1.09878378666658 -2.64659023643348 -0.632337112571924 1.17165610957534 -0.524769817688068
1.30819476734139 -2.7501621041162 -0.838653635582729 1.48296657764459 -0.59888729583067
1.67262434254557 -2.82435806000431 -0.908502592324103 2.06482558059498 -0.600437406470534
