"(Intercept)" "X1" "X2" "X3" "X4"
0.751148359629377 -2.33125160286886 1.14654385995064 0 0
0.513647458474863 -2.33290705972101 1.29728357332996 0 -0.0431088215849648
0.57773079544299 -2.17856659492573 1.04323626939214 0 -0.102947436013034
0.68458756290653 -1.94385343871724 0.719783407475107 0 -0.0952541176615078
0.827925070261668 -1.65371641563651 0.467332580520852 0 -0.0815961920824689
0.841148027055746 -1.38917986446418 0 0 0.141381745221951
0.881995129487668 -1.55010375111399 0.344970464235612 0.51909349039422 0.611060026033127
0.575916729402627 -1.41910788437571 0.467897460881174 0.59460159178437 0.559153806607058
0.242473444796453 -1.24394627435982 0.641329748308488 0.658475597354252 0.519706880195642
-0.0610690343712969 -1.10051795020946 0.830638107561391 0.653006062030133 0.292068828183927
-0.243561488541117 -0.995500559289066 1.05338201010721 0.669092101462735 -0.125070776038351
-0.33041474842166 -0.837179110212198 1.2037946835505 0.567618154105471 -0.697487913539445
-0.908210189663606 -0.37548391617667 0.922482799429001 0 -0.578852262914863
-1.06177638291186 -0.286167154182498 1.03019947638123 0 -0.870595137593342
0.716994786312037 -2.16791440247978 1.1261149125967 0 0
0.736280332913839 -1.99060582594033 0.967319001051239 0 0
0.452703658471333 -1.97024878974174 0.960728170915312 0 -0.226506174644741
0.582541490330622 -1.71694124880688 0.676628950691996 0 -0.248588020220905
0.737836412967059 -1.38376091933604 0.364322931223872 0 -0.259624776096098
0.795759873647462 -1.07348387726412 0 0 -0.0852877803718396
0.897227164697586 -1.0575107703576 0.143524837358287 0.481485096805879 0.0570628589086907
0.624552888624915 -0.945016576931027 0.271323027630123 0.614016316779428 0.120477955820621
0.30137399808682 -0.803513097772927 0.441790204528675 0.647787154885504 0.0875963176884891
0.0492288540412455 -0.694144884911095 0.654396539440818 0.647345163338921 -0.171617326464337
-0.0990846519185663 -0.65150887615047 0.911537902753483 0.6352294805672 -0.60050389797496
-0.606196261886116 -0.174858405551816 0.700005619362853 0 -0.593853273012512
-0.862495611539975 -0.159060672285597 0.846002669354467 0 -0.666840013484584
-1.1013519688737 -0.0546148982786699 0.906139364698502 0 -0.742152553087407
0.599789007159563 -2.09629156373531 0.976110797984856 0 0
0.677527677235904 -1.85688207586332 0.850713411866397 0 0
0.696557396289803 -1.62472555939921 0.674382399265425 0 0
0.682049944345033 -1.39195664106276 0.472310352685961 0 0
0.686844199729694 -1.11795878250297 0.257788420524501 0 -0.333186574908521
0.743265236705184 -0.807528362899436 0.0459990313964534 0 -0.431055073332119
0.704638261794573 -0.514995591037307 0 0 -0.395338627154918
0.573101509781676 -0.222135614574401 0 0 -0.564118141667964
0.381692145921445 -0.363741188185815 0.241040742725082 0.608271450439836 -0.363491893213088
0.127397777743559 -0.277749611874314 0.483550903754036 0.622330162667923 -0.595663751275628
0.000606017073017315 -0.265391302010288 0.734141096241251 0.591508069689994 -0.975138012166194
-0.627169542956378 0.0743214454653073 0.598808666822772 0 -0.616512380967629
-0.915455498982465 0.0567165882112709 0.697908380207151 0 -0.612913223184943
-1.22332945830698 0.13284197800324 0.701329031195699 0 -0.557066025332987
0.474581934398333 -2.02244638833724 0.791755122782798 0 0
0.420685471022329 -1.8297715532545 0.779898843781441 0 -0.0290282229822938
0.470561334244429 -1.53365581416077 0.567455741188389 0 -0.17812881776741
0.642938804657433 -1.22151930798849 0.348126531955511 0 0
0.682696880331149 -0.891234073786272 0.120198819550639 0 -0.282258509920744
0.757806021598517 -0.620640246266766 -0.118509263112349 0 -0.395535716008919
0.680974279004207 -0.29416760171564 0 0 -0.503302986721813
0.570711372705811 0.0433163297767761 -0.169122256521671 0 -0.834464298797401
0.312244003993347 0.260149113760111 -0.0808550336839231 0 -0.969554707450042
0.221501644144076 0.139756814950895 0.288917502636202 0.54582212871738 -0.954945488313687
0.00505937870892602 0.152488236245642 0.534162087034099 0.495891059852812 -1.12333876715516
-0.628297280028322 0.313818074317006 0.480201748348271 0 -0.659471239213842
-0.917269269976703 0.274446025861777 0.531133338617367 0 -0.597544630624883
-1.22544858061842 0.275210646540089 0.533865456337669 0 -0.445731971229626
0.444803062291566 -1.98602342990419 0.704863759855563 0 0.321014694902185
0.398757229042532 -1.7877107170662 0.537125726618787 0 0.0822891544943059
0.437603345402723 -1.45088988003045 0.385151133807669 0 -0.113108113909862
0.512148297328737 -1.1457901856551 0.169066621402534 0 -0.212184664482713
0.684343637398641 -0.919112649822444 0 0 -0.12525950183942
0.730608511316585 -0.540255933255153 0 0 -0.450964639047168
0.707273502980047 -0.128028978151254 0 0 -0.755950647407052
0.522002100731499 0.252299229836661 -0.313384204127717 0 -1.09156806004031
0.348237332551854 0.497929921124466 -0.166873664583971 0 -1.04548608512673
0.281009482862676 0.533306123148766 0.112156999735059 0.442318249093421 -1.16011492013108
-0.335433917102793 0.663137853687967 0.212356061437712 0 -0.76076911637005
-0.681001318179148 0.536947471658698 0.347309012427364 0 -0.629838185194766
-0.962355825496642 0.408786433528118 0.391104699876048 0 -0.461869745166599
-1.18520094825703 0.437825984121858 0.328929934504504 0 -0.326220431381834
0.796338884999815 -1.52784779305095 0.588935556289015 0 0.609471135046912
0.656832051459062 -1.58618636260514 0.337470981305134 0 0.329100289937713
0.594563794161401 -1.4548403815808 0.123416613769785 0 0.0738901072660672
0.676546368492724 -1.28427894969847 0 0 -0.0835014379553732
0.491483140188916 -0.915704695658398 0 0 -0.447170238252351
0.262655148553952 -0.351722837846623 0 0 -0.953514595199783
0.328978775053531 0.0746697409456638 0 0 -1.062566146192
0.470191617095393 0.334744696556029 0 0 -0.948319290841633
0.408407108305728 0.591374175558634 0 0 -0.974444795335317
-0.0133433346261323 0.857736113393647 -0.0656082688571872 0 -0.875021317978922
-0.38440015950734 0.849866771791404 0.0295299758588757 0 -0.672174262133171
-0.64472175118652 0.522910137366966 0.213859048474208 0.419673892575468 -0.679391271104778
-0.828765061897245 0.236532222492629 0.313907480438044 0.369635784435844 -0.489247082473093
-0.966730583415945 -0.00928248825074376 0.366670258159168 0.46412997508046 -0.165680562739518
0.882029305791002 -1.41861234414046 0.570472137163378 0 0.84726618125126
0.662624229017172 -1.50490707890385 0 0 0.467788211555426
0.648996386714548 -1.47365905314087 0 0 0.114781956835343
0.473178645003972 -1.29728502913901 0 0 -0.293727472619212
-0.034931300442172 -0.713436440869144 0 0 -0.822519866200503
-0.0180925579534457 -0.396254973258334 0 0 -0.716609652028539
0.240280542450736 0.0954051976715171 -0.167193961901172 0 -1.35607425745233
0.31062191660682 0.406828373542554 0 0 -1.1921140333067
0.267671588210548 0.565434385135849 0 -0.169225499804382 -1.04548338740002
0.0591129584040083 0.792729882636187 0 -0.143523074179022 -0.890016304501276
-0.183913396748888 0.751447574844873 0 0 -0.491702285683766
-0.378291927796186 0.52307366667698 0 0 -0.277986501567398
-0.685416120282315 0.68510172663963 -0.0276981576060587 0 -0.138743881263846
-0.997010146159203 0.404354029697298 0 0 0
0.241110323547837 -1.5739325599226 0 0 0.569623345128526
0.365200313267569 -1.60793388479574 0 0 0.316992095443489
0.282301959130446 -1.49811228432119 0 0 -0.158431986773876
0.0419967110796746 -1.25641666639237 0 0 -0.722236828674187
0.172274314434942 -1.16849776792713 0.0152769189196929 0 -0.870153124069798
0.453744272128893 -0.841649076163955 -0.0722525146677564 0 -0.971694040639936
0.333283226920923 -0.23588851236914 -0.0948202944092603 0 -0.883074677431662
0.23929267462542 0.122843817942972 0 0 -0.715931115397721
0.127591240489449 0.442834269900756 0 -0.306867210603253 -1.1155483092582
0.238885634133912 0.637667796648553 0 0 -0.833442025495241
0.103258609920252 0.906548412559366 0 0 -0.52098581355984
-0.32722746006249 0.712557537747392 0 0 -0.147240289325849
-0.301691022224865 0.68388660395836 -0.440712320510338 0.330742044460307 -0.0907270889882648
-0.547742898526423 0.317436046947317 -0.370544952826455 0.524673250169686 0.314996788559823
0.0443925557262276 -1.63047431988352 0 0 0.507008828021328
-0.0333537960968807 -1.02411692108557 0 0 -0.291830337525516
0.0994266671602284 -1.35705255264628 0 0 -0.470787513636025
0.155755048641366 -1.62184579138171 0 0 -0.714084477741044
0.43051805660621 -1.65253996697926 0.120951019751227 0 -0.916566435910051
0.718582891031777 -1.31027701704306 0.0417983645583048 0 -1.01468912355244
0.53082877641129 -0.78921457901276 0 0 -0.818075344832407
0.428228998969183 -0.322989200551078 0 0 -0.693470315200163
0.191595440829257 0.0335714893531004 -0.158246753228348 -0.250563697654562 -0.968250905744916
0.429702584669658 0.476067236445241 0 -0.269376876789863 -0.675368205114947
0.577993438834345 0.731032755142909 0 0 -0.391291325412721
0.189197057836204 0.602425086285423 0 0 -0.19636974680867
0.169125998567105 0.769575770575696 -0.734938504702129 0.294321921438828 0.0106158024976504
-0.0317685071244429 0.455345783512031 -0.700499103111971 0.563964867581825 0.420186098159108
-0.0398961735190323 -0.746233693188405 0 0 0.0599212930439844
0.0416500119096879 -1.1183554041793 0 0 -0.111241243001344
0.105486395972122 -1.52490225024035 0 0 -0.332363729679063
0.314092658531486 -1.89999400115067 0 -0.00440435712295636 -0.616885646077129
0.940546654328562 -2.01615098833523 0.119205997405428 0.140697619654693 -0.91753550088015
0.992072236704339 -1.79663525450136 0.18979852994774 -0.0247231975717214 -1.00371081285131
0.681632502340169 -1.36149139747429 0 0 -0.737496229724353
0.549357311231301 -0.839703331668796 0 0 -0.813356739474212
0.411307104526097 -0.442683568237916 0 0 -0.653515684368999
0.801681311136721 0.0096313267845454 0 0 -0.328434934167426
1.20771086192973 0.37566247476576 0 0 -0.084464806316681
1.18765193569948 0.55665582573053 0 0 0.0829758648232687
0.918741652473157 0.437377791873046 0 0 0.110565713805069
0.547834069842146 0.265689959279116 0 0 0.219363002510932
-0.0299834049690653 -0.895816333372921 0 0 0.0806177819517599
0.266230267401124 -1.17417417088522 0 -0.298056493689907 0.0878474607501723
0.290551074613385 -1.62497510592577 0 -0.130882715308762 -0.229907496521144
0.441045156495247 -2.12617653340093 0 0.0226582879972488 -0.457736960163818
0.579189651896816 -2.27041243501105 0 0 -0.663497596083548
1.25590958701553 -2.19256393590368 0.340557309546926 -0.0871259768908872 -0.710222433585872
0.862155676469594 -1.77426456721077 0 0 -0.895414416970168
0.615263648333884 -1.42320283454209 0.058060098935744 0 -0.932708542465102
0.533036956582996 -1.10136813350464 -0.136252861058506 0 -0.574281724987146
0.928245662216439 -0.657844363992547 0 0 -0.281358331226607
1.24018748225052 -0.16926211018211 0 0 0.0512657224685207
1.66718115969004 0.0802869831797192 0 0 0.446900467308258
1.55144722207859 0.272629224643566 0 0 0.597574706618045
1.28797543005159 0.36767078441691 0 0 0.839765235352434
0.111556408333385 -1.03056823645885 0 0 0.376818099284031
0.138483105389818 -1.42589544562896 0 0 0.134366972448584
0.080399610347415 -1.94562096699406 0.293702546494521 0 0.119912309065688
0.458284893543349 -2.24983978201931 0 0 -0.233212234273658
0.770826271221936 -2.44296936057727 0.23526510107199 0 -0.460874621157358
1.15603012132776 -2.24136338875022 0.340076154274887 0 -0.616117087178217
0.970783722683882 -2.18988572934782 0.169878801245661 -0.112676502985757 -0.381732013373304
0.556173487176445 -1.92643067893988 -0.0817503573565462 -0.169113884488154 -0.604543998817869
0.832082091032553 -1.66224202272953 -0.12495417364444 0 -0.478602828684082
1.25897820377786 -1.43568827867291 0 0 -0.123352165320797
1.49921041363116 -0.947529006981017 0 0 0.189432966349275
1.79243916062814 -0.513796412280941 0 0 0.565737835655003
2.07323131413166 -0.20766701129423 0 0 1.0209602341972
1.73919928981867 0.112728354937318 0 0 1.1316659880604
0.140845176561634 -1.35566815007283 0 0 0.488599073380543
0.222794122026182 -1.70072191859689 0 0 0.297592163985897
0.376080768557524 -2.05468665957187 0 0 0.08674417803668
0.598189413056859 -2.32602917503511 0 0 -0.124137375529095
0.948070564427161 -2.34516175044835 0.208130323077464 0 -0.355490188985683
1.00935505757734 -2.28272899173891 0.348466246613843 0 -0.386318447662011
0.781878873966091 -2.33641996734566 -0.152934742773888 0.199310590785989 0.221586408271799
0.597855795635421 -2.280777105578 -0.358802687124285 0.0997040436738248 0.0860323752028494
1.19914689644637 -2.14541686885196 0 0 -0.444413433757665
1.5776090801939 -2.01607629118736 0 0 0.0396537136075065
1.83852608037229 -1.70294608884217 0 0 0.446747883949164
2.0090031424973 -1.24179543024758 0 0 0.700312580069997
2.38359562111803 -0.754711046545248 0 0 1.27356254951485
2.14879833673335 -0.293072763781438 0 0 1.39207053388749
0.207976664293037 -1.64221842684265 0 0 0.499374449596234
0.335654126330937 -1.91907868080065 0 0 0.329616488399686
0.51677791607825 -2.22134598037269 0 0 0.156343460678256
0.894117795105567 -2.21477812583418 0 0 -0.341057971257828
0.999847755285296 -2.2212389899459 0.235007820464429 0 -0.26033183817321
0.861821706874747 -2.31869319674022 0.334919770434397 0 -0.139974831818929
0.542915248079518 -2.43850479993317 -0.473074901328684 0.490909508742574 0.769159110808456
0.519970088320761 -2.6330175418991 -0.671095105964578 0.406730829974851 0.864869501143617
1.20865464877581 -2.41928001465831 0 0 -0.354740925303051
1.65757615480742 -2.4523460699874 0 0 0.0953487473010959
2.03024585337045 -2.2980718388385 0 0 0.55996488304215
2.23349042642613 -1.89651405667737 0 0 0.871119420993054
2.5875384485002 -1.33190864724277 0 0 1.42453626674395
2.58455730992308 -0.761401408976215 0 0 1.67965861500013
