"(Intercept)" "X1" "X2" "X3" "X4"
1.94470850027018 -2.63528578418717 0 0 0
1.86520837171129 -2.63541649129733 0.448019773947314 1.14466487949429 0.679120165442431
1.91718069813356 -2.50582883968131 0.243587053055096 1.1050529902815 0.873900219081157
1.36056644838166 -2.03590757796708 0.589149078097425 0.521827909394761 0.545651967923092
0.908811354401096 -1.64678757539804 0.638463899920905 0 0.0599284679298285
0.75792669364775 -1.4624105020567 0.528122708915677 0 0.0199519671457365
0.487409538997948 -1.27141104848008 0.367473278638073 0 -0.133868539852788
-0.154366210753716 -1.53360729561579 0.845479245911384 0.251426283707523 0.847491021131967
-0.937597086840123 -1.31171470216613 1.41573870482591 0.563921467384106 0.934568485340918
-1.26983432122119 -1.20826480911818 1.70230857916193 0.716641148393645 0.742427219344796
-1.48856188623671 -1.19101727712822 2.04117409181359 1.10653198643031 0.468280650707388
-1.64537410980244 -1.34145647037563 2.35417511739064 1.45899655548757 0.317875104583755
-1.40942093452604 -1.59426596952578 2.7673511882404 1.12052166804714 0.159020432654806
-2.67870673218524 -1.4131884992831 2.67770620212761 0.34715084000833 0
1.29767808103234 -2.98136545477574 0 0.648759786236234 0
1.53234442813744 -2.48332916444912 0 0.857025086491844 0.495548626024161
1.41683325642937 -2.3122374866344 0.087453665948993 0.96105522056702 0.492193500383533
1.07863428202315 -1.7345993465613 0.323506782828878 0.379653924465923 0.246462996086773
1.22129424331191 -1.25629705505916 0 0 0.0639103243141562
1.07319143117069 -0.889158500504027 0 0 -0.212802625390977
0.624396369850437 -0.509439792743413 0.290925448240205 -0.0615150601581564 -0.331390208201047
0.0806494146274179 -0.649513886829716 0.55426890393904 0.161691366681086 0.121064917274019
-0.563086990633919 -0.738334791638265 1.00245808054785 0.273906028711086 0.394172194711562
-0.681797217632899 -0.740270044354102 1.27573875035284 0.584874144921314 0.269877767581912
-0.897618940262207 -0.823350316798893 1.67818200807428 0.936851171224085 0.157763201541437
-1.03262037472966 -0.861544319754023 1.97869546976833 1.21187020991768 -0.0724547565289171
-1.16670350448121 -1.19178834847809 2.08525537569851 0.979805534871973 -0.0552142161731512
-2.31248762622736 -1.42837162361362 1.8725977946855 0.353178268464264 0
1.25664068508648 -2.60673203006137 0.519214276544971 1.52942812265651 0.362197344113336
1.33051072053482 -2.28511537263318 0.23586595895175 1.1113420714038 0.381325571215157
1.23221193427611 -1.83787691049383 0 0.571538595569413 0.339434547380966
0.774959081190804 -1.52323027064578 0.168022911413931 0.268320842299034 -0.106985621778278
1.04915776706118 -0.913132236879296 0 0 -0.130198540607353
0.965778778575655 -0.477296095438732 0 0 -0.437915664227249
0.918935781973321 -0.151823424179848 0 0.0775632143906668 -0.646827691807737
0.67221046712597 0.141976352661913 0 0.00820556244117837 -0.895891668379785
-0.737233314349812 0.0114958410279486 0.813476362532608 0.18045512650104 -0.28071585144153
-0.330065161631051 -0.145583458311935 1.05110269247772 0.435390530877649 -0.331834784064772
-0.344706166378147 -0.337044802583895 1.25400154753597 0.701759624630334 -0.273882638737609
-0.760238449653609 -0.437998695100059 1.32126955395139 0.797115020881868 -0.134426677391866
-1.52913193323856 -0.979674291914219 1.24592439113421 0.466381674669167 0
-1.73658587639464 -1.4057782614959 1.27711624706675 0.483032682642456 0
1.24427889587879 -2.3229950811557 0.358512748237997 0.907588909238433 0
1.22063697812086 -1.91882469816808 0.15622115057714 0.371446636055997 0
1.00881063652067 -1.52501832209201 0 0.101536152404298 0
1.08030319851848 -1.02495063613979 -0.0664744343890595 0 0
1.02078870806858 -0.662730996895762 0 0 -0.31073881578782
0.790588408838142 -0.222253933385406 0 0 -0.740376043052699
0.856685205760799 0.12541717510021 0 0.171741750391561 -0.893211585019886
0.845738049915764 0.412458905096631 0 0.218784765002785 -1.25965708879742
0.514183371066394 0.684571280322947 0 0.29001604676138 -1.29885983596729
-0.0774684950325593 0.923225654672296 0.792123771951999 0.174150901376446 -1.14841752903373
-0.235266880481685 0.422646593730969 0.673160933353682 0.463668329625219 -0.627288194880544
-1.10690689517001 -0.102432181501826 0.813670557396244 0.382014273144633 0
-1.36349945332933 -0.752439823138858 0.769652783555919 0.458654014486951 0
-1.52179931563316 -1.41115930023555 0.629674796890418 0.418046656606739 0
1.20117259573499 -1.81533392817286 0.830386637000837 1.38165774817688 0.641885238156209
0.826689658419331 -1.65458227917292 0.433243323990566 0.736562672300445 0.338146296472411
0.812534590603417 -1.26064559535916 -0.0282759556763657 0.14793747703138 0.0240752065270325
0.975914641933496 -0.93570185297038 -0.303454822690219 0 0
0.136706753554705 -0.428170189011563 -0.462804438688535 0.148531169500936 -0.753373097628035
0.409565619040813 0.0203993518122124 -0.386411196197917 0.262410364223168 -0.8667637799474
0.752126075508653 0.372037236103045 0 0.309719834155284 -1.28788961385191
0.933084162088011 0.592382095341558 0 0.381015747476515 -1.48046578097631
0.74033324831414 0.897546670857324 0 0.365517507183909 -1.39996897535621
0.26979130070355 1.32610598234365 0.198287668645455 0.21779354544389 -1.48222150986727
-0.085249133042363 1.21079335885664 0.347522154731852 0.485249986049145 -1.06759356120572
-0.288815948584862 0.782329897144084 0.373709077208342 0.62021844564036 -0.781404233397347
-1.37650525889498 -0.266815335105712 0.361841529340732 0 0
-1.61274067852508 -1.07629502951903 0.0498216735133871 0 0
1.38972803027867 -1.58483575650005 0.621339460603755 1.02912280280015 0.792662741563959
0.918928917510246 -1.43864500113734 0.342198262997395 0.585611236504481 0.460925501914604
0.457999248145246 -1.13202923317342 -0.116922919314878 0.276463404540239 0.0629883018051849
0.825590182548612 -0.723725180829402 -0.396059010865969 0.24254549743908 -0.214566641283563
0.0366684430176943 -0.448963176492176 -0.655767467886839 0.268832344354524 -0.905405428802725
-0.391667985930485 0.207304420819936 -0.547572389526789 0.366633471549677 -1.16321522138867
-0.521294360578661 0.844041809655368 -0.0895917450240692 0.506948178429457 -1.33215744235466
0.937994162962037 0.668733302296166 0 0.545418697353651 -1.51590788128992
1.10882468397171 1.05419744309354 -0.187449303758517 0.303028116066816 -1.24279210285143
0.665117015849994 1.34129144133939 0.0720267162484918 0.395637682367991 -1.29668196172703
-0.0512012322950669 1.36890015798852 -0.0926470823872488 1.14659314368282 -0.966264975747474
-0.122508445189457 1.28801270041606 0.0455233488235622 0.874162137863387 -0.763706362505266
-0.253767832827052 0.600178329211391 -0.223021013129709 0.517849943410233 -0.485142888086651
-1.33603074819328 -0.911264527356334 -0.350581514440969 0 0
1.36642546140894 -1.2497699779719 0.546446771856098 0.883653072738169 0.965009178391856
1.16344751721573 -1.11017962212673 0.25172438444182 0.62103097653012 0.833019275275617
1.18798011473876 -0.79763508049715 -0.0182974237861621 0.719726874357059 0.676816224744283
0.205951067954346 -0.981580033747516 0 0 -0.209936842694752
0.160647525712516 -0.766112669321322 0 0.289392674097739 -0.701132982837408
0.490767750422386 -0.0709718640899885 -0.255904566705934 0.448389175354032 -1.201913726394
0.516471390915088 0.555435325336869 0.020562089114623 0.766723180284592 -1.47613861215487
1.00392348099856 0.518131553011312 0.360470269980969 0.702476130889716 -1.87062458847338
1.2699303266697 1.02144859515834 0.381658980329071 0.748585093225393 -1.51359424266553
0.851992517894607 1.14813389942745 0.115753042480942 0.392250822546896 -1.14397169778636
0.604235502510434 1.23829824788629 -0.380305105948537 0.863443989475327 -1.0055778630409
0.0963187280623035 0.818075670261246 -0.334325680367692 0.581076392336906 -0.558438879032977
-0.357084273101904 0.383763059435885 -0.388173342050922 0.258944193872853 -0.199522235722617
-0.331605942682199 0.128142786452068 -0.776739632589977 0.428142491182869 -0.087002534749377
1.00240818146313 -0.920647254354559 0.503798818768692 1.02977673331775 0.963727428555907
0.859467258658552 -0.957193229393745 0.172757711537929 0.651535627901045 0.624774538746433
0.293426146726036 -1.19107300334386 0 0 0
0.0488319362867844 -1.34958450027319 0 0 -0.14583318023181
0.131046615166746 -1.25214477835644 0 0.206305243042956 -0.603892878070307
0.946112707288345 -0.863444068881065 0.367680437600746 0.416663228070702 -1.39859055372934
0.943815409451588 -0.582687184530173 0.279489883802106 0.62948175989994 -1.16984238974174
0.747813709537598 -0.150364179629171 0 0.49972255017009 -1.37034406349194
1.59258062072452 0.179599702313812 0.531591932650115 0.658869082912555 -1.4362723855432
1.20937024593602 0.547365483876491 0.449221846945369 0.393602025887478 -1.1138531361762
0.314485482190378 0.725486663235621 0.0832405655339427 0 -0.686349294631327
0.251378677381386 0.499055554999848 -0.175173973668363 0.247213703081438 -0.597135319499815
-0.135739186240858 0.170545094534712 -0.456926930341354 0.294000132428972 -0.236972042747301
-0.597233375588633 -0.404904914381688 -0.647249244848273 0.195706320617029 0
0.589999104703353 -0.955347321594325 0.374752009794957 0.85533006229036 0.60222720401343
0.541637880385013 -1.15519137744484 0.124452466753793 0.532861218890174 0.259373622683428
0.17092653725417 -1.44818269504685 0 0 0
0.0454945089622099 -1.66364795351386 0 0 -0.231088288347704
-0.111760650294795 -1.82826960603673 0 0 0
0.986471546975479 -1.39962259403847 0.363654474956191 0.599295833069744 -0.716961291101715
0.884208929999482 -1.17222608365389 0.276999922549647 0.459422039656059 -0.847267839771495
0.751272799014769 -0.670070560163038 0.197741482794945 0.356673846488525 -0.836571900908342
0.206542197201424 -0.152441782163491 0 0 -0.527984252930704
0.484180123872483 0.215446091932243 0 0 -0.610342597917149
0.907260538808016 0.324342773136947 0.137161263071251 0 -0.726497532227664
0.094114859010289 0.195463850787544 -0.289843433845648 0 -0.429267573919107
-0.0107397676708575 -0.23126704514709 -0.620342941451692 0.314722498876748 -0.341791389647719
-0.434088767996686 -0.47942425964863 -0.820012690941167 0.146872855870668 -0.0241973204836247
0.125869785220538 -1.13786221632233 0.140924746595322 0 0
0.105687631060075 -1.37070573880871 0.18012822623252 0 0
0.211819593706691 -1.65854871913885 0 0 0
0.0238505696893198 -1.98577487455969 0.31036631360481 0.173417612274352 0
0.164121890177393 -1.94333578624691 0 0 0
0.180868703955538 -1.87968296405741 0 0 0
0.995490374002435 -1.54935693928531 0.271315227283811 0.315724557015399 -0.782305345884438
1.13940577126078 -1.25587093177996 0.236580416063428 0.257318893164177 -0.9988330231143
0.943828254298478 -0.573405845732166 0.0314216533490838 0.216938486129925 -0.827869599198354
0.926317203670929 -0.16106115176465 -0.0835509367512178 0.097933664470673 -0.627709617893033
0.526150730512849 0.0378122493893541 -0.0494637861245329 0 -0.193457276556049
0.374390908390103 0.0687665289322658 -0.339739151076203 0 -0.237991605162205
-0.104025122028711 -0.137208826222773 -0.801470026471325 -0.226662359846543 -0.321694708804972
-0.190713161885445 -0.584308326865598 -1.03021854350191 -0.132777172440309 -0.188883453629459
-0.288399201735931 -0.893763030971565 0.586456320972157 0.281187183736165 0.408948791211186
-0.169846291847108 -1.15551462864075 0.463845545726874 0.369399055844658 0.178301821358516
0.127133957129353 -1.58695468549922 0 0.399418347838851 0
0.122617566469369 -1.92832263029155 0.349065654818337 0.424436084264365 0
0.424619445072738 -2.0388328337573 0 0 0
0.505683856847314 -2.01416554600555 0 0 0
0.79457044872524 -1.92629858701513 0.321464685838699 0 -0.392728923210618
0.890892556174794 -1.68334152056227 0.281727845183085 0 -0.422378972362448
0.526414483358812 -1.15643950658194 0 0 0
0.54521661857371 -0.757201306909961 0 0 0
0.66888187320357 -0.482806554022016 -0.1792102740831 0 -0.290987337317272
0.525916385493489 -0.39947528684262 -0.404469170534416 0 -0.266313191085856
0.350314618859975 -0.478694626927915 -0.758903593641466 0 -0.22822162329105
-0.0697856576728434 -0.636319681292767 -1.14704934092306 -0.385071546121027 -0.247227883358795
-0.383167859476751 -0.688207780850385 0.689796841618478 0.619623963375128 0.67943375929879
-0.0272773358187006 -1.00342049747538 0.590593127691655 0.566012189533927 0.493936899958
0.0985938403595461 -1.49174722824572 0.44735695453815 0.604144740917894 0.0920075712566504
0.0254940231476707 -1.9239632320791 0.409975957414244 0.567846893376794 0.149841918781711
0.295123880697174 -2.03846202074101 0.317664171644768 0.502455205243682 0.0635135215928603
0.652256332751122 -2.16126411158237 0.200771697748393 0.493181358415967 -0.135840989418266
1.08882763085106 -2.12341365395623 0.248281013751069 0.362550247400612 -0.159358794861177
1.15274324778969 -1.9629419842495 0.272329482065845 0 -0.375124250920354
0.850942038085214 -1.4571479948048 0 0 0
0.779756042872157 -1.12133941645212 -0.121625821982599 0 -0.391860092463602
0.311312886416704 -0.811423242876297 -0.287139807866317 -0.417183035203796 -0.376109028810889
0.189355531089658 -0.683272743674392 -0.498608356275214 -0.456288293507253 -0.344843529467001
0.452925229662548 -0.77624789379381 -0.797457109490534 0 -0.271583067415083
0.317387926655517 -0.82488260195583 -1.11644237956011 0 -0.220215633326513
-0.308167565239811 -0.669244787571746 0.667747965224947 0.8608694572777 0.793178004346627
-0.0611031331206805 -1.02626015174251 0.505560102490113 0.871053349892905 0.574149616400977
-0.0391237919537521 -1.48892575517557 0.573391525033123 0.917818558204741 0.355279522391532
0.00348145445289292 -1.77133243767536 0.536121057434298 0.849951651655388 0.260893719198337
0.191945688515564 -1.87403753956573 0.237032007966198 0.823138074003519 0.0767926824474321
0.497485459085553 -1.98815849761984 0.0499242498700027 0.657261288485094 0.0664884242682033
0.751399552008426 -2.07724456637302 -0.124920216911071 0.596864335771368 0.149422701888029
1.19464525758698 -1.99603636019641 -0.11868154478425 0.444761444955245 0.0986919645199658
1.15961589152536 -1.75521462369033 -0.0303294172892907 0 0
0.459715355305555 -1.36214869038086 -0.381457305221696 -0.177555760114828 -0.3633558960898
0.31770366643836 -1.18398223499009 -0.53709550725839 -0.215231428243135 -0.480230964073915
0.158927268394005 -1.02163850925543 -0.726462837389805 -0.298550234051705 -0.464328298427433
0.0119116908299479 -0.954083080056648 -0.936439302240275 -0.452648585295482 -0.412427346633599
-0.139311765559166 -0.937744709588361 -1.20122957199813 -0.590816656919386 -0.333514337160507
-0.275299093800911 -0.696369386438833 0.754286934869639 1.45733717102404 0.719859846037264
-0.181452036175711 -1.08998289170937 0.742134752484568 1.3464223671383 0.64303800125494
-0.0713549867473749 -1.37143081110547 0.791886058040498 1.25980783749813 0.577874258477201
-0.0399519725089155 -1.59048468539198 0.570080912702661 1.13139599672859 0.47082675923191
-0.0602164634762963 -1.70521376807463 0.242782102440653 1.13954602334073 0.362942135846311
-0.0943079712332389 -1.78964273585759 0.079096498255906 1.10098287179723 0.366402916314767
0.240470666485474 -1.93704536548998 -0.381754311344981 0.928615282049673 0.432663031849443
0.515471077560807 -1.95501136992864 -0.566282859725909 0.71549268801423 0.297247575285045
0.474116358664342 -1.63974134536682 -0.779845633472068 0.490548100322317 -0.21911851139236
0.509525054124902 -1.59801915049586 -0.786182981096696 0.277091620716124 -0.439345360142484
0.412344042941849 -1.47938267425145 -0.937819165847796 0.175926612556995 -0.5181336440366
0.236781480118023 -1.37702588530051 -1.03290383490095 -0.0175462288859837 -0.615608912196562
0.111707515667042 -1.29852540918632 -1.1461203006346 -0.232265171238774 -0.587358227625297
-0.0560082610962774 -1.23887169920867 -1.37974896637902 -0.396979076509356 -0.514713593161919
