"(Intercept)" "X1" "X2" "X3" "X4"
1.98007002644167 -2.32678075684088 0 0 0
1.78861714231592 -2.25294377122039 0 0 0
1.56697047055503 -2.1277497642093 0 0 0
1.38759674974537 -1.9255120297547 0 0 0
0.401859571591995 -2.0133817562602 -0.584841292032558 -0.707751720197758 0.348087856176705
-0.101126020419153 -2.26470730785869 -0.146974887247715 -0.447545120650597 1.04560048391064
-0.453876891320821 -2.34205921209902 0.308169915199461 -0.137218283459546 1.54789568382078
-0.720847365827166 -2.37952910027647 0.793831537492787 0.184437477975514 1.94767836852005
-1.11068317571572 -2.25856224188319 1.10538697774205 0.231132096496011 1.76363735028404
-1.34922572765018 -2.06799963541677 1.37401997626126 0.200166140239192 1.28361501210034
-1.54067007119135 -1.74957691984078 1.13576451955806 0 0
-1.91593139784077 -1.64975313331461 1.47012032438117 0 0
-2.35707432420375 -1.5271568419459 2.3016315764376 0.258751763013374 0.771450327435421
-2.62135667501125 -1.4708016027158 2.50648054112594 0.600363574384881 0.754201608732523
1.90833221656714 -2.08249530201938 0 0 0
1.60582604414399 -2.06988500320268 0 0 0
1.41090894917404 -1.90388769868644 0 0 0
1.3575603433303 -1.59665317921866 0 0 0
0.846127403173261 -1.31440926762086 -0.561606497286052 -0.451961411071622 0.134331224175164
0.480825531739998 -1.24642862093702 -0.408457388897288 -0.354897672801526 0.384311011729867
-0.0109628384128964 -1.49994318905782 0.024509792016073 0.0268034757130181 0.780498626175611
-0.421679521404246 -1.54176935958526 0.506918242515496 0.31261387824648 1.13547278378428
-0.760774569503907 -1.44818058346297 0.812400419420036 0.385341892440778 1.0748358483263
-0.997782681267113 -1.26874957877102 1.01940325743088 0.242785907777793 0.763454507791874
-1.2711153000592 -1.02281628490702 1.00600645619705 0 0
-1.68115354446267 -0.858445348738824 1.28737363589974 0 0
-2.11167344554453 -0.942685404760332 1.95447298429521 0.558236270358582 0.591957150492343
-2.44543430860943 -1.03023867623069 2.18576881676345 0.891024865353642 0.622802151195417
1.75684465115593 -2.00575021552666 0 0 0.258033493040819
1.57540220241327 -1.76196774787759 0 0 0
1.31091817823534 -1.63633607721483 0 0 0
1.21497923215041 -1.35304705011543 0 0 0
0.888519315953859 -1.02439362463874 -0.532899205769506 -0.235558135508034 -0.00785091030711049
0.832091191953245 -0.679107415757324 -0.475215647731003 -0.131084912983468 0.0275801405570701
0.848976838770052 -0.515663349670769 0 0 0
0.144245087370957 -0.709115795117706 0.12251031278547 0.333683769410271 0.333024585115109
-0.280399516615249 -0.49818156486417 0.367461957894775 0 0
-0.669739373036318 -0.391077541117341 0.569985528441689 0 0
-0.989370581484218 -0.309052064259018 0.789557947964328 0 0
-1.37937898069638 -0.410794481198543 1.23713705769997 0.528652401545362 0.327893730792716
-1.85983072289373 -0.499923252342179 1.53314294336385 0.846021316374925 0.395351472614722
-2.3531794314154 -0.703139895342915 1.8079791590326 1.23767633979923 0.560028176376798
1.75230151984601 -1.77644870227832 0 0 0.466659835131713
1.51216922552589 -1.59927249121571 0 0 0.242277071383253
1.25867262894297 -1.35212967242855 0 0 0
1.08827412930335 -1.11643891186823 0 0 0
0.912243082897178 -0.75701891542499 -0.446671870005966 -0.089284756974077 0
0.949770051787198 -0.343579075363238 -0.475889622643343 -0.0730349623926022 0
0.912199615909379 0.0599958180679564 -0.483230345905774 -0.181050500073504 0
0.744971498290105 0.0504713157483887 0 0 0
0.185265435016446 0.108427479034607 0.136705832230598 0 0
-0.226790259985027 0.121048892726266 0.301740781791924 0.281884804873818 0
-0.667131365195702 0.109585110064647 0.580591366118525 0.5421489136653 0.116120584438308
-1.13839911073143 0.0480243115383889 0.8806523989599 0.770710860410397 0.136412169642593
-1.68381892425634 -0.181065009417459 1.21350257638303 1.03195546672419 0.275639809123571
-2.26773599705777 -0.419527901703923 1.54006348789936 1.40156264291257 0.516739619073528
2.01731990729227 -1.45368685446794 0 0 1.05951953671573
1.56449197991402 -1.38991027467941 0 0 0.555298610386026
1.18005554954646 -1.20306271641697 0 0 0.240128823653231
0.946445994657222 -0.934770104483971 0 0 0
0.960447310239893 -0.616134676150129 0 0 0
0.993738487107292 -0.277650467428721 -0.351243236056759 0 0
0.918691669787916 0.229421775604581 -0.53940894141626 -0.152080822326067 -0.153846528694935
0.929187963166647 0.523112939717062 -0.592171668328356 -0.147649829860857 -0.172614164320943
0.582970591438933 0.479169177559184 0 0 0
0.0553307059853277 0.43116664501489 0.117924047473645 0.463668624782445 0
-0.375633509358545 0.500922833528446 0.305419109826412 0.760157810737611 -0.0563709425959906
-0.986460936077926 0.317740925749156 0.658168862603083 0.858266624601201 0.0390321584246703
-1.59653713126732 0.0815598438665867 0.986984170303993 1.11669790512075 0.201085721410111
-2.18347056505706 -0.151176361507054 1.29952204050804 1.42204782473649 0.435750758172171
1.87141649399528 -1.23716727822393 0 0 1.10007686341533
1.57958891322949 -1.18934508068831 0 0 0.675666294968763
1.22262867065051 -1.04274546207344 0 0 0.30928720384192
0.831171821614407 -0.778131911971768 -0.204827294232391 0 -0.0634676630922595
0.708481636110479 -0.475808877521731 -0.209660460499348 0 -0.200617814222064
0.775745514545072 -0.239767891095644 -0.278907846081592 0 -0.378421907887943
0.797044531021419 0.117798766109096 -0.542510811312214 -0.0773857080101015 -0.516113926372268
0.888913884458266 0.527677470093382 -0.651626993894249 -0.157300564942071 -0.540691737353686
0.763452987221199 0.72628452660575 -0.553211256906164 0 -0.608329417322705
0.38941033046213 0.833123768383324 0 0 -0.423608016543306
-0.280459205942988 0.749202893746029 0.141969748200208 0.603117700531789 -0.320304501698581
-0.903867987584954 0.554827909487512 0.442623834335802 0.765101082482164 -0.176758559356464
-1.46356346993954 0.312492377681043 0.717903971224953 0.961723703932819 0.0192956328163968
-1.9744163639174 0.052894463491206 0.996370333754943 1.21280021874407 0.217701280504926
1.63708042968865 -1.0960677105827 0 0 1.05981415603781
1.37397574490867 -1.11141805852124 0 0 0.587503615701085
1.11589886502943 -1.07028943664524 0 0 0.175564977454942
0.822825191415812 -0.909013867585026 0 0 -0.220987478922866
0.51385191325488 -0.592013142594155 0 0 -0.608685146855736
0.469994445744204 -0.303414974546413 0 0 -0.739028779305495
0.569319008179184 0.0504916198176708 -0.338608425364132 0 -0.962867403099966
0.731474496203798 0.390646926618961 -0.383430599192416 0 -1.08644378399491
0.569733915300772 0.692589977844513 -0.331682195988102 0 -0.859549575140522
0.558824502766487 0.964680476768641 -0.461558081983098 0 -0.808386793926289
0.0848127430755112 1.1275969601591 0 0 -0.460186460197784
-0.724985884154446 0.805122064030701 0.0615259374944747 0.369048779385063 -0.37491522045419
-1.25357493009399 0.484187440558391 0.295301221645691 0.593914912657329 -0.122244212507795
-1.68734741057793 0.154983964555622 0.487645909996727 0.902218521233435 0.0608492241785844
1.40952583440587 -1.05545604173961 0 0 1.01159001367562
1.18741158473198 -1.1212264965572 0 0 0.529413744993001
1.00728810681741 -1.13263158005415 0 0.118621556087184 0.0816833771213125
0.694192741959128 -1.07599882442846 0 0.218645333851551 -0.528592286649819
0.564757970836564 -0.93300462111941 0 0 -0.849967682565845
0.453762300782305 -0.6485895142361 -0.146166929626602 0 -0.915484598611144
0.388118710938602 -0.225052237108931 -0.314917173655077 0 -0.863527322916409
0.323441448311233 0.200629848030517 -0.393290585940162 0 -0.987364306429921
0.438579473508038 0.553900566056501 0 0 -0.660135010009778
0.371095706913101 0.749100380247049 -0.452501953187779 -0.371814376914815 -0.758702808299098
0.309119344711913 1.09138088315283 -0.599878731177959 -0.321136763323983 -0.690474032407418
-0.165936979450712 1.22931631636272 0 0 -0.411131465851173
-0.701229776248739 0.6456392672268 0 0.226802723771419 -0.25577935807053
-1.43693769129571 0.43972689896632 0.170810387663274 0.53184214249119 -0.11234977387821
1.16779185237011 -0.946786367485515 0 0 0.842143820526867
1.14102405595877 -1.1452756228888 0 -0.0243139505445297 0.584845892958743
0.817836870214334 -1.15375229604084 0 0.0954337845060772 -0.0374561150222162
0.808839460449955 -1.22405586836951 0 0.290296968451892 -0.571504168712067
0.982006555035461 -1.25151616773427 0 0.237906981979348 -0.903222141648443
0.632860010894296 -1.16237300019236 0 0 -0.703519414437707
0.354244811800367 -0.741899051303864 -0.184130575243978 -0.232175725553204 -0.852621635416223
0.240191628650494 -0.284904816938894 -0.27696236445516 -0.252379044957061 -0.753604025641226
0.333126059603186 0.0816248414417358 -0.381171202922411 -0.24136046092618 -0.849273998094658
0.422745697986605 0.404701140437174 -0.469570335383747 -0.303633730888954 -0.780310735896579
0.340509790233696 0.838025889960551 -0.499847490051556 -0.517319311954934 -0.581633404103106
0.149552977655208 1.22427083478568 -0.495182691030361 -0.704455349620182 -0.367218902660225
-0.397630379756082 1.26138477625066 0 0 -0.382977926463962
-1.02669023912824 0.97121633231735 0 0.116860604560961 -0.190436018192505
1.07633771205069 -1.11710221767726 0 0 0.841744044899617
0.937015919933643 -1.11375141837003 0 -0.111831123134512 0.437022468656766
0.781154996200628 -1.26972103602025 0 0.0257837158692866 -0.0760143426122297
0.847689882105305 -1.47565500656254 0 0.03675925104528 -0.478547375546289
0.99999410968327 -1.60825784825724 0 0.020302613547671 -0.64752334685011
0.903732452466679 -1.48230340441902 0 -0.244640990944982 -0.762041954797057
0.634883601925635 -1.27508743682092 -0.142121655020348 -0.222103423508779 -0.863725168210724
0.597039690333834 -0.827294964517362 -0.167791639233799 -0.15325925417388 -0.757057336867744
0.556793316710044 -0.415259737313894 -0.25217468222645 -0.202888209767846 -0.74809727518783
0.392271262353476 0.0269852830863015 -0.312406110458143 -0.452928188138147 -0.752089538427883
0.326524942165853 0.463269645347661 -0.346413504330901 -0.610626782996703 -0.595809778794211
0.174108725580961 0.866521570288346 -0.344114033659116 -0.771237458368477 -0.39160536854803
-0.0458809937978193 1.21328933043087 -0.372748881342578 -0.881606772237343 -0.164617492911908
-0.642898413025368 1.26721856528446 0 0 -0.348719642046788
0.982301377913462 -1.11859234920303 0 0 0.722531287530634
0.745231217884284 -1.20360796012318 0 0 0.211892399865909
0.885548328814876 -1.49732667638005 0 -0.191050324272696 0.0376139669984803
0.932533223716764 -1.71210676178156 0 -0.194243782073904 -0.305303860161788
1.08596466644634 -1.88401415257895 0 -0.192233209535303 -0.474217232293623
1.13190684800817 -1.90294632026198 0 -0.215585919634089 -0.536673798312865
0.890974081046578 -1.69351816620165 0 -0.325421389568091 -0.672523929449193
0.757251776871649 -1.34347899732469 0 -0.232455393195295 -0.603616046611038
0.70560868369367 -0.816097226686403 0 -0.231896882530315 -0.61465002147858
0.52965788727693 -0.461398976834138 -0.183133436635171 -0.465553416320273 -0.684267691208456
0.303619865685748 -0.00945210305233793 -0.186702549908978 -0.749539049687034 -0.603984894617385
0.166652329165348 0.426991520515443 -0.17206445394579 -0.916545430852819 -0.430118862191468
-0.0341104351679025 0.821828956588779 -0.20923432109263 -1.02120532372 -0.192726841217783
-0.306434996236221 1.09802526454129 -0.138528105199128 -1.00603414495092 0.0568675183574049
0.836270512847108 -1.19399260327137 0 0 0.532880768865015
1.06509203564336 -1.45260067602221 0 -0.339890336122056 0.526357509623009
1.05134527329572 -1.6845219495004 0 -0.34130605340546 0.146223065446827
1.09776242959961 -1.93021613023943 0 -0.353477382951713 -0.113121534412565
1.19714416567829 -2.13229053226164 0 -0.339488168740026 -0.269935792124869
1.21824249755525 -2.1615142807684 0 -0.326764564594979 -0.332505814788168
1.11199564386269 -1.9537283195659 0 0 -0.402622793604085
0.975421791389453 -1.79956512239021 0 -0.297642261826617 -0.404909449913858
0.822449317954947 -1.33834850141156 0 0 -0.506985875169206
0.650283129877646 -0.92699452017682 0 -0.368463539799538 -0.55754363266983
0.362125116398511 -0.549338609851172 -0.116302228361053 -0.765055651287899 -0.571868439579215
0.160631411359804 -0.108918745807532 -0.100434666220787 -0.986837822260115 -0.425496874601956
-0.0208354116833327 0.332403575588995 -0.0691517405030864 -1.132086019312 -0.232490670746262
-0.362510137734255 0.749940380714737 -0.192800610939568 -1.21044099438955 -0.0709456812485399
0.769747836976736 -1.30596929722836 0 0 0.405481742388847
1.09987102487999 -1.7079548078802 0 -0.488606043762346 0.547721039295368
1.13514602580471 -1.9410883200937 0 -0.487149426817548 0.271421438441278
1.19797865317493 -2.1931320133793 0 -0.502707193797083 0.0855002747918882
1.16482822437941 -2.35189996722086 0 -0.410610265395382 -0.0683867822685417
1.09409370189757 -2.20053747726384 0 0 -0.257705512529191
1.11265125958859 -2.18476102973965 0 0 -0.241850559764377
1.01977069881357 -2.17057954189054 0 -0.285895714953175 -0.202939516248588
0.948967994926582 -1.8997093401055 0 -0.293484310379673 -0.358982810931967
0.757971171403976 -1.473218219896 0 -0.287157729988117 -0.47788453129601
0.610364960264819 -1.01736948513293 0 -0.323799388573726 -0.444923273809664
0.294588008120352 -0.676785120701286 -0.0537191940852279 -0.933518156207269 -0.376441905473958
0.0834308672892975 -0.215268730788063 -0.0442072361954182 -1.06650115657639 -0.213636597675865
-0.21625456404569 0.228811733292903 -0.131293427710449 -1.15134888165405 -0.0664214235582978
0.70479445386771 -1.44973377678624 0 0 0.323992041016718
1.12513415371649 -2.01761650177028 0 -0.663585602629303 0.625298773133088
1.19294677752925 -2.24219823693839 0 -0.639165333373921 0.428439107631488
0.890269354274129 -2.07743999992951 0 0 -0.121308768755462
0.910028400639874 -2.32670822818071 0 0 -0.135109871078919
0.953942696689892 -2.51127464403779 0 0 -0.0526237272600505
1.04957686411163 -2.38833954338372 0 0 -0.114166358261819
1.11028754421691 -2.46753556447627 0 -0.231622673236048 0.016119759917515
1.19388230678233 -2.02331789256584 0 0 0
1.08040815861105 -1.98069940903999 0 0 0
0.766934683162564 -1.50015303824972 0 0 -0.291672992290565
0.627320594359908 -1.03552734943135 0 -0.21300364241388 -0.364601053434638
0.455226399517556 -0.797995761021388 0.0267592293102997 -0.810071278472466 -0.101774106857479
0.142560967788054 -0.32788096920759 -0.0386107794484285 -0.936478648940472 0.0146314509118729
