"(Intercept)" "X1" "X2" "X3" "X4"
-0.889387563588246 -4.9049414349117 0 0 0
-0.718114612512605 -4.33724942479779 0 0 0
-0.393535974642153 -4.06169281034816 0.0547595864117394 0 0.407249022656144
0.112232554647731 -3.28470111906781 0.108080896665784 -0.000835563735697794 0.58356008416035
0.7094282646228 -2.62585795040601 0.301700212522148 0.141308801792404 0.374027673130031
0.780921827065673 -2.25167245725147 0.403427762309811 0.129012891378638 0.137437399499956
-0.2829973546758 -1.94159966719227 0.600520467045327 -0.577857069148457 0.401766232809895
-1.06657214155921 -1.68114422973403 0.887489307869635 -0.713917815018116 0.405480372254475
-1.57729384373093 -1.68831433702544 1.24913905573011 -0.274309883230764 0.413520511849236
-1.94203228143631 -1.69311507932562 1.74608380726283 0.0226983544124852 0.832143301333303
-2.05897803717262 -1.74542905543618 2.03024035110684 0.357484705038917 0.957592308547434
-2.1127265195263 -1.78427149034074 2.26208717879052 0.747819157525027 1.14895666268253
-2.34235702899538 -1.71507420487699 2.54835656157032 1.02451600492875 1.41905827045995
-2.7699183504142 -1.50124291840683 2.83761743354401 1.35542076018362 1.73369385838919
-0.441344390666072 -4.36088104461789 0 0 0
-0.290276930390187 -3.84636582958875 0 0 0
-0.0297084801465329 -3.62858596937814 -0.137057250599433 0.193031301614181 0.286820269957269
0.142353462958969 -2.8290933790583 0.0618906888452014 0 0.164412469601275
0.277592474247107 -2.09915587766899 0.235519831764784 0 0.128002199751887
0.727272974437026 -1.59099393551522 0.113924538064657 0.246482522745255 -0.0137165068617536
0.248385787597107 -1.2454590529623 0.140386570438698 0.11293745491208 -0.0894227327121516
-0.482019031539988 -0.948626803315927 0.366307701974538 -0.281787284381011 -0.271980254953101
-1.16791074494092 -0.93547757205117 0.676818986583148 0.0013246919531142 -0.237637094394303
-1.37901408206582 -1.03146558832571 1.10700387205644 0.22906335011539 0.162831216495619
-1.45556373921761 -1.14013292116075 1.42586316458788 0.559830050929463 0.234506391456447
-1.76372163736466 -1.02731403379324 1.74839191249357 0.77621760706313 0.487897400730399
-2.20344252641535 -0.791815930537418 2.15171243466184 1.14075908309409 1.2042058198269
-2.60373244081896 -0.665809901654852 2.45470143143107 1.54806239588854 1.94062148060528
-0.0105005147183564 -3.84105198090879 0 0 0
0.150966312260887 -3.30146383805379 0 0 0
0.284381310812501 -2.74637808480326 0 0 0
0.28258449133278 -2.055007110915 -0.0065383051659277 0 -0.154477354400749
0.61153607411946 -1.44313433625325 -0.121643254606993 0.238042699587624 -0.311137927227214
0.624187115014958 -0.944320741640962 -0.158826874136778 0.466823065385159 -0.315793490741233
0.212675948476921 -0.660966220935366 -0.11423351803573 0.482052732786886 -0.48808717330758
0.331664044385629 -0.316755379877235 -0.165032504654091 0.333090270966457 -0.834785739864175
-0.48423433716279 -0.313616646413198 0.159533957305023 0.283523745622168 -0.690819522219235
-0.851983302717029 -0.437692876977234 0.553848592550469 0.39248165110384 -0.590255388609199
-1.04151862102555 -0.440281006564167 0.985962750495881 0.573913841185648 -0.646172008514218
-1.54121413409952 -0.215062727091118 1.35060594446304 0.884119650720472 0.131956672716242
-1.79076319773148 -0.140879733492732 1.76218205488267 1.38246112396686 1.16684239488751
-1.98424948598505 -0.0400481568614977 1.89007488116418 1.62444596586286 1.93444857119716
0.570041882752359 -3.46410561089943 0 0 0.623041669529363
0.660874574110384 -2.90053728604918 0 0 0.358812815202938
0.624055631112911 -2.18285598204827 0 0 0
0.363966127635707 -1.39638625569406 -0.0176103510129309 0 -0.383642506562426
1.0133330072015 -1.02609286190903 -0.49536763885164 0.550021944751958 -0.490653197407721
0.909895516610052 -0.531596043728352 -0.560539142542047 0.884743385750087 -0.821930090036631
0.451089631718574 -0.205429199729749 -0.415686522696777 1.07971038844119 -0.823507772187962
0.877875078619077 0.0774478569154715 -0.608095405082522 0.824238368740883 -1.21932061625601
0.639027281642163 0.430585030813574 -0.604852886441988 0.419180942184812 -1.56262233620178
-0.390762267011412 0.221214741701691 0.214530967934877 0.531665932327172 -1.21612537247793
-0.654549064244366 0.175555000023586 0.639135852656435 0.65603933835306 -0.95987066758231
-0.905794489725333 0.283926774661576 0.915640717942758 0.975817732782886 -0.1957160842006
-1.14804664634476 0.353742676383083 1.0846984119279 1.17337780212775 0.641194369478327
-1.34948016208898 0.235588449273971 1.23423214729738 1.32433007597428 1.16256961593712
1.41202269241406 -2.74740361071998 0.249849982551032 -0.00916983612825904 0.736863817645168
1.14553671382175 -2.2090901235591 0.14620653096624 0 0.43820134871189
1.3723644705007 -1.65089875946873 -0.0702575523010528 0.37211744399144 0.184206765368325
1.24298290197405 -1.12997955901618 -0.242714960886931 0.419159224540099 -0.173049490948592
0.8502295099818 -0.52496498374486 -0.520233169657499 0.580696451149036 -0.68815617386048
0.934588944363193 -0.077279930831034 -0.81822633133661 1.11381007320753 -1.10019118040122
0.697076084960569 0.3675527017982 -0.842052745561453 1.32564071051094 -1.23560811439623
1.03912907236777 0.387178799569412 -0.863520513195809 0.904066209437479 -1.48528343071931
0.819452085985591 0.748539069703264 -0.660013456400279 0.566678521122604 -1.49630171826312
0.136809626064697 1.0600104286062 0 0 -1.06390733740683
-0.0128724566496715 1.13121624488862 0 0 -1.1068178543967
-0.207591881833649 0.809704779828638 0.422073305706637 0.866588570040128 -0.632498558389891
-0.444759120816431 0.799897453504883 0.571331449026951 0.962947940588713 0.0997060088394659
-0.926769199186693 0.302574731805162 0.845635901333152 1.18994624659063 0.725118859067143
1.42551718930638 -2.06742433339395 0.350605828489412 0 0.550234366766223
1.41913603804951 -1.88405980884051 0.02153491617387 0.0436104486592518 0.324444801329723
1.66293593770617 -1.37713021921429 -0.199651024319211 0.343242491303407 0.365471802914006
1.40282098371115 -0.829351079319626 -0.499871756151335 0.556359445653824 -0.221276191703418
0.706503776994123 -0.211811534571568 -0.501048758622566 0.518460562590654 -0.965385010680196
0.162503022133875 0.320912154442394 -0.378650058746058 0.523312976863685 -1.18174198182151
-0.0716219261608848 0.741018878821375 -0.483488314248388 0.382324391498033 -1.16086915325013
0.984665592643203 0.491990835665013 -0.789965933835042 0.719835397389012 -1.49896085041092
0.56598956228303 1.08661378745278 -0.647373824102508 0.736794491707363 -1.48182116608181
0.40722761803545 1.40124794730751 -0.556147701209814 0.393171404155391 -1.28747787804932
0.168946095918382 1.33953059501619 0 0 -0.910261942108714
0.291587720996587 1.27899838581624 0 0.565977993381588 -0.832887056296965
-0.147938880407203 0.721384409141072 0.240202352368816 0.949711774637323 -0.154359865176882
-1.07294011535457 -0.219161303930045 0.691310335358225 0.809704121773614 0.76611469631886
1.44169860835303 -2.012919056712 0.589328253632921 0 0.495890132217277
1.31526609659972 -1.87377426869596 0.341448964348778 0.276228577320818 0.526037500464473
1.1380975667032 -1.25934092460299 -0.219371952267644 0.268658106134208 0.1159341837905
0.555851018802273 -0.797105235662268 -0.134394797754747 0.308929961975073 -0.36243357044881
0.525741523858022 -0.630640128185668 -0.217055148689428 0.304608927277354 -0.975654922635301
0.748807684077095 -0.0795639338990665 -0.238387348004896 0.371633561182937 -1.24183596801319
0.546367649881388 0.38293141363813 -0.346711196442505 0.472023493603271 -1.2140225074073
1.00079868353452 0.348502848479517 -0.451367147958495 0.650859529863133 -1.29235915866489
0.452662713289966 0.573886760581919 -0.545959346882479 0.524809420961705 -0.00887531754645025
0.360664883356844 1.11595368647994 -0.608555674171043 0.312493661273765 -0.187199889817053
0.42250237827076 1.17746680974127 0 0 -0.692733463455766
0.464876600814056 1.25018753641013 -0.171531856591652 0 -0.529890748235019
0.461229702674803 1.19966851736081 -0.328454855798856 0.115725974742029 -0.250467877208152
-0.552436431057613 0.146318557353303 0 0.306568541569957 0.474787886815222
1.45744257780284 -1.59110637527595 0.401818193934276 0 0.763496982323336
1.1716501633387 -1.56329740117248 0.501340501222079 0.369567695943671 0.505878480687156
0.565185851103038 -1.2499674552482 0.30348099019053 0.371913644592375 -0.0267817673728577
0.309217927987966 -1.10351701340018 -0.0466551176494414 0.281880399016067 -0.631448351116677
0.719985001090191 -0.939729050432144 -0.0743237215719661 0.271064146912489 -1.09626629104084
0.621625942083304 -1.04139466679404 -0.0968764489871776 0.36436972401295 -1.22941921721996
0.7566082364161 -0.713168530785498 -0.121723112315198 0.536827417511385 -0.996631237291869
0.296151839415012 -0.0941079384196372 0 0 -0.944792911818147
1.15277445563829 0.273297874568021 -0.337467253502617 0.305217489883847 -1.03288041434822
0.107127452888406 0.742358654172694 0 -0.5453260491543 -0.345201893521021
0.900063108205333 1.0388061359148 -0.328007926533722 -0.606279070565011 -0.948562318487188
0.443490080023556 0.902259667551667 0 0 -0.435033596564999
0.091211459976413 0.758730828199239 0 -0.254710061370152 0.0158439611113235
-0.123539169261773 0.602592849399518 0 -0.0243536593402256 0.453371955832043
0.936826038615903 -1.52058045541072 0.650290856354767 0.511376582001536 0.837167345659876
0.762327309109279 -1.30226153851565 0.412224914709589 0.486997328805476 0.326331510516409
0.663321620358505 -1.2404362959383 0.254679051047742 0.238222172182138 -0.270424614906257
0.465022039089912 -1.4861778655486 0.353453422359486 0.0206867955437009 -0.807457192227583
0.78968303920756 -1.46899145326098 0.243010055499047 0 -1.18763279927084
0.910327383999913 -1.37620421943134 0 0 -1.23901835738401
0.208147930542048 -1.41334468023926 0 0 -0.998070159913869
0.282348810031411 -0.997921611386365 -0.0823666303477708 0 -0.971212510505737
0.37283249901498 -0.256385626442904 -0.331253798470279 0.123182778255622 -0.440999590393331
0.359944845862414 0.309421602411904 0 0 0
1.19712535196626 0.764645648606356 0.0163465734740145 -0.399072587594031 -0.250863457775104
0.337512490101494 0.705054468432849 0 -0.437448101013783 -0.160939152474978
0.249679210624557 0.695566309455417 0 -0.467981153988724 0.0314953035347919
0.16883690925213 0.550527626361541 0 -0.390241331758931 0.270801899089586
0.546163369106176 -1.23670907417695 0.660931027337533 0.160050612307041 0.839418614500718
0.487049492492525 -1.14446755747637 0.312203426316702 -0.0747448493132417 0.286946677225128
0.746327568075577 -1.17959691355519 0.239841295708313 -0.237261578903898 -0.416823302763417
0.9808869665042 -1.46922312133372 0.511688941698612 0 -0.959747697937436
1.38079978965226 -1.31297506559134 0 0 -1.50215272974897
0.9520377518902 -1.81420896976466 0 0 -1.16233239234512
0.379051500180152 -1.90698547671002 0 0 -0.85745552492149
0.478754402523721 -1.45978766668109 -0.106268492150099 0.0267504666424627 -1.08308484815145
0.338819475406434 -0.768324586833045 -0.438582198250432 -0.135383076514637 -0.75813997711939
0.703863323122853 -0.148404041157036 0 0 -0.237709241295832
0.79370850696808 0.286184257670435 0 0 0.10986106181303
0.885552929099772 0.382330497895578 0 0 0
0.839833367216424 0.306548448067849 0 0 0
0.608612395041642 0.463225701451866 0 -0.384264959711593 0.236219239671228
0.00998529239826462 -0.700296794320848 0 0 0.201855798831121
0.34273562176408 -0.9819066072379 0.159397557764185 0.0107519279600665 -0.20718287828634
0.702313975579594 -1.25105294825619 0.345007094899492 0.0216880349023153 -0.737138039976053
1.07273560405401 -1.48547118692288 0.615096974414911 -0.110674691860955 -1.0381470477537
1.34654838959646 -1.79647588365571 0.559108397220542 -0.196510740169092 -1.2044303724354
1.54711342205584 -2.02012769043499 0.516027194990078 -0.202343235324014 -1.08650693674448
0.564447170002574 -2.36823673916961 0.318109363183593 -0.283036231274699 -1.19551202294569
0.685553670980203 -1.83952342400966 0.107219332782643 -0.309665000083816 -1.20432134479905
0.30566303356734 -1.21733771531789 -0.373638474917448 -0.32339317296511 -0.940592013397214
0.85050489199037 -0.674143023072609 0 0 -0.4355335400334
1.02079317793695 -0.309606194179471 0 0 -0.10891169319622
1.14459754427594 -0.0503267397750376 0 0 0.106259222180114
1.30615750392459 0.0256318163231853 0 0 0.182694819016378
1.34481508767618 -0.0826649186801376 0 0 0
0.155480276283361 -0.354460151367954 -0.180136009091413 0.0405551128709365 0.0601141220538923
0.367172570095355 -0.852500471506337 -0.156776427331012 0.229154462078822 -0.298554650174456
0.757002051011836 -1.23634045690107 0.0413748895735953 0.352382484263196 -0.693537984166092
0.888599989282361 -1.70915434232113 0.112139143668802 0.26622461184321 -0.858542338276825
1.0188611558758 -1.81067765998694 0.0837553206518007 0.0111456130248481 -0.849147002928664
1.45805290993223 -1.82406514317657 0.098678025394903 0.002942715105625 -0.769299567053945
1.07026454961381 -2.07253833803623 0.119298084128375 0.0660211353597435 -0.689732262074701
0.380903340366955 -2.02500520843626 -0.18350681053676 -0.293151622542097 -1.00696040271195
0.0640887988524337 -1.36544951825316 -0.65632061829373 -0.604145741449173 -1.01203549971258
0.49091001215883 -1.17129536766726 -0.3285297439203 -0.465487874387868 -0.776927199011775
0.902618582681304 -0.817736353199196 0 -0.22431142223681 -0.390280711234424
1.1314985020926 -0.585223578845009 0 -0.108503307688843 -0.12176076046169
1.65966510671754 -0.667204734173584 0 0 0
1.73936292386785 -0.554543281020108 0 0 0
0.37091858987796 -0.0675575533948142 -0.611721417645023 0.103530957445772 -0.00395564262087405
0.700853775378713 -0.554858919116055 -0.52183159486571 0.23474373780368 -0.328172613706928
1.14130989099461 -1.03873598217719 -0.487728813364286 0.336254709952718 -0.654032619112027
0.99467288144142 -1.76902917047031 -0.416613127034161 0.227019655412415 -0.56209168229243
0.778170325125442 -1.7782259661447 -0.157979122293332 0.322758197200907 -0.435456266237851
0.804336801638613 -1.82754504870517 -0.154422002517199 0.470498621959437 -0.269017590868478
0.802395258509072 -1.85662112586672 -0.141672477958599 0.600524979452008 -0.0604819406061003
0.321582708721442 -2.14548116531188 -0.19409604540899 0.247280552320149 -0.478220911724191
0.22595405304489 -1.61792496870663 -0.540957544384075 -0.115588376687323 -0.566821481048785
0.560606954247843 -1.39546813384125 -0.498013359177125 -0.2159573946665 -0.392479653018025
0.993095308030175 -1.32006146303199 0 -0.172156307511804 -0.497596354027065
1.28377614145201 -1.10007992901878 0 0.046871645847859 -0.193087249113958
1.57870454359992 -0.981127021873943 0 0.177214836113119 -0.00837469147017156
2.06098391923034 -1.05981961042707 0 0 0
0.777101845635339 0.278882827723257 -1.10334099127863 0.186964857120817 0.000261002722446697
1.12348856250696 -0.35527829557608 -1.06384248996931 0.0442435088537823 -0.183792127506969
1.41038492650795 -0.935271656968742 -1.16344930685384 -0.0379762265221161 -0.251453828108183
0.639819381956315 -1.62263916625296 -0.669981018876511 -0.0433899708279936 0.0943677316999116
0.736780267090477 -1.53641743550172 -0.519403767153828 0.419336851435185 -0.056012141169763
0.393338196359107 -1.60129003886945 -0.368722379846591 0.902402400212786 0.129361328184643
0.176480423890703 -1.72705010137904 -0.4373583630848 1.00363928009869 0.527297188100914
0.189647430389843 -1.8441796848285 0 0.845238600479298 0.228875352392803
0.246192506495776 -1.84832687330596 -0.615974859085165 0.476553761694394 -0.0780489381612815
0.683205306584272 -1.53178099509841 -0.691320410131511 0.255130782581587 -0.0198952027363526
1.09301994034416 -1.65956824079045 0 -0.0297829991841855 -0.35460542938363
1.4468041036552 -1.48785726215274 0 0.0687906771498923 -0.132558733008938
1.60848820847008 -1.28889225544819 0 0.0703013096573756 0.0160159045368909
1.9125242278517 -1.04761886406472 0 -0.210377397783216 0.201502362511657
