"(Intercept)" "X1" "X2" "X3" "X4"
2.52045168431522 -0.963741007999509 0 0 0.820292765259617
2.00955832229258 -1.65267898027455 -0.120069927399938 0 0.290745032231422
1.10041006559458 -1.75607364860282 0.263435324268517 -0.57222959529015 0.407750104701022
0.818630724227001 -1.68240365391421 0.260587425787235 -0.554947089999926 0.0351904373428961
0.567719080029358 -1.60259591410864 0.266529417499995 -0.515487206262555 -0.195890977726139
0.285858379443863 -1.54758412366733 0.362438588702398 -0.450007278845185 -0.174291023615365
0.0411885331104694 -1.48122898462349 0.546506413427172 -0.339126230796273 -0.0451377886092789
-0.0889818107853809 -1.34978240923952 0.703141738443731 -0.20675417327604 -0.00180387567833665
-0.224883012038595 -1.22378881805169 0.848014484939402 -0.105340747193705 -0.0394024689912218
-0.441490399978631 -1.13089418726865 1.0045134881009 -0.0634670342360412 -0.04607192900491
-0.498073109851561 -0.826925802411863 1.0240294940071 0 0
-0.73858643238378 -0.88060549165218 1.20719471637682 0 0
-0.998820718728516 -1.03203346470043 1.37653976949652 0 0
-1.28325769817879 -1.19512546160685 1.48416119532568 0 0
2.41293038281511 -0.80809275961292 0 0 1.09705285253627
2.01226101567982 -1.38444998020078 -0.117209467898595 0 0.571064189744666
1.24922531610544 -1.53792839914224 0.134192694691949 -0.397260462620888 0.427418247816738
0.946648414126084 -1.42454478608326 0.108315079953186 -0.392274422977911 0.0403833758587026
0.693438447265167 -1.28603642325743 0.0683562688731535 -0.376699782172313 -0.306950559715805
0.47337071710425 -1.04818333699024 -0.0076879377576619 -0.399375965892425 -0.646033353335091
0.27849338234166 -0.950539061518068 0.164187322732022 -0.235348302599913 -0.446584124516733
0.182004371804454 -0.818348755977343 0.34713702691335 -0.0719966037709921 -0.322701493974284
0.0397998870815389 -0.731824195783993 0.504153430077867 0.0534597937038747 -0.243838180681946
-0.242541102788103 -0.666060163372437 0.662835621012085 0.0612469162842259 -0.189091524693535
-0.435281407704809 -0.489741476369985 0.799168743069363 0 0
-0.660229434684948 -0.634910431593438 0.999931799903411 0 0
-0.93648436205094 -0.844690829775871 1.15614250386617 0 0
-1.21490662502591 -1.09245367477583 1.30247014937797 0 0
2.26932744071131 -1.10259088344351 0.0157390148266809 0 1.61146351169713
2.02206725524123 -1.10527864066743 -0.102662264417748 0 0.892568781931277
1.45864679749953 -1.30553108251388 -0.00531359561460587 -0.181508671496222 0.490224514220095
1.12056998712614 -1.18879849685589 -0.0621245513442975 -0.178417313205959 0.0293392430449472
0.837384540682952 -0.994869224291497 -0.131730719243789 -0.199351368894002 -0.359233655950061
0.572271213279377 -0.751462395595632 -0.235810214758904 -0.233835038124148 -0.714516993453584
0.476403145893011 -0.430626228221448 -0.223245601041619 -0.169435103012884 -0.821891380519009
0.409884983288607 -0.270897896528425 -0.0336641688544856 0.0178216635028429 -0.647377397363015
0.256039701344672 -0.220478974956896 0.110774271355476 0.203468561598827 -0.440230903818682
-0.051237876964969 -0.115655475887075 0.321927149200961 0.166001836786005 -0.374915492067852
-0.38305061815438 -0.112232959837339 0.564326942679931 0 0
-0.602470509505187 -0.375188399334387 0.788394793029675 0 0
-0.893539896049822 -0.640626365663494 0.961924903004556 0 0
-1.17476301451429 -0.969054551451273 1.13341668619552 0 0
2.23340706889515 -1.10583545540925 0.102817441344717 0 1.63314660988664
1.96266300524242 -1.00368667731076 -0.0573660500803729 0 1.07779464732173
1.64720151836748 -0.956441629729934 -0.180031926248161 0 0.39472553938803
1.28449196851114 -0.962529734963007 -0.238380826759145 0.0232890850928182 0.0421975704988175
1.00738851969636 -0.7532372121697 -0.312175514294257 0.00396305367629682 -0.364823885829954
0.678959047135104 -0.464728465653741 -0.4081687867942 -0.0921641420778023 -0.718992271138581
0.578634468196789 -0.124188875490017 -0.41107418889708 -0.0627945646334543 -0.858813610160242
0.52760717804003 0.212055057230029 -0.362691608351308 0.00448426485563011 -0.901970886853477
0.450538383440666 0.34205090907126 -0.207807572763991 0.228462900139186 -0.694043660717515
0.14785267257676 0.377606900754838 0.0811447018174039 0.234156929257848 -0.551625584206386
-0.329709795505407 0.23282298749319 0.34557477805261 0 0
-0.582321781478531 -0.0854840050978186 0.558294515767492 0 0
-0.879236822651912 -0.421391372609 0.708805084865034 0 0
-1.18761738359389 -0.780927392243193 0.824502893610863 0 0
2.15789133857575 -1.02369235786134 0.0706724844321806 0 1.49661645809037
1.91206272014992 -0.960649335634868 -0.00308306892986881 0 1.06429510513181
1.61011857896785 -0.836941199444569 -0.131735909680671 0 0.546179672399271
1.32428102752929 -0.712311199435579 -0.240506989553551 0 0.0541678141703597
1.05577217608911 -0.574881232414445 -0.315450414821966 0 -0.287669121264999
0.778298807336581 -0.277654897106474 -0.447135667125928 -0.00220778667771156 -0.636058658106582
0.559752708782878 0.0848475096258418 -0.478068361523067 -0.0643178154466082 -0.888598563240047
0.706801675084059 0.325833565129411 -0.347300689831929 0 -0.837701625766931
0.648191334759023 0.616080855061288 -0.181403018084729 0 -0.817591529532255
0.409766426831053 0.739484142489405 0.000748641116745149 0 -0.599732089287965
-0.0109077015121205 0.566021896585181 0.160935104767194 0 -0.440265228588078
-0.330238492889826 0.224780223322072 0.379439262535116 0 -0.368726828619793
-0.651260443786483 -0.198013858813975 0.528810758363042 0 -0.278815324676431
-0.951576984359621 -0.606219517127678 0.63364063185244 0 -0.203519706726739
1.98929429064331 -0.905360422364915 -0.0453872551122803 0 1.2931576118445
1.77045008880785 -0.923028605318557 -0.0676898013544064 0 0.839187209389226
1.48798788656641 -0.853692655705054 -0.164108394659153 0 0.395787833107274
1.2434755155117 -0.698217433507137 -0.234979428287525 0 -0.0310997612929679
1.05472888681197 -0.562327044325213 0 0 -0.460146854291501
0.865425920954743 -0.351237266258641 0 0 -0.694210750282827
0.533662502556017 0.000170938533231369 0 -0.328571240168072 -0.886302246541526
0.785054411425143 0.307645229095238 -0.472550750219634 0.0198050338068751 -1.01348717107352
0.616305573498126 0.638519455017445 -0.245088128566909 0 -0.909401053679722
0.516912205046619 0.895866257293819 0 0 -0.87811985155037
0.35275379380497 0.974758321646067 0 0 -0.72340043413071
0.0337681052934633 0.416071648121615 0 0 -0.430123393180644
-0.483345919704516 0.183640900711727 0.21225884032842 0 -0.298154352720411
-0.824496381274231 -0.406158375871704 0.317151103279727 0 -0.201635014826766
1.71720432685143 -0.838161854462595 -0.160768120364393 0 1.08105765985593
1.51765361396883 -0.856683786738672 -0.215996356904531 0 0.579741963597774
1.28660606805584 -0.886790976194434 -0.241940804841882 0 0.080800334565974
1.02082433271156 -0.878095308240103 0 0 -0.36010090965476
0.719600604871357 -0.680569495386853 0 0 -0.690621838966659
0.446572133129605 -0.388656724016686 0 0 -0.971483116318049
0.623162476233832 -0.122535401574896 -0.350034980970254 -0.0824064529808907 -1.03514174450723
0.553550439976144 0.255893396987204 -0.234937426378852 -0.137115250640589 -0.874092103322876
0.472075962406081 0.605667805098128 -0.0894947397725691 -0.237665597594762 -0.744753548292811
0.486413972991334 0.90833318851296 -0.0361281033905344 -0.315727258827239 -0.616306294261248
0.313851392858357 0.940545575955636 0 0 -0.623263832133012
0.148364715457477 0.880082366910753 0 0 -0.398898847474765
-0.138522426616667 0.565978769448961 0 0 -0.203392365207083
-0.501953776517837 -0.014655661859124 0 0 -0.215685664188474
1.11725357562613 -0.939825647358251 0 0 0.720071928341252
1.16786679750965 -0.917143275819285 -0.251352468961021 0 0.306373736576774
0.979501271298626 -0.982242634255923 0 0 -0.196211309939986
0.857874385732863 -1.01980949114251 0 0 -0.603315783751888
0.569091216753101 -0.911805610807652 0 0 -0.918087821845341
0.41216009901674 -0.682203363107659 0 0 -1.03722274778315
0.3946199985587 -0.392685611312612 -0.105790042200354 0 -0.843712721228009
0.330967738695414 0.0495526812273295 -0.0745696854626759 0 -0.699689262124674
0.410786807388383 0.372321509390383 0.0426708897533232 0 -0.658281467365419
0.585431627499075 0.710911118948134 -0.0268641773974873 0 -0.665724600341101
0.485034396751293 0.974479317115976 -0.206392777890365 0 -0.488956691567372
0.124906339214237 0.643159999476615 0 0 -0.242869654860819
0.249118312989296 0.824129481876007 -0.499440926354663 0.159772994051445 -0.0956965450735235
0.207776588874646 0.448350883672366 -0.616277394786937 0.468381072811846 -0.0201122244948238
0.849864818729913 -0.997919076285813 0 0 0.427301344702207
0.774348593639811 -1.07591921327018 0 0 0.0888673047926882
0.669439941099086 -1.1586820778557 0 0 -0.329989331116844
0.773107888791013 -1.20699106503893 0 -0.123009469291695 -0.702947595875878
0.789565970869593 -1.13269133924491 0 -0.201483116341511 -1.0877344823063
0.43253621617361 -1.160319809745 0 -0.213513735544017 -0.938527359184301
0.426727154472608 -0.692609950705882 -0.164755991096706 -0.192913023814479 -0.771069197100362
0.385031093764031 -0.434630157599769 0 0 -0.609288984927991
0.242576308440317 0.0527770483218511 0 0 -0.42901797009968
0.342593328194258 0.599717735470039 0 0 -0.292438673037373
0.367169850374123 0.887634068753082 -0.176603375571057 0 -0.112479414034478
0.220699809774443 0.824323902348841 -0.395758208783798 -0.0155334924943303 -0.0023692455050226
0.101635359125743 0.69294210390229 -0.587517989310241 0.200045059278011 0.171363846246997
0.0158580356948703 0.60272375512321 -0.760436132349445 0.355831931184897 0.2973314131649
0.518838698727584 -1.15734197639555 0 0 -0.039046466649764
0.655221578268715 -1.19133450900119 0 -0.183379215979401 -0.0113937652570862
0.690067241615836 -1.33564455501352 0 -0.294337169734032 -0.338515486453408
0.798360042172368 -1.42108356587318 0 -0.314185743307534 -0.710485355989969
0.882548618464377 -1.49501106967887 0 -0.382457677619729 -0.972039001631972
0.668145307250767 -1.47774560084365 0 -0.421783640548636 -1.00921233097135
0.612465417279172 -1.22266855072681 -0.0282876338391024 -0.260809775380586 -0.877934348340564
0.520458053319004 -0.973336559713435 0 0 -0.606171000047545
0.396873915232207 -0.444703522970214 0 0 -0.558001833977915
0.552408701917864 0.045910409303315 0 0 -0.382999644818471
0.523266406397496 0.329594637235032 -0.100421879224614 -0.205428623852301 -0.232731907754093
0.406078901073638 0.453869117182343 -0.40839454727638 -0.0374367154545975 -0.0460917009248114
0.238581507608998 0.514177619187568 -0.734409753194228 0.237792575348171 0.234926401889138
0.088733283128715 0.38668531648571 -0.964901732687844 0.534566226252737 0.431544593200745
0.590132628464292 -1.25913612651513 0 -0.354885912676281 0.176245082978136
0.621577632490217 -1.4513831536679 0 -0.560585407631076 -0.0160161984093207
0.728669025365617 -1.55091380313958 0 -0.545621148794073 -0.303695083749863
0.872422047561057 -1.77505837692931 0 -0.707218673672829 -0.597245493891498
1.00268510805676 -1.83575458731609 0 -0.627251722709444 -0.82804158036473
0.888198792813654 -1.79371902941487 0 -0.537267295031809 -0.990081947429977
0.638019597207296 -1.82902773318873 0 -0.342519553462966 -0.688924452923101
0.572351958722696 -1.54746624655204 0 0 -0.444795083709867
0.602662598638948 -1.01278075695302 0.143760172864323 0 -0.64153419077311
0.601650728255006 -0.537679902557271 0.03334850328666 -0.369578075301204 -0.61923497347764
0.575410511032035 -0.25323470860028 -0.165567776843196 -0.216206359277793 -0.33675896201504
0.492185103540545 -0.0808088002647188 -0.473971861094429 0.00826163405513531 -0.0653572117599214
0.371928074119427 0.0148612503316364 -0.77844211498249 0.227487015753118 0.216763252372398
0.194941469107398 0.113560224414543 -1.05195391667433 0.395540297082141 0.47807896545424
0.549748506310025 -1.5405898389652 0 -0.709013354041317 0.119612035516767
0.645966928381399 -1.75023066165062 0 -0.916915360644458 0.0239756424084049
0.848805522232831 -1.95311225565584 0 -1.01314599102647 -0.211462183113629
1.03429738470281 -2.08774892694522 0 -0.979242126607697 -0.452918879544508
1.10857536353713 -2.13478647398509 0 -0.851751504923166 -0.71830070841296
1.17377612307801 -2.16144427202743 0.00664019031890908 -0.66482687294474 -0.851764294868008
1.07671106939512 -2.11764520676554 0.146888242459055 -0.487576503045074 -0.697929282353159
0.739382996176316 -1.97512415099462 0.189561851239376 -0.258005129731891 -0.659266644681979
0.608048585653943 -1.49115687312739 0.0564595246287441 -0.265844902970355 -0.676722932265012
0.618770957234707 -1.11954794929408 -0.059821294670148 -0.311980566668016 -0.712452910812571
0.618720423718491 -0.830432177762844 -0.302009592718474 -0.102842977506925 -0.432936632305231
0.569682873536086 -0.636437716780911 -0.562547715780744 0.114601473271557 -0.116496212529481
0.500546848258689 -0.516575123982645 -0.859290623594676 0.312980813677457 0.174598862457644
0.361689505390541 -0.394839413574037 -1.12348301656246 0.466427804040671 0.432400851471241
0.523313634439617 -1.87080126084535 0 -1.04531996588516 0.0832311404820127
0.731352361675471 -2.09297934814294 0 -1.297866224313 0.0899825368839353
0.987364097675588 -2.33671510312127 0 -1.36692756340709 -0.114884441607908
1.11483914177127 -2.44680618271523 0 -1.23539067846165 -0.353464349849899
1.15804106065775 -2.51597114468608 -0.167285187226985 -1.08066081723385 -0.650156843862775
1.22066370508968 -2.45762293749627 -0.103379203238916 -0.828815351209759 -0.717487809068737
1.18920784416365 -2.27491850088614 -0.0860481627773143 -0.406083900050633 -0.475028975184035
0.996026577567229 -2.16876654090572 -0.00848461424795545 -0.208963035651313 -0.490305853899183
0.669636636903502 -1.97147463124401 -0.11148425934086 -0.121163149781686 -0.631668957542597
0.634686087774528 -1.6245677327496 -0.298595366486915 -0.0811446247258677 -0.591721058532198
0.644019455573876 -1.36659022668642 -0.475580075411421 0.0882236284191359 -0.481540637858603
0.630320721597647 -1.16863233011717 -0.716868877872675 0.261308520304643 -0.218738966656635
0.608563150961277 -1.02627341085388 -0.970241784108182 0.447278946768342 0.0936407700581839
0.507913091193759 -0.891017677255195 -1.21656605336658 0.593317703011779 0.367928169869059
0.51025308182212 -2.30625055739461 0 -1.46860179793655 0.0676510230409223
0.775347484505353 -2.57395004011278 0 -1.71806652877693 0.102440380258877
0.968483547973497 -2.78621501121022 0 -1.54378605221081 -0.135195875359249
0.968215221490044 -2.71487409808846 0 -1.12773862800867 -0.520211602226774
1.15143169827638 -2.85530583167827 -0.294542152143387 -1.19144353383566 -0.56420085455016
1.27003355752542 -2.74498737083479 -0.307286955309891 -0.881506584012048 -0.52926069766376
1.22655428126212 -2.43205257252254 -0.366493414063812 -0.356880372911861 -0.289288255311739
1.18142536110048 -2.3627027984873 0 -0.432605088228292 -0.556248646694048
0.785240395933868 -2.36104762549931 -0.321116231749552 0.0470821383730292 -0.516961521621712
0.544259852322684 -2.07467510170964 -0.604628920060771 0.0978302659192197 -0.549233941163442
0.624970380230134 -1.83868606072296 -0.772981818220833 0.318865262166526 -0.396213715958144
0.641449156088152 -1.65010390785288 -0.958943377016421 0.486357736199953 -0.219322258180227
0.654062404829957 -1.49906228268464 -1.1273945763901 0.626675188726346 0.0339356802806219
0.595353557220777 -1.34754859076533 -1.31633689720872 0.762173283944776 0.326393187375488
