"(Intercept)" "X1" "X2" "X3" "X4"
1.57513543707337 -2.75633307561163 -1.11438561136496 -0.887061969522617 0.757376805523781
1.37272951949176 -2.56591439003391 -1.08756866853292 -0.789211616523919 0.643936472561987
1.65287819585687 -2.29921435645307 -0.357063577766523 0 0.743221595570267
1.53146291342477 -2.15781433216484 -0.385112884334156 0 1.20639987231551
1.33479768488942 -1.80288558692874 0 0 1.10033020077176
0.987379713899294 -1.76840509747423 0 0 1.21333580900229
-0.174513641424874 -2.23345886480514 0.229163225145911 -0.186915741199706 1.42276132171483
-0.765879192635393 -2.24300072179241 0.644285902393239 -0.173739169854528 1.42621023018778
-1.37127867109643 -2.10650078934431 1.16403680941994 0.0619156359959461 2.09169185191919
-1.78482666378161 -1.69464779619474 1.40488145580853 0 1.33093350860992
-2.16635774278339 -1.65360429649272 1.89892264159667 0 1.04443486367103
-2.40158830499284 -1.58061496406971 2.45568872512609 0 0.552945418766041
-2.70012734565888 -1.46113244483614 2.95797195980231 0 0.314169248512811
-3.02972380616398 -1.32560719374593 3.39064818381772 0 0.157807810542437
2.13766292310261 -2.1111858012693 0 0 0.168855391962511
1.85095072052608 -1.94496439570018 0 0 0
1.61561480012985 -1.77058262793881 0 0 0
1.28810422466783 -1.78431587491426 -0.416014971140528 0 0.807683361750576
1.13671196296591 -1.4069817153205 0 0 0.793947693114738
0.969375770426311 -1.11404187432048 0 0 0.793096094689429
0.284964468602554 -0.901703355163574 -0.01738881836696 -0.21572517380857 0.801035228357004
-0.503993638032519 -1.23881599833279 0.237500352557667 0.00426956709303567 0.654527572464338
-1.01187329898323 -1.30662217051604 0.674553428257088 0.120538260222215 1.19178733924227
-1.18090350579908 -1.00692673359591 0.890991403066281 0 0.890891704018331
-1.47171123413103 -0.986465519576679 1.38097118835757 0 0.605668959900771
-1.82574984258542 -0.831512669901861 1.84952085083248 0 0.355112869888762
-2.13694841894589 -0.715454452548681 2.29673800020572 0 0.178860312456476
-2.46093637204984 -0.616787608917222 2.70870114498443 0 0.0748408196439197
2.12444093184873 -1.93637566131689 0 0 0.28183910507869
1.71849183352839 -1.73142374831259 0 0 0.174188212349025
1.33078761053076 -1.57592376661568 0 0 0
0.827834100106015 -1.5020567601109 -0.548770516339621 -0.244144634416935 0.223559356542907
0.974257555887194 -0.993405148738659 0 0 0.374783555029779
0.608826928318416 -0.840982065413151 -0.09896306248352 0.0837906679308664 0.225550898002244
0.584977080464656 -0.421867458101146 -0.204149253390334 0.170263413985264 0.203933441156336
0.234424849011265 -0.0811373802129732 -0.184181545199786 -0.114397180415793 0.269278235979791
-0.68208995082858 -0.348861740530299 0.260732090331668 0.257539660267231 0.100160901786217
-0.60053360356342 -0.329875565749506 0.388179608928751 0 0.514006982485083
-0.886457466480738 -0.249619682148626 0.831871392758353 0 0.317853637663112
-1.30197817076301 -0.0717097915696106 1.13414638437659 0 0
-1.67285914795665 -0.0193814017572069 1.52440576627008 0 0
-2.00158713233715 0.00349549785220563 1.9004332146924 0 0
2.04337962855277 -1.79620163380552 0 0 0.353718082451715
1.72356797126567 -1.49003384958992 0 0 0.265362267381463
1.29753491054063 -1.23116992903782 0 0 0.0967694788020738
0.998797038580552 -0.953747549146938 0 0 0
1.00280886992696 -0.681983806864481 0 0 0
0.682359264779498 -0.412634265595525 -0.400373334818015 0.186080818140524 -0.17985526586569
0.767992027311043 -0.00424126293916478 -0.424313770023867 0.379541113246729 -0.26669573753764
0.577446987951002 0.311824656363484 -0.30678902135792 0.300300392534998 -0.307264974744281
0.314103082777375 0.523234060776861 -0.204739554924487 0.30452886143883 -0.341455570260423
-0.129448702696886 0.470523199415564 0.230402326793087 0 0.0709099863923382
-0.505808103500448 0.458509853372165 0.298519614971701 0 0
-0.821644777143589 0.53092601282501 0.649040172803999 0 0
-1.13262742508708 0.523081066703492 0.928564089572802 0 0
-1.66243111610927 0.0703638634740966 1.17332630794704 1.44255161645364 0.346725788273658
2.11533554667441 -1.51730296135075 0 0 0.434623069338895
1.49426162587709 -1.4281267749445 0 0 0.328346449889748
1.03770050428696 -1.15264329604911 0 0 0.117404685080996
0.775503597652654 -0.807862923120882 0 0 0
0.72397509509979 -0.40032922163806 0 0 0
0.642919923996603 -0.0481751822303202 -0.468953042121648 0.206898817452938 -0.317026825814863
0.905622842201343 0.275560242141362 -0.584287637805897 0.0997981090752337 -0.243343217448597
0.9361736862318 0.565695991827508 -0.462724345844255 -0.0878373664842606 0
0.910524578352186 0.874914252087711 -0.643519220128083 -0.0244966024476594 0
0.489736675421216 1.2458396805993 -0.421484536854961 -0.0536465005986899 0.0545939845680091
-0.358917526406852 0.895082815933325 0.215538796083526 0.261305297421214 0
-0.762316320811709 0.661310124494606 0.374708086357379 0.893106685709394 -0.207440243637489
-1.09538211731587 0.338622063541233 0.548951529644919 1.31609452398357 0.00255030666252764
-1.69189133187635 -0.434904676646119 0.698636261664401 1.17091400839672 0.543698875964878
1.98384781556971 -1.63496848880741 -0.109057042463107 0 0.713511582948388
1.41982586610404 -1.38822438897172 -0.199484185250393 0 0.397355294802753
1.02572377093686 -1.02949113471744 -0.222736202704434 0 0.150484433651471
0.664365947745672 -0.647994800909093 0 0 0
0.2259591971063 -0.263985254219527 0 0 -0.36545163150286
0.599356986692321 0.112728135401209 0 0 0
0.974831764482466 0.311175001549564 0 0 0
0.645831503033279 0.606541723338076 -0.478656384565454 0 -0.59405816167121
0.611451426604825 0.948319636413052 -0.415334970339269 -0.117389002530787 0
0.580356181187084 1.31736928636747 -0.664613916196037 0.19131154420586 -0.249414035808538
0.357866189371032 1.40380669101854 -0.536590118321567 0.440518200768581 -0.50500942304156
-0.642494890651136 0.967725997030949 0.119335811054668 0.363252963386353 0
-1.16698792658379 0.294800855367497 0.396224799506235 0.842302328088182 0.0684791802809718
-1.59513354611715 -0.484298503018923 0.418768256749528 0.620813202771492 0.622034633095798
1.93475800688248 -1.534603358554 -0.0125839834311458 0 0.82494570723319
1.42097501739312 -1.21582053456325 -0.143034691461275 0 0.523781848153936
0.658074554713783 -0.798031758153333 0 0 0
0.497171938193014 -0.69030553647937 0 0.247831558041864 -0.346973682297117
0.150228293117424 -0.578353289059902 0 0 -0.687814945130917
0.250168225008059 -0.201357814914775 0 0 -0.65850904516867
0.278992568361229 0.23779149282723 0 0 -0.748932416798433
0.373497412653096 0.673401717582371 0 0 -0.775045392508674
0.521800384227398 0.847693192146938 -0.41711495892709 0 -0.997473356091283
0.37394206849601 1.18067573546765 -0.584388341793338 0 -0.716188012264971
0.293132916001701 1.42558286539405 -0.614024903013303 0 -0.601105943476629
0.122311594675789 1.53018870668889 -0.535484748176152 0 -0.558927704424936
-0.591709633112145 1.19177429699836 -0.0731866192834738 0.307760794728702 -0.210725639137157
-1.53904749864982 0.243963755107799 0.458394786457642 0.519937695872921 0.502020409611703
1.34867411580482 -1.0188367366349 0 0 0.564383345049712
1.14759479644751 -1.16301292051598 -0.152172678184793 0 0.318966034123783
0.671246309205961 -1.03419156277711 0 0.194229844496637 -0.149701992149086
0.319355277309986 -1.11280153937686 0 0 -0.640997335188321
0.23985390241638 -1.08642151872981 0 0 -0.865601327165903
0.442045429093545 -0.717984955989057 0 0 -0.822425305779137
0.387809668139178 -0.202912102108494 -0.235525282955505 0 -0.918099035657636
0.344109872997904 0.305530952225481 -0.283093377708272 0 -0.883392084770996
0.5106216173735 0.519402042308751 -0.382088516249132 0 -0.976433928025949
0.560616653755454 0.898920535254883 -0.578226795452085 0.0577564101883782 -0.869704333706342
0.196447238480488 1.33879709073979 -0.638112357616829 0 -0.660678809931821
0.0639891915681216 1.53750570128234 -0.710677215212329 0 -0.602978468883632
-0.0268745379438544 1.9136351631027 -0.62817431609484 -0.130103760415052 -0.426880037853782
-0.873528003936034 1.20854303887432 0.00299477502612866 0.20644742419078 0.11264401523936
0.691689452416962 -0.981869673716269 0 0 0.425661357279925
0.629424059516527 -1.00381791327371 0 0.144472581547171 0.283197884221536
0.312562113600415 -1.23129048702269 0 0 -0.399086157215716
0.18893588724233 -1.60046146113974 0 0 -0.786869711309225
0.825024098245075 -1.54056301408447 0.310985476676218 0.448414356701967 -1.12142648510723
0.666623597222121 -1.27993623260974 0 0 -0.981808899003201
0.529731240227761 -0.837150442626659 -0.156232211515003 0 -0.937144646401793
0.500559261682561 -0.38786251438964 -0.213750581008733 0 -0.826552514709243
0.461334225238735 0.0865151735527782 -0.44988279293655 0.0453167564878522 -0.618004675950257
0.499372667186555 0.537867659275743 -0.475534404895088 -0.0655500207084481 -0.749395228741966
0.282428465053365 1.09149391709275 -0.501507896467403 -0.368055865187189 -0.661828264206308
-0.062604484289976 1.50692050865123 -0.684523482975385 -0.470083839634516 -0.695034927704078
-0.187968026144246 1.78679735931603 -0.4718302885403 -0.250910955433146 -0.471704636671547
-0.392062576308682 1.86786056616189 -0.409443015951586 -0.00234724316004537 -0.0994748798289373
0.446823987997921 -0.854697925159841 0 0 0.38542433559226
0.377295384424999 -0.9511680609454 0 0 0.0175200416782095
0.518394291274573 -1.36317961463255 0 0.0129552796979362 -0.124954475284927
0.31533318198433 -1.76367011545714 0 0.117038968544748 -0.562907062125551
0.944128237647561 -1.81470800597623 0 0.307882722538967 -0.986351523714422
0.82828909424851 -1.78585770155909 0 0 -0.937783604318437
0.518223201709708 -1.48002763295132 0.00915900385619308 -0.20400410173582 -1.10003396572346
0.596871912146793 -1.11864109508124 0.0152674354437925 -0.131299138451977 -1.13928684951714
0.508627119593615 -0.419821731769469 -0.318827611202937 -0.137199661419563 -0.881163839012544
0.352251950444103 0.190327394851851 -0.399169531492054 -0.278148748844134 -0.650125962094714
0.345463828261492 0.662310236311556 -0.321703992092002 -0.558408451260381 -0.557078798484175
0.19894374215319 1.10143278829632 -0.152346109275475 -0.792778619688187 -0.424305338356094
-0.065415146637856 1.43625600468072 -0.12940761346929 -0.718534061968615 -0.28339343056022
-0.219291952738355 1.73733016350983 0.0156930972157841 -0.54010662351623 0.0404007777503112
0.696867928513305 -0.672537739511116 0 -0.0820365984545975 0.709343033075972
0.459150278864568 -1.0153345463112 0 0 0.0614028129248618
0.543121901671524 -1.40878309718999 0 0 -0.135014066689588
0.530365397096882 -1.8853470103203 0 0 -0.438263054340043
0.888121303454437 -2.13547739207792 0 -0.0011281661735854 -0.684075455966747
1.20965731553302 -2.22932731217099 0 0.0715806677282361 -0.853359193990754
1.04951140624365 -2.13443290355288 0.268455347956353 0 -0.877036558683287
0.69244867707349 -1.61242809061848 0.0516331171949412 -0.274571759717863 -1.11828492928138
0.455336281271639 -0.876797568322021 -0.128605045726864 -0.329556368493497 -1.22798223542884
0.192565680026618 -0.311599249740358 -0.304806325790677 -0.551072144772058 -1.01747085292844
0.213477161174967 0.119649872783736 -0.119489134940794 -0.718567791224891 -0.747163855479916
0.219847279468611 0.514747038518242 0.0333186443286628 -1.0108443999496 -0.50312355556633
0.171454602350653 0.910454992487562 0.22942060464333 -1.10696577152771 -0.183851533337306
0.0143342306298785 1.26420971402819 0.343170889011725 -1.09705581591789 0.133946008337915
0.595797343477581 -0.781701170343749 0 0 0.414704183013786
0.735682143409127 -1.12493248872751 0 0 0.251853456947551
0.762758950250074 -1.56604347099807 0 0 0.0178782152029338
0.835335667827231 -1.89597424675028 0 0 -0.280861853838856
0.915202950793697 -2.0569874362449 0 0 -0.67371999788823
0.98031810615022 -2.30766407039818 0 0 -0.618934355949333
1.03152033583105 -2.37842436588576 0 0 -0.649657677605377
0.603195241101288 -1.94543753371759 -0.074875772313483 -0.26445244260183 -0.844108317277143
0.225187779961139 -1.37604435123213 -0.374764274017636 -0.542814026198899 -0.997408249760617
-0.0935352997230195 -0.936717033939984 -0.24497782782142 -0.807883782014479 -1.32889541252047
-0.17381002096213 -0.539196934034753 -0.232601729742203 -0.987675180423602 -1.02990705253486
-0.024663140725336 -0.122385448641628 0.0902689076495246 -1.2060646761213 -0.664341919942388
0.0721857601890961 0.262271671507908 0.383469532165035 -1.49562245525676 -0.324639811070193
0.121028675976419 0.647458246719498 0.500962040916838 -1.36761670623848 0.0770914271594546
0.854651767234208 -0.904379505538573 0 0 0.533238445778242
0.909462890052846 -1.26907658039918 0 0 0.371202879138112
1.00245879251007 -1.57905939332063 0 0 0.171103607835731
0.964011679350726 -1.81862331853914 0 0 -0.140208274464001
0.949432766829271 -2.02945296446115 0 0 -0.281364389650399
1.01941952050868 -2.22789220525902 0 0 -0.235144052585475
0.774955696931964 -2.75034434237077 0 0 -0.0401047118202859
0.911003773650926 -2.39651450917206 0 -0.0848291019485812 -0.368769494948981
0.45031860470003 -1.83380322805715 -0.206106976886494 -0.497330810334554 -0.836441768789939
-0.549378901151081 -1.40005045702761 -0.405582725565651 -0.954018668766551 -1.27264198918429
0.0028733891775556 -1.04097291119698 0 -0.772834755896764 -0.790273856986024
-0.291889593169872 -0.653767009016601 0 -1.07148629799985 -0.790317258392755
-0.169469361209066 -0.40137883734985 0.324674021830295 -1.65957541021912 -0.491041630204971
0.037711458721968 0.000155235219016657 0.535643103990007 -1.63383782461982 -0.0538459826772544
1.0699898905262 -1.02475481597067 0 0 0.673537130886805
1.07157172246878 -1.31602781465571 0 0 0.457292954758433
1.16068645979717 -1.52709459951739 0 0 0.316845908481828
1.05909347837665 -1.74472234962324 0 0 0.131356853589962
0.90995719819243 -1.98771251761439 0 0 0.118703933758044
0.993429543760909 -2.15725730353221 0 0 0.138488595838496
0.642221244315357 -2.82685849953719 0 0 0.375504845258263
0.632092732578465 -2.83210914868925 0 0.226615706750133 0.266512056348968
0.796170289844849 -2.33316331727639 0 -0.263495017220645 -0.608800557949091
0.214065535226337 -1.98613487697339 -0.184808338313697 -0.645791257547681 -0.803760674855352
0.0971616352668579 -1.65901974707677 0 -0.742038513768694 -0.660670182932225
-0.387358346389734 -1.27572457314122 0 -1.25344984514461 -0.721727520244473
-0.744328921652369 -0.955323582836956 0.094696544452823 -1.91349239616212 -0.70635662647608
-0.459647446169701 -0.580176994503856 0.410830403446926 -2.0131667545903 -0.32478074085963
