"(Intercept)" "X1" "X2" "X3" "X4"
2.01625059108108 -2.16094017974333 0.42515194583708 -0.404261268304155 1.32191816287218
2.06761442980183 -1.67743049877316 0 0 0.705497318942826
1.7724694887686 -1.83397836086178 0 0 0.652871857999076
1.55207473105182 -1.68425038384565 0 0 0.477047632837955
1.37827369944427 -1.37865497968524 0 0 0.223345948715378
1.401040902245 -1.35924507321266 0 0.26609769944994 0.16113122105919
0.476167814284816 -1.57994527002079 0.329763026346582 0.0234347993104156 0.251463368464253
-0.044149647736421 -1.54482535331962 0.504861497612351 -0.0174753114977606 0.126529306578262
-0.321231617679811 -1.53373822333235 0.635523007522311 0.0219059042073515 0.0731555321182341
-0.463444340781068 -1.48105645245902 0.675767010340616 0.0746338450729502 0.0253312723094121
-0.51531271520068 -1.02894777815417 0 0 0
-0.900138953606291 -0.930923112533219 0 0 0
-1.45574431702128 -1.23454314916499 0.322695762889809 0 0
-1.80581553026469 -1.22282610991427 0.475305648996271 0 0
1.92833957863038 -1.96436655791011 0.372463627381367 -0.513885216352046 1.21277824574037
1.7991175627892 -1.90748822983983 0.278118735385951 -0.305025534775427 0.943184334710706
1.70950204108946 -1.81523199073516 0.176962909211673 -0.0894936434770474 0.700089471629017
1.57677280804317 -1.29943186274328 0 0 0.347056476892052
1.37566885593702 -1.06416762906489 0 0 0.139387543042675
1.32268909684103 -1.07648703001685 -0.0407943998741025 0.229367089716951 -0.0422523274836886
0.813875395475524 -0.953209866307692 0.103241946672503 0.257600379091928 -0.139098760808205
0.193857887427476 -0.885072943401468 0.292225174719479 0.191288986239761 -0.236303946614834
-0.099603622573901 -0.937122899029621 0.422555786738509 0.251047327148767 -0.244126390502782
-0.240855308202001 -0.923457842380762 0.459554141488977 0.285776316015776 -0.267237525038204
-0.473900419423493 -0.629468779672018 0 0 0
-0.835745627321209 -0.578853915474667 0 0 0
-1.32604455681008 -0.865103752041603 0.391678955011799 0 0
-1.66940090433315 -0.869451984382236 0.406742752181033 0 0
1.81259960691947 -1.7865757019134 0.302620569629372 -0.639041482481725 1.07500349116322
1.7212916662754 -1.68276534877194 0.221394835566433 -0.391098609817894 0.803532614269605
1.65579110409991 -1.53894764862802 0.122943623502821 -0.14220349433362 0.54787840012029
1.57466513577156 -1.35698386323122 0.0234149121905178 0.0654006632218146 0.305923545187796
1.46405175076186 -1.08801587758426 -0.0743820762887644 0.222339054901439 0.033055307953342
1.33656096065991 -0.736906838306648 -0.14267460405171 0.319870901811803 -0.251550991598883
1.16286956211079 -0.433233176060663 -0.162404146290919 0.378620501250268 -0.470288806530321
0.660111882365364 -0.318308285364289 -0.00698865616457385 0.437560754588671 -0.501926558998336
0.592422692986361 -0.259299370478114 0 0.487646250734479 -0.550953684067829
-0.127212783404719 -0.0948315467700409 0 0 0
-0.460477306116019 -0.155519250597074 0 0 0
-0.781210241352891 -0.178967612300295 0 0 0
-1.19233103305082 -0.111314071086442 0 0 0
-1.68120765643015 -0.263075746172775 0.149665910703898 0 0
1.94197846108277 -1.26968635148742 0 -0.462976398217072 0.822812776397935
1.89069673009611 -1.11473832590981 0 -0.24208646161978 0.492812569960862
1.5911039781495 -1.31222463378022 0.0689883167703066 -0.211457925714794 0.37645026236216
1.53869760936032 -1.08495085243273 -0.0289410769796722 0.0583695491986044 0.108697438134145
1.46478668429365 -0.824667689353162 -0.126940765741578 0.266279750580003 -0.148332173062375
1.29711552850212 -0.536309748300816 -0.211427369295881 0.349382760710118 -0.362005989436278
0.937403305064494 -0.062096012670908 0 0 -0.420378619358588
0.645000312858946 0.16343502440626 0 0 -0.519581923457903
0.635320318756561 0.0800938594041619 0 0.456867845925395 -0.409790334945722
0.20818927549586 0.0862572464011094 0 0.428573240132784 0
-0.247326789826085 0.143668456300285 0 0.24290592514906 0
-0.746442824629669 0.223664056997189 0 0 0
-1.15417822785386 0.178770000033628 0 0 0
-1.64601926938739 -0.0100390232619448 0.155813712770744 0 0
1.84758626748136 -1.29881010958324 0 -0.648648157751687 0.852350423941258
1.75182930113209 -1.15968731649671 0 -0.428121903322988 0.481231932483169
1.65495679022903 -0.989165180917826 0 -0.232770275194292 0.164097169054561
1.39022271543459 -0.94011385341955 -0.062318508937964 -0.010512982357334 -0.122599066541002
1.33183639292641 -0.627980523456619 0 0.0301878639768843 -0.203624941079223
1.00847015823631 -0.301614707776445 0 0 -0.325884235813013
0.848005997046114 0.0351900958190311 0 0 -0.596025283457071
0.597173682612092 0.363396738213884 0 0 -0.780427061355863
0.714917956588176 0.437037498242672 0 0.492007261998226 -0.973340558381664
0.420030610375376 0.534967740863691 0 0.476084317586939 -0.704039708943328
-0.223579396550379 0.502937126468142 0 0.246506724029384 0
-0.731755263211874 0.536027939208215 0 0 0
-0.879810785909625 0.377717274162412 0.304474133168863 0.0689936831900295 -0.435153301052581
-1.20076261278672 0.122375398679717 0.388875172238453 -0.0726930091848982 -0.371784754623817
1.7909572691146 -1.39115790670429 0 -0.800129118108579 0.877805480373478
1.63047774625745 -1.20090740267632 0 -0.601270702455102 0.407900795580777
1.48077809701528 -1.06147760475225 0 -0.41940799495864 0.0037219170975579
1.35167923174958 -0.939334072392597 0 -0.245371849102004 -0.351869106382478
1.01089312106002 -0.768735473089741 0 -0.143345058594354 -0.607921871836125
0.57766223903044 -0.475629438372038 0 -0.131369335871207 -0.909168685289509
0.450567608547348 0.0297674047717227 0 0 -0.956758482179424
0.408397540748797 0.469359458183675 0 0 -1.11177749997575
0.556535044760954 0.654307685084965 0 0.329519598663913 -1.09380876079405
0.297537780337569 0.912023547834184 0 0.286919543410557 -1.02099626637237
0.0221958347713741 1.00141586711964 0 0.245015189213587 -0.756608914475767
-0.598478495141586 0.941765024992076 0.151238501188785 0.0748468068094712 -0.56299646561091
-0.996209696851067 0.621156446871196 0.248750300097479 -0.168990867516513 -0.460962342824196
-1.30889678109388 0.163813163339603 0.305548734842932 -0.320945113183575 -0.418857702833456
1.59706556402009 -1.37442419071718 0 -0.841409211684095 0.853477153538763
1.52104216258038 -1.34753865114133 0 -0.70829181232326 0.372631384952316
1.33293372069331 -1.23820447514062 0 -0.539244171988354 -0.113710528855531
1.09070308613552 -1.08186573938113 0 -0.36047659033079 -0.576401284753433
0.662878695451691 -0.844580806308072 0 -0.1889566580818 -0.816140003087265
0.0383983407895835 -0.464375626124444 0 -0.142709120248614 -0.903019195300045
-0.135827268803036 -0.0650248492579022 0 0 -1.18099569889245
0.0100799269353605 0.392047495727663 0 0 -1.36607925048416
0.140684860301995 0.748002041198677 0 0 -1.27233540453322
0.115342822039673 0.930613078942918 0 0 -0.958922718988802
-0.0247121351968533 1.04862481874519 0 0 -0.710914090093044
-0.227027434549354 0.903417540056499 0 0 -0.510166651608163
-0.75693308896719 0.529658395600885 0 0 0
-1.11331433785236 0.255548176995655 0 0 0
1.37039144154954 -1.36861425781418 0 -0.872329357309165 0.750344058950735
1.20105091312015 -1.35971865549222 0 -0.790314578993516 0.236635118921525
1.07896839010883 -1.35205532071295 0 -0.56220475629776 -0.131864681657801
0.798642490854854 -1.27816768007515 0 -0.349337981084175 -0.497784569653103
0.413358541656329 -1.09053244275889 0 -0.154415729160944 -0.728899095645651
-0.0267758240975544 -0.854822476246979 0 0 -0.5824966041087
-0.300111002079465 -0.441436825261956 0 0 -0.672640593842463
-0.191623656980701 0.0263192612055949 0 0 -0.929448580513594
-0.0116412752100832 0.472112583504094 0 0 -1.00942140444974
0.234129078712378 0.719881162437371 0 0 -0.898029884905668
0.216273634683513 0.901608130968339 0 0 -0.662872980198068
-0.0845412635654289 0.714419646975405 0 0 -0.429199911764626
-0.337624050360483 0.466522412386365 0 0 -0.350710283900486
-0.777513647358619 0.190703374612833 0 0 0
1.05603808267942 -1.38625680594302 0 -0.85878647155585 0.605051031412432
0.895506100418004 -1.39749328309622 0 -0.594894454575896 0.256324957217029
0.647315376137143 -1.43746151417784 0 -0.38839431030281 -0.104263785138683
0.52431176128398 -1.52052564880802 0 -0.2800777014194 -0.441037242627891
0.449787730567697 -1.56422852723423 0 -0.16499196329145 -0.604158724107571
0.146781089988815 -1.41710812721286 0 0 -0.485782230965601
-0.0559454245131268 -1.06483993836761 0 0 -0.574281451226951
-0.0350954101929092 -0.556845239004141 0 0 -0.634703728421119
0.0472893540262762 0.0452831834110109 0 0 -0.500696676258302
0.346379717551658 0.435602703115515 -0.116426464422835 0 -0.457523572433693
0.0614225365802872 0.513517319170011 0 0 0
-0.0800844212857247 0.47289188544219 0 0 0
-0.324371185367408 0.341599732186984 0 0 0
-0.555324851063392 0.221793214860576 0 0 0
0.79611827676312 -1.40932547718773 0 -0.493204648796401 0.59010252238671
0.551405122877752 -1.43353888557184 0 -0.370813758062902 0.212182102392997
0.175590711641424 -1.5549396689452 0 0 -0.130860829830004
0.305542932560847 -1.88264437860614 0 -0.302248638373513 -0.311801764086671
0.316677941549617 -1.98367851826385 0 -0.263469622601025 -0.529553553368208
0.324658868987035 -1.9182372070757 0 0 -0.510656587242767
0.182343797999318 -1.6417223602755 0 0 -0.495888981294438
0.183037239377188 -1.18955558067103 0 0 -0.521111917677227
0.168438252556943 -0.603086836622635 0 0 -0.357395266890818
0.381003286275935 -0.0512132979534087 0 0 0
0.413582418675155 0.251048298194724 -0.232879023802421 0 0
0.328403517188308 0.191054513122503 -0.496927954912348 -0.0548539817064757 0
0.127207556686608 0.0410941432058411 -0.60225761448714 -0.0798801679969546 0
-0.299946693391927 0.0393887398293428 0 0 0
0.517361481457104 -1.42228198371962 0 0 0.467216082311289
0.306012468439062 -1.52564182465888 0 0 0.252572841018033
0.222409140394876 -1.80529291315769 0 0 0.0298366699059511
0.306744757108795 -2.06160778639056 0 0 -0.172593145813544
0.43418344669024 -2.17515064263834 0 0 -0.363215756511058
0.889492406400875 -2.28704955567294 0.151818407469948 -0.260528392360925 -0.303514964755805
0.880083145427014 -2.19725690722574 0.234192386415022 -0.255204222695916 -0.354867664056159
0.689934059878595 -1.77672620120737 0.150784122163884 -0.239768889303335 -0.402267773667757
0.602172144988682 -1.24600309406333 -0.126800296108433 -0.0521936201600875 -0.226049038143853
0.579012187571102 -0.617030163660105 0 0 0
0.666994094208842 -0.227842396048774 0 0 0
0.573830181621518 -0.357172999251049 -0.595749123419447 0.11507355774525 0
0.468688195570304 -0.487305418797426 -0.766030357344163 0.189518425841404 0
0.288648119550603 -0.567212569172169 -0.939672267383799 0.141973596257484 0
0.472458388537114 -1.58858464071959 0 0 0.550295053050964
0.338686958883308 -1.75519686506113 0 0 0.3902080787258
0.384040165790664 -2.01422851773269 0 0 0.21025686093229
0.463605742163164 -2.23399589715145 0 0 0.0314333711396993
0.533495324226287 -2.37360057097551 0 0 -0.143140065501203
0.960528040720783 -2.46220243770883 0.102328944114163 -0.0956826321396173 0.0473141879956714
1.18315444969076 -2.29868202889753 0.191363933854333 0.147702716365949 0.0646715727402795
0.78321061574924 -2.19251621292384 -0.0344856121509925 -0.0814785222318796 -0.0471225020840527
0.508309510239483 -1.73964687475584 -0.198710587222591 -0.0415828731047524 -0.149771254034521
0.713616409783087 -1.1932364547845 0 0 0
0.58745673258603 -1.03995231290506 -0.353317620359612 0.249566378676483 -0.282272454952207
0.768301426528132 -1.01027989021667 -0.548869758960022 0.55886930633742 -0.298904410152888
0.759730986028461 -0.988641210605092 -0.714282919146803 0.433236566217198 0
0.604686503333617 -1.07768044722009 -1.06078297025666 0.511570269791116 0
0.508419903634094 -1.79459949845785 0 0 0.700670108254532
0.498153195315944 -1.97979029551378 0 0 0.560146763404515
0.548053860224233 -2.19651552962469 0 0 0.405700377305322
0.593733582352262 -2.3915099962684 0 0 0.258189715935976
0.749472186575258 -2.34216087447012 0 0 0.0537334847226876
0.634832469182 -2.48077387110582 -0.13396073432716 0.288469401646214 0.454582304886761
0.658631179456761 -2.23412590765121 -0.342568994592394 0.67699686865352 0.663652204896677
0.798110522587742 -2.25533569055834 -0.290980511803082 0.349087283319368 0.423455423527747
0.401406390631893 -2.24408024688864 -0.260733002727074 0.106029930126262 -0.0741737745970816
0.802346223844336 -1.72599879960871 0 0 0
0.680406986458789 -1.74673472497864 -0.606540280524062 0.382892589980925 0
0.748845493519646 -1.65456462224529 -0.593921845566449 0.733688397546137 -0.343085923591386
0.863385962157913 -1.568262330049 -0.738272447772188 1.07240411248226 -0.334227830083944
0.728822056443262 -1.34316358385462 -1.04101976697923 0.624075466067823 0
0.54795454626701 -2.05160299829355 0 0 0.866833400127229
0.600321978174372 -2.22435301654666 0 0 0.698701012708072
0.642203207697463 -2.37624804044287 0 0 0.528714756355727
0.691171378745624 -2.4684549378323 0 0 0.407541664471931
0.868692236544295 -2.33893937395248 0 0 0.192401352204758
0.157481622257745 -2.48657152284649 -0.495400571026664 0.779529164022317 0.914947553838363
0.116758840112726 -2.14865704342799 -0.815503730811636 1.15564283200625 1.10725778790717
0.115797247376218 -2.20447630812874 -0.67369382197091 0.930833916330939 0.74538352018171
0.237917088615796 -2.51216701046676 -0.483634454778769 0.505034198138508 0.195029481708244
0.705525557786298 -2.49812090931414 -0.457100724218062 0.146426615041928 0
0.558795857118274 -2.35812504421056 -0.804596119622842 0.484630233013757 0
0.703115676519012 -2.20565618927735 -0.955143932935856 0.619518368349365 0
0.842230395368121 -1.89075825502644 -0.985700005431312 0.753744927438574 0
0.74545985309765 -1.6418071286904 -1.10211479454749 0.578936142751034 0
