"(Intercept)" "X1" "X2" "X3" "X4"
1.62057113215649 -3.10909634086908 0 0 0
1.37264319035125 -3.08050417097585 0 0.181461415174924 0
1.26171007855244 -2.81869799624488 -0.194984170708559 0.00477838627385532 0
0.991800997053919 -2.55457552357666 0.0907066818601742 -0.130812758629746 0.417556668995083
1.17063885973719 -2.18909148867535 0.14693610105202 -0.0341566285852342 0.555841427554306
0.711089995439851 -2.04983053604271 0.279054024506048 -0.161819950437653 0.424189787485105
0.522162692477894 -1.81553627500496 0.436236126842005 -0.199389100288583 0.314730539951355
0.181825762800189 -1.82734153372158 0.68810090903269 -0.120926941915533 0.551969085458789
-0.212777698118425 -1.74141604186968 0.891588924228 -0.268477358889722 0.637635871784069
-0.539253090527619 -1.79947821658659 1.10099016587795 -0.37420887041891 0.510121024179323
-0.837675514134692 -1.83694795081821 1.3316209395092 -0.301506083499178 0.270607185368544
-1.20889503728133 -1.83251806901535 1.55173379631939 -0.292866796202347 -0.00908263432829353
-1.43807713860001 -1.90613821695351 1.25958692148336 0 0
-1.91200475947336 -1.965587410331 1.49771947774665 0 0
1.57475688413352 -2.85107009905946 0 0 0
1.43052983251023 -2.48729921005954 0 0 0
1.05448934606897 -2.369162292141 -0.306257629382247 -0.00812150817299504 0
0.917948258304462 -2.15188602636619 -0.124929999733943 0.0692628433764401 0.0952969185741349
1.07900858799252 -1.72723125686871 -0.06777744971584 0.157994502797184 0.159584356624507
0.935285541801511 -1.37590289671634 0.0235626506566864 0.132255387512711 0.0204856600333743
0.616770687971204 -1.14117165749986 0.192455592097799 0.0300039535392121 -0.0640693449806981
0.303590801632399 -0.99056451118102 0.317461497950692 0.0503705187006388 -0.0499736134350182
-0.192692717566669 -1.03368678612347 0.640692555607979 0.00495327157461331 0.180553379838639
-0.473308962226786 -1.09143650130277 0.850998532297804 -0.0795033599511407 0.113318645970101
-0.703495529489684 -1.1659402869068 1.08053232544256 -0.0716761540506779 -0.046948980089551
-0.971822029865296 -1.21998407869703 0.842479516440528 0 0
-1.43576312031148 -1.3684643595521 1.1371256719274 0 0
-1.89778986799562 -1.57325052667664 1.3268828141058 0 0
1.69876247661271 -2.49749480120663 0 0 0
1.39619941614885 -2.1980722835858 0 0 0
1.29648365859921 -1.77494837919812 0 0 0
1.01799214805502 -1.62273459510575 -0.341052610172985 0.209894895717242 0
0.92715906590713 -1.31133901248922 -0.273104710319394 0.316120105359527 -0.139410470629301
0.900182981772264 -0.920449720861407 -0.166209166270323 0.348054641880827 -0.298535390831986
0.791678659344769 -0.575983999697374 -0.075633156402523 0.30422820835705 -0.376470600477811
0.447820023756466 -0.390205591634918 0.0558480077001952 0.281291412242619 -0.404184677304704
0.0798244325959978 -0.335578590673305 0.276662829652207 0.268472246715125 -0.347239807543737
-0.29010188284965 -0.434698353259192 0.577957565611322 0.187193198499611 -0.246867799309246
-0.558913419354876 -0.553205991488578 0.784246357955 0.0913816712452674 -0.281087664495465
-0.949730680219139 -0.703916271895341 0.782976263667699 0 0
-1.44500999099162 -0.968177567652174 0.968704871089206 0 0
-1.91708081423503 -1.22041452544014 1.08907233232506 0 0
1.7371272726688 -2.34549812852204 0 0 0
1.48685673949953 -1.86960931130238 0 0 0
1.25555812919678 -1.40710103818915 0 0 0
1.08542271827622 -1.13621747258234 0 0.282243679041555 0
0.971429479398823 -0.853853147559987 -0.434144449660801 0.466840895216357 -0.215754348975877
0.919465871632192 -0.503932221966291 -0.352308525427561 0.54746158649191 -0.480085366448174
0.977117960450535 -0.111789326835606 -0.375100510952576 0.53041418683359 -0.572275735188021
0.862481913727761 0.155099386180412 -0.329960456600788 0.448562269942543 -0.622370584618706
0.529157401121049 0.261313530455021 -0.11713647482599 0.414149428982117 -0.675298900240782
-0.00523978024695317 0.117337850920709 0.26830792282797 0.343143774572612 0
-0.499302686112842 -0.00868005587854778 0.52043360863304 0 0
-0.949762024456908 -0.349212949859091 0.632755349379553 0 0
-1.41057074552747 -0.653408930430124 0.743819634237756 0 0
-1.87777882496921 -0.924338418524747 0.804940234939341 0 0
1.65325835410268 -2.31231306036437 0 0 0
1.38047449430589 -1.83083688013719 0 0 0
1.13152839313203 -1.28009848307631 0 0 0
0.914083511994189 -0.75613600956293 0 0 0
0.955179581155519 -0.611578841791127 -0.483829361837985 0.619949133255222 -0.194625652306573
0.998830444769525 -0.303269906146259 -0.580375549763466 0.732054829923426 -0.338439655372603
1.04227333459124 0.130262195908589 -0.534006405830357 0.555298109324352 -0.66964852456609
0.968557825301285 0.441145280501838 -0.512969962369868 0.448488230812842 -0.601173466440277
0.761984991975823 0.517279029259968 -0.420518665743468 0.472148381553167 -0.660111957103575
0.284059464030736 0.639182473653738 -0.21371285711638 0.345355668750859 -0.60652267755071
-0.444214341489986 0.256175211759582 0.269580697009735 0.209816564724749 0
-0.872136372863891 -0.00833090508889065 0.440824174864869 0 0
-1.3235319633278 -0.372774779596961 0.498647039771668 0 0
-2.03480901215517 -0.902083612447917 0.831236540276162 -0.479707239546894 0
1.93361929479906 -2.20144453006432 0 0 0.493610131101345
1.58703726826874 -1.81428893332041 0 0 0.320078013506262
1.21763444285238 -1.37466759565289 0 0 0.0683125972540683
0.833092648703015 -0.9616622545334 0 0 -0.139253636715815
0.561650652226312 -0.561034760361053 0 0 0
0.441275670412213 -0.161590486753861 0 0 0
0.748706714571805 0.0372304506368166 -0.467322826666959 0.369341961303132 -0.602058844866841
0.876118126639286 0.372198536750593 -0.536512378245639 0.387803766293297 -0.763054906671727
0.688016217106552 0.561495146847061 -0.499432160359309 0.34934517563101 -0.76323038216661
0.246723920535406 0.80666606339961 0 0 -0.707965667552797
0.113823219784695 0.755874516721292 0 0 -0.633772190276075
-0.899203626772024 0.0929858193198897 0.289471819264135 -0.256421591090043 -0.207180066298141
-1.40391612987739 -0.383765024734071 0.367849385032967 -0.350134223850971 0
-1.76180510262625 -0.893891214989673 0.381111341453975 -0.416604252445456 0
1.95010395386758 -2.0088628326997 0 0.0918639803316289 0.957429394647863
1.60600506975038 -1.81112444043926 0 0 0.441135668125961
1.28111556938405 -1.53436986573484 0 0 0.101568993184862
1.01564248756363 -1.20494174644153 0 0.223393200011211 -0.120953699065939
0.570704681034002 -0.830038802011311 0 0.321173350498767 -0.326421447994173
0.0666300507318616 -0.449014224199614 0 0 -0.408244935375126
0.0948012899562908 -0.0472435515229204 0 0 0
0.581300712672595 0.246479576776275 -0.290933534648875 0.14524485485962 -0.934601544045141
0.612325398659674 0.506092171737024 -0.421834565222136 -0.0331823612901375 -0.750032017624693
0.337787118796178 0.703755077306262 -0.45494620202117 -0.158933302018439 -0.667156414458536
0.0421823344175609 0.904444282137543 -0.570150568509197 -0.0800152359174068 -0.533246873397045
-0.0720809288820111 0.894760826501134 -0.591814778038 -0.115307947990884 -0.364321886550096
-0.952855181864039 -0.0642672231301968 -0.127495794431279 -0.276901605874072 0
-1.32295988301065 -1.01729469616551 -0.000408462507349355 -0.404907524162201 0
1.6979571001775 -1.74071655836482 0 0.0786818331722062 1.00208486557979
1.49523321257618 -1.69748024662072 0 0.096169015210898 0.622867039021953
1.28368894535678 -1.54869893793113 0 0.213655012615596 0.190285504365549
0.962769023398896 -1.38825537020191 0 0.345338954403126 -0.162020817135754
0.635927161817181 -1.19606194586746 0 0.373856288235817 -0.404104975578101
0.196642617924499 -0.923791950723926 0 0 0
-0.0446820912799252 -0.465347063405962 0 0 0
0.137028709013189 0.00682290493971078 0 0 -0.534200656235231
0.431308734724172 0.234204456297546 -0.285987128117095 -0.0242496289697113 -0.770867545350649
0.389642437923412 0.577830986209723 -0.51314521141976 -0.245008410840813 -0.591940600711232
0.141866701652426 0.870755018059942 -0.745460419412755 -0.350886582167968 -0.440060548511864
0.0920776628686377 1.01127357664689 -0.914617116180639 -0.206824759427974 -0.350446839159798
-0.15073251792103 0.676323310784773 -0.696496269674591 0 0
-0.719998296982154 -0.233401786778395 -0.454848659498187 0 0
1.48184736908587 -1.71209431671793 0 -0.0581362509673651 0.961574949042224
1.21876906123928 -1.64514043478239 0 0.0140542005625806 0.594950260811416
1.05160137318952 -1.52398527209636 0 0.146874843481444 0.207787526652955
1.07562248885524 -1.43577465911482 0 0.322053909745667 -0.18051342379792
0.937075676568878 -1.47090930420333 0 0.257571005307578 -0.455222092472642
0.330481209517547 -1.34412225637504 0 0 0
0.139879513138673 -0.993366620184847 0 0 0
0.231282424854585 -0.59048517880877 0 0 -0.402404411287758
0.40787836828947 -0.150347330503418 -0.315453940518951 -0.0308692611289091 -0.677104034763815
0.329685567789626 0.318779239877084 -0.489772246885052 -0.177640427075673 -0.465508821854854
0.195254672155508 0.724061181495102 -0.735689721743961 -0.42130014657125 -0.319413696691298
0.219432450404423 0.747104184418517 -0.738306272889678 0 -0.238243361263486
0.0344430110059473 0.612638135073097 -0.727104644355572 0 0
-0.0659788797652067 0.499469214754876 -0.881974145210643 0 0
1.14500153742635 -1.61855378801656 0 -0.156761328849025 0.792970773058965
0.891877798113829 -1.57906280053816 0 -0.0780232406014741 0.473773646474425
0.796898222150082 -1.58966177748358 0 0.0193548251424531 0.155565413774186
0.857827592615909 -1.68294054397995 0 0.0581285596273832 -0.142111567244942
1.07964472428687 -1.69647285878278 0 0.0482871921545685 -0.373127616753294
0.972050740993915 -1.56846723879811 0 -0.0226227976242668 -0.551715621704918
0.519225388254304 -1.50340679143194 0 0 -0.327236759249545
0.376153934299227 -1.1250872754365 0 0 0
0.41452300096421 -0.649062726360577 -0.248333498120653 -0.0794072682725655 -0.642654955249308
0.272908008079843 -0.106196343428243 -0.467106521735213 -0.185334415927847 -0.458071986336973
0.337891511158081 0.36108386446891 -0.552188743284183 0 -0.29555153445028
0.303642773909207 0.591107260265873 -0.802299912693529 0 -0.26801765445982
0.273732085200502 0.592639390972355 -0.981045343758762 0 -0.281528501475765
0.110680335249266 0.379743422477198 -0.838597726256523 0 0
0.881295910568381 -1.53143815254216 0 -0.267660411023228 0.66534647492414
0.648807120393571 -1.53599905000123 0 -0.203718524854457 0.375537406004296
0.692981080018318 -1.69896457661869 0 -0.137536717645649 0.105180622180412
0.872167789186049 -1.8833500703331 0.155501136459342 -0.110299867635789 -0.137012331332263
1.03013709394072 -1.86001837581713 0 -0.129273249435433 -0.31482902042157
1.13039116598827 -1.7638742482842 0 -0.259135184870779 -0.429467663323984
0.701024604610064 -1.80146865359273 0 0 0
0.642731150463498 -1.70091217535731 0 0 0
0.615665161774004 -1.1610541659801 -0.148886740501919 0 -0.373048254594183
0.533192862789389 -0.667227555002421 -0.294590702086541 0 -0.482924612018586
0.415379860480791 -0.188320461433908 -0.556874900468981 0 -0.454130990257855
0.321980724502429 0.230466173271636 -0.81826121702686 0 -0.333586622779468
0.239769912157194 0.445111887700147 -1.08544177273558 0 -0.299329573766877
0.238800583655271 0.409913994155157 -1.18835459775437 0 -0.299367271793156
0.697025559605314 -1.5276049753349 0 -0.522707391945062 0.630273797736533
0.636164549660266 -1.59940931559492 0 -0.430880822210519 0.342221035696493
0.63867189170419 -1.8480520043583 0.205237222920477 -0.351033902804163 0.152040158614984
0.940069547783024 -1.96518878138471 0.118658174427035 -0.325012731467833 -0.0674938706021695
1.11819027427788 -1.83482422581944 0 -0.332557452342777 -0.188584300394121
1.18449694402641 -1.81334882092303 0 -0.443750338790406 -0.264064289875405
1.16424693549313 -1.8792025873687 0 -0.352256825676229 -0.36278255991731
0.92823113995135 -2.00981365390242 0 0 0
0.826768390057775 -1.62600883986605 -0.220217830954528 0 -0.469498003722272
0.758175873512727 -1.18481228221054 -0.332270731695463 0 -0.488858739338927
0.571130047720956 -0.778708758909991 -0.538444318306409 0 -0.51513502859934
0.375680151957343 -0.368046289464676 -0.805680471956153 0 -0.474674331639128
0.261949479999272 0.0264174701947773 -1.04362282297578 0 -0.350429141808318
0.211714092609996 0.148242933109939 -1.24391473513061 0 -0.346531077241763
0.596654553263751 -1.58270581798231 0 -0.783070233612597 0.601378201087604
0.659566919415482 -1.66469366457383 0 -0.662376429152104 0.330964053067306
0.743752824439945 -1.9048540755462 0.0991760258384129 -0.56947513918407 0.182444769573528
0.949037239076202 -1.78036452472487 0 -0.393141211269828 -0.0308159768997625
0.974990177613107 -1.57869274046524 0 0 0
1.20922659931783 -1.79290163395318 0 -0.494607794734769 -0.133723641688999
1.16295741704576 -1.83225388596176 0 0 -0.136282283771378
1.12615317031916 -1.85714831507498 0 0 0
1.24998741867138 -2.05395270767484 0 0 0
0.881361723291187 -1.70052664322883 -0.407413255988278 0 -0.481276519698156
0.717121301159593 -1.3197373501574 -0.574270160840594 0 -0.494115584059822
0.57934597436799 -0.967351252019677 -0.760012316547169 0 -0.445479041479457
0.413764437610339 -0.626905341553438 -0.995919342246668 0 -0.406319735927151
0.230485758434365 -0.293542577625304 -1.25492065992003 0 -0.380233287529394
0.568410476770899 -1.70584138087859 0 -1.07871284880149 0.593492997643323
0.692082776422064 -1.84302799095457 0 -1.0590146071742 0.399097715272029
0.804206156546138 -1.7545655060806 0 -0.704294009115048 0.132747476123526
0.876484391291204 -1.50104775476328 0 0 0
1.02371320735227 -1.54444593696405 0 0 0
1.15694044058058 -1.51210400410919 0 0 0
1.17246672891018 -1.84478932249038 0 0 -0.0427811189397245
1.2207790441829 -1.64982193073575 0 0 0
1.33122530873801 -1.92553543637864 0 0 0
1.09518307606383 -2.20160162286756 -0.431450402406684 0 -0.422855536014192
0.835580038038222 -1.8423150738661 -0.616426563107002 0 -0.474649317483215
0.668610299764732 -1.4891007154267 -0.789154221228749 0 -0.460721874500834
0.521677343571244 -1.15484791788086 -0.984811862040405 0 -0.429699105147536
0.335977997359987 -0.777533053933971 -1.19726561915105 0 -0.395492173916434
