"(Intercept)" "X1" "X2" "X3" "X4"
1.51859460856745 -2.79294467055886 0 0 0.675346004494371
1.34100135781645 -2.86649356791275 -0.0911779968351446 0 0.865969087127424
1.17540192557854 -2.66547366386352 -0.0221883357851289 0 0.76460399369587
1.07677928773303 -2.15541934244713 0 0 0.369843255946978
1.00212440439421 -1.902460347487 0 0 0.198296703362164
0.698288952988761 -2.20053976242853 0.390761503232081 0.169314880572239 0.596123527653483
0.336480431682284 -2.30605422671703 0.484389817595455 0.284619656221389 0.477182643425005
0.0388811130011617 -2.34050990061778 0.53233362234841 0.367069920877789 0.210076326882627
-0.274866886806484 -2.22121240369744 0.52854910771596 0.395636167674013 -0.0671090624012288
-0.482817191448027 -2.04683238437514 0.440502609289331 0.422730980060469 -0.373051673808659
-0.646254791950196 -1.9970795475044 0.474577019612693 0.521431241148027 -0.666270183705576
-0.891328572049871 -1.98338125540347 0.54315143429248 0.575711700633429 -0.807803525432706
-1.21699713545227 -1.91362013015356 0.650716721600199 0.62096307989227 -0.893163001331486
-1.55154498931857 -1.86396346001989 0.747312450651788 0.646064938647761 -0.992780638936624
1.8689252230103 -2.83919625919995 -0.348816356207895 0.477297066863559 0.643763298032679
1.18316247626905 -2.54448885412049 -0.149489149190944 0 0.527937220806761
1.12831541865393 -2.27683897818234 -0.0926490745960144 0 0.513472440963506
1.06045273437809 -1.80507531475441 0 0 0.249359541339603
0.970791156924527 -1.508519899908 0 0 0.0275257878286181
0.74253001268357 -1.47806918487259 0.212947031879982 0.0775821376121562 0.119418865644318
0.404517221404653 -1.58225610634455 0.391012535168148 0.32835642978804 0.0751010429516452
0.132609953615605 -1.50761123650091 0.50428937596766 0.424349852152741 -0.124319687900827
-0.111011124200521 -1.4116315855012 0.419384426559477 0.432362696973325 -0.272142039795528
-0.299197922237995 -1.36145947604063 0.402107004725978 0.481593919827015 -0.51722917557869
-0.481163536133018 -1.38106346241196 0.442663881539356 0.539352071741575 -0.718100498076305
-0.790802195331779 -1.41058652762011 0.521261007271431 0.55684145418573 -0.741784656330197
-1.09717476945652 -1.39745062183876 0.660927630481776 0.56375006836003 -0.799944370056901
-1.4539883848072 -1.39902873753135 0.796371015484047 0.526713100909283 -0.849000863532106
1.96740446233454 -2.44934652857768 -0.36929759571238 0.354345585884094 0.493131999648503
1.07168938697936 -2.22480399486428 0 0 0
1.10891878114627 -1.8743095350493 -0.1393296135783 0 0.29421450598437
0.952978909258976 -1.52315543569774 -0.0892941139570204 0 0.164722742770059
0.912543179585788 -1.21742749367766 0 0 -0.0316769750051485
0.88460545403334 -0.964166166657731 0 0 -0.200383410837991
0.574922703657143 -0.857404237642997 0.191958581245277 0.261036491757672 -0.262230520182926
0.280562677668209 -0.842901166007594 0.318128925966533 0.417495429131735 -0.310298396399043
0.0546971243683407 -0.783095953312298 0.28866195503926 0.443387519384135 -0.427912288592819
-0.119653678327467 -0.754474627345065 0.335181281526875 0.534684671418151 -0.62290112429635
-0.39351105073219 -0.763687364080192 0.427467512334252 0.556856450412439 -0.732679115519468
-0.748362793653086 -0.841676507820548 0.553945057732723 0.503326608095277 -0.660862832849986
-1.11226960993033 -0.880680860438451 0.734574693540429 0.384047737553053 -0.637734227876753
-1.48050350545242 -0.917601041719029 0.912724346426093 0.246415685882868 -0.647191283320167
2.33679641940738 -1.93657057228941 -0.292045927306779 0.172580992834669 0.59038778446764
1.42576998158292 -1.8503219754717 -0.164992087131742 0 0.232540073189517
1.14281811174568 -1.49080820695028 -0.141173230869613 0 0.0530151429991639
0.944467441111399 -1.17489788251129 -0.106164199487893 0 -0.0225373489100186
0.864205890677064 -0.965582913647944 0 0 0.0847121647773192
0.836080646904749 -0.834384905886125 0 0 0
0.541505693054845 -0.495010356082392 0.0504124204115392 0 -0.414790059961357
0.358666488066933 -0.359423868446692 0.0780837000474303 0.276769652211737 -0.466209504789789
0.210825864852358 -0.325749065321023 0.121802769923749 0.425406073169624 -0.56760436664818
0.024742960916899 -0.265147351625058 0.250568090387004 0.562403470190233 -0.67901962849539
-0.381665832704119 -0.262378747269796 0.432530897768651 0.533660711030575 -0.586229648061746
-0.743162392413253 -0.301411365511159 0.584658706749563 0.409593625052657 -0.531121009202328
-1.071010445836 -0.389651326085028 0.733298702079223 0.242175619728197 -0.515413481596913
-1.38613747918753 -0.506526838617999 0.895120174007478 0.0812281880208007 -0.504212004123164
2.47710193792357 -1.34739209333338 0 0 0.812381766676719
1.84965145084852 -1.43166374911804 -0.168107566833147 0 0.453126764635248
1.27123029086186 -1.24661124198535 -0.159021683470331 0 0.0534776293864388
0.872356405591624 -0.995404789786194 -0.141111608217053 0 -0.115034928255864
0.78116904987204 -0.980367907942343 0 0 0
0.657907582941765 -0.767144840354644 0 0 0
0.559105653577218 -0.436206576918234 0 0 0
0.435569675759648 -0.111877260602349 0 0 -0.473729561895085
0.360013178045832 0.0970956473385195 0 0 -0.560280103900365
0.0744611292007854 0.115234603115483 0.117632533161261 0.468922190105107 -0.590231198164578
-0.392662448171182 0.192404956386547 0.376835228672328 0.44537338791227 -0.465529815550496
-0.743851320740706 0.182573624461705 0.563217585774295 0.312545077740834 -0.465452409022035
-0.970551833489869 0.015846983698727 0.70027617323415 0.134647242922935 -0.481001406233055
-1.20575116944344 -0.170911465223645 0.834211985958608 -0.0779177573544105 -0.423820029594036
2.28014658224633 -1.44832431310097 0 0 0.976891583564883
1.76381374074937 -1.40074282685972 0 0 0.592522513081935
1.57593137195234 -1.18498197019664 -0.239035170026363 0.0361185223010946 0.0673061307131931
1.11391892619946 -0.989365173449475 -0.271229157784937 0.136043400347505 -0.245852750389933
0.787486645632262 -0.794262644856899 -0.232765097946004 0.20928208934697 -0.377743795914664
0.500749242858687 -0.799723591546491 0 0 0
0.239007669086614 -0.375114845168233 0 0 -0.59933760430436
0.304273194700606 -0.0967383017654586 0 0 -0.571651939919987
0.364960152750992 0.191348663655425 0 0 -0.726450287960485
0.251800670171568 0.526510213476619 0 0 -0.666062973302187
-0.277517207418087 0.624146557335686 0.0533405028339962 0.263695666121434 -0.649555130006556
-0.533406053923276 0.445239604898734 0.311066084341705 0.262677626925887 -0.52282741709616
-0.706250329499258 0.216086841474636 0.487732993207259 0.0999200109162455 -0.477890187274014
-0.927057436303825 -0.19948658450942 0.701195616764881 -0.0769567965611695 -0.507251514412291
2.23596672676751 -1.55692252484177 0 -0.178226612371119 1.08983767544406
1.67862331380514 -1.57124035860593 0 -0.208764281011519 0.594919847923915
1.56000717485883 -1.36756085068736 -0.328795000076275 -0.157392719844305 0.148928352593499
1.20290771933359 -1.16936528703027 -0.392021636368454 0.0806474845218331 -0.224121793895215
0.76001252113302 -0.956096223709711 -0.334065541797512 0.228778886222672 -0.515216203449588
0.18901706533359 -0.744222093627356 0 0 -0.410811720992386
0.0751060792713979 -0.340297754368342 0 0 -0.777591117851262
0.148167468408643 -0.0412470355502364 0 0 -0.765355706557521
0.303943135776961 0.114362848457407 0 0 -0.631607009056098
-0.098592234615404 0.461633505896029 -0.261917999228194 -0.154124497226566 -0.76359757450468
-0.0837519717782171 0.843824404868792 -0.393302703327534 -0.161873391997025 -0.624874054345624
-0.0829668773956236 0.962212024400994 -0.284828472314208 -0.103195908810313 -0.459608274950207
-0.512871555565028 0 0.0708688522785716 0.122811048448211 -0.341613422203408
-0.609205511227481 -0.0578020094318958 0.389356727429499 -0.119308375068168 -0.416828925362212
2.01040500419364 -1.56394483962455 0 -0.270338846108642 1.01823164715815
1.60269917090972 -1.62398253852911 0 -0.251846823386174 0.717909637810136
1.05602977779477 -1.59933246025121 0 0 0.123194834703153
0.792223529578238 -1.4867019315497 0 0 -0.253579837697682
0.424776339068795 -1.33927634052654 0 0 -0.628425993733989
0.283331921282541 -1.05479279171467 0 0 -0.50337008332147
0.153004181316406 -0.634647797675626 0 0 -0.337747710238729
0.21880295977713 -0.272049375201907 0 0 -0.681562182259563
0.294420577729693 -0.0629974961390334 0 0 -0.646187087496863
0.257288214365138 0.223218714259913 0 -0.164899504160157 -0.579658023478896
0.181438243465938 0.444377451538319 0 0 -0.259656408281138
-0.135739576003986 0.494134796134355 0 0 0
-0.214732428264228 0.534709490643099 0 0 0
-0.628281287544811 0 0 0 0
1.23991470170672 -1.53347653418597 0 0 0.595677691134738
1.13661371303457 -1.42397214777216 -0.139037737564988 -0.309394268429715 0.274190540127147
0.582828302114561 -1.6445494235009 0 0 -0.126896248298974
0.561543803904274 -1.7086183205868 0 0.149846795519943 -0.512878177199758
0.604823470362452 -1.70253742482044 0 0.161651042042098 -0.752382256612058
0.45636860382057 -1.44337071164038 0 0 -0.515302786912109
0.411285320259424 -0.957216468706138 0 -0.0626697699025979 -0.614569978249509
0.347624230712208 -0.627607022852858 0 0 -0.423901005855275
0.374097071142475 -0.295575400716226 0 0 -0.516024598605476
0.405549475292024 -0.0567626903314655 0 0 -0.436020728427278
0.416235003762919 0.198233744540439 0 0 -0.338618205710783
0.0835502811056288 0.28163677381952 0 0 0
0.0110390967309274 0.418894658490627 0 0 0
-0.0786143755680977 0.477390215076875 0 0 0
0.856396509450393 -1.17801886512265 0.101834707910736 -0.408423193869402 0.534751661761612
0.453915197236056 -1.41013164597254 0.25548161931342 -0.0766527527073003 0.145101094853477
0.470889243120694 -1.73609970978893 0.176771446372883 0.0164215139492346 -0.23302757344614
0.547885773241699 -2.02375857824935 0 0.0182447681988906 -0.557822694905057
0.83401720759602 -2.04977687708685 -0.302570786396083 0.334069749836642 -0.813363277369516
0.754346158375665 -1.80900672566277 0 -0.0860549392237032 -0.787104968391743
0.61575822041569 -1.44217018078519 0 -0.168037998261919 -0.631207466235946
0.539914264647127 -0.990208205512053 0 -0.102637226711064 -0.582973658902362
0.557884574522282 -0.655230454787326 0 0 -0.430081624525028
0.543548248285301 -0.381155236429278 0 0 -0.337643565065127
0.570737158030232 -0.11476305586127 0 0 -0.281325284960002
0.333766151730139 0.0157094782169501 0 0 0
0.183405548634616 0.162717691948477 0 0 0
0.0472764636081169 0.280361638421882 0 0 0
0.349648397027093 -1.15548599459781 0.239625620560156 0 0.231610427636302
0.230993244030645 -1.5949654928532 0.438100839250252 -0.21908300627725 0.147021017242355
0.42681712804219 -1.97548490103297 0.23606910306381 -0.171045304016999 -0.197740965857742
0.629474040134806 -2.29740354015176 0 -0.106454564306087 -0.530553218822735
0.898738175104408 -2.30006470006273 0 -0.0903925709538463 -0.704577431170833
1.01094843894034 -2.14575253268657 0 -0.186002848219242 -0.734377340824525
0.886437837381536 -1.84903402777743 0 -0.250959203373712 -0.657517230302818
0.677999713804427 -1.48170200431852 0 -0.19459657749056 -0.567599320549128
0.75950521208147 -1.1300486992886 0 0 -0.459142069471179
0.745316699028971 -0.790746477526971 0 0 -0.3154649050088
0.774113561315749 -0.479877179073802 0 0 -0.26805382581987
0.580205657688638 -0.206858012733666 0 0 0
0.412441644278112 0.124142356459862 -0.426704236685843 0 -0.051302686807184
0.217883221379718 0.355862400546854 -0.568784071274335 0 0.0345678434149411
0.119251897840371 -1.53096931964971 0.680739268357352 -0.599193197420457 0.517808231658442
0.357886348145501 -1.81657658826971 0.382454569698822 -0.492081321816807 0.151791954797159
0.545551483836232 -2.22835021357395 0.223988464987598 -0.35934083423934 -0.148485892171107
0.922869295034366 -2.56558502764263 -0.0403798555090819 -0.244742764025623 -0.396064578909786
1.14208642642208 -2.45121294033214 0 -0.308515482550017 -0.617970001614078
1.22385045281609 -2.38520267770712 0 -0.336565084135936 -0.676571341859834
1.1453433498336 -2.20587230855301 0 -0.342153005573803 -0.55608235852113
0.872711928822967 -1.90532538099326 0 -0.272512354234313 -0.52522141631788
0.930754424163536 -1.65430071290284 0 0 -0.446614638093187
0.972637792762338 -1.29811475186615 0 0 -0.421883216149261
0.948699343670818 -0.942314502562843 -0.139778503136733 0 -0.325010666911487
0.31164417959493 -0.509738122708977 -0.557226743929511 -0.541194193856199 -0.229766900579603
0.64286695913224 -0.216309298860754 0 0 0
0.550597538038764 0.000524015944782534 -0.310353591778822 0 -0.0784681344068533
0.132370199047924 -1.945023560152 0.734271369025524 -1.02557945861498 0.511685414577394
0.533911465294133 -2.15686636032767 0.32588020649335 -0.804249027632258 0.178153673241195
0.702362846977425 -2.35912874880719 0 -0.40139479489657 -0.306714160901693
1.0508064665511 -2.56295069543293 0 -0.473683787720718 -0.448679926666035
1.32999427171509 -2.60392774335605 0 -0.517028874405591 -0.514324116435791
1.35565097098509 -2.57882315474292 0 -0.514788353324262 -0.555705739633477
1.30418249612545 -2.45834646667075 0 -0.459019201788061 -0.397436093541927
1.14296863604235 -2.27309701137302 0 -0.352829426930721 -0.460877736250449
0.99464092476893 -2.13106307224473 -0.265654587450026 -0.386053241601131 -0.514884065828205
0.873663728693905 -1.89375380737051 -0.372303254988724 -0.361783840021383 -0.638329043760459
1.14629621402695 -1.50599762149894 -0.224833246512895 0 -0.426028399343941
1.10253161987094 -1.07204059582753 -0.194855052551799 0 -0.271502220156992
0.948041306073473 -0.659288046460382 -0.197900218526118 0 -0.19367061849909
0.676446529256696 -0.177111030735688 0 0 0
0.479756194593919 -2.05791885119414 0 -0.780134574436184 0.0315885831724409
0.674437744006015 -2.33989708700647 0 -0.66667176162719 -0.134649699823842
0.927052405696266 -2.62298034319822 0 -0.680779078411748 -0.281194543773807
1.22746182907192 -2.79060441143884 0 -0.718001233203076 -0.378551042944335
1.40640097694584 -2.82585169814651 0 -0.678300821904668 -0.462421196112012
1.43386921233702 -2.82699900264857 0 -0.663150140560115 -0.377015510581685
1.3877776295708 -2.72476718034678 0 -0.590514640277927 -0.266805622983336
1.34771705674031 -2.61255444893616 0 -0.461642384868725 -0.423040347214949
1.31453061748826 -2.33113935560392 0 -0.287203204877633 -0.234630589299174
1.27367315106537 -1.98002125428016 0 0 0
1.31310158737378 -2.06361176640539 -0.259428825654728 0 -0.480724326998048
1.21079571152324 -1.55616340844434 -0.354145235755118 0 -0.308777965159152
1.13227283408495 -1.08196542211985 -0.264534482217404 0 -0.19477882554139
0.996511095008012 -0.671694817360558 -0.229004682025372 0 -0.134876632936293
