"(Intercept)" "X1" "X2" "X3" "X4"
-0.101537416983252 -4.8552906769521 0.606202143921017 0.204892790061299 0.590464418082001
0.0754162576017798 -4.56063407319102 0 0.0577498988805456 0.925042646327347
0.489346044789256 -4.04222781603038 0 0.0165252451494752 1.09859514204252
0.808408190078572 -3.26243558286044 0 0 0.861533017710072
0.783612471698485 -2.80062581119328 0 0 0.634203951176885
0.89643886381128 -2.29462784737749 0 0 0.379140084041994
1.45841964476697 -1.71721487258377 0 0.297859872593344 0.166149902701232
0.273981978063473 -1.71910489574485 0.516308324263343 0.0406709446690722 0.363901570209033
-0.4701667656286 -1.58366591121733 0.807910132023334 -0.00440854468118955 0.234490711581017
-1.09297144042242 -1.39160167609675 0.947254373248439 0 0
-0.743331365789407 -1.58776222608373 1.51674114688995 0.2644155803517 0.254438179904041
-0.430718085985283 -1.85399820470678 1.99928159664388 0.719576459328039 0.135276381779199
-0.267268610111689 -2.15936646355358 2.44800647702068 0.840766650450755 -0.0285477665892938
-1.95989726998297 -1.51181922126407 2.00661481081135 0 -0.430215734056326
0.0998772601218014 -4.30329476775851 0.504064455902198 0.0373423209419117 0.442755599114844
0.212128670850539 -3.89937152768385 0.236701656685085 0.0654642229837192 0.49111039546443
0.358456586333739 -3.42382052569356 0 -0.0667935166435043 0.693865005040749
0.540228064981015 -2.67332342490543 0 -0.124739796267367 0.635578549894638
0.757443985169803 -1.97679211996982 0 0 0.311863252503718
1.00865046862397 -1.46536706563821 0 0.314737063007604 -0.0230857756489973
0.998219454699162 -0.928551457331868 0 0.355891896329975 -0.271982042428866
0.849480224116272 -0.666629941289401 0 0.392626732413945 -0.444838780597663
-0.422485317523995 -0.804220795458561 0.421214303377368 0.141195393292011 -0.291946907528296
-0.571192211370081 -0.81340889040194 0.58346679666924 0.171531588111149 -0.0595105733655014
-0.239913688828659 -1.07655019491378 0.980868597572143 0.57204211819636 0.064991110615041
0.00488242777880532 -1.40685954575976 1.54365839282264 0.791352828595368 -0.0167607911812262
0.102617210628198 -1.74303235175324 2.01769890489804 0.857697872295674 -0.243669659608272
-1.6803787268525 -1.23753788891297 1.55722483322317 0 -0.452852415627598
0.422089721795625 -3.70920838074412 0.452356892379565 -0.163720918190584 0.388482626520738
0.42730798941822 -3.16671848157869 0.313322861680986 -0.19106579201393 0.287660195087184
0.257328681974368 -2.65826635942593 0.124160269865139 -0.246224203699687 0.144093931092316
0.875020478663048 -1.73963907722517 0 0 0.290695397887769
0.935346523170411 -1.25455331647672 0 0.163814895413087 -0.10853179901888
0.615603501056542 -0.817516177326026 0 0.361065889145503 -0.588313794882691
0.564232387384504 -0.451936964858167 0 0.53147178081455 -0.759518530801179
0.431335288591255 -0.0258931864162148 0 0.439995159049164 -0.870119168443419
-0.26417733355299 -0.0354702916127134 0.138798383267669 0.486008522686376 -0.81950446687416
-0.232621681579247 -0.277428408026345 0.208983720715262 0.627770064471673 -0.65830323372698
0.0768941895345969 -0.565272917796648 0.531814308489188 0.650785190606033 -0.114993682449577
0.182154494805934 -0.750503684661926 1.01338973858998 0.685978841906214 -0.396373385016078
-1.1187193212054 -0.426978906053484 0.913987673667854 0 -0.565117729009003
-1.49756075530377 -0.818369169812603 1.04929183174328 0 -0.471208920332284
0.878776029223897 -3.05872709713594 0.358308625836874 -0.352525888795476 0.331686555365608
0.832109588020447 -2.547750068778 0.232775872851943 -0.381766225176584 0.270486550904026
0.895412475617443 -1.74796335984767 0.129190801580739 -0.316801434617613 0.137033072254122
0.6588884199772 -1.2337684806413 -0.036711585013734 -0.0463070998883783 -0.314613854197815
1.00709678078011 -1.02907268831475 -0.277573404254603 0.459199536059368 -0.622259415291732
0.998090742455519 -0.553040947695504 -0.266082742320261 0.609313588795229 -0.745959962019092
0.702806003604288 -0.122564131587809 -0.251905978811391 0.734355717930018 -0.905323891910105
0.444634587305553 0.253822517099183 -0.175101931803098 0.755816074772649 -1.29470345887911
0.144989812340467 0.572828281058604 0 0.606100168341543 -1.12510107309293
0.170288523110962 0.654109523466278 0 0.40442823405947 -1.00904960954063
0.110151180811093 0.119924314988535 0.262213071132349 0.699397214828846 -0.798099099428997
-0.752866791435101 0.547602469024709 0.430074094084893 0 -0.671484707742727
-1.09894464197876 0.185437560441156 0.504793994356273 0 -0.673200225825127
-1.27266195467129 -0.33819559297306 0.390242317836293 0 -0.545016849912382
1.80519874285426 -2.17959356573764 0.396105469993338 -0.416254995329451 0.603950889426495
1.44183617414067 -1.76150538660873 0.117779591128837 -0.513397147138447 0.281902162961607
1.27943730021304 -1.25692902262779 0.0309820306668833 -0.37814479272222 0.0572466404632826
0.902869748096651 -0.780193616151036 -0.0778290528825499 -0.0763785536588328 -0.462691801431855
0.772412764532051 -0.49811885104873 -0.182886175534327 0.37111594808731 -0.856608475603251
0.810592573117534 -0.267539555816768 -0.27259892508788 0.597161470304046 -0.965212315619906
0.918200224890867 0 0 0 0
0.925822928452151 0.232328835085167 -0.372618511574756 0.731207107315018 -1.31048165629511
0.739120051998903 0.700956852524003 -0.413325718183797 0.598213673444083 -1.12544290251267
0.128645008970155 1.09600249542821 0 0.416682821265728 -1.21574275547353
-0.230301909496906 1.15845444861367 0 0 -0.647596893233359
-0.661188479592033 1.04082817703569 0.223181059398826 0 -0.639935146480945
-0.878914336769336 0.594938251947657 0.158927220413274 0 -0.561551975929978
-0.969207416141712 -0.0779701081866391 0.0654839229973218 0 -0.54348438807488
2.33175613597907 -1.6078672081505 0.183145208230897 -0.845073764715765 0.748761023753209
1.88938652209375 -1.3832590537518 -0.00401684222054426 -0.671823668135842 0.335312899784632
1.18667201387165 -1.09697524927801 -0.204861365865803 -0.468309691217546 -0.288222083598206
0.687698637193922 -0.773535203499178 -0.219550847715399 -0.179132282448942 -0.705058278619096
0.00627289156590852 -0.517273827782189 -0.131238364648025 0.202319335608872 -1.26206886916742
-0.224984251043244 -0.273844076000854 0 0.0995551602094114 -1.28184915551831
-0.201459791194594 0.24499117555698 0 0 -1.26436450301824
0.231126097836053 0.582498071168731 0 0.385775333905458 -1.4759813492706
0.295401377417051 1.07732047303418 0 0.435246493436068 -1.31463842382572
0.0278752932479559 1.55592401754607 0 0.235357059477017 -1.13057148872779
-0.0456808796131511 1.50277240725784 0 0 -0.997960846321181
0.0743218932714476 1.47248478505026 -0.169591343357911 0.519900170420932 -0.921675215112336
-0.470302469634109 0.924004556131959 -0.175284324600087 0.269870731674674 -0.525013991628484
-1.0235782930262 -0.111209244696947 0.0105118910126168 0 -0.350915862670539
1.66826370554931 -1.27769363510803 0 -0.628970581668627 0.611417400058126
1.32119769115801 -1.19445137482001 0 -0.600938709331553 0.237188032582534
1.45018231753725 -1.13275060198162 -0.261487537022602 -0.565574093753793 0.027682581914034
0.68944927668959 -0.850008133399779 0 -0.289923243326237 -0.383034466546171
0.225430408304857 -0.707572625601758 0 -0.0107891120716432 -0.964297705157444
-0.450063849128641 -0.438899159431227 0 0.0245609908176306 -1.17155334005028
-1.06868973983271 0.176899116539289 0.0257443206822848 0.00449790020707992 -1.54256825120078
-0.11960111395122 0.648600286879813 0.206901540042332 0.240417580339069 -1.57751895766785
0.0696535632312894 0.996067595573783 0 0 -1.07543296892328
0.0811790394436478 1.40761134113414 0 0.25103031536508 -0.960819628275933
0.0230652274679987 1.37384858964277 0 0 -0.651987732076687
0.247510519767768 1.46408892422044 0 0.35341353994284 -0.907273379975784
-0.290463911524372 0.890099113804779 0 0 -0.507425331095185
-0.656271328239268 0.0607440300377133 0 0 -0.283534113801156
1.65443237579306 -1.21027971832048 0 -0.649765445817682 0.748414758727768
1.26124101915706 -1.19504495870114 0 -0.492567579451252 0.349616228684652
0.726230842722539 -1.04171998031117 0 0 -0.0388899874449679
0.492988333723181 -1.14260637344205 0 0 -0.456724631074203
0.199069695311 -1.18550413303956 0 0 -0.861641843203328
-0.382047437253268 -1.04855702007799 -0.0205442937434989 -0.103520795957739 -1.37637196370585
-0.273146518085288 -0.586232802317266 0.152834782985523 -0.0657856140215335 -1.2695023278977
-0.101462845468794 0.172113214809671 0 0 -0.973009446094777
0.240027514517205 0.742345335161636 0.214236765577185 0.118067316412083 -0.614762574994518
0.269037934196402 1.18476086402031 0.116318663139994 0 -0.373586488214654
0.017650007163882 1.24953348352133 0 0 -0.426629127205336
0.119147484138634 1.20146223391056 -0.19757505569861 0 -0.526065339652426
0.0862861112205453 0.653296693527082 -0.280971741415827 0 -0.60134370964571
0.84016242512527 -0.29476497696622 -0.674356953660347 1.18730859464266 -0.846756316636996
0.89104839057458 -0.892870813974991 0.176502989848286 -0.278427346367814 0.650811627411904
0.1918271731364 -0.924996088848264 0 0 -0.154048477180314
-0.00452128391392525 -1.30365333472921 0.364977776200882 -0.0143444210491695 -0.230377209936732
-0.0127504197696008 -1.67015503940438 0 0 -0.6347204467645
0.0156363078025706 -1.88157687408358 0 0 -0.71705310705766
0.0537356849807099 -1.70976617302955 -0.0627985699503212 -0.0997504102325935 -0.937204061514678
0.326606662964507 -1.21114770000442 0.25108700368855 0 -0.841888049949448
-0.0922386598386151 -0.62872239133054 0 0 -0.643508729560452
-0.116458223763512 0.0664641475287035 0 0 0
0.0808971211147375 0.750990546362239 0 0 0
1.16198952749421 0.98212969458578 -0.0298130450260224 -0.0340929131657735 -0.379487935285792
0.0252268830420531 0.867755332771301 -0.372704295183138 -0.0282111837803732 0
0.442321838792117 -0.0623373963928067 -0.910933856077975 0.642849088620598 -0.585549401235184
0.136130419066432 -0.482514489668385 -0.583648682120631 0 -0.350065547696838
-0.131877587263422 -0.629073516136778 0 0 0.02825918990605
-0.255295970771006 -0.868119524477873 0 0 -0.28899357183447
-0.588200566921538 -1.46766245016583 0.443920750838943 -0.000109821537918898 -0.271057746395168
-0.209480670371206 -2.13147624040029 0 0 -0.544507193294585
0.113708665089927 -2.48457319529498 0 -0.35481728507166 -0.76508704542188
0.763764954467973 -2.35536865472461 0.0335349725895229 0.0256903484921391 -0.671740416173644
1.05261982827228 -2.14110330099872 0.601628227783289 -0.260241782171592 -0.860527324369784
0.440641617692698 -1.65066545550946 0.311257923378544 -0.200645018985714 -0.72433851230296
0.40879457452753 -0.680183952203596 0.140368577428312 0 -0.361474206253986
0.46733217257828 0.178794686182234 0 0 0
0.667080075698012 0.676305499010407 -0.339957646673304 -0.239838461083498 -0.473203843413501
0.597128755857296 0.286376042495602 -0.715312691368228 0.382442490421232 -0.368813060030318
0.604927802023473 -0.455604148108458 -1.00281871308849 0.821348460748783 -0.411965274959331
0.941348242068327 -1.36181006650572 -1.15747923841172 1.19280015457222 -0.471354874287573
-0.230012001594921 -0.584487249625745 0 0 0.0212577584509776
-0.402445366248738 -0.960760152752247 0.324822434714207 0.408245004152256 -0.0673677279487917
-0.605868442420692 -1.50854600494077 0.258878848622874 0.248630269813512 -0.307813953824426
-0.340703648954754 -2.32455903145122 0.0960383998620012 -0.176909100234854 -0.384884610238309
0.0875335656944772 -2.93313752524599 0 -0.23150356847737 -0.647057028484496
1.03766016944705 -2.5626618039209 0.265912206814117 -0.287649332775847 -0.675358405886169
1.41236489232731 -2.26887167884123 0.470199345966784 -0.0762147969678722 -0.443762825100605
1.10995722967144 -2.06333623084651 0.336962337673771 -0.330180422113291 -0.575304376543904
0.483004819477429 -1.17374146213839 -0.0217006711297282 -0.252698214244467 -0.351994168469371
0.210073214980467 -0.269067551449693 -0.0188944433047645 -0.140779733137998 -0.366325390302378
0.263114360902267 -0.0758730853418275 -0.5038669392265 -0.429697490652842 -0.761185875850925
0.64633020053568 -0.40576052672479 -0.663597001713588 0.352709777110096 -0.501040464702716
0.877835253966314 -0.886843449821435 -0.872632765358357 0.983337719595606 -0.2828821799326
1.20835081285332 -1.82182804323101 -1.13125305977251 1.56077812642414 -0.336743512078769
-0.0687365791243734 -0.706918723160935 0 0.172046365928023 0.153110284248185
-0.198980292906173 -0.807047332740404 0.0643173709410554 0.847951386419748 -0.186959891214252
-0.000781230323449945 -1.64997081878764 0.00808169204578719 0.412694164628379 -0.176813411327673
0.00121886923637266 -2.41639396965125 0 0.253125146019886 -0.209164661749868
0.509805981911428 -2.47453540539812 0.123317452173895 0.377806207130967 -0.421575028087204
0.882635893143532 -2.56328059664987 0.030380425231927 0.335850684174541 -0.0532610146857081
1.09756995827097 -2.37039267468831 0.110620471290343 0.290591402699554 0.145434817741099
0.706104051635013 -2.42742712292431 -0.156442526409579 -0.0777260237759603 0.00173381001154823
0.887439893082654 -1.7633258857489 -0.255202879119054 0.0195286688626807 0.226780352178907
0.273279102705327 -1.10661829929966 -0.0733728555742138 0.0728036362531567 -0.303375839488152
0.786521612702464 -1.12826747411021 -0.319124478389946 0.256470098284802 -0.308782771776608
0.990246673131513 -1.30863653196838 -0.594191506911735 0.449381679648541 -0.462404480108027
1.21117976187408 -1.81874492400486 -0.826896055334536 1.17873308934168 -0.473754224578888
1.51563026502987 -2.42888812763726 -1.04530575081199 1.95225109216714 -0.304704450326076
0.276409009017925 -0.935982597055655 0 0.381186917985428 0.380116058359159
0.297162504859373 -1.38443332084091 0 0.435629467639488 0.242846096902679
0.33845906691629 -1.79724895038074 0 0.537086560926237 0.17316032070384
0.114408690149518 -2.3251550120823 0 0.48793544667864 0.0565340458985672
0.190078844742211 -2.25881919670896 -0.149829687365963 0.880319330433351 0.173475485939488
0.38029100417803 -2.36194781661752 -0.292857202399905 0.873479499900933 0.485218875646116
0.7547305590661 -2.49916366356618 -0.335594843974638 0.868340767669804 0.868322846813734
0.820546150748922 -2.36748272927576 -0.456873054596273 0.543026804676532 0.804186492454951
0.564784337605791 -2.12999528795649 -0.491680096539178 0.389414688005181 0.554768168755381
0.536195788057216 -1.90202273964549 -0.187360423340955 0.422962450414109 -0.204970959741726
0.960163394829904 -1.98412697280707 -0.364102365600752 0.718164876957244 -0.376958545081974
1.32097961228653 -2.25997719022388 -0.654351936651997 0.913514412595091 -0.49527613193884
1.58114924773027 -2.63357438404281 -1.05984884879784 1.02249426847109 -0.498992139629513
1.53418025237306 -2.86300263004581 -1.4538748748174 1.14267627668029 -0.487381353681916
0.746659078726565 -1.03007966093886 0 0.758480861271474 0.671042445934698
0.708071892145865 -1.36692099229926 0 0.851940042971595 0.548501176852185
0.552949059751093 -1.7794218892987 0 0.61597096172236 0.42786633757995
0.0133273660988722 -2.24634510220433 0 0.444527632499696 0.486599548788254
-0.146806844090702 -2.06193064042642 -0.420235086292532 1.15444746730925 0.725534257489495
-0.0131754395609531 -2.11528459410063 -0.64066325869092 1.27026410433906 1.01801749858348
0.126684986517839 -2.20612153679204 -0.757148601661942 1.38958478070547 1.51043179199656
0.518253421639449 -2.15723651160836 -0.790166990201546 1.17319975498712 1.24337099809165
0.146663003042743 -2.34395150091088 -0.443708372544615 0.978608634350008 0.500711175180973
0.477871848095645 -2.41234723793074 -0.324157472371554 0.996095381722747 -0.0327131844051062
1.18482837167069 -2.82823510931633 -0.485660010455401 1.21380946872285 -0.497079075264013
1.39938026349941 -2.97247881960004 -0.774717405421682 1.57019387174377 -0.638648123278132
1.87404042526559 -3.51806137353707 -1.13175364083361 1.57108837599596 -0.721041316369372
1.94140699686741 -3.7126494712776 -1.4661830057517 1.65047801715315 -0.710372995771151
