"(Intercept)" "X1" "X2" "X3" "X4"
1.05761477982921 -2.98735074969424 0 0 0.261995360603889
1.0052574519109 -2.71498663446552 0 0 0.353269018885514
0.874186817308209 -2.60546114058044 0 0 0.514954771563987
0.739327650591556 -2.66871338520134 0 0 0.791295436851062
0.711267641952341 -2.4699364964716 0 0 0.54635150512019
0.854186034650613 -2.21691355804998 0 0.143521887971233 0.27708113129791
0.625752118358558 -1.8553332747027 0 0 -0.102959088816432
0.196941579662651 -1.75656785903542 0.538662517402239 0.0882264015323531 0.531285799449029
-0.449694407212097 -1.5780192252649 0.624097423127484 0 0.160690559423008
-0.866071047720557 -1.58858509951002 0.813982306500569 0 0.0445882693903808
-1.13518961487748 -1.62057398134031 1.16600291398668 0 -0.104052447288582
-1.40460564040942 -1.63876686286331 1.64134692038966 0 -0.158994747263793
-1.96744515972776 -1.53842644805824 1.53826466846702 0 0
-2.10468894812155 -1.94811497817016 1.99534860989548 0 0
1.44021016501592 -3.53869108474241 -0.623764497458883 0.922289980941211 0.476769055230212
0.797507453109265 -3.21715442659845 -0.287419603270933 0.598920386434334 0.284479874759612
0.506550714218515 -2.78172767351632 -0.0122894130790343 0.261033629967664 0.345868301253179
0.827671935735707 -2.0035914350051 0 0 0.369932415318332
0.65322609561317 -1.81069241446933 0 0 0.295963492113261
0.760018210880789 -1.49523616615415 0 0.195066801767853 0.0515604928220756
0.602964221225475 -1.10133670063068 0 0.19397401036774 -0.261597286640488
0.25714363936103 -0.758743699602601 0.210772740686318 0.0844889102134151 -0.173622082388754
-0.223617786510892 -1.00865321008843 0.4810977682551 0.370899419872898 0.267951644768476
-0.661524545776166 -0.8730060939972 0.487137105971991 0 -0.26395635188424
-0.858417114189301 -0.903172584608405 0.892770532801815 0 -0.295756443662572
-1.08982438610007 -0.979707862407006 1.30757324527552 0 -0.314383599486318
-1.66718144640837 -1.14892409180499 1.32638367522053 0 0
-1.80382757355627 -1.56804203635782 1.61088086173361 0 0
1.42004433930729 -2.24895436302108 0 0 0
0.84380833379354 -2.72130328701897 -0.231428459901946 0.424236411960017 -0.0170539126584906
0.257790384124413 -2.23216261107279 0.00153690008910654 0.108654257450922 -0.220310454995063
0.520383077452935 -1.54411708881543 0.124074738176357 0 -0.0983064619461473
0.501932830397349 -1.18986271084243 0.116160206768192 0 -0.179578802395359
0.499007754961084 -0.848711612627033 -0.044220564135505 0.290079030773123 -0.303071409028074
0.318132297180876 -0.429244695935169 -0.0535484281357385 0.366587296049539 -0.455871308489839
0.259737578003984 -0.0392134625256027 0 0.289319625452987 -0.685721346756779
-0.0155047380076844 -0.1097325342549 -0.0382234660761432 0.303411922889613 -0.552224597889313
-0.296792135355977 -0.141276580272362 0.177916623482904 0 -0.467430782407695
-0.5530780309301 -0.228060549844956 0.587583385623672 0 -0.426623836434045
-0.893505864237129 -0.328899823297545 0.899451905611628 0 -0.387154282865325
-1.46412190816795 -0.744540771108803 0.919090979765171 0 0
-1.62406727852333 -1.25929734538027 0.931457660986929 0 0
1.22625303489653 -2.28776831374569 0 0 0
1.18256343152736 -1.85676905516885 0 0 0
0.874078787810308 -1.55603441471261 0 0 0
0.311054490580244 -1.09579163050466 -0.00385729592972592 0 -0.525204264243784
0.472139932811885 -0.757341820555586 -0.147627471955608 0.148815277356996 -0.648261967655937
0.486651021042266 -0.356581906565624 -0.287867269059895 0.426175918815567 -0.704123736883447
0.503369719519899 -0.0371306005947448 -0.211249666185166 0.702113058189895 -0.735571090255165
0.308119555744178 0.252659361688584 -0.241090813575899 0.623637451210407 -0.842711231820021
0.0302199727693244 0.546044626536463 -0.257853800150096 0.418743580751284 -1.0696345507444
0.191578487796076 0.681828712169602 0 0 -0.730528557968346
-0.280999372712895 0.481753556614297 0.247504018339559 0 -0.615792611929872
-1.03002287047304 0.12345708862723 0.565923599905958 0 0
-1.25049419153508 -0.297828617791443 0.561137817060667 0 0
-1.40715368701376 -0.79741594837235 0.492180500173384 0 0
1.50540845851538 -2.02917505906219 0 0 0.575219615063032
1.34423178739369 -1.47806496177416 0 0 0
1.0161701232538 -1.32303471728684 0 0 0
0.50516315001914 -0.892003432911118 -0.221325293486458 0.0684836826769647 -0.708073805682638
0.329423637032418 -0.410373616824869 -0.34632441985651 0.32214456337937 -0.940457119052884
0.398035435499524 0.0315667438849776 -0.431293612093675 0.560072174739143 -0.93064771511263
0.60477955727763 0.319996855980819 -0.398575166785963 0.860924736244967 -1.079010004981
0.686986596738143 0.486011235165884 -0.405903212662174 0.70836813272189 -1.04281782519334
0.397729039241181 0.858606029644105 -0.29988296775259 0.400166344511118 -1.00000384171802
0.0417476145451217 0.968740966746047 0 0 -0.547797125165312
-0.109917706909581 0.900442600011137 0 0 -0.404896595480644
-0.720036252525568 0.658430246097311 0.20913659367999 0 0
-1.04118958124407 0.197792745406516 0.241193951098568 0 0
-1.2640368922474 -0.490574420151618 0.187779417863921 0 0
1.75335927369173 -1.60728291384242 0 0 0.646173111095543
1.36658595116069 -1.3706841504486 0 0 0.285962516444646
1.00925794380952 -1.18171249349002 -0.164229094723358 0 -0.0091630452995581
0.794923927803799 -0.751513051637423 -0.36871397494046 0.160198594113669 -0.477432386572793
0.340606098831787 -0.309594617930702 -0.424067102289421 0.315641966020204 -0.975366718314388
0.0959670456026263 -0.0123651885291709 0 0.282416547944885 -1.06881880050761
0.0222004521291131 0.347803587089773 0 0 -1.01627626331629
0.418245338933362 0.657023330982431 -0.243828601535851 0.57305628790798 -1.12543316061381
0.336830366718643 0.969781654691241 0 0.269550553479619 -0.98221491051034
0.088309779811454 1.26405433397491 0 0.154201723760105 -0.871348348209129
-0.0215535932491919 1.31681666110922 0 0 -0.666026629031666
-0.220953646761896 1.13858253169594 -0.0918649019788617 0 -0.384368512706995
-0.651842304514309 0.643138118672946 0 0 0
-1.18427366943842 -0.405792197317691 0.0632093378220109 0 0
1.62920665764383 -1.2834731851677 0 0 0.572963606379623
1.33399017318822 -1.3740443070598 0.042284229207652 0 0.516031539693108
0.719969747998365 -0.997775808074594 0 0 0
0.481802942008644 -0.931966384156871 0 0 -0.411198277873545
0.266311244280632 -0.78708425169088 0 0.103490318084987 -0.848639922132613
-1.51396160638969e-05 -0.36631564451481 0 0 -0.87671783879015
0.132848380988647 0.134198972022809 0.112341946703138 0 -1.11837157570391
0.266371649124088 0.540898074195069 0 0 -0.992783261866557
0.276895120342047 0.949218344358197 0 0.233614105658036 -1.05666552381916
0.0179074902419476 1.10788497473885 0 0 -0.485395524829163
-0.0292456533944152 1.2290796570628 0 0 -0.456266327685663
-0.135198953572627 1.12244484974419 0 0 -0.28235388925877
-0.417198827138426 0.769769314631178 0 0 0
-0.677279748406879 0.218895469140903 0 0 0
1.33189810627161 -1.27584696046649 0 0 0.810766273116068
0.96394700071252 -1.27820167808841 0 0 0.41039020689186
0.524333260967045 -1.24206746641982 0 0 -0.14243617501996
0.303077321588237 -1.30268029315346 0 0 -0.547613141119422
0.228228335223375 -1.21544452130974 0 0 -0.847882750453044
0.273387533472676 -0.869885599482942 0.0293348594862688 0 -0.777260647496974
0.452168236111174 -0.337676299712606 0.147176965477514 0 -0.971776026848236
0.170864970493165 0.0763144398294242 0 0 -1.01512915957457
0.23392819037277 0.586862161420293 0 0 -0.805702932749425
-0.17020976676532 0.907194021734043 0 0 0
-0.237031841708621 0.815677231267219 0 0 0
-0.249446398776953 0.772226197075211 0 0 0
-0.301509794145268 0.660330215889069 0 0 0
-0.400809249347658 0.368111949157538 0 0 0
0.822052251041296 -1.19139990039022 0 0 0.612668392252938
0.383209816456388 -1.22074166012627 0 0 0.0505026604773252
0.310287628372987 -1.40258650308649 0 0 -0.321602697109649
0.24892835878994 -1.65638979286413 0 0 -0.690564141691014
0.346943412202244 -1.74683985586754 0.153286488680251 0 -0.830431511201199
0.812011623343624 -1.41222530221914 0.113523862255605 0.101562446127994 -0.956901254605969
0.437004690732163 -0.98166273440696 0 0 -0.85574931688696
0.211022543812857 -0.589606717032531 0 0 -0.858422355733706
-0.0105243382996528 0.0132983426133271 0 0 0
0.112626607190196 0.712154576122565 0 0 0
0.0628670490954026 0.86868512867882 0 0 0
-0.0520834870264033 0.727465270035193 0 0 0
-0.119997766370021 0.402030049723525 0 0 0
-0.170779567878406 0.215083497440664 0 0 0
0.140368158745942 -0.936770937624108 0 0 0.195045714389243
0.185681792951352 -1.08692583099458 0 0 0.0466624419955952
0.258033376612695 -1.435035713311 0 0 -0.216309659030263
0.214178392156618 -1.86588774356872 0 0 -0.51649140968371
0.336624081718045 -2.10772648507794 0 0 -0.821661498487068
0.466809051779487 -1.95580331744611 0 0 -0.529093004810583
0.574331774544207 -1.51701541373852 0 0 -0.79176844480662
0.394138562278354 -1.13957968867554 0 0 -0.735287682417315
0.226635881595455 -0.552116300848326 0 0 0
0.436754798720831 0.115355802741294 0 0 0
0.702885984756821 0.518473927945095 0 0 -0.257698087545901
0.404873258341395 0.457472153563695 -0.539459326402501 0.253398192047513 -0.383521904919842
0.202637901971854 0.194775953203739 -0.786581083701323 0 -0.10265895480228
0.300293361424058 -0.291110958376037 -0.921291676275206 0 0.0346217586333707
0.0977037364705102 -0.771652112090045 0 0 0.311070544951476
0.229506198831259 -1.07811066070303 0 0 0.0950861501808775
0.344224704874139 -1.54151499550878 0 0 -0.153617476641682
0.121850736684112 -2.11441289130956 0.431918776967396 0.0963484898430453 -0.318772176533251
0.530478336270216 -2.27319493363793 0.228978877922183 0 -0.611545151590019
0.925880285185743 -2.30884631440925 0.385342892537407 -0.147876334675648 -0.784163658369454
1.09500531269623 -2.00330718380755 0.419667605438182 -0.075602951791621 -0.850023556208906
0.739104850102053 -1.70665638071289 0.242377014809434 -0.249387931536314 -0.924720486512059
0.591862937451846 -1.00410704900955 0 0 -0.404842964690719
0.537841939257584 -0.392814173031093 0 -0.202724556184836 -0.598130967419346
0.769620951336396 -0.289781585979696 0 0.0423095437220226 -0.513455792595817
0.56255025327306 -0.128060624413132 -0.322610074529433 0 -0.233337089552887
0.378674439554167 -0.202876318916392 -0.746968171679243 0 -0.0361245376704708
0.504252412834246 -0.578210331891801 -0.923362559373185 0 0.0639168037153683
0.0691789281135567 -0.821086741607408 0 0 0.249443320709391
0.0815022935118253 -0.966919267450825 0.335041123324447 0.401442505972766 0.107758395451079
0.217381606853612 -1.54072375937833 0.351736492619134 0.415545948410142 -0.114396260670311
0.167710430679553 -2.14693303558338 0.34327154090648 0.431833653460766 -0.275912977274467
0.499166625571755 -2.32813717075922 0.182238547391015 0.271105136773086 -0.303585569865015
0.869979936113055 -2.24889033969674 0.16690463647042 0.238609828813105 -0.310429681716718
1.02251012436468 -2.21785198054867 0.271489228778625 0 -0.637927126153189
0.754710598367755 -1.95172372424119 0.0803986165948303 -0.0901833084606495 -0.637536107911009
0.864222647855216 -1.50376273549295 0 0 0
0.828131632514354 -1.07474078988028 0 -0.0944319717232085 -0.356914897938185
1.05246290632088 -0.820938622315967 0 0 0
0.76775068163823 -0.822249263472236 -0.509082728744478 0 -0.188821100687551
0.659071207054206 -0.886183618592565 -0.880809782938508 0 -0.0539619787828985
0.705352535762113 -1.06755651463102 -1.15533111599567 0 0.0176905163930905
-0.112232785378513 -0.968348202512304 0 0 0
0.229616768765511 -0.892011218736952 0.166465430917973 0.594241370149805 0.144152292456092
0.334795837908806 -1.6643503618015 0 0 0
0.458328628861885 -1.95945230774823 0 0 0
0.469943824066753 -1.96960575631486 0.0386933121308042 0.528776194228975 -0.0626270804169474
0.600632233542134 -2.11236722351734 -0.0974896062396787 0.532034478120285 0.109947188376386
0.791298831302178 -2.10692742541375 -0.122602880660118 0.457159130924403 0.0231931433166601
0.716137727256373 -2.07382775355099 -0.133900531744184 0.188113554823269 -0.272773539034839
1.20580981231417 -1.79585111810409 0 0 0
1.28544635741044 -1.51172441838607 0 0 0
1.32030898620225 -1.19777134481834 0 0 0
1.22536934864662 -0.966756626655712 0 0 0
0.84785224270553 -1.39543080745382 -0.912176630211803 0 -0.0813852511379389
0.798544090311058 -1.47435553306692 -1.2467300500772 0 0.0321485432295304
-0.0508481544970207 -1.05628847095975 0 0 0
0.161580720400451 -1.31609431383384 0 0 0
0.373681090656464 -1.53617107306244 0 0 0
0.529211910057782 -1.72458357512773 0 0 0
0.408823069157537 -1.58409056968451 -0.194781274100385 0.66720878906524 0.144642698664723
0.478774503863356 -1.67425952927987 -0.356120588121594 0.750344379577244 0.337564192384752
0.432894117887646 -1.97569212133487 -0.449196092218192 0.721263223336775 0.463168990178014
0.556725372419105 -2.00939819413695 -0.549604591352713 0.672183751751222 0.247267585554857
1.38276625295371 -2.0328893064107 0 0 0
1.52347730463939 -1.83884182249587 0 0 0
1.50622929662308 -1.62640384331819 -0.150161311702213 0 0
1.39911540098611 -1.42333928726336 -0.209651166398416 0 0
1.03235885036425 -1.8387868890156 -0.909485220969878 0 -0.132255122048789
0.966335042336392 -1.91801805260144 -1.23847450097778 0 -0.0390289145824202
