"(Intercept)" "X1" "X2" "X3" "X4"
2.28256724968663 -2.04724676048656 0 0 0.984806737744917
2.09566904911055 -1.82078074074438 0 0 0.71767769360576
1.88619331368336 -1.61880560418526 0 0 0.458937306527136
1.64405232953279 -1.43544625167059 0 0 0.204609789454663
1.02062185493225 -1.28394630153914 0.394971089559923 -0.188839487305431 0.0605612361102446
0.512759868770507 -1.35895845067109 0.5616352490576 -0.101058248935525 0.275618247304877
0.152115424696127 -1.44993278491354 0.738775221850271 0.0758673628983862 0.518452147170355
-0.0713152757673069 -1.43250101088722 0.931284755619232 0.228350623928787 0.553921270019915
-0.533941640731298 -1.32262978422781 1.40440736891482 0.263590420676033 0.46913911457969
-1.01339176650314 -1.31027219033422 1.72269033760658 0.225232098163622 0.449702576541321
-1.37933380077027 -1.36984123216148 1.92537678114914 0.291862602554154 0.413660982013312
-1.66540988878675 -1.48077672960892 2.05888370713469 0.399881784249016 0.447573246008146
-2.33096292461082 -1.37828558150582 1.63603980524922 0 0
-2.64401942994113 -1.60097592545828 1.60781901728396 0 0
2.2131612011398 -1.8804434590385 0 0 0.889867868361621
1.98790469837499 -1.69152445776685 0 0 0.673479732643278
1.7707473005613 -1.47428477128186 0 0 0.422561317284979
1.56944954853972 -1.23274282135208 0 0 0.158737138603149
1.37916491591043 -0.939182332331126 0 0 -0.0965599772398592
0.770387641951682 -0.803565247165556 0.244321834429052 -0.071064122701013 -0.172957682303392
0.38251947453709 -0.816393428581884 0.462377444930894 0.11999434318717 0.0307018469785952
0.152840667011229 -0.856819559365765 0.71644939430225 0.318283397094395 0.163003733109421
-0.331982996627078 -0.807491396956882 1.09735474979822 0.41277946760087 0.143090337668228
-0.814300359944343 -0.818977811784639 1.37432610979722 0.430978338486038 0.156786527164012
-1.17830252152654 -0.886093743273539 1.58129567439028 0.47991045962911 0.221778176332119
-1.358380031221 -1.0520668886573 1.62736737966946 0.553823136503713 0.283954924569841
-2.02871244001584 -1.12610433534125 1.37197526023579 0 0
-2.34418540581073 -1.4312030919604 1.30849734772195 0 0
2.19386438550473 -1.67016039188729 0 0 0.737905862209396
1.93151213697425 -1.52032273649434 0 0 0.58751925643324
1.66644552725036 -1.33076807550792 0 0 0.381308599196611
1.46585603282148 -1.06769340301975 0 0 0.101069344824074
1.28441747913688 -0.75917629363851 0 0 -0.190452537107359
1.21067206782721 -0.454424020107249 0 0.107350557125242 -0.391170358800306
0.622225883788248 -0.296148020497852 0.138682052420695 0.161993674963959 -0.455473587413178
0.382219098177515 -0.27509315370825 0.428641508992218 0.406485553423802 -0.336461445158532
-0.115629821686567 -0.30432461540165 0.780082368362569 0.61246276372806 -0.26206713046678
-0.605281010087434 -0.319690604249496 1.05529692690363 0.63231275354856 -0.132969900348508
-0.924952060346721 -0.393678771152196 1.20035653235234 0.611333551132722 -0.0025144819221143
-1.48602531212002 -0.51677180385993 1.15264013206771 0 0
-1.76065007920675 -0.873722977839577 1.06165781372168 0 0
-2.17326028944152 -1.30170551182553 0.945114339827514 0 0
2.25185545568658 -1.39499186918789 0.42676171813175 0.212657282106497 1.0217666235197
1.87515634243494 -1.34272585535626 0 0 0.529191661910879
1.5580991164046 -1.20430846768843 0 0 0.324010985354366
1.32549595871986 -0.94458476602043 0 0 0.053892015777305
1.29202259333231 -0.634259316863351 0 0.199980886161158 -0.230320598080911
1.18434813114587 -0.293632488004205 0 0.198214250949396 -0.56067595103808
0.970051337094661 0.0208196162687925 0 0.179459539807287 -0.812871552265056
0.557558655145767 0.233730378931746 0.0609805318608294 0.456129258654764 -0.863520306702914
0.182601802911706 0.208424272806229 0.402474048047291 0.801685368008612 -0.711785082389534
-0.226574854672273 0.139624054960272 0.655001034788598 0.824450248451362 -0.50313169526232
-0.631433798434034 0.0699871074170623 0.795003073600664 0.696020941812337 -0.265789855182114
-1.27465901104835 -0.163621158160969 0.895962807549211 0 0
-1.59233360238767 -0.626092116653297 0.766916285843633 0 0
-2.02247838886941 -1.17135494629202 0.648196155205688 0 0
2.12668596851233 -1.27896646671423 0.360636995141985 0.171906607511977 0.976532002174562
1.88562070302947 -1.14027763172363 0.196461192620109 0.247126378981866 0.678971790552952
1.53076701464376 -1.02136933903354 0.0374850856946345 0.332254019975009 0.322306912168853
1.23089619080783 -0.823279459647098 -0.1189957706623 0.360372843900866 -0.0876256800992473
1.09078956902101 -0.608287388230593 0 0.231266660229553 -0.313815934186387
0.773947773970319 -0.187561141593181 -0.163333376188367 0.346485640121262 -0.753897731582082
0.867921705870839 0.114742435097483 0 0.20468338693093 -0.982245625613492
0.791785813249223 0.438983557313693 0 0.372754869853018 -1.12783264990891
0.586166740610761 0.67002038687189 -0.125529710298388 0.876496423037447 -1.18441300980533
0.236524593073786 0.586829423712695 0.194565197441581 0.919122764626194 -0.901014479088426
-0.256163828814393 0.363662742877015 0.38573064911756 0.749934056809298 -0.578121813148405
-1.09280149350814 0.00211579241534814 0.631216361955303 0 0
-1.47284286455584 -0.537049978989034 0.486471308975758 0 0
-1.9512365561793 -1.16082320180891 0.36531987185717 0 0
1.89330399004187 -1.26843562378243 0.302104100069248 0.13526809376281 0.951049692545394
1.65554833968442 -1.12927655848239 0.114865422549161 0.223592871993441 0.64331798658571
1.368802875096 -1.00413701408466 -0.0711374432238177 0.318091228508888 0.312488802685842
1.01561063306028 -0.847810927776342 -0.22481479629633 0.417302908335408 -0.136226741793819
0.839194781198148 -0.653609686294225 0 0.301206834523102 -0.411208555063979
0.65570280306392 -0.323786233906124 0 0.27150924834812 -0.813657501640442
0.647841250531645 0.0526991402260406 0 0.257479066167962 -1.12461613088897
0.849704893045588 0.369990863142295 0 0.414096921441908 -1.3523173286675
0.685819174460154 0.635172976657977 -0.455083196298209 0.842897882491158 -1.30968414921639
0.752909222721564 0.7431023263762 -0.170402929245087 0.733813742624081 -1.29831415429295
0.32874102496137 0.470277307600481 0.0494123813535994 0.711076007868821 -0.989024237478772
-0.524202316647651 -0.0804640568915699 0.295846041594601 0.455397251105018 -0.412638134167417
-1.10179527198246 -0.6878450139608 0.226940058384308 0.338431257581251 -0.0278108508617441
-1.84958183105986 -1.1222308124543 0.20274681146139 0 0
1.61383113032619 -1.34143839351171 0.370443772387607 0.176401031842288 0.938043109759839
1.36663270170309 -1.22464608551842 0.0935347683650627 0.22586298018918 0.623694506006369
1.12213460190241 -1.0625969569607 -0.170260442888379 0.278258130247904 0.255163176743216
0.853634079614939 -0.899264080296069 -0.290562758974537 0.421030588340734 -0.205584553919619
0.481850421784383 -0.70362599356485 0 0.417154677024137 -0.660704675519824
0.361016979214737 -0.445682125746965 0 0.318836859613198 -0.986796897967465
0.275341031697665 -0.207410499239637 0 0 -1.0829561030404
0.376417271436031 0.0720298835844756 0 0 -1.09308206866406
0.561190271757223 0.364750243065705 -0.277653648009453 0.444984983001329 -1.05361300993713
0.921997030685515 0.550117205229453 -0.0689035442792489 0.486339459339545 -1.19557741519003
0.71301401982871 0.599471532958275 -0.193167477033039 0.53088788933805 -1.05472215318679
0.0263273551724211 0.163643638191224 -0.129864356064816 0.447367043557395 -0.652916306513733
-0.901847627175237 -0.666905134653671 -0.0752074420169911 0.224389731570475 -0.160952139429305
-1.41602169401047 -1.3416762743156 -0.222901606765553 0.112521701891158 0.145848767879996
1.27189213871971 -1.41770304216473 0.384798855123237 0.20875558684883 0.83245518863583
1.00604287847214 -1.35570957598628 0.14250553847971 0.278541678435605 0.570011320083932
0.758896118955994 -1.27434491591635 -0.0574808233509065 0.356726707313677 0.243845824696429
0.478844106246141 -1.10960686076375 0 0.343816234999518 -0.182217206202869
0.546037175965431 -0.910792767254136 0 0.384126915329612 -0.690354619027103
0.397271208555396 -0.769556211731867 0 0.248438862354999 -0.907403901084579
0.242854305565081 -0.55774728826306 0 0 -0.97147675453634
0.288256054182995 -0.245016560026115 0 0 -0.956825914366849
0.359482337514115 0.12076399628837 0.00767332071924987 0 -0.87545637125842
0.533057739913181 0.321586083607128 -0.0106663685977057 0 -0.832431424262267
0.592857932054389 0.386513175772245 -0.265235663993097 0.335717645114464 -0.863920727750768
0.391352319946472 0.315251943477728 -0.448480052211824 0.34007540617684 -0.70369851871982
-0.0661057597148031 -0.0356674150731353 -0.594317376408658 0.318846150895533 -0.436865340220375
-0.967915616195218 -1.06911909583381 -0.629985687286059 0.138294731806976 -0.102559857114811
0.898760959311757 -1.42222095938373 0.360970856422692 0.27350630581164 0.675506033439142
0.56991641616657 -1.43267726865783 0 0 0
0.371415586608504 -1.45803702983096 0 0 0
0.324944402446605 -1.42151013681099 0 0.187512077304412 0
0.531209865981345 -1.2251236894509 0 0.3366084601009 -0.46426545183429
0.498540682716964 -1.12503173362868 0 0.220059781469025 -0.663855928210274
0.401466436894524 -0.934296108454169 0 0 -0.774809403197629
0.43211699710193 -0.613758363087973 0 0 -0.829060217233113
0.393170342237145 -0.218927296026313 0 0 -0.721161139520161
0.689825905620266 -0.0165766282285986 -0.0396296631521713 0 -0.797214156055966
0.556413022928234 0.0980257361649633 -0.209121757438011 0 -0.655806280432589
0.482476217033083 0.0622973627588413 -0.511465966228346 0.234561626401613 -0.640381442113565
0.282265879420137 0.0118311640705354 -0.76539584802878 0.289529143464862 -0.475502060472519
-0.0371819627435091 -0.332561006757955 -1.03597953539025 0.375290334088182 -0.298841069170114
0.649345156210295 -1.50912273711495 0 0 0
0.394698302931955 -1.46080262342176 0.124061403025924 0 0.261154932730085
0.368015580199106 -1.60874903893964 0 0 0
0.177903140113956 -1.60622232929977 0.199599179918134 0.22394576481817 0.0241195213353075
0.544770991114015 -1.56713275708638 0.214358295948345 0.249911423928119 -0.22601087532978
0.701872121930016 -1.36870161763318 0 0.305633891268076 -0.495137527358548
0.788958796813046 -1.28634434016853 0 0.31155712386379 -0.647414927766684
0.777234782702177 -0.988126002158199 0 0.224000960778156 -0.718787954948016
0.638701417463512 -0.642030522357413 0.0447706031771591 0 -0.636804740959226
0.62614269188623 -0.344828610523635 -0.118558014601406 -0.139976111116107 -0.720539512423038
0.543795237329499 -0.207310885745179 -0.257732067574382 0 -0.510334557166282
0.430869929549079 -0.109952526124124 -0.501450200769396 0 -0.478649869008203
0.368301208981256 -0.207359426158662 -0.775007127989807 0.12212254639507 -0.439442022839029
0.232103751517695 -0.243345362348387 -1.03820045198228 0.203923981695974 -0.310290959680416
0.577312864680647 -1.54959312990941 0 0 0
0.144837715873231 -1.44730750062136 0.339274046738754 0.321176636473741 0.403430002452574
0.135714241932252 -1.61248833135739 0.296641635489775 0.282004148555524 0.293682738746033
0.281790405299317 -1.7167944868871 0.257289100389031 0.273502865496072 0.156306594872901
0.641301777991883 -1.78341945918926 0.206069676397513 0 -0.0818610883367496
0.94209063404085 -1.71524344965817 0.291164828457399 0.228849301077038 -0.313962654518213
0.978776023067045 -1.56833009083983 0 0.35656996339306 -0.490113256728232
0.999393176050052 -1.3341380539196 0 0.318692658759862 -0.539262676920797
0.924189071938089 -1.09055740471888 -0.0463417364344165 0.0916610707941437 -0.664831615743116
0.708599329457699 -0.760782806391682 -0.167294258892412 -0.150945569775647 -0.646835325723353
0.55427595675885 -0.56190215726454 -0.331682374942953 -0.265031289225873 -0.569234184749841
0.471528033743621 -0.418319718200987 -0.517805569598455 0 -0.433446409729491
0.341427673492438 -0.374678120101006 -0.691815763882293 0 -0.384261001348019
0.252302003250821 -0.430535197418713 -1.01641564605038 0.00103301621771431 -0.274820457970085
0.130340652199904 -1.47475912606384 0.527183262281575 0.327643141917964 0.661479714489908
0.170278637153259 -1.57691755369323 0.446778834071154 0.337922707143074 0.536332633049443
0.282486507824636 -1.66920588523542 0.352756217892123 0.331553014337367 0.39368399912485
0.457877971937592 -1.78366912453944 0.317846772013984 0.311987186816034 0.248572587822321
0.899758444954528 -1.83534222337656 0.165630042047352 0 0.00298412703564965
0.961784763843259 -1.88601208560834 0.341336386691391 0.183246305382049 -0.108134947323149
0.991790721621139 -1.74958266026193 0 0.281130362322436 -0.231492929538701
0.990288743927477 -1.62115424133094 0 0.293971689141567 -0.348882038020843
0.769647267171246 -1.34377241110607 0 0 -0.34506188140545
0.699967681074336 -1.1560092957445 -0.176425743929427 0 -0.386500168138038
0.570831565839505 -0.937090431021288 -0.36719137288723 -0.348578330888868 -0.521346309089969
0.460464629822884 -0.807387546001777 -0.575799502409617 -0.348234083993904 -0.452834111721801
0.410783317881386 -0.624417255907837 -0.742869435229013 0 -0.3741351779543
0.192330604723593 -0.636085149297499 -0.995913583186855 -0.258915934149794 -0.257365428324981
0.142864676583481 -1.62570845247194 0.637871850368225 0.349117432079788 0.84998768784191
0.266529121769799 -1.68674204259482 0.52929821073907 0.362453032151285 0.685983206529166
0.447484980220042 -1.7449095453984 0.393169031655644 0.375944470119394 0.506183663554612
0.90910843907407 -1.94158527218886 0.271542920788595 0 0.292999986985232
0.814682011756601 -2.01218379377837 0.415388343321522 0.164855319818579 0.214777902569901
1.23511421226188 -1.85725026600745 0 0 -0.0339413509489181
1.15417584245916 -1.84645021482745 0 0 -0.136884299095213
1.00226655206793 -1.76444414954167 0 0 -0.245899553701604
0.931136808842928 -1.59893289009311 0 0 -0.325208486010825
0.955664815646904 -1.36576911243419 0 0 0
0.782242154462549 -1.26832574417583 -0.3472521364563 0 -0.235603300447394
0.644718886358213 -1.0949081542626 -0.56124815811915 0 -0.35984684577532
0.530506192998893 -0.915145516227788 -0.688396925544351 0 -0.319927977547775
0.160738915151155 -0.894466155955809 -1.01156126836843 -0.458989015596523 -0.248135104653944
0.182691324839381 -1.79804026485965 0.704928636811693 0.317497842393355 0.991207052378146
0.334530360568014 -1.89005548446722 0.586108934152487 0.295075193669442 0.806328939234175
0.903385578315283 -2.02679740889701 0.295340256651497 0 0.577060645666046
1.0709958249115 -2.07648087889428 0.277285908027641 0 0.415023898432607
1.27701331998111 -2.0523054059596 0.180279304616304 0 0.222754134123377
1.43426181484185 -1.97430305322387 0 0 0.0751858374390009
1.38871093037964 -1.88116247330616 0 0 -0.0676159488600057
1.20576207001111 -1.86448960613786 0 0 -0.189628449567961
1.10772693487674 -1.77265300696815 0 0 -0.27486200017747
1.17854549713762 -1.5690338539219 0 0 0
1.15358736871134 -1.41813772474495 0 0 0
1.05451215574779 -1.21468824783853 0 0 0
0.509681893135653 -1.35568749418972 -0.853580595070967 -0.32350092784746 -0.327719119137161
0.254436096170171 -1.19492442349489 -1.05925921393106 -0.453845015129022 -0.243164212573447
