"(Intercept)" "X1" "X2" "X3" "X4"
0.89165215762876 -2.9731337543912 1.47318964640666 0.969944536153874 -0.13226119738742
0.830657665159857 -2.87628178911097 1.20675488370514 0.818258564392272 -0.0686814849521869
0.14101255090624 -2.86624136083158 1.32679413569827 0.263621582424195 0.035740543181085
0.295852693092304 -2.58567879469696 1.02852412619685 0.23437310849568 0.227756168276053
0.565277790031988 -2.27622801280663 0.714249395873341 0.314156606636433 0.493364887282865
-0.184680800589082 -2.33737436531507 0.310841833449103 0 0.615078568811284
-0.147478424870788 -1.99182186487326 0 0 0.175102283174179
-0.361758777483933 -1.81021199582018 -0.228940733099491 0.176163988054879 0
-1.0244612628657 -1.73068626456204 0.0968408513160933 0 0
-1.42827104573281 -1.54330307008166 0.460968795701178 0 0
-2.3231201300971 -1.99643570829004 1.89324670031937 0.122570281804068 0.697161785523739
-2.18022848534786 -1.64039218631385 2.25225967413488 0 0.551328876196841
-2.32771879449699 -1.65009310418531 2.80490474877884 0 0.55136002062544
-2.76497542263858 -1.92117303177489 3.88982492121655 -0.417479672673699 0.607553751070793
0.849272736280974 -2.63950514997548 1.26680710418549 0.948833820232458 -0.26732960627131
0.781469927967313 -2.44043277230631 0.958390049833638 0.781632039671002 -0.259431480712661
0.379798266679186 -2.3402403188047 1.13571508857349 0.376241977130634 -0.246171864207149
0.414032660763296 -2.00456016598163 0.839239944471981 0.302410385087361 -0.123000165954173
0.577111888156741 -1.69432315401647 0.631199481271511 0.308558565074672 0.114793942220162
0.993715443106434 -1.2672691478397 0.369168036175107 0.528973258687551 0.343624238237243
0.508055121233431 -1.0735011361754 0 0.384616864123068 0.250409808117947
-0.436686512597848 -0.920221681693166 -0.467342521194848 0.0298292250638182 -0.616087053607447
-0.532229260020072 -0.859971360983057 0.0684374532556221 0 0
-0.989522847026625 -1.38261745801418 0.407331127149176 0.455791509503552 0.385591296535224
-1.17143421478014 -0.825730700781847 0.94437590484694 0 -0.0967479586556207
-1.84958788714707 -0.96479470526693 2.08409889474994 -0.392636943686594 -0.217423577484754
-2.06626334051797 -1.09082974757352 2.65141843706138 -0.559575516260101 -0.155742142071023
-2.16485000374975 -1.4779363063126 3.11331763392854 -0.643198955643613 -0.0297376125636955
0.824723524905259 -2.45261943817715 1.1712654847109 0.878126782107921 -0.340955916643946
0.833237744074576 -2.0459696440117 0.515539492455464 0.77624886066102 -0.534579409452499
0.4862119362158 -1.75687774216517 0.730737311733754 0.438194751490672 -0.524175985148754
0.508506184502096 -1.54709362504819 0.842191198477306 0.288486845772855 -0.473859478205382
0.968751844768821 -1.01827334845519 0.376334678677926 0.485232889594861 -0.281935784018298
1.05187930530413 -0.686154041398803 0.196611730770708 0.536347049856153 -0.116621197935589
0.702523409091995 -0.512583725048021 -0.444065816367466 0.579425928447253 -0.614684607983934
0.0770581412484077 -0.0946098058460858 -0.272430073737868 0.364262967141097 -0.690947760370348
-0.434589455222977 0.150354872912111 -0.133208063824451 0.199280471181931 -0.639035045737579
-0.28460077087297 -0.478725385265593 -0.0227939066286088 0.312370222706545 -0.135080681423365
-0.805886700842604 -0.237265992510822 0.647553809591829 -0.103245874478539 -0.612527332416831
-1.47082352860134 -0.160091180875435 1.45687516372508 -0.678214908455584 -1.03609418400466
-1.79707724924809 -0.760482523545294 1.86186933444811 -1.03461549533914 -0.628547631158827
-1.72739654901983 -1.43939548459866 2.09808194768869 -0.967143875449449 -0.289240586463828
0.98846556634121 -2.26699286057957 1.05983266554025 0.684798424951634 -0.109386436592932
0.538105656682268 -1.82123826632029 0.718841115827695 0.475093325184234 -0.537067947748793
0.428474950544304 -1.29573934988751 0.349367048246901 0.302728706463665 -0.665681589854242
0.585370792748594 -1.06213450130576 0.388606735788854 0.309936779425946 -0.731635364409618
1.35140101821315 -0.5594593779183 -0.167617869704845 0.886653991299332 -0.539501559722256
1.04507780187802 -0.38447714517157 -0.415284190065924 0.719456597336901 -0.671803616763427
0.76368573517332 -0.133416365952604 -0.714112081693601 0.89207346282369 -0.8349090500168
0.286241874479128 0.30773733109618 -0.219722350689646 0.671478613809729 -0.70755554795079
-0.182292377351215 0.762113722335476 -0.0476422543544328 0.554352416924813 -0.601954763304376
0.122663509919916 0.604564912505153 -0.259125600037749 0.315765265138441 -0.841086460260358
-0.187229840377211 0.725503248671667 0.0984431097729047 -0.0460420477784006 -1.00320351107129
-0.784447809844465 0.673831571580409 0.511327118497082 -0.457158607196308 -0.67528837780151
-1.02508105210648 -0.0525463798106686 0.707930728412997 -0.314317995577032 -0.281754714242997
-1.15714213266387 -0.877768613554308 0.845797912205221 -0.155448492243592 -0.0963152751655616
1.41865462703872 -1.98696023997859 0.821631270224902 0.576221025291412 0.187970383638285
0.967828866899555 -1.49506371032165 0.459416088413933 0.43955723093365 -0.241767774557695
0.727700469091534 -1.00066382253269 0.223120298719749 0.364932202637545 -0.552601321507681
0.848624477532042 -0.683019660630203 -0.0515400468783074 0.447412231544135 -0.756530005713692
0.431228184135111 -0.467487416742683 -0.362072603765297 0 -1.02641333601976
0.983672033236984 -0.221104831726398 -0.776855055324156 0.746851379289392 -0.952687261604448
0.999268319991735 0 -0.818065859410324 0.842638260325917 -0.834995269670039
0.75153182782642 0.153147917607385 -0.616638656300897 0.731559565307267 -0.721566564603054
0.357716538638546 0.475271776537511 -0.370831566382617 0.618736208419763 -0.693340715448447
0.0331188106291698 0.972322684541238 -0.36634238519168 0.518174587402568 -0.964261092400449
0.347141591172121 1.22490084871241 0 0.286643620761446 -0.821476593044824
0.391461651367158 1.75322786935466 -0.415069634010133 0.359992243046778 -0.889359841443853
-0.754825403600557 0.554387923665222 -0.00998248454272995 0 0
-1.24181490219076 -0.939986666606712 -0.0603020772098859 0 0
1.6513230349828 -1.62665843004735 0.772601780298157 0.491709895965637 0.521391311832989
1.32186167024599 -1.18702291774205 0.371066958443559 0.516572161166157 0.161062936278557
1.03739098927919 -0.898747866407971 -0.00584778435050119 0.492699978131111 -0.273365693258916
0.827200039947977 -0.667682014591894 -0.177377250806465 0.649181900400223 -0.725777921536502
0.33058832066091 -0.428097922911491 -0.248229601313027 0.416003613332201 -0.982162847702709
0.374549258394598 -0.0506108693159673 0 0 -1.00200598959027
0.811383900925617 0.0211255931864464 -0.427444675624871 0.504512988898766 -1.02126560580846
0.455702984919297 0.234441540057582 -0.30063782390212 0.426545036473609 -0.885661398628483
0.405000502131322 0.390952262512528 -0.134111980412977 0.434698443084362 -0.679961479766977
0.263401175087492 0.733298641834007 -0.180553976759065 0.189006988164281 -0.637533106751299
0.0825515262346416 1.72929193188791 -0.146768734553464 0.658281391134918 -0.594228282899029
0.175456136358505 1.93242741119426 -0.34795207830578 0.629679285086259 -0.563686889215924
-0.135614190322896 0.903978734172307 -0.36144055044778 0.260617734945015 -0.32036875057695
-0.985956988184131 -0.650942892504245 -0.0821185040710002 0 0
1.78787237170184 -1.29088562092892 0.733330770855565 0.574785110570656 0.751299444815954
1.27050514494923 -1.07182592782318 0.237375263410822 0.303954498359582 0.374719637463839
0.911589654374332 -0.767639156347175 0.157832510318741 0.433675381733975 -0.0358732201973478
0.79299022800576 -0.760865723716719 0 0 -0.468465440653931
0.657918588207922 -0.713180328924656 0 0 -0.975971842613886
0.402608327844438 -0.414709054642924 0 0 -1.18188471100993
0.484704605606216 0.0696649180008951 0.137404040159042 0 -1.2684994683038
0.735559870298677 0.1668329848391 0.213221233655199 0.378221969272888 -1.22770433313521
0.632418034522133 0.511161927841118 0.325981936785834 0.437873015547857 -0.843730744634648
0.622489277901015 0.795824863859027 -0.0502589760383703 0.153082675885958 -0.530075763357722
0.374583278396963 1.3304423981011 -0.255619079397734 0.394658406932271 -0.698328305080075
0.147250194560825 1.47361029854459 -0.245061313077373 0.467060165264975 -0.396643611017416
-0.034605455822457 0.701009410359957 -0.371315801079227 0.462696546866514 -0.239122307211891
-0.172283642173868 0.00768725393388111 -0.629354876196948 0.597337225243028 -0.149559551265768
0.741229295523246 -1.12615309089783 0 0 0.400459917981458
0.689856996334064 -0.903881955908475 0 0 0.293804699858852
0.568208629998812 -1.00112512662335 0 0.159983205160942 -0.0792876460283397
0.674462499403801 -1.09674941215432 0 0.198722086427827 -0.632874684765954
0.695042243088239 -1.05924533601877 0 0 -1.11411951764892
0.510108416341908 -0.832865092251793 0 0 -1.17176204065789
0.770664220212317 -0.444236980296625 0.115334441834002 0 -1.17397233391248
0.671149752726346 0.00728795473846686 0 0 -1.02824261094315
0.517376775676919 0.466631364707301 0 0.128977544731541 -0.773392682907612
0.651045910793921 1.00286949857164 0.270973904879475 -0.0857271861335862 -0.512076181435641
0.570446782171094 1.15825017918034 0.167408951907602 -0.186020814323105 -0.59433609106247
0.567960150182609 1.11654017932872 -0.386470091559636 0.433452041942347 -0.572167477123935
0.372292491221396 0.567301910597002 -0.734192306298 0.865817715077693 -0.45587032229261
0.257357783176229 -0.104214631720263 -1.02511380259895 1.17015592715175 -0.407186952203823
0.48582378142211 -0.71091641965949 0.331150480355537 0.329973245985977 0.869650781351849
0.429000608760667 -0.957968237379791 0.203860135215341 0.252428817312256 0.327101652877803
0.325739903406597 -1.22856905632516 0 0 -0.367454648456805
0.35324780946167 -1.53114556469173 0 0 -0.83443033225566
0.552450037271354 -1.58794986163719 -0.0376372883747809 0 -0.961564848605375
0.610418549638554 -1.34882643600191 0 0 -0.981337576603393
0.733554782877236 -0.978027744057576 0 0 -1.03254972728902
0.607972703573517 -0.530672250519643 0 0 -0.740350491876627
-0.0171890589115614 0.0918650610739211 0.0253554572679372 -0.550536468685595 -0.776167461606527
0.157485624598993 0.668474376984204 -0.336172809526999 -0.293685298846515 -0.67195164321595
0.51710431398315 0.790401099882926 0 -0.265360490205616 -0.361493932738389
0.887934673878036 0.886233777603869 -0.107376320918115 0.222361886114267 -0.219423475786455
0.736835445314021 0.475956040430412 -0.737120692022857 0.839914177011857 -0.347905510345272
0.127860859309148 0.125476411889289 0 0 0
-0.0825415863273496 -0.646752197047585 0.367261352184937 0 0.57658357430726
-0.0823497031638684 -1.06686441321722 0.286885452492251 0 0.186883751316028
0.0112391049631513 -1.50260405157661 0.371592832985211 0 -0.252434234151915
0.126890330310636 -1.98414794363166 0.354659282050826 0 -0.523381043867477
0.864862449116507 -2.00031054624214 0.0144845601406178 0.39793448061853 -1.0023616758335
0.565818143236818 -1.77461863769235 0 0 -0.610525761294989
0.857839237415316 -1.27099376328025 0 0 -1.01164987825722
1.32882668926657 -1.238754192467 0.560947236562771 -0.602149340741307 -1.3503047503105
0.591957338984789 -0.441497528170628 0 0 -0.604022168299242
0.351355653026289 0.0958088833117915 0 0 0
0.809436935225003 0.496205111436479 0 -0.0852095578130144 -0.315524635226004
0.837456489824313 0.346569992601141 0 0 -0.0690889196400326
0.860572639717579 0.25904713131011 0 0 0.136787930943223
0.77816557773504 -0.126136298015948 0 0 0
-0.864604223463633 -0.510106535657315 0.948692883466673 0.157823340142449 0.792302617971269
-0.53647447939834 -0.939264062037002 0.854394133589076 0.189888599363158 0.306344334106576
-0.00385971992845025 -1.47094329659285 0.683703216342564 0.165075452025637 -0.137732111063339
-0.102306232549455 -2.17964412526623 0.510376302123026 -0.00608651533353889 -0.308075379109726
0.482532567886002 -2.30037624178404 0.429671546892779 -0.00749225445240682 -0.720902859496877
1.24908501278908 -2.02774912582426 0.604304121522433 -0.0273718436583737 -0.96091441728331
1.66807626613312 -1.70503187414706 0.72499485792239 0.0425504271610511 -0.949569353558548
1.16847876672902 -1.39007297983464 0.391631205312926 -0.227663703822261 -1.03604464368553
0.750741745752991 -0.893479709672652 0.0926590921046511 -0.559962903427938 -0.93506270651872
0.495741811781219 -0.40125732199228 0 -0.353419760059614 -0.602745910458572
0.922980783358924 -0.316238348529661 0 -0.0985516349711534 -0.387530120797599
1.34299222330397 -0.144411382573478 0 0 0.0859831706180686
1.51637005776547 -0.214095186863102 0 0 0.365672968363185
1.56903928058864 -0.335883500449274 0 0 0.539572036533141
-0.955371103209311 -0.348023529252656 1.08909375179916 0.474383431299168 1.14824274671515
-0.434052809941081 -0.817474629248911 0.895455906474585 0.510446187825498 0.662454679585534
0.114756326993169 -1.36447795659912 0.603714134973309 0.56490508414106 0.137537024242408
-0.116053271229568 -2.18138603995908 0.480280567875654 0.513403244995489 0.0363554178745222
-0.0590370528844392 -2.41571546604466 0.513784444652041 0.44642741922537 -0.150706220382297
0.721840894931375 -2.00549987761598 0.473431094510569 0.569494924486866 -0.327220047627855
0.94052644303632 -1.84947115510435 0.383931818742598 0.329444370345763 -0.432739556337786
0.75938641527302 -1.50117194423284 0.0982799022950443 -0.0275357506634653 -0.691336666063955
0.747960069291009 -1.18069333685377 -0.00171392312624327 -0.192462503948953 -0.549618498714007
0.71324020535871 -1.10617024603571 0.21174949662744 -0.210292393430582 -0.533288550443438
1.60895494682393 -0.931379010878494 0.300344893780295 0.00277394407922775 0.103683027298498
1.61702576747435 -0.929754384266878 0 0 0.107468263580926
1.99878249703649 -0.888895762838239 0 0 0.470194927044235
2.24025886302528 -0.952549693703376 0 0 0.724240628091695
-0.790848567249049 -0.265620993060499 1.00049155640144 0.764240267135361 1.48322245844192
-0.174544121497924 -0.79732546574918 0.6397674621837 0.808117424798209 1.06745965979089
0.11127204380386 -1.42767315845711 0.308738673108854 0.879314638606157 0.684264560929466
-0.247888563746028 -2.05718235881263 0.444479730958433 0.706551321519048 0.51618930625437
-0.0731544823879281 -1.99134787871785 0.356311269623006 0.784317511841292 0.189431536106031
0.0719303950847923 -2.0042628060998 0.169271140411713 0.88641803172868 0.334009188054147
0.325556653761048 -1.92372217676805 0.0530485855628579 0.753899177743022 0.101857610463183
0.275742559978834 -1.68477606807091 -0.274083418606064 0.38350690289344 -0.320525588224936
0.851099723088524 -1.55091908971552 -0.151914940739107 0.353851747671732 -0.12833195290948
1.72443183462417 -1.64697863236194 0.362915144211472 0.163830881600596 -0.0209138785956478
2.65629941474589 -1.58941497797089 0.668865254807538 0.30082601238062 0.32962753406879
3.23318602846135 -1.49041728540839 0.827445376481061 0.396210923233207 0.614332698856723
2.42107661780642 -1.58636859343065 0 0 0.45117505721362
2.55760754267631 -1.50532514214399 0 0 0.714812070756224
-0.334684994117898 -0.362215301384241 0.708239324999047 1.079046077141 1.7799918787619
-0.0321908215418651 -0.887272976524689 0.389113412561658 1.12182916240508 1.37754881744511
-0.213632144594197 -1.45910201921557 0.449870715776909 1.07112135542678 1.08442641519465
-0.130167579338782 -1.69851359576979 0.329494752831137 0.9033021336535 0.769718396490476
-0.355311523305431 -1.77324043537107 0.196603300974292 1.01193468307272 0.60109925499358
-0.272996403278949 -1.86980112178239 -0.0205439800762657 1.04912260430091 0.7224976207379
-0.253686597354505 -1.96284157125589 -0.265491978489189 1.09626662403259 0.634444440432056
0.226798854902007 -1.73107238493025 -0.565390014817687 1.13103263446786 0.406899386698846
0.898072220256034 -1.85686626717367 -0.443752816584926 0.807861269631563 0.191544935956116
1.96693293478621 -1.97915879769392 0 0.473374898512147 0.233860512991589
3.57609773527351 -2.11347411129983 0.879924728521198 0.67576433229645 0.59193665177473
4.32590590622303 -2.11451470981857 1.22608710457997 0.743448034222897 0.774453724034497
4.50530985418232 -1.9547942420388 1.2448944756657 0.767996051578568 0.995598724059359
2.82906943839985 -2.01115051380202 0 0 0.60821604734208
