"(Intercept)" "X1" "X2" "X3" "X4"
2.00773648775549 -2.95503220666446 0 0.217624783401618 1.11813430594171
1.88616302897047 -2.70227803169711 0 0.159094723308393 1.07868165462717
1.68391601296943 -2.4077196161981 0 0 0.937948033743164
1.52781471448466 -2.2643784058978 0 0 0.867671221310236
1.07180875502039 -2.11695592099789 0 0 0.618233302058656
0.629137968198819 -2.09863007393527 0.232506278895123 0 0.530129686713311
0.0452029207382796 -2.36086338848965 0.661294641879555 0.0531429273559544 0.723861187325655
-0.184465032949974 -2.36073940671145 0.751544319556956 0.045807411860992 0.620670480187306
-0.345229917208015 -2.18529678884933 0.706553848266315 -0.0707935406751918 0.623452170297945
-0.498264611902221 -2.1572530409732 0.825356736958109 -0.139198169859274 0.540793237700701
-0.582042899609488 -2.35715227269353 1.00223293398758 -0.0449742244727469 0.375985970553943
-0.874885288754098 -2.3938797958246 0.819471936730867 0.168143618285548 0
-1.35646695114684 -2.43860470808517 0.74750276438288 0 0
-1.75432636087664 -2.49288586030849 0.830904781150761 0 0
1.90254003989012 -2.67903157137937 0 0.259026233981535 0.789351840663401
1.73682291863192 -2.37777216510114 0 0.196320673903046 0.786272230906794
1.60111954551986 -2.0667027887976 0 0.0937703248932092 0.773491247704857
1.3516000769069 -1.75987500434542 0 0 0.584153500638249
1.0985116369921 -1.56834346941677 0 0 0.406108888860238
0.752165437259002 -1.46488848637377 0.122312246447565 0 0.284219635323459
0.214775286676586 -1.54048031343983 0.346692816255258 0.113096501269722 0.2302002511421
-0.0226038196685876 -1.53715582991251 0.401210691219846 0.224068773572956 0.276426685379234
-0.254305675627821 -1.34295545788337 0.367423927533859 0.076720119452239 0.369913998324868
-0.375162632251519 -1.4421377914391 0.535731451725069 0.0950010068628398 0.267067063707238
-0.462719755355967 -1.6213271482179 0.679844928462531 0.166964468278711 0.12275712335262
-1.00797931276663 -1.60000623175762 0.466661415476816 0 0
-1.27489785988117 -1.78888897917487 0.747529259270024 0 0
-1.73989841998516 -1.92737753476185 0.791435997715844 0 0
1.64063358025307 -2.41013717434986 0 0.0525155618394607 0.577368744614799
1.52455981816314 -2.08006471625556 0 0.0254123543156085 0.521388417518734
1.36848249309509 -1.70463611931634 0 -0.047916994880527 0.504521294868199
1.1265319939878 -1.35083343943554 0 -0.102165668073783 0.410991022193789
1.07632650504858 -1.03466350256513 0 0 0.22954476500276
0.905635794776438 -0.822693314529923 0 0 0.0586909645204451
0.477437023986058 -0.790794061039585 0.0388730944732598 0.149790109301836 -0.121112789263148
0.312980357001315 -0.679025030801264 -0.0672218777839516 0.279417751275391 0.0543697132827713
-0.0415096646576933 -0.66527534921164 0.0795898774266898 0.289728475467933 0.0406700513923891
-0.258715276865383 -0.744197982244641 0.256169028720942 0.315676959223209 -0.0544305957252558
-0.545638791149398 -0.828871346408467 0.365440287271678 0.22727143183128 0
-0.94067014368649 -0.940965026415227 0.459759225748379 0 0
-1.27341976515925 -1.15871032222533 0.561497088603603 0 0
-1.75245814366981 -1.42067508435183 0.652099289449419 0 0
1.41219281749361 -2.18825853989486 0 -0.15411512465107 0.454821607168435
1.38126626686818 -1.77880638637194 0 -0.181959800632975 0.351327878138714
1.21781535657144 -1.40250716552566 0 -0.222701854775316 0.280568704677515
1.00932981819296 -1.0706508204571 0 -0.207280289958174 0.217991416354056
1.0089011132516 -0.782859487384134 -0.224830598514926 -0.0513523439243083 0.112455690138716
1.01183992971646 -0.479035935321819 -0.17914381131139 0 0
0.840702359278263 -0.234968393125339 -0.18443447726953 0 0
0.596045668045316 -0.104816696972391 -0.435578366343031 0.204659070394806 -0.00709567861147707
0.265026960796874 -0.0666357797722302 0 0 0
-0.295465770283691 -0.1021983657311 0.0445566848278611 0 0
-0.649157311660844 -0.14463932981853 0.24033588191083 0 0
-0.939743891165661 -0.348295963738757 0.316472559382576 0 0
-1.36744438939559 -0.646903905516424 0.41364184025752 0 0
-1.86618433329882 -0.910670293212372 0.557653444439494 0 0
1.33023687107495 -2.13372836584384 0 -0.353874109153851 0.389247143291898
1.21208668229203 -1.66768215881039 0 -0.375807508117842 0.245308889504971
1.05760224876128 -1.2601384564747 0 -0.386408533362148 0.143453511979981
0.978772468218411 -0.8820466161787 -0.184323370025168 -0.302580594717432 0.00681086145810594
0.908241918577994 -0.620353407452663 -0.332282680631014 -0.188127103339285 -0.00119448163945262
0.784816312662761 -0.344983628676462 -0.47877183630117 -0.0620517227419744 -0.105482030707775
0.896614715986528 -0.0182381038730507 -0.339138516156399 0 0
0.683371193291431 0.192989060617804 -0.395182112201099 0 -0.231243511132086
0.347096822337558 0.229337965632855 0 0 0
-0.0149194358871239 0.322275659755639 0 0 0
-0.596168233160324 0.187086123786954 0.124410163762069 0 0
-1.03573479223574 0.0251741250040406 0.262114717403809 0 0
-1.49195994495085 -0.239522369816035 0.346273902656482 0 0
-2.05312438531785 -0.576971931298559 0.402518715982041 0 0
1.40529397319724 -2.04309440131451 0 -0.494927145198286 0.463677542484011
1.25674529729091 -1.68879668305271 0 -0.521203310028447 0.250684082172916
1.03820500373004 -1.38815754595476 0 -0.563053920563488 0.0781381503365778
0.885606211812289 -1.04947900142671 0 -0.545323333331531 0
0.60121421943168 -0.639498124390309 -0.372545135017382 -0.433027805128044 -0.288678019359986
0.481560933042605 -0.340095624473972 -0.466661902297448 -0.315490956228278 -0.28593017702641
0.46873866079407 0.0607961326046517 -0.580587544795286 -0.194422044073814 -0.277169049186923
0.635117412809809 0.355546311324851 -0.525469734241925 0 -0.449198652242331
0.37784904291987 0.386655014961662 0 0 0
0.0488692085532405 0.480297513025794 0 0 0
-0.338838253472697 0 0 0 0
-0.837597457014488 0 0 0 0
-1.37403724810018 0 0 0 0
-1.93889522857862 0 0 0 0
1.45163960657717 -2.01665031797754 0 -0.624800062876341 0.504057058376378
1.28967758996742 -1.75380474770368 0 -0.639294079793454 0.251335400183987
1.08085061641299 -1.49512938671413 0 -0.636174143492002 -0.00424120364715213
0.824869544991573 -1.16891880586955 0 -0.620490110721823 -0.158185238771975
0.627331549869774 -0.762086253129037 0 -0.476679517414792 -0.236906474521961
0.306766583784874 -0.433754281764775 0 -0.262845608974553 -0.470786219134569
0.312043777205809 -0.102372533450812 0 0 -0.422384037067839
0.373770631772474 0.275717239154349 0 0 -0.388478941678418
0.3830937430098 0.615867534417674 -0.265156916369439 0 -0.548582204785637
0.19651458361388 0.856989717196674 -0.627819756532794 0.318385135724155 -0.607729820075452
0.285076515812134 0.966839144549967 -0.820061703553194 0.47906135794592 -0.645555464183619
-0.559985364378623 0 0 0 0
-1.03574458484028 0 0 0 0
-1.53887756614942 0 0 0 0
1.44334129977768 -2.00048514467805 0 -0.799991852376212 0.503981872181915
1.24488210230346 -1.79280792014143 0 -0.755541379725982 0.225359404485135
1.06908913925189 -1.57324324474693 0 -0.655858699323827 -0.0320152972161543
0.812765951312674 -1.28834897099396 0 -0.557832760580417 -0.271050234855798
0.670284209433172 -1.00271701635054 -0.131988643449728 -0.304192564207766 -0.486109275372432
0.411242227881902 -0.722545328981869 -0.155120472574322 -0.19572203175136 -0.654816255464222
0.166916605568237 -0.468699222772094 -0.265432194692221 -0.13425072017512 -0.701458327254116
0.0559984768855758 -0.0148265816791976 -0.29920246371858 -0.122343241569753 -0.621724827445323
0.378652603341555 0.349772141042991 -0.260942966232551 0 -0.560534880131087
0.339711642053155 0.6757775756884 -0.336710441471872 0 -0.476240094529792
0.0169161496622162 0.80082176735984 -0.678640043980398 0.0868097757178695 -0.515002201670627
0.0648252048193313 0.845550272216466 -0.747570126044801 0.176896070656558 -0.504390045158022
-0.601532956740711 0.414430483254988 0 0 -0.360189120403212
-1.19999269798867 0 0 0 -0.340208998756986
1.28747231688299 -1.95815847230319 0 -0.788423227204637 0.411342306458952
1.09349354077444 -1.78298953802934 0 -0.727978005031882 0.157240997285463
0.821197095021591 -1.57153919508518 0 -0.618068672629899 -0.172355372981904
0.761137811654318 -1.43957668755494 0.0940470376445798 -0.388544213166128 -0.380264211216965
0.644946943692876 -1.21925320290577 0.0600647565527155 -0.25212947166448 -0.588363616271873
0.411920916975761 -1.10054731675334 -0.0407220025325984 -0.269868137936863 -0.724345684716064
0.175306700168486 -0.878755799861834 -0.206952220883826 -0.182867405078645 -0.800851926520044
0.253039695796664 -0.475172890229 -0.322985201890995 0.0748443797344959 -0.721314758938656
0.287227665155383 0.0129938138908429 -0.456447499577246 0.176269054961434 -0.683920958393556
0.205662312190236 0.381535526590161 -0.534137508700043 -0.0611708049074398 -0.605114844712094
0.358291351017791 0.410618361313856 0 0 -0.320240400859943
-0.104371464153885 0.72749425002806 -0.695892814912288 -0.205441601054339 -0.388571171923292
-0.0773961660187413 0.713202405076492 -0.766618077786755 -0.0551379114097116 -0.314609745434781
-0.612750388205845 0.253701259768647 0 0 -0.265189850108639
1.0375864822099 -1.8659215554496 0 -0.590821644704537 0.240946541576552
0.849129745989427 -1.83460844426145 0.128296020828585 -0.728117675681389 0.0751645606128308
0.689244609780736 -1.68452989680725 0.218497459035667 -0.512610481965674 -0.198248596489933
0.643285862615829 -1.5655166595183 0.260422856330041 -0.35472779923607 -0.418599340520104
0.625005147158102 -1.48048043774892 0.193491938953835 -0.398642453014192 -0.604643956796334
0.539064372223253 -1.33022715639638 0.0414842714481016 -0.369135987494135 -0.781865832850856
0.306699540313438 -1.25800725227327 -0.0539971862455834 -0.234981677973962 -0.889514197214941
0.265527656763535 -0.897678213569599 -0.200570256369688 -0.0111655674313117 -0.91025712919171
0.2071092227448 -0.387416375716172 -0.371564162301523 -0.0238713135792299 -0.801712621254878
0.214338092247633 0.00505877487329001 -0.415954875060769 -0.15782625946559 -0.656952348134659
0.486179905085663 0.0425071621494667 0 0 -0.355008006532772
0.351916902677686 0.127826172755137 0 0 -0.291882589690519
-0.167269013804675 0.496611803443278 -0.678779711466131 -0.390986545070794 -0.255417373707221
-0.218603971899204 0.457142867021349 -0.767437766924501 -0.208118260948615 -0.103025121100168
0.785063226828814 -2.06062709267263 0.135962380618466 -0.824359224411942 0.206544047152233
0.614792579373004 -1.92096425138755 0.215140808652414 -0.660100345080458 -0.0640902910050597
0.524898180361617 -1.79266236502485 0.349636507044524 -0.448526713779147 -0.258318869843889
0.567798448400401 -1.78049551258099 0.322949324109005 -0.535645031355535 -0.48070413323912
0.602219192861045 -1.73122002003628 0.279878184498695 -0.531225615424392 -0.627948191545264
0.515335336930924 -1.65106276342693 0.188950409823502 -0.50955704365908 -0.824552626204192
0.468613182392188 -1.47381650806812 0.136971143615979 -0.448830829358209 -0.970812555230675
0.238375451599645 -1.18191816751495 -0.0318525345976248 -0.320059648422591 -0.958658869031646
0.130848791477414 -0.783230821275089 -0.264945041792028 -0.30920156367879 -0.92809369116291
0.117832438961909 -0.446826269242693 -0.378752187377364 -0.348728746269649 -0.765759637889336
0.39494530616221 -0.313474806355257 -0.286477365523311 0 -0.443997943141168
0.286959093606235 -0.221303248062663 -0.349012412767591 0 -0.358690806442315
0.147279518161779 -0.115907525535174 -0.378346939465256 0 -0.287002083225268
-0.202800556964578 0.200024819146815 -0.764393097143476 -0.419289596307837 -0.0786854461136633
0.505842249863014 -2.21408339732177 0.212096470209068 -0.79773493494477 0.0205768714659556
0.400009259823338 -2.05118341892311 0.314017047170633 -0.596075939858597 -0.172317425840802
0.436888378391448 -2.01594854987555 0.33464739981718 -0.593531792688951 -0.385316559395433
0.517186195088278 -2.00797213741103 0.365978409531328 -0.620247297906133 -0.520358409199939
0.604959550645209 -1.96229784664829 0.393139404361617 -0.636831177641899 -0.659909821189064
0.513766353148983 -1.87413381247119 0.367374464589455 -0.67174499392684 -0.825430103177189
0.539232797714973 -1.63716635513237 0.273828157846243 -0.608342525458413 -0.902274238179373
0.335957930912168 -1.31481772953615 0.0820262304430712 -0.655548465199998 -0.955987817876225
0.133700674925284 -1.17634600982717 -0.118929535116723 -0.548925009171587 -1.01815927570491
0.00592880198778256 -0.909205188858779 -0.323376653549389 -0.545490536948559 -0.929295680448522
0.371016506711883 -0.75116175750721 -0.362119589476649 0 -0.493855666658339
0.273753926714448 -0.633332066000109 -0.456589518187168 0 -0.392008584239023
0.172501045386856 -0.521013027607703 -0.496019036903418 0 -0.305410605615241
0.0664514959930612 -0.408621670962894 -0.494922198758657 0 -0.235530519399322
0.283046202040442 -2.44762857127554 0.277745104084654 -0.793981357658327 -0.142642346842265
0.226729682083468 -2.28681875938917 0.374613136074058 -0.675519283169952 -0.283751469645737
0.328924867984582 -2.2618480411827 0.343794947470951 -0.677391692454364 -0.455976839740992
0.388310598321599 -2.2509057035375 0.407329940698754 -0.703046221757999 -0.57102493690496
0.420812655548137 -2.20839810862873 0.487314661170948 -0.776277237536985 -0.708319075277688
0.448088788154407 -2.05828745926225 0.442238673325405 -0.738470767437233 -0.75143914071463
0.478280225098886 -1.80731164150499 0.272115857825221 -0.617329873409333 -0.731149219123943
0.426057195757349 -1.49814309675946 0.091691969752118 -0.758399882618907 -0.8964170836158
0.27747229756328 -1.43260969188226 -0.00793983235703359 -0.786330824305759 -1.03503786822282
0.0112181847809514 -1.35846657505668 -0.220131060822558 -0.679623503127256 -1.06663153780646
0.321105631280118 -1.19895349058313 -0.417867217256331 0 -0.521880981850004
0.193445632266775 -1.03422602915574 -0.570776651948247 0 -0.401749248008922
0.10302283423904 -0.885269208035434 -0.622810581258455 0 -0.309303631664916
0.0329068210239938 -0.742654251718824 -0.617083847766172 0 -0.233877078544936
0.0718320871951816 -2.6693661385508 0.371994828456385 -0.854685211027428 -0.228091903161138
0.0814006195070047 -2.5608668093864 0.401631304638172 -0.810930888033716 -0.382605381120593
0.1765808248265 -2.52582620826524 0.377339196346589 -0.771514349708245 -0.513693730827362
0.193859176639711 -2.53911642397304 0.474156255055248 -0.813980543737837 -0.615031770356095
0.212114622875939 -2.46457554259625 0.536754355216519 -0.899426820099891 -0.733783943036966
0.264489817052121 -2.22043262643041 0.435273638102684 -0.867826913235313 -0.710088001120472
0.356049657692296 -1.92360799316999 0.117401677418758 -0.573019724962732 -0.549265525772893
0.391872676700897 -1.74342136198768 -0.091842408672079 -0.515851226707128 -0.634432657692859
0.330376737727876 -1.67651097260516 0.00864105204806778 -0.878589871600675 -1.00657932031354
0.251440528892966 -1.68223175351509 -0.0734146702897342 -0.811281629176214 -1.07842434036393
0.0711387380547697 -1.6069601022899 -0.406414946349695 -0.422374263525784 -0.853281221437863
0.119114769353355 -1.41771434775025 -0.633676162290078 0 -0.40514547270663
0.0373698415223157 -1.23721135472371 -0.703798264241484 0 -0.304583162105362
-0.0224238426312187 -1.07426765737994 -0.707159552743055 0 -0.234658867902767
