"(Intercept)" "X1" "X2" "X3" "X4"
1.00967963013104 -2.78517061413181 1.56963273985518 0.91514955373188 -0.117206760259908
1.03882529480967 -2.57200339471242 1.33076149299579 0.835278849497139 -0.158807899809678
0.882358293349791 -2.49997249956121 1.13595248157756 0.676724630302977 -0.0875139706349671
0.535124814593531 -2.4269941248036 1.09750101857054 0.32070242140455 0.171522916299071
1.14250254513767 -2.11832733028562 0.506078018064688 0.595781392505537 0.570755693043435
-0.19945449844121 -2.24170100330852 0 0 0.544965980005503
-0.153057212127989 -1.88731089109376 0 0 0.183454047207546
-0.00203495615269486 -1.73063478173349 -0.206896979256768 0.447053287149657 0.327623662319723
-0.699512142417013 -1.47460426908158 0.135910737395102 0 0
-1.23465132013846 -1.53035041118077 0.532837670787643 0 -0.0715304538419915
-2.11777211911061 -1.86336284129645 1.76312558013571 0.226725529624914 0.767944081995608
-2.01770161947396 -1.57412690229069 2.07851250174753 0 0.415710310342799
-2.21909338853586 -1.56513497041997 2.61706750787402 0 0.402215554547098
-2.24261089134046 -1.60603610412807 2.874043731914 0 0.272232722813742
1.0600743299798 -2.42072007346062 1.33622142245871 0.882126186668257 -0.146694317248144
0.995036875968855 -2.22032839520139 1.06574646507733 0.766855957309219 -0.245440243802235
1.00967993864992 -1.98415009996851 0.88605172143578 0.663875386636759 -0.263712056813072
0.615785063713923 -1.8749308525549 0.885229830911935 0.360101451158761 -0.190184290042599
1.01431554021072 -1.46067453324868 0.555770560363457 0.428139487159063 0.0601507419347608
0.998019695605052 -1.22159257737783 0.310090605987316 0.480063480160015 0.294269541880235
0.485553521448369 -1.07241012465703 0 0.380175594433288 0.281056930948174
-0.306899176871262 -0.902570678711332 -0.471499102927522 0.141930363578475 -0.476327887762549
-0.372752815745924 -0.826044524484083 0.00658404618520964 0.170092950898995 0
-0.905186484502559 -1.32618078750699 0.459669330118514 0.505161203221492 0.473083038409744
-1.40559036533091 -1.11859980305833 1.22075878337071 0.0822555343333988 0.214797391345219
-1.46791362382319 -0.829296755946654 1.6134477971264 0 0.107648298633918
-1.88336776810526 -0.994317573175396 2.47422765082719 -0.298209722163828 0.0197863373670121
-1.93506460844562 -1.1485459732892 2.96530145639671 -0.459516834555037 -0.0439733685802355
1.25126720864962 -2.12835388694749 1.10397616682497 0.891502672139728 -0.164821725093078
0.934073549286584 -1.87896768814143 0.842695993825623 0.690745227274512 -0.332303626128957
1.00744732402098 -1.60395890860819 0.639251434014817 0.605363845295645 -0.390572286841647
1.12107530385781 -1.26794923340613 0.431387798554698 0.585145176438073 -0.406041809512251
1.15213971099813 -0.926420223800837 0.339861930763572 0.528141664338328 -0.319066451483962
1.10642297727111 -0.674584797172712 0.11259231255519 0.53162476244687 -0.195001457962172
0.663554081221568 -0.473250558319974 -0.296799199497807 0.475775366537579 -0.468327736628083
0.205212627313367 -0.258338122205591 -0.337094575048637 0.486177285466168 -0.553281160926199
-0.470563886170954 -0.00866695488369909 -0.0775922452648295 0.295039630516268 -0.512953567287848
-0.248331373046217 -0.567207021563449 -0.0226674413326541 0.356286688228926 0.0202049404432484
-0.612834191483164 -0.0267143786584012 0.505204981958594 0 -0.318226710369829
-1.14562245991168 -0.159029861256434 1.26002296358754 -0.33962553209762 -0.667057731157453
-1.36240510125518 -0.403613596622327 1.73329384510684 -0.596646276076607 -0.602150116048974
-1.34655038849176 -0.745646589537916 2.06333873550385 -0.643272650099557 -0.385150555868604
1.26673483701219 -2.04230347960141 0.993454673386696 0.733320885951505 -0.0958110974932965
0.921063240920536 -1.63075846565549 0.667984132614814 0.578358122022852 -0.357848038194905
0.828920334458927 -1.24445137231629 0.380276169689907 0.455296088181478 -0.505295654783107
1.280992265275 -0.86358647342789 0.0909055629494594 0.645279433932354 -0.535212968770544
1.30574470962182 -0.584150006154583 -0.115789846401328 0.6688514448844 -0.627010043320349
1.10273138425445 -0.38727628151662 -0.372536699096539 0.6194386852211 -0.670880901131063
0.964496797854333 -0.161644729022784 -0.720946836027769 0.7875438382066 -0.765599724534715
0.421553332019453 0.248052797122807 -0.277006411039152 0.697358332893395 -0.718124577219442
-0.157767746991845 0.655829697520407 -0.0587347995729912 0.517179444338019 -0.619217348959693
0.0708023599842325 0.602393410677904 -0.213205085531378 0.313745079203435 -0.863081961784663
-0.236446613144228 0.596876036200004 0.0616540879866856 -0.0529846689400921 -0.921050891775945
-0.688634151153906 0.644640610025441 0.528603704648768 -0.232371346537663 -0.888972045701071
-0.828021409737681 0.137094817977423 0.76983462475528 -0.389708540298724 -0.551929404587663
-0.965263311260861 -0.608607105433081 0.903807885213674 -0.18234575678201 -0.252776147073412
1.57196749436724 -1.74595018904042 0.87951895187779 0.595902728462418 0.236130832381429
1.15474135211109 -1.37428513613953 0.491494297614013 0.48094349293926 -0.171141261951639
0.987487566148128 -0.990247385304764 0.187739365281321 0.479729393908991 -0.442595661458211
1.01083662898784 -0.661191734135039 -0.0699644895936766 0.532116415967715 -0.648596823093655
1.07289188552564 -0.495693118509918 -0.51573274554296 0.686021589319692 -0.783810949334598
1.00019058405642 -0.292163032427071 -0.639191794366877 0.571295228619494 -0.926274812889466
1.03078243204135 0 -0.789163901868098 0.742802328015683 -0.780092352958721
0.764556439335602 0.139901771834691 -0.641195312251458 0.648743874182087 -0.72859692081929
0.673653850449902 0.229705134399978 -0.532222729443726 0.591227133779851 -0.706867354420241
0.0879524889797494 1.07970327363772 -0.222052508442455 0.417993262422267 -0.955785948453555
0.15771311691634 1.42494121927408 -0.19102840226597 0.450800852364826 -0.939323074185119
0.0549528190569466 1.56354754508371 -0.221037565820547 0.463266392113566 -0.750542258962723
-0.774816542234396 0.545465516680671 0.0295757222166347 0 0
-1.15458239974312 -0.883637707475919 0.0183128269772199 0 0
1.70312526803136 -1.47933642841002 0.757947742119005 0.419648710301583 0.551067051088962
1.37386043476178 -1.16038262465243 0.357154872648325 0.459843766529311 0.162868440748284
1.10308121235791 -0.913455786319242 0.0522904996901194 0.560287388950989 -0.245599060193815
0.931167601880903 -0.698284701802446 -0.0809365185692627 0.695148022116796 -0.64681123764178
0.397275346400182 -0.458422574785316 -0.221375656403858 0.447616121154807 -0.928828293848129
0.414400825208054 -0.133312238707351 0 0 -0.95414989159886
0.888015236238127 0.0038526890683737 -0.410612314731294 0.458322231079106 -0.998925582628287
0.523668379867712 0.251240318100632 -0.28697749846313 0.363003313101763 -0.87698515182516
0.536441230397339 0.371651250560388 -0.228881866871492 0.421090140580609 -0.674447843783227
0.297493957627238 0.910739315451731 0 0 -0.633785345038565
0.121153956911982 1.54607967176027 -0.195306532947639 0.47586296537933 -0.665327209938029
0.167345074646118 1.68103023208752 -0.332142272082396 0.5181970254724 -0.601351853435631
-0.0345294032032894 0.887112575811793 -0.336595807600551 0.327735145882079 -0.361330801589274
-0.929860286941534 -0.563569423413323 -0.176246571436175 0 0
1.6758696745794 -1.27816119519035 0.668928800920604 0.319614741629101 0.819159165605052
1.40141561489586 -0.979761792121036 0.365491705937131 0.362971554449908 0.478914440965055
1.09549443500543 -0.803455946111673 0.206114916168133 0.471965322755207 0.00775691494442454
0.819631018499146 -0.746078897335996 0.0330147014838091 0.439186336760765 -0.525389789689609
0.651605899434189 -0.69441196829426 0 0 -0.901021767409565
0.359598578995599 -0.420272419204257 0 0 -1.11342523550205
0.448875105942239 0.0374231209354576 0.0890894912677533 0 -1.22860596713916
0.623601247386696 0.285978603458149 0.238722182591056 0.253653823717197 -1.16252820982637
0.557929951294005 0.633944258071179 0 0 -0.758766695990736
0.327381989109354 0.920479733332019 0 0 -0.543603505975598
0.304288786343933 1.22858660040954 -0.310375218509906 0.356437682537436 -0.661647455283313
0.102563201978571 1.12663477450189 -0.10035474131135 0 -0.390523288698748
0.0662081395421076 0.739024511487989 -0.419404962862349 0.457473813479183 -0.297946083073527
-0.335616076739011 0.206661975466678 0 0 0
0.721128385919067 -1.24705961849618 0 0 0.326440315345342
0.708941802787 -0.921436836889361 0 0 0.283565431830251
0.691206490654409 -1.03348558349267 0 0 -0.0797761980902151
0.792045186865167 -1.05745864713457 0 0.252577802074818 -0.632918477436236
0.719951839627341 -1.04270341143374 0 0 -1.04933621773438
0.502316966082748 -0.842403051822205 0 0 -1.02980540162926
0.585248905691536 -0.48774263449711 0 0 -0.963172616272043
0.641370275509812 -0.00639753557068107 0 0 -0.95243988558998
0.546480344572617 0.434245563977986 0 0 -0.770327166943992
0.243996336763857 0.80648277933782 0 0 -0.409697098887122
0.545608091114306 0.986721052206857 0.0744358470500134 -0.160854322922615 -0.595973733956128
0.682094737686802 0.997019874313677 -0.373320825973737 0.350684755206498 -0.59036602907165
0.532398007443409 0.630744232989385 -0.706725395007304 0.859205802445071 -0.472067286235427
0.242438137599526 -0.12443237847283 -0.970601417155122 1.11065449462924 -0.378226669152705
0.57019851057514 -0.750606983600175 0 0 0.568805775873276
0.396687614607969 -0.951780145500039 0.234665858483961 0.241352620337686 0.346033948663035
0.256966888523285 -1.26636516977786 0 0 -0.284111357531695
0.338838890503277 -1.53199907046175 0 0 -0.678084518972676
0.532160154185296 -1.48567258543033 0 0 -0.914435333438571
0.677443452240742 -1.27568043790377 0 0 -0.979518825806472
0.710137049070494 -0.931402871178444 0 0 -0.927592315616676
0.595850713162577 -0.439985165925535 0 0 -0.581713707126821
-0.124428896549963 0.0318788973636649 -0.0102928174141668 -0.549857730318089 -0.665864156195663
0.151935922692743 0.520667137787201 -0.205185176547135 -0.291733703598569 -0.576757350710279
0.487378798098642 0.668783400599962 0 0 -0.241373385248991
0.500646871089043 0.77355379361936 0 -0.078945866949059 -0.143681213520116
0.77972128472109 0.577140789723223 -0.565660880132157 0.752719214504007 -0.182769287904389
0.147611025752084 0.141676700441678 0 0 0
-0.116727866197372 -0.681599966230599 0.31808339053426 0 0.496633289743465
-0.212851856003194 -0.980391796007085 0.432173286334857 0 0.211145495674087
-0.10276252228014 -1.40543404884281 0.517611635763879 0 -0.189092723294298
0.130333546319136 -1.87479650308198 0.316808713878736 0 -0.429186206811033
0.534357268796338 -1.88607049204535 0 0 -0.719474107571078
0.748840084444401 -1.6817182468669 0 0 -0.898573208850604
0.675628195805491 -1.30047530562935 0 0 -0.705840447246996
0.719937390906749 -0.903105872749816 0 0 -0.740505379117918
0.561315892018206 -0.459902960441585 0 0 -0.617855846750783
0.717273419171487 -0.0204685558363971 0 0 -0.410089351473411
0.869920615151962 0.320516245972562 0 -0.0276132752271641 -0.216478037984047
0.874366981736947 0.366971136737022 0 0 0.00258702829501362
0.827898382456105 0.300013674637252 0 0 0.186666159313081
0.643374274463194 -0.0826127434276924 0 0 0
-0.511236616170153 -0.585088227274981 0.704300461603135 0.0521739600661019 0.867452443608841
-0.400801471203467 -0.9502409843248 0.716539535513923 0.116128024252083 0.378390287414917
-0.041418098413165 -1.48244707413262 0.599340338424544 0.130345460787032 -0.0167413369819733
-0.167641639483917 -2.1697488183318 0.512958711652205 0.00207551410355479 -0.244387791136325
0.595483958377558 -1.98239326703736 0 0 -0.494604863451605
1.00861076054561 -1.99514585032983 0.446897867806022 -0.0995405559640834 -0.784685241120901
1.49215625489538 -1.71871421687562 0.60272204207429 -0.0340598479840842 -1.01356385343
1.22493023082101 -1.38850478479756 0.360285164546872 -0.237662623421278 -0.983860861975914
0.684315964221055 -0.80562027468425 0 0 -0.563597249939814
0.691217823812376 -0.492151240178484 0 -0.24109780792682 -0.547851668301165
0.939678539033 -0.302382114104902 0 -0.118975666539585 -0.280819706579633
1.25246591447029 -0.194935828168662 0 0 0.0788782519855967
1.35998577169561 -0.132632279332542 0 0 0.380839098955349
1.3483686085905 -0.243287841648075 0 0 0.494188263700493
-0.668292142627871 -0.467909603602615 0.845151938465901 0.349440084598325 1.08155859830339
-0.312716632303575 -0.907228125317191 0.718177319434305 0.474665896108135 0.660228439501805
-0.107217119586582 -1.53704421788205 0.569695828974926 0.543963892067324 0.405008688761303
-0.180322940847918 -2.17408872314476 0.48148157302788 0.512891432317127 0.104580378961651
0.233259592495271 -2.23810248447947 0.448222604324095 0.444822674618758 -0.247561430461425
0.756962041475152 -1.97391180430473 0.411395704644211 0.530406124915697 -0.291903253415925
0.986691543652097 -1.85809240766423 0.32293977752856 0.323065023910549 -0.451768183514344
0.868367107980952 -1.52403896580886 0.0853370339508827 0.0220409377589516 -0.609376909054697
1.03864250228032 -1.22909326642686 0.0628952821972646 -0.0355700968696698 -0.436244331741692
0.823645089615925 -1.05627986792759 0 -0.159382544816057 -0.454549688743509
1.24767758959362 -0.950808870521056 0 0 0
1.51989986169377 -0.886293719684805 0 0 0.0814621652209288
1.71610281933983 -0.775941522618206 0 0 0.361702099709147
1.79407123578039 -0.715180900902786 0 0 0.593994749388847
-0.347886038616214 -0.466733850766535 0.724326388366962 0.743313940062503 1.46853832495638
-0.201504339580621 -0.958316555890931 0.600597024519076 0.82727697173368 1.10872665739706
-0.105774380656452 -1.51128014409847 0.455610236247178 0.886564775679627 0.792353604602877
-0.349283414457384 -2.06239133353147 0.539753533183242 0.700795546127009 0.549904261922737
-0.0232975434109424 -1.95086305660742 0.367571394404707 0.772187995725481 0.17081798965835
0.137613244717809 -1.992287139399 0.15232504756632 0.839699658261493 0.306908386009519
0.404912690638823 -1.89403501304398 0.0351548193489051 0.750520781283386 0.135926509695486
0.766814117939792 -1.63511398634031 -0.118039211550432 0.562890584998162 0.0361120660714058
0.915989026335634 -1.53148952465433 -0.0965579302106128 0.371805405807032 -0.131000137917798
1.3345543301897 -1.51060678704481 0 0.108951858978108 -0.133158904194278
2.61542983734285 -1.54769460781428 0.714299214240519 0.321272873072505 0.332541386872946
1.80284079110918 -1.46493318435124 0 0 0
2.04104695712208 -1.36210648040134 0 0 0.320917481812514
2.18225212728139 -1.27808455783087 0 0 0.552529927769116
-0.0910366871809827 -0.561800995942302 0.574292922331069 1.17619745127483 1.71440027144501
-0.103379832415943 -1.00362523590757 0.51262510438607 1.13712264993514 1.38062831495356
-0.0732271748375849 -1.40975493809935 0.463416423986993 1.01772588079101 1.08511888479099
-0.303499295533652 -1.63324492008133 0.46902705000435 1.00007081835861 0.627988776207391
-0.330884635144626 -1.794169178605 0.258895503452195 0.974572594525979 0.571606448190693
-0.286864460432486 -1.95596768451033 0.0398348297663263 0.92737972906121 0.74918041509132
-0.136720464359409 -1.89144689293586 -0.318990609752142 1.16513581211828 0.719946617084038
0.516898251125602 -1.68454226984694 -0.392648419738142 1.13325550344856 0.554741838192211
0.912905951746101 -1.76977105472328 -0.33277297706956 0.826343221548079 0.233369429929275
1.64183707877721 -1.8323326998222 -0.0626114914399917 0.666293146628386 0.276491890283244
1.87367903143392 -1.82585962618992 0 0 0
2.13513942857839 -1.94526962392073 0 0 0
2.36526164769795 -1.91419834732805 0 0 0.243589752642958
2.50436670465065 -1.81618285051052 0 0 0.457028530960952
