"(Intercept)" "X1" "X2" "X3" "X4"
1.89652651092444 -2.5414279989929 0 0 0.941957494858239
1.45173590526276 -2.7092515110266 -0.10182397820471 0 0.872124754448511
1.19657090760817 -2.58039560173446 -0.00963193315263368 0 0.731455632736176
1.09252715606992 -2.11194656229166 0 0 0.357669042858549
1.00300725518951 -1.89539428991526 0 0 0.193253851879317
0.692890494517503 -2.19737309537512 0.380500127576481 0.186501802530053 0.578950777908324
0.307750531694129 -2.30643987073498 0.473415459363004 0.276232065464382 0.445773008392863
0.00788150496534016 -2.25900810407801 0.52175836827414 0.374451750613598 0.16249505214986
-0.274578098572142 -2.0957137608013 0.55639958681283 0.439068346247327 -0.109162532801542
-0.495985622330483 -1.96042643638726 0.502309559599235 0.478854843466042 -0.373089559407694
-0.69968182051149 -1.89163848639102 0.546063017031474 0.553816344689285 -0.636390394348458
-0.949693489889737 -1.86385084104604 0.610181523139572 0.607009726833461 -0.776228631751728
-1.24317702417749 -1.82821072184532 0.678337280678415 0.647216082692564 -0.890119962080325
-1.56341695868592 -1.79981667777016 0.763634910926611 0.66926868323372 -0.950744776594142
1.78970226001835 -2.36325458514409 0 0 0.591580309697818
1.37167392412034 -2.40941590955008 -0.148513088416534 0 0.619689941950869
1.18274688543255 -2.21220411838917 -0.0730437837420875 0 0.51263312177575
1.07697781727979 -1.78616047605112 0 0 0.246618174243578
0.994957975347239 -1.49709884771286 0 0 0.0434501100560175
0.749058129071456 -1.49356700982836 0.227651690258662 0.131762854227004 0.143203478200639
0.437653111615203 -1.52350184783487 0.395557076271421 0.346449995247728 0.0706879760569421
0.144583067608643 -1.47708809975941 0.493095177817392 0.42622283332609 -0.116904217521225
-0.0993543859106553 -1.39187262388136 0.448269381097916 0.458429208441931 -0.270942582991087
-0.309759548142546 -1.3120956760286 0.427736436931225 0.496875002832086 -0.513718681652193
-0.517581557186485 -1.33413268307818 0.47131971283336 0.558836237936088 -0.662532619996849
-0.818554625747993 -1.34787318621492 0.546511022982729 0.574166480008643 -0.736505289312389
-1.13666609723691 -1.34563302801554 0.655605738192121 0.581939342543223 -0.802452809605554
-1.4535927043024 -1.35494546183746 0.796365056340734 0.567377233281548 -0.822262776709207
1.84606260741134 -2.16666296045229 0 0 0.508281182085811
1.37686454453741 -2.11762603350881 -0.169140395476276 0 0.436662228095826
1.1847348160865 -1.83061062906418 -0.13674819746084 0 0.325725191110065
1.05263140431975 -1.45585583314026 0 0 0.20620135511999
0.932406587547055 -1.21633389335284 0 0 -0.0312098837210181
0.841376408077406 -0.985248976532336 0.0485017184049319 0.221943214644203 -0.169085753948068
0.582289817875832 -0.88423012839054 0.198473694203497 0.295155688658662 -0.222616734114594
0.280001091639894 -0.863257005541059 0.334476523514958 0.418942620983957 -0.293713615411231
0.0447458604793799 -0.78903819572624 0.300166114786133 0.435553145514182 -0.410049714919961
-0.119017041729362 -0.763169314516808 0.351327799278957 0.535538214378239 -0.600690789056658
-0.417730178795002 -0.767036368346052 0.427098258490845 0.55158523085503 -0.661249009280923
-0.749155823470992 -0.819484716771621 0.550781714592908 0.525520086757278 -0.662545588778657
-1.11002755235714 -0.863458008883286 0.712521666916129 0.428659943180687 -0.661715096242381
-1.4673623614213 -0.915238426336703 0.898661012985963 0.315883126990302 -0.622067068586939
2.23516962504177 -1.79007299284577 -0.140636895083903 0 0.76123350106705
1.5653586898193 -1.74445171536418 -0.161972548926653 0 0.361131178060341
1.21866018626968 -1.45936127187231 -0.155011168351619 0 0.149797361281414
0.987738223071857 -1.16909022400293 -0.133158048670984 0 0.0314316222657893
0.926158383808725 -1.00068531545485 0 0 0.0896320521445863
0.729685696367113 -0.794525048137495 -0.0325597878299319 0 -0.233554252752467
0.555845048799258 -0.50907458626677 0.0406199768305405 0 -0.392305095945398
0.386227630091157 -0.337740355545505 0.172150073095935 0 0
0.197799071625741 -0.350130551028654 0.141795600995561 0.421822077402485 -0.543169851269267
0.0142222499599581 -0.287728074264318 0.261943003215186 0.548362933462408 -0.671313941662713
-0.38385183925793 -0.286969794612231 0.41679375899488 0.530484429581602 -0.554587732808574
-0.740740355987145 -0.324497022530878 0.57423232985032 0.413862347648797 -0.529602858153994
-1.06909468811295 -0.401023298831175 0.722225439403857 0.270418538389745 -0.519134036904117
-1.3800817067 -0.514914982345237 0.877330996242563 0.145621539201666 -0.465564223383914
2.45596473245054 -1.34980943539277 0 0 0.820797860751528
1.84287005960474 -1.44517269506041 -0.149348587811101 0 0.509107769761719
1.30716828568428 -1.26987278845593 -0.166795195436754 0 0.115228372278885
0.942953513733292 -1.05476461230963 -0.1561169426672 0 -0.0236911255816501
0.804401187108192 -1.00886900946825 0 0 0
0.667133854418921 -0.787301839463795 0 0 0
0.407758379515823 -0.387917343441156 -0.0783148086926969 0 -0.553026384728601
0.446131372789058 -0.124280247891482 0 0 -0.45047856232998
0.342065247212783 0.0642116198840767 0 0 -0.44797331328454
0.0630820916525651 0.0673865268192319 0.121088010605142 0.4770685929867 -0.598381966773476
-0.35856049563875 0.136907375671844 0.346180491114499 0.455152638621171 -0.464714576121062
-0.721096872208835 0.109446187864743 0.531202698181486 0.328721513205794 -0.449120991872745
-0.99110098475785 -0.0180789320619002 0.68260850921747 0.140561638345084 -0.426735692781028
-1.23685039847074 -0.211979450942674 0.812709591779788 -0.0159717325494082 -0.362726213084971
2.23845423512382 -1.44374662329531 0 0 0.952281913147331
1.75550707416403 -1.41225062790214 0 0 0.592813580917304
1.5936733032429 -1.19539214882484 -0.227156647326767 0.00964660600242311 0.085767218499439
1.15121998849889 -1.00012551090803 -0.255262282658622 0.119511705720659 -0.220074899609503
0.816631381025471 -0.811570235659958 -0.22311566011918 0.180339006904296 -0.330895414744091
0.43577208005527 -0.766915893723463 0 0 -0.347731282385087
0.274323962549953 -0.410905665882697 0 0 -0.577972178479592
0.323755622031135 -0.116838053817142 0 0 -0.596364883479576
0.385472489186118 0.164231089288239 0 0 -0.737199257002971
0.255246462088714 0.444570367746247 0 0 -0.574749078110746
-0.285546199018168 0.512115077909605 0.0837218763591515 0.287232973680907 -0.629501178150691
-0.575999650755662 0.383167776119513 0.32068194010961 0.261620340819349 -0.511701691716464
-0.74336118017308 0.158200560527467 0.477342217513447 0.129495432817421 -0.462546320304585
-0.974593144617128 -0.22749139748857 0.705980071150059 -0.0693661083834173 -0.478527924699146
2.21315373518317 -1.55807832937203 0 -0.182256432337964 1.09606194379763
2.17734194722479 -1.51732329267842 -0.268555385714274 -0.326434102549943 0.66348120971417
1.58908784761698 -1.36762856201241 -0.339885589752603 -0.147810510519511 0.144247907619338
1.22828070035197 -1.17896961491049 -0.397749213024793 0.0827791390094239 -0.224063470546117
0.75783456618357 -0.972036728495965 -0.33645769594241 0.182432857279974 -0.492369858254903
0.214543365029785 -0.76663582917107 0 0 -0.394824847124936
0.0880960197172927 -0.351969790695046 0 0 -0.780526822250139
0.165561091314388 -0.0636959412407057 0 0 -0.735945636049098
0.310946475283432 0.0995554856714363 0 0 -0.628081925807162
-0.0443343202207677 0.429089208737725 -0.236690141930609 -0.158882508744368 -0.751182205488299
-0.0659412136068003 0.800956851789506 -0.336105311526665 -0.185757062299931 -0.626436284539519
-0.175933789413888 0.769509245209157 -0.189325617762034 -0.0133259644897573 -0.487591617397669
-0.566334670096677 0 0.0933440869439838 0.101040640420482 -0.326400517186431
-0.681680875697706 -0.104138277878006 0.397697669616011 -0.126996449849415 -0.381565462409661
2.0106883260823 -1.58610271173833 0 -0.281005151849493 1.01563326483931
1.61737058138669 -1.6568870803521 0 -0.253778714521564 0.738111996935424
1.03535046018214 -1.63203863141293 0 0 0.103205040887453
0.799630465573724 -1.51923089900333 0 0 -0.245896233425759
0.436423847460689 -1.34014842280039 0 0 -0.607954527328961
0.301339678771758 -1.04097733635858 0 0 -0.502767757948195
0.170168113224348 -0.637109940237754 0 0 -0.404505658582207
0.229653239794341 -0.29728065090686 0 0 -0.651986074138799
0.325412134792476 -0.0896654229549481 0 0 -0.628745681475471
0.261914606773136 0.206050666414466 0 -0.185172148320877 -0.59292510760938
-0.0510722767025381 0.596354175706029 -0.348312618728622 -0.353451437722659 -0.486630703031799
-0.120836485404723 0.466106027374575 0 0 0
-0.218687068085164 0.495499644534922 0 0 0
-0.665672422983785 0 0 0 0
1.21758779401965 -1.58270375455998 0 0 0.55606263083926
1.21422432278946 -1.51257781762346 -0.113801795021693 -0.347555691807019 0.344529688977733
0.615775531098028 -1.69036794026686 0 0 -0.147497388990954
0.579071967602695 -1.70213895065208 0 0.159650510919487 -0.494968296513122
0.643457620783469 -1.67700706635068 0 0.166806479482217 -0.7378122617568
0.528903612638863 -1.3478369667439 0 -0.0243335259360043 -0.705820723512293
0.411970165416005 -0.943523141332216 0 -0.0637044577573367 -0.614051691225894
0.349180478786903 -0.635795811729239 0 0 -0.417434882599269
0.384682642581982 -0.31151755756092 0 0 -0.517950840879059
0.423820108543995 -0.0914588478901835 0 0 -0.441385646770099
0.422159026081488 0.164804977837885 0 0 -0.34192779110914
0.311561233775811 0.345282741303632 0 0 -0.24657755723225
0.0244965649670325 0.413968879472684 0 0 0
-0.158430968948501 0.390983303552484 0 0 0
0.998288798062606 -1.27656534500384 0.108106653977535 -0.42492719498972 0.640320885671652
0.654439179743762 -1.51278085016785 0.165299709714221 -0.234799112789414 0.167050066887924
0.512963454936175 -1.7499009010488 0.164026321703481 0.0176032451054652 -0.224408814300897
0.582452056396216 -1.9982303451795 0 0.00444164665787635 -0.574398028203235
0.691792888496636 -2.0484445409067 0 0.0640611345765974 -0.74162860537518
0.780449505945385 -1.76808742367733 0 -0.09216204894182 -0.773043977496074
0.639006308180953 -1.42282286241424 0 -0.153233312576615 -0.635560681448967
0.540470511967749 -0.986292074130103 0 -0.10500177106956 -0.577873868576873
0.570754273464157 -0.670653254578746 0 0 -0.440003530004294
0.562957705831683 -0.400696581092005 0 0 -0.344206718741893
0.575458409609495 -0.131732781295699 0 0 -0.303410634279212
0.505136996796018 0.0509421640346807 0 0 -0.246536915675185
0.179921410410785 0.162573121557191 0 0 0
0.00912186814505462 0.261305484435148 0 0 0
0.48057031311398 -1.27112738134853 0.188852111703207 0 0.25715165716653
0.306546509067906 -1.65213708010766 0.420438936561739 -0.271781370563211 0.154579677874555
0.472561301287334 -1.94433846612701 0 -0.173490174531903 -0.331878007492335
0.661056770655926 -2.27278710380682 0 -0.120324562690706 -0.536456085531901
0.925727054612186 -2.26312352803004 0 -0.114613540448192 -0.707235365139551
1.01409905517475 -2.11762059177462 0 -0.197520580139128 -0.717762631819534
0.913707118724534 -1.82620767667822 0 -0.251751835415113 -0.656136777322345
0.689297709820493 -1.48101741170403 0 -0.199461811706417 -0.556697967827314
0.766459686729068 -1.12873949692254 0 0 -0.468086810340718
0.758036834517795 -0.795217886337835 0 0 -0.328174514739224
0.777105890098515 -0.499469505348362 0 0 -0.265308391874341
0.697795525994728 -0.221186368305221 0 0 -0.238159393230646
0.519384035447192 0.0753014151611268 -0.270299643949201 0 -0.119337659198334
0.339932364429102 0.321308151902218 -0.411355301493249 0 -0.0334571792643897
0.257207023903259 -1.61125893517958 0.568314539812102 -0.619101083457003 0.468683953622211
0.367732350183405 -1.93097275020284 0.425975721552413 -0.578061777184407 0.163019278456049
0.597169231509903 -2.1861977045063 0 -0.337623939578617 -0.306707146972608
0.847005291484684 -2.42966334187273 0 -0.265315107378682 -0.499609389502346
1.13721863536097 -2.45145079112857 0 -0.321491689943536 -0.622458279855411
1.21181157419001 -2.3697447307965 0 -0.345732432033925 -0.676818568130059
1.15326023508379 -2.184936674109 0 -0.356437557300984 -0.546397990652985
0.92637942058934 -1.88984666125108 0 -0.284973497123582 -0.509769049903463
0.932324856303911 -1.65033182328313 0 0 -0.440560819488734
0.970146541086136 -1.28423998913374 0 0 -0.388448910980358
0.496493936839303 -0.874828723466972 -0.45676210123995 -0.432538401097028 -0.37914738971436
0.90891865880974 -0.548357482664686 0 0 -0.234009411168737
0.765548054215417 -0.248474796928243 0 0 -0.209672062251297
0.602531825625641 0.0113924188523662 0 0 -0.204941222838291
0.472358044259035 -1.82848607219202 0 -0.806514066159158 0.127143382345769
0.593899683449838 -2.10861475407 0 -0.631605583559327 -0.0940869678153873
0.794958776228494 -2.38990469852466 0 -0.512274691568996 -0.298214871609566
1.08375760224792 -2.5904219675264 0 -0.527851553402209 -0.443061317285394
1.30991163678109 -2.63366327980611 0 -0.519901295089768 -0.536644394042883
1.34714400882374 -2.59333731361117 0 -0.509207155569318 -0.588340483675904
1.31507469943973 -2.47047933773888 0 -0.478146496280984 -0.402604529481152
1.16752560522606 -2.25282790151361 0 -0.384446039948563 -0.462575449377489
1.01611035994592 -2.10335628724811 -0.252145634727649 -0.382552223111205 -0.479665515415272
0.864920729274804 -1.86939363666687 -0.365299051496348 -0.374947123049224 -0.620747760065905
1.12576651811434 -1.4605261873321 -0.244525264701755 0 -0.390005766030046
0.488241971733373 -0.937598255034643 -0.625587212177964 -0.498873089117893 -0.300684042126647
0.201390273199477 -0.440336478044513 -0.722974018239617 -0.546622531128921 -0.113436415451541
0.780361873232811 -0.202214832181132 0 0 -0.182469185980249
0.513564384915967 -2.20123018267966 0 -0.900084396762861 0.0364988755637034
0.745587260841575 -2.44747109563453 0 -0.817097491843344 -0.109587867170925
0.97168737248736 -2.67244592929618 0 -0.764870057514583 -0.266190824180654
1.25879906615554 -2.82490338651694 0 -0.753364148600479 -0.372608356217442
1.39187163918792 -2.87810704104026 0 -0.677542920340564 -0.485287468060629
1.43644048893639 -2.86948951935607 0 -0.644413863904438 -0.430920357471733
1.4016133305223 -2.76630568215169 0 -0.611348088237714 -0.316424913035892
1.36660727603391 -2.60687272600493 0 -0.471824289717127 -0.42891489427494
1.33501896242191 -2.30249655210646 0 -0.296190609556869 -0.259399842987004
1.27705440146 -1.96814397680931 0 0 0
1.31272944884059 -1.97287927343856 -0.27357191747838 0 -0.404520299892521
1.18448794926711 -1.5066518982939 -0.372897828076814 0 -0.283376824690925
1.07671338691633 -1.03711665888101 -0.305943758430539 0 -0.179090257691538
0.977742492372823 -0.640366101733217 -0.229718107177626 0 -0.143292117562889
