"(Intercept)" "X1" "X2" "X3" "X4"
2.18242372319442 -2.36243920840319 0 0 0.701762397299697
1.95172098520051 -2.14817910986668 0 0 0.60323404040341
1.73713968915972 -1.91083836666255 0 0 0.478023277552994
1.38960755931008 -1.611895572723 0.342707719097115 0 0.220019428447963
1.17711137039888 -1.43305021160671 0.235149846691367 0 0.118686586467456
1.06299255244035 -1.21144336687388 0 0 -0.176695613366962
0.306816348062923 -1.36637967448083 0.591791035139065 0.0733793674387145 0.388076631390221
-0.0968953160563805 -1.46505273780684 0.911704052151294 0.281804665257364 0.714175822450986
-0.481429256634112 -1.41481658121687 1.10610569010232 0.294825599694952 0.664856866467691
-1.03357937366738 -1.41599184864483 1.61910700664894 0.410866932298507 0.699112327254124
-1.23714317939105 -1.41901484379057 2.0351809755998 0.557855713358112 0.551313876646891
-1.38221703033457 -1.48702039077769 2.23511314937357 0.75159238683349 0.360183678486929
-2.03854307925073 -1.45538005865781 2.29099633789962 0.280121255452179 0
-2.05946320134726 -1.77872356126201 2.57111820699614 0.38971964361707 0
1.99343622282161 -2.22214907914291 0 0 0.405819010244001
1.80219931539563 -1.99590347947466 0 0 0.421797168239978
1.65088950395948 -1.69664477712471 0 0 0.399042979457254
1.47740258180526 -1.39820690748243 0 0 0.190236067418858
1.1216536449997 -1.0249411833588 0.254382374782611 0 -0.031083313086443
1.12799271991174 -0.775554633428641 0 0 -0.274014474701928
0.910198949202507 -0.530098259222931 0 0 -0.419809803430846
0.0956119479609083 -0.729913346470309 0.653789725028222 0.27807980263205 0.179777081881176
-0.360990345645818 -0.771914061567341 1.03840409399051 0.326927238388431 0.267497425606055
-0.781060859197699 -0.807438000877737 1.44784283799769 0.390168583066629 0.214122588759471
-0.96761080538158 -0.894704760956095 1.58088934650643 0.617819085292584 0.215090355251779
-1.0798097673212 -0.980402012995827 1.72269721154975 0.766015877104015 0.0894966221439674
-1.73392608523313 -1.13847582179587 1.846628243617 0.303731633795712 0
-1.78707720293867 -1.47161750246754 2.04807582324065 0.41134419452035 0
1.90776728969567 -2.011126383288 0 0 0.288767593328897
1.70903050103593 -1.80256086133596 0 0 0.309628964159476
1.52421411662162 -1.53021574656114 0 0 0.315194221417747
1.39848587645619 -1.16554445491139 0 0 0.134716002180706
1.20070710622385 -0.813123285423169 0 0 -0.157529988373311
1.09385238065048 -0.451274992117157 0 0 -0.453544097346151
0.916894733904456 -0.164834235835126 0 0.00217012418137433 -0.629178810778987
0.403669019394743 -0.071560693540519 0.318083034033045 0.309088335698405 -0.519953969420389
-0.0978295835679392 -0.102201237553192 0.878607195926012 0.398343496144019 -0.301990100444397
-0.54626132782831 -0.172121441470606 1.27932396507509 0.486251260148247 -0.318637448333669
-0.773157413307422 -0.361152901346969 1.17341791786928 0.636155217339017 -0.069191043927684
-0.793884796176907 -0.47637982298494 1.14810131465656 0.701625753176522 -0.110757357507948
-1.41340642915775 -0.845330958756934 1.32130170338485 0.366702335130336 0
-1.53760264017481 -1.24046221097555 1.37498437438631 0.427857220643763 0
1.85244999365519 -1.74805415375592 0.527346916176498 0.782798472902343 0.749217514884335
1.60251788327014 -1.61532255099245 0 0 0.2572707333617
1.44281177771221 -1.33801840521539 0 0 0.255479422635854
1.29958967698578 -0.986733448513505 0 0 0.0710619187441525
1.01804081625271 -0.656750743820379 0 0 -0.299769722325694
1.01006771078888 -0.313012557374145 0 0.124244528330768 -0.607766931441631
0.95651618761933 0.0910368345293493 0 0.151120331292579 -0.890314221106225
0.884684892040316 0.350690976029358 0 0.28023071370597 -1.17854307684609
0.411177829957705 0.437085936850948 0.410908976978186 0.560414909801548 -1.03129246683634
-0.255911857412016 0.511500219586789 0.803658803615355 0.532054509872316 -0.703592427907429
-0.643749296775891 0.26192001668547 0.848880672811041 0.624372339238262 -0.372762093229818
-1.2161803731863 -0.110174677015297 0.833951502715611 0 0
-1.2119497299786 -0.514559012531233 0.796721449607377 0.383736235558694 0
-1.30094025200415 -1.09630169096754 0.676707050796392 0.481233065587641 0
1.71582081250515 -1.5469199417405 0.5910881847204 0.786719653641087 0.812616350240453
1.53795780988206 -1.29980941809056 0.274861301426726 0.508314809116311 0.562850860275015
1.31259821061876 -1.14451326965149 -0.109677277388255 0 0.210201985599635
1.25091937839993 -0.776048788034321 -0.162778882613716 0.337589630224937 -0.148345581980798
0.82193232041397 -0.518831939662582 -0.294143944496013 0.295736559244124 -0.559329309906654
0.608212798784468 -0.107270400963095 -0.27527353449468 0.320504097496983 -0.830826504453793
0.890551909050348 0.230433405763914 0 0.26917106730283 -1.16673512335374
0.914389324511285 0.574520149603568 0 0.352172314758548 -1.47852997616012
0.821903565023109 0.744388396904628 0 0.579698690273284 -1.37019425924807
0.470317175698158 1.23388526835661 0.286395238425129 0.124606027421356 -1.39137019258511
-0.0163094560631168 1.0954114370064 0.301845029596281 0.464667316489943 -0.935936404767504
-1.08501918391456 0.434844439857125 0.649435937869334 0 0
-1.30171786076105 -0.197209788922839 0.397133053693594 0 0
-1.68119294904303 -0.999669020923451 0.243311444886898 0 0
1.72534568111114 -1.36184358779618 0.594749583446249 0.693028573528102 0.878066183784297
1.36767320822349 -1.22975398688136 0.227664594340279 0.416809116179351 0.587923094041749
1.11935192438096 -1.08844428323561 -0.131632412806838 0 0.197130378586976
0.923759781219924 -0.796251065395083 -0.339428719584058 0.365553163997839 -0.154017688480166
0.353441539595118 -0.487048769487931 -0.499969677207817 0.399610362699555 -0.821231787348324
0.0391957364933733 0.0569736911533086 -0.456364119577264 0.411072173999019 -1.06777729954884
0.604167924784759 0.237524742089774 0 0.379649499897537 -1.45000007877613
0.834387024980438 0.618191821483365 0 0.430738994137054 -1.479355401763
0.915066400963596 0.886592263202197 0 0.590163872742916 -1.291531350664
0.869388438133373 1.1657730397127 -0.113912577287072 0.72427768481752 -1.43970643203787
0.171102341360548 1.31917916571049 -0.0234795200493371 0.824517737062707 -1.05709934322671
0.0423330275465772 0.889295311449333 -0.121976903543257 0.784652714632953 -0.799381415680265
-1.19914518658281 -0.204662171607469 0.0969280191759934 0 0
-1.68953719377242 -1.32110283671728 -0.0990476517870385 0 0
1.54759609262509 -1.09222149681313 0.0481601264787548 0 0.394818405981563
1.21294080452526 -1.14998326477181 -0.0566791473490225 0 0.400376322017045
0.812668130827492 -1.12865189795774 -0.163882796620566 0 0.208124872209039
0.42014028955305 -0.988953657879827 0 0 0
0.363657986927225 -0.666000684999664 0 0.408507605914735 -0.907979509613697
0.218459559039807 -0.381737864573302 0 0.399257534031476 -1.22493237545978
0.486296939853791 0.0979058071289103 0.0480306070839174 0.535155871028199 -1.40202462541744
0.627706000516308 0.341793752535848 0 0.544512711903503 -1.63377546804084
0.611900288352542 0.64648833090066 0 0.443078860029747 -1.28633285086436
0.980874103460509 0.83108048006247 -0.206055606706744 0.740097941809317 -1.3903553885349
0.603705998919512 0.857833280198711 -0.160673611762992 0.592184663527231 -1.05828538787995
0.251853997498475 0.70372928835295 -0.263944644216353 0.496618602174426 -0.69587830119208
-0.0742981707208895 0.354555756969929 -0.499998221403721 0.473234125904335 -0.398461546961537
-1.44332810041415 -1.1224972979909 -0.276682686553752 0 0
1.20731571751275 -1.24104271445332 -0.0440167362888268 0 0.448280266907177
0.627169928739899 -1.19015397300741 0 0 0.169111858296017
0.325040428373943 -1.24051525920282 0 0 0
0.154008537582403 -1.28538919639109 0 0 -0.177707787895818
0.488239838025163 -1.04065343655232 0 0.429904925289632 -0.685252833765769
0.557259261126028 -0.894222132702654 0.208874472371911 0.456401565429987 -1.07214318695515
0.73463272691333 -0.697288069257913 0.308521390347138 0.486159931817802 -1.08190901477604
0.836305453502561 -0.292992764621625 0.28591290400506 0.500094344993515 -1.11796519433988
0.30616198706604 0.20150334319678 0 0 -1.07429745988533
0.653068954311745 0.496125204263481 0.169189806400578 0 -0.994286163588559
0.372095163537877 0.57829412274809 -0.0749253918761371 0 -0.708915239168328
0.20044048764612 0.382785688611052 -0.370706307507338 0.391063366156384 -0.558807493886465
-0.0355034798382293 0.0145522970824629 -0.587465195924323 0.460827063391029 -0.343288311841962
-0.253491142515972 -0.306294835234718 -0.890270130821974 0.432694416668521 -0.162813855252934
0.50936236150513 -1.28980445463172 0 0 0
0.415218819797891 -1.35923055964394 0 0 0
0.230274078812587 -1.50959193189335 0 0 0
0.0596575575387282 -1.67733082398605 0 0 0
0.382011177080273 -1.52180073161334 0 0.33910790459855 -0.342946107849816
0.739750039977238 -1.22747993231172 0 0.480316429688016 -0.828473930525606
0.488170466761543 -1.00220339582294 0 0.259451796842554 -0.746482867848996
0.338396289926526 -0.603206056592074 0 0 -0.783135305675902
0.482291101023177 -0.245929185009602 0 0 -0.820748249708174
0.73530524742226 0.167551211119306 0.133595453927806 -0.0363753066288284 -0.703457239223395
0.526084306601479 0.244239212289251 -0.0734934430352873 0 -0.570422648367735
0.311654655724075 0.0692091687117491 -0.436825615246541 0.13053673358079 -0.607205648877485
-0.00757409553416089 -0.100480575266379 -0.678799673458856 0.176185962792107 -0.361115237070334
-0.266529705059101 -0.341880322823885 -0.906065980077499 0.19028626767354 -0.129249908306061
0.36879257660294 -1.31227286866048 0 0 0
0.297438945065064 -1.44141424042558 0 0 0
0.138930225903345 -1.52863769054048 0 0.278949507365815 0
0.112962201883446 -1.77067400396439 0 0.298715955628405 0
0.232224648117581 -1.83802868987464 0 0 0
0.505896858508479 -1.69117891095712 0 0.288648715205286 -0.395626990026004
0.920861571893699 -1.39655409458761 0 0.379842911309702 -0.788045945102571
1.00265876166979 -1.07804964685605 0.149805228362471 0.314906339088154 -0.869010618909465
0.829918000317241 -0.589946573971759 0.0568925056270424 0.0944224157427876 -0.762041018470532
0.74088996398303 -0.229960148519681 -0.0721879194794822 -0.124783136700699 -0.669191430758848
0.531751988767762 -0.0935505846915454 -0.126236511635106 0 -0.349427984204974
0.304085595347885 -0.0992249298650941 -0.362905878240293 0 -0.265039478155948
0.162144415874699 -0.285126959762428 -0.776042844426965 0.105272804770367 -0.372505054695852
-0.0991527981979986 -0.378808264082674 -1.03317308863937 0.211949365344311 -0.18574561275905
0.297116202027799 -1.38774855784498 0 0 0
0.137479104896627 -1.25979201509744 0 0.327681596809796 0
0.154295593818113 -1.52673930331026 0 0.408514009022708 0
0.268748129371499 -1.84879373476503 0 0.317555801650169 0
0.464999200382372 -1.9491751592052 0 0 0
0.611207566343236 -1.83904364330657 0 0.297566984228186 -0.198193418731178
0.651644811556917 -1.76452364524418 0 0 -0.292724901907712
1.21124064304505 -1.54224114967271 0.215313182189993 0.194696146101859 -0.710929260979743
0.98197022953349 -1.06361560252304 0.0121784550653713 0.0751225990322844 -0.708911629578844
0.693713057816812 -0.676387659065722 -0.141642844162809 -0.131435842071345 -0.624302257307287
0.623663826831588 -0.49061268866504 -0.215262661478897 0 -0.207494487243281
0.544908596535318 -0.422402656689385 -0.440786174201935 0 -0.20747641069365
0.344773095207 -0.457555003603438 -0.704919948596762 0 -0.276261601898692
0.0835541572171459 -0.428529756291235 -0.918962306653687 0 -0.276102742463493
-0.0436489260636881 -1.05208729554277 0.42823719469284 0.431171093453382 0.385680264891897
-0.0588472482072523 -1.29738752299767 0.380889912263255 0.518505524444914 0.295593061824838
-0.011366815407587 -1.63146670394337 0.369539887386163 0.521401398982654 0.299572714980738
0.196930093585093 -1.84102531936104 0.308562707046352 0.484055122506627 0.259743302782159
0.821872714232491 -1.91739295148381 0 0 0
0.95633626236565 -1.85853042843732 0 0 0
1.04478943935867 -2.02102421728772 0.202807250941995 0.343426205769401 -0.22321139222073
1.14055286871606 -1.81107892324071 0.209606337877307 0 -0.246193498384487
0.804296555980824 -1.42396815622111 0 0 0
0.832560196966484 -1.14198085953441 0 0 0
0.722774102390047 -0.960553468487607 -0.310762213547654 0 -0.273787993251337
0.627997933197484 -0.822324351716463 -0.525739899844865 0 -0.268199210246149
0.474590890026715 -0.729388476689159 -0.783101081228327 0 -0.278420154142431
0.270187972633888 -0.653952631411394 -0.987739365240068 0 -0.279230292024025
0.00931582191467968 -1.07812956575095 0.451736433146545 0.678457365299578 0.456829052638182
-0.0219482659986532 -1.37732521537998 0.513464844811375 0.734747903237302 0.473011951837037
0.141586495915712 -1.57664178398253 0.461825425933726 0.718947658859133 0.409463229564246
0.35159414221641 -1.72041584075374 0.374809248717063 0.64903982807343 0.281182888640823
0.600942411430625 -1.85551219331662 0.260888953813836 0.513839842498386 0.139108377185332
0.804992480108717 -2.02238840176345 0.221285609900482 0.384514163397648 0.0725211492545705
1.02785401503369 -2.07471683519547 0.0821176262388689 0.395925885672642 0.0425986973967329
0.981690744048775 -1.8599231505947 -0.120039386651356 0.321745368229106 -0.0257083997008649
1.14085098961902 -1.56444781123067 0 0 0
0.879874166525564 -1.48234824497511 -0.226062293935572 0 -0.351254039905797
0.410538447443055 -1.26763959258631 -0.464521519278968 -0.468046143846666 -0.460582878840364
0.301817898006437 -1.15910881824809 -0.687352992948295 -0.518003615146676 -0.443524915463267
0.128202350740806 -1.01563142638459 -0.890368567738338 -0.576227214745595 -0.410599961225064
0.436645815017467 -0.935254120051237 -1.05234886159463 0 -0.289634289348519
0.0419737425795295 -1.28760516368865 0.666702797016342 0.801460125377905 0.756618213209142
0.0911121062894616 -1.43608703499939 0.65117017452438 0.873387724962767 0.681583924917408
0.246406005359205 -1.54880798854101 0.560244070502114 0.889017428767781 0.542871581539118
0.442864191851523 -1.64919792536916 0.436044236644276 0.820052464428125 0.355748962139908
0.593393448971891 -1.87463996041046 0.350112492919902 0.583050306654285 0.293922345225826
0.612789575219196 -2.01738203171177 0.0730928889793526 0.555875691204022 0.365721882961139
0.802737703687989 -2.0235536210367 -0.202367711230587 0.564540784401074 0.419640534158976
0.714074862309869 -1.792036624081 -0.446959071665901 0.515673094094313 0.131094328270695
1.51963459937994 -1.53081720167521 0 0 0
1.44419924204589 -1.46791692600012 0 0 0
0.91930541046047 -1.63676465556587 -0.494297055480105 0 -0.351712032062034
0.405517240420584 -1.52106200630932 -0.830533864421107 -0.490397204598853 -0.561155655312799
0.282999596150786 -1.44198752785697 -1.04594312893371 -0.593978722853026 -0.526295195303287
0.663587012556485 -1.30037129731204 -1.11322856853165 0 -0.252984053098362
