"(Intercept)" "X1" "X2" "X3" "X4"
2.27936037632525 -2.02115571937177 0 0 0.987934355994405
2.10426655090783 -1.77879133831275 0 0 0.696668609597691
1.90016800539716 -1.56493693463463 0 0 0.431631678595123
1.65285338068725 -1.39464593083911 0 0 0.171118575814552
1.01861912818933 -1.28840969452274 0.404440217526368 -0.186758111489802 0.0684585768938467
0.528294141476134 -1.36906558040734 0.572236780187971 -0.0766582115275998 0.284422226329327
0.156568491213146 -1.45908596350356 0.744463306414169 0.075408542843609 0.514793092845336
-0.0857123756514288 -1.4301302648159 0.942266485160303 0.222531840704014 0.529904588284225
-0.542714512592842 -1.31181363536672 1.40975181196153 0.255844991531177 0.411424036003814
-1.04781603605799 -1.30913785506491 1.73925151689511 0.229444916481642 0.43251727532293
-1.42942283724717 -1.34071592072943 1.94139248718081 0.269087840341634 0.407125361112518
-1.74250968009701 -1.42500393796588 2.05916734065636 0.335761863342813 0.441890207128537
-2.1178233256076 -1.37199936824584 1.76761631425529 0.259250381256219 0
-2.41321394186165 -1.5464929459125 1.8059373381948 0.279922869954547 0
2.18382171525712 -1.89263127533175 0 0 0.910436704218134
1.97375595184005 -1.68220983178965 0 0 0.684488673525592
1.7809572150053 -1.43659568129094 0 0 0.406159620982559
1.58615676581919 -1.18824743028897 0 0 0.143094844828229
1.37706957597602 -0.937895111763217 0 0 -0.102247677767641
0.782129181159376 -0.801308028278193 0.252440770160016 -0.0537113189076803 -0.179102659175386
0.379825057101895 -0.854902547888513 0.482265499172308 0.137050726174657 0.0674668818966045
0.157357407371706 -0.870448595613408 0.723384999901587 0.320577532806213 0.15430238801159
-0.350281783377428 -0.797250815794418 1.10843848864179 0.410743692183074 0.113479133541571
-0.820612041020002 -0.822890154884486 1.36966855073576 0.43033180662733 0.142414189404352
-1.22412939033524 -0.871150244823918 1.58636222793039 0.466496983263041 0.226751914196469
-1.40655361467646 -1.02850305767851 1.61732350673825 0.525233252541592 0.276299239651825
-2.07057168872366 -1.07486097412454 1.3582706488684 0 0
-2.43286981150906 -1.33632390650652 1.32282891920602 0 0
2.13326194983869 -1.71526314148497 0 0 0.796339557277813
1.8984617000746 -1.53786266197007 0 0 0.611008881471971
1.67694428009451 -1.30873841492164 0 0 0.362591912881049
1.47476083261591 -1.04904272936061 0 0 0.0909767195588394
1.29435310148259 -0.746417097008817 0 0 -0.191296150815314
1.19935969883405 -0.454803689553088 0 0.0998177872280185 -0.388838420413828
0.608764932917527 -0.310487547972999 0.147621067253801 0.182789260220913 -0.44587582384185
0.364136352856058 -0.299152888121745 0.454352719117869 0.417307565891521 -0.32823969496174
-0.144827735676494 -0.299980028514034 0.772920496887692 0.595381924373926 -0.258601871706805
-0.606248137504706 -0.33079852225748 1.04647305645528 0.639845430731419 -0.137458484671996
-0.928984763662533 -0.411838114338996 1.18200440464568 0.617839067401018 -0.00372833979928341
-1.50667413158124 -0.498603856826028 1.14126803535802 0 0
-1.80229192414205 -0.846947520773826 1.07877359777919 0 0
-2.2027527208018 -1.28933610079844 0.983915145316594 0 0
2.07828633820878 -1.50874365039807 0 0 0.692290025623767
1.8230493970082 -1.37908575285936 0 0 0.531986388816066
1.54461107358254 -1.20727067427077 0 0 0.325029653139367
1.33484385134812 -0.94379037307735 0 0 0.0584662552697893
1.31760967136094 -0.627254890291537 0 0.211135996916264 -0.222177161336737
1.18356056013562 -0.293773174736307 0 0.192077247539742 -0.557701942661278
0.974353860786383 0.0100027246304233 0 0.195141743130467 -0.788097498702765
0.551044944542853 0.221219629267467 0.064619748062493 0.461269725519636 -0.863987844474291
0.1565848645023 0.19047612548125 0.400715784950523 0.798004580506224 -0.676614053348686
-0.223527620586408 0.117774922965597 0.639843511921376 0.839815133274794 -0.49197759838324
-0.614654502762465 0.0150332914916334 0.747937726115875 0.745156091835545 -0.276869068787915
-1.29260270247712 -0.178067372048502 0.894560916605394 0 0
-1.64336546960187 -0.67651063026003 0.778627682946578 0 0
-2.02501517640148 -1.21133881463297 0.643643066530032 0 0
2.08060629276769 -1.309181146705 0.343189190115658 0.155929550529278 0.990401282282227
1.82728754072222 -1.17625346460188 0.189707212331671 0.248676922852335 0.673838116229007
1.51563306930683 -1.03577412245346 0.0355923633137928 0.324789780149493 0.315800287364252
1.22396977582438 -0.829641254426221 -0.110216727521973 0.358663429805117 -0.0836899552271635
1.1090364439545 -0.611155894922538 0 0.239288309697231 -0.302178824042153
0.800245965804756 -0.194503678527587 -0.161450058725498 0.349623393339694 -0.739026121909724
0.877261260206946 0.098892121357335 0 0.205362744684437 -0.939422924676677
0.796644544858997 0.421318094233062 0 0.369769009851934 -1.11066545921862
0.552203744662351 0.662245575937519 -0.127963335865233 0.84617432240993 -1.1652517912585
0.188921357671487 0.490244272815207 0.189689885554838 0.943915878230496 -0.854132678441254
-0.2708776123118 0.257166631354094 0.372645682981652 0.780377822936666 -0.565536068407834
-0.699100263939734 -0.0760221766406351 0.452897400841347 0.639794662559202 -0.274991968688941
-1.49412276161753 -0.575506593560717 0.503338622289109 0 0
-1.99641310647587 -1.16655259077393 0.406596004116557 0 0
1.87239214699619 -1.29361861898846 0.308433971936006 0.11786440983557 0.960995204120705
1.65650207684755 -1.13627038658117 0.103842232566205 0.20736761109437 0.636993275497221
1.34840597760529 -1.02068345320672 -0.0686111924776796 0.315728005148612 0.2874766253996
1.01853982366205 -0.858488711022962 -0.21108105888396 0.418234630913471 -0.127654264068361
0.871703502926966 -0.658394590191474 0 0.300299401580039 -0.391462658559772
0.707034073186027 -0.330246946823448 0 0.270784169695636 -0.781212509347179
0.655098836505947 0.0351033574622218 0 0.243517270560256 -1.0970847853491
0.773052197688243 0.344987944961584 0 0.408263369771949 -1.24031579096977
0.659579347036424 0.615805301748235 -0.461135647473946 0.82072707337532 -1.28021564968734
0.651190545346884 0.686788725630793 -0.211651841863055 0.758956040284475 -1.2275699754941
0.225182334424428 0.333814750526893 0.133212524009712 0.667141031340186 -0.914567159766432
-0.788109324424743 -0.106577901069381 0.419427471755169 0 -0.267628473293039
-1.11883883304222 -0.738899299963113 0.238772855918281 0.340383655238413 -0.0142660129874413
-1.57295600644737 -1.34948471359931 0.0764387898823995 0.287508225413379 0.260824996204275
1.58355089825529 -1.36599356073181 0.368332023907875 0.157185837203598 0.931686639700528
1.36181847962026 -1.2505361054008 0.112152206729131 0.230115434964007 0.630949762940228
1.10420916182232 -1.09732766032113 -0.152710220394593 0.302464925816221 0.246456250545645
0.853398443908268 -0.902239280186549 -0.302367871711804 0.414567727600942 -0.219535492996316
0.511397618962711 -0.713352149454076 0 0.386995801474369 -0.605017116099
0.248899184440488 -0.467937767013416 0 0 -0.875430130896735
0.294292105623442 -0.222165095075259 0 0 -1.06033198263869
0.321098613327294 0.0732075274521177 0 0 -1.01564303841352
0.539864635870045 0.343444140756576 -0.293687923839124 0.434870518306729 -1.02203354809733
0.837727429109324 0.544979717559697 -0.11446595089932 0.470134000752522 -1.14314853291229
0.705792580682854 0.570088778735358 -0.171415983168929 0.508831736256153 -1.02098077314586
-0.101563969332485 -0.00225022042941342 -0.0399079546438121 0.379517317057187 -0.602438625651642
-0.916661866735387 -0.69158288042959 -0.0403747983823405 0.204365302928185 -0.149863441171221
-1.41015156208933 -1.32604105283538 -0.215213011395832 0.12816574689686 0.138852838604557
1.23854859837151 -1.45312292678319 0.382961855350609 0.172631717874074 0.820033228586723
1.00441414435105 -1.37157244523512 0.14622108755772 0.263444946149695 0.56386819325804
0.772698517499903 -1.28262519760326 -0.0620957377395226 0.355399052623918 0.252923847786609
0.51275262788653 -1.09376802007898 0 0.363659603602323 -0.217529911026434
0.53515726678136 -0.908286252914101 0 0.374429717736871 -0.66337447547934
0.395830765747219 -0.764441456035964 0 0.230260946065407 -0.887430567105074
0.244704017516166 -0.551809480295001 0 0 -0.965969801687688
0.262805250497262 -0.237803393637715 0 0 -0.904774047145503
0.359626537673225 0.0989481720206615 -0.0310698435094952 0 -0.85954150067647
0.51288906057826 0.298263128297832 -0.0317452894242213 0 -0.818938250378641
0.613348912555133 0.361334423460881 -0.269390675053621 0.325239003846334 -0.874207399307259
0.400582205252521 0.317230850571352 -0.456602070849403 0.336373908517085 -0.708854080323957
-0.254531733048978 -0.189095919443704 -0.485116354928959 0.214658340708406 -0.386467693160553
-0.99624863114004 -1.0972462397422 -0.616303118061049 0.122230271631173 -0.112299045438675
0.889452004998649 -1.4802893009543 0.378760719451309 0.221378221534588 0.695761034704716
0.623875855196852 -1.40895186695648 0.170484413852905 0.294714259387294 0.454764103253817
0.405873822567412 -1.44759904297363 0 0 0
0.413045212733287 -1.33968031616046 0.0783940458062797 0.307404976998169 -0.139695324275778
0.608476927527501 -1.2447641983217 0.12622800277032 0.349330314592008 -0.512189508267937
0.504075857701088 -1.10521626385331 0 0.212427621074295 -0.659265676402673
0.407157634944423 -0.930773818279287 0 0 -0.782859480483685
0.449519884710771 -0.616592609666126 0 0 -0.821071343300821
0.384787907251018 -0.220493217319497 0 0 -0.709316613536426
0.664792943455086 -0.0297170249062426 -0.0670240252563787 0 -0.797456769201483
0.504143911374711 0.0712364721372752 -0.215708654681252 0 -0.623877100570805
0.50802119615316 0.0560872714704234 -0.522693230404798 0.256172622449587 -0.650263075235165
0.307650610168598 0.0339030988725819 -0.766335673988826 0.30875128138761 -0.480073833943142
-0.274361014061875 -0.489969844089024 -0.919601811414561 0.26287178194942 -0.240819555459731
0.67864373025403 -1.521719542629 0 0 0
0.408966196957203 -1.4708348908721 0.116634166605954 0 0.264812227680735
0.392193907809878 -1.60033529974461 0 0 0
0.235849007255781 -1.58285306159736 0.191707088942839 0.238597487727637 0.0331535610632837
0.592003279590595 -1.53408557964888 0.232431886759249 0.249016608961628 -0.25251897643417
0.686692890069549 -1.34340627846845 0 0.280325611111918 -0.485943639801151
0.776499509067826 -1.26378403143658 0 0.298619705021523 -0.633118086514132
0.759995139774017 -0.988235192738153 0 0.212850367650043 -0.69872149963313
0.614522748538524 -0.643316509927676 0.0254862475728328 0 -0.624378207477384
0.637888855088138 -0.393595826294222 -0.0948165243472716 0 -0.619232560639759
0.566246169256811 -0.218442179527449 -0.276069264750627 0 -0.548636844174257
0.499396276602603 -0.180533722963294 -0.537322392093415 0.0265361722621555 -0.565683767311051
0.378603522251597 -0.191206981681611 -0.77563375620118 0.130706917192104 -0.444444902594102
0.22991196197619 -0.187102494302301 -1.03968279547396 0.227768166486485 -0.299084355139939
0.608576062685301 -1.585555913145 0 0 0
0.160596964655438 -1.47181412282546 0.345790916095968 0.309492827028034 0.413897758307509
0.175299221579757 -1.60984544739536 0.297216521528454 0.286484494144446 0.301355981968332
0.48852631981493 -1.73848472783655 0.228105497419425 0 0.0620292241439074
0.649475856427934 -1.72238514244891 0 0 -0.115822559595565
0.960032147173794 -1.69980346070976 0.299027589433275 0.221283652626514 -0.317300022709882
0.943909761545276 -1.53074137673694 0 0.327022759914529 -0.463440047215089
0.979400942092596 -1.32089506608857 0 0.314507681905501 -0.525308165055031
0.628914308234408 -1.0279549085493 0 0 -0.397152078828581
0.650007717315121 -0.773831114121833 -0.123978624957153 0 -0.478108095245543
0.593868108625338 -0.581659968527397 -0.344064445319009 -0.21240713683029 -0.575687016184132
0.474170845384803 -0.419567166610408 -0.513046649460634 0 -0.43564020290061
0.355889648683365 -0.411945247696439 -0.775963705992084 -0.0923215260310978 -0.402584674923817
0.247144251100417 -0.38853962960052 -0.994054045059652 -0.0153811017180346 -0.27632952918505
0.147495150203413 -1.50702968214422 0.52806570143278 0.312001159415256 0.687109298527681
0.192388391225059 -1.60031300845968 0.452789426360847 0.324430671176904 0.550379916669794
0.307896797409081 -1.68527648583184 0.372676596538297 0.315638684995848 0.405386362943087
0.716363710092734 -1.83691686332456 0.234278669697067 0 0.160777404084963
0.904468415201049 -1.82431472906989 0.166816970861267 0 0.000163620330945108
0.97453089579031 -1.9010208926107 0.36049319000642 0.166286923887251 -0.11281461141652
0.979484271046 -1.73286814250429 0 0.278588529564484 -0.229190503899302
0.967491829619917 -1.60155345594742 0 0.290171690971609 -0.345171941484814
0.752935992676295 -1.32215285206936 0 0 -0.29449867839771
0.686920390148519 -1.14076803408491 -0.181628321011061 0 -0.366093177975081
0.657845579889194 -0.930796514590707 -0.324413334406348 0 -0.391502975837348
0.478175251124131 -0.807145492617248 -0.58565928681958 -0.310280565524249 -0.452998644272419
0.282157088515531 -0.67631443588232 -0.795881068267015 -0.334425245595293 -0.363810668636687
0.203587764766549 -0.623183057130885 -0.974710650889895 -0.266214022251102 -0.261093982329676
0.160619321679983 -1.65678289261506 0.633299052134993 0.332190579270736 0.872776810334618
0.277395230949121 -1.71878583204964 0.53738329169165 0.337685623871021 0.700899644280437
0.768779396968678 -1.86499310688218 0.254986410674666 0 0.425964724649244
0.906088330227306 -1.9482809464589 0.279869086415042 0 0.298610474840252
1.11080521204314 -1.92258199163887 0.172390545211486 0 0.103527472568004
1.23117951531394 -1.86119871297949 0 0 -0.0283366288281837
1.02821993522047 -1.86994400184204 0 0.213597008651715 -0.0785181805323887
0.990481964115629 -1.7534227750463 0 0 -0.262369667241674
0.915485020392895 -1.58514071302685 0 0 -0.316979306037361
0.934776428621093 -1.34710498587576 0 0 0
0.921881884804933 -1.15975725293288 0 0 0
0.677860139524069 -1.08169565089357 -0.494649936810363 0 -0.315175075137217
0.322933209872872 -0.990256313221866 -0.838275116124262 -0.408351799250207 -0.336772414743491
0.216822118685325 -0.890505504511316 -0.993033981977495 -0.418080274224018 -0.243645851884393
0.175529014423826 -1.8928480320234 0.70632281402485 0.246606533397558 1.00411365333223
0.321968675269705 -1.97633272428687 0.60936349135272 0.223754368809619 0.823295889629246
0.872093358742421 -2.06793785681 0.314582954911813 0 0.614339347655718
1.07154389566745 -2.08470232842556 0.276799649978477 0 0.416807821588713
1.26303850589468 -2.07507062248589 0.194558767715685 0 0.245885679855197
1.42125204447468 -1.97854325707192 0 0 0.0742041323566768
1.28652557422821 -1.97992579635843 0 0 -0.0354392279810255
1.17079515408586 -1.91571329350762 0 0 -0.174950337521911
1.08728109639702 -1.78963920499168 0 0 -0.27633018961476
1.1453479774109 -1.56008694067358 0 0 0
1.11912079211855 -1.39211656227858 0 0 0
1.0268456910316 -1.20599955367485 0 0 0
0.547925402017737 -1.34306336655548 -0.848384907320113 -0.253595208094671 -0.320465571332755
0.385197443352712 -1.20655820426602 -1.01296926286708 -0.35297825071378 -0.246379124749477
