"(Intercept)" "X1" "X2" "X3" "X4"
1.69710449441149 -4.49210365593304 -0.753284207573945 2.2313752851377 -0.0850829402572434
1.12031938942319 -4.24057640211368 -0.789648132378853 1.58372414068748 0.512857535820616
0.86976493233664 -3.82786805055519 -0.774544006342646 0.825569621698966 1.26979405493638
0.916642496356066 -3.97060193132854 -0.346720026734396 0.564021223488782 1.50260038765948
1.14126410848033 -2.65292563390634 0.390640532637521 0.276643839866133 0.646261803129491
0.675235858260332 -2.39389553605452 0.341046044724833 0 -0.0213624471604802
0.65731321101661 -2.15025518530207 0.651329914644701 -0.0192025067509098 0.264242468954642
-0.00125950220838599 -2.38215754031126 0.58541592449384 0.246741142762662 0.525128909852477
-0.39414259347274 -2.40940496463204 0.59867959921883 0.328644477874622 0.340740366624402
-0.717172121745844 -2.22009352127418 0.455288384185144 0.301757919041823 -0.251203635162461
-0.824534583344436 -2.01797217829871 0.763320684874727 0.848400170969211 -0.656067598119888
-1.107758308125 -1.62395970700863 1.00921026368424 0.806350049650596 -1.12744750534508
-1.64018850234882 -1.63515695312911 1.4031322506738 0.662001774733953 -1.29801301513715
-2.20113700389226 -1.89598894777139 1.81286132523466 0.582260694076058 -1.36294583942343
1.53255861260313 -4.31534194887199 -1.02816117198506 1.89583802721459 -0.669961790856812
0.822832804979123 -3.6144290780727 -0.482073376921173 1.10065941816181 -0.360804644504987
-0.00378364423865293 -2.79268708103843 0.207387164152739 0.326172671736722 -0.33063625754544
0.440494042019345 -2.86018647401691 0.0171274576400058 0.171412247945355 0.480617852143189
0.633610833685162 -1.83704200627756 0 0 0.404546074756288
0.592416713470999 -1.54331733605303 0.216277216085706 0 -0.374598331394947
0.666787243830312 -1.15180927567896 0.400616177126728 0.132640766608318 -0.166387739766483
0.10784998032766 -1.34334953374379 0.403628411016674 0.34028507472129 0.0180047104041389
-0.308987066425874 -1.35841984546341 0.256986208564674 0.363191212964828 -0.283427637755475
-0.358926637128711 -1.26503583573426 0.111678993893813 0.552582813282309 -0.751719658324015
-0.372546995833018 -1.06322080827437 0.542258778223606 0.649451345845302 -0.880079706675144
-0.716800947517241 -0.86403270752076 0.875667999297726 0.422035617686597 -1.16677700089351
-1.35257218865463 -1.0403872169869 1.26987629067079 0.246036262638096 -1.18291544704681
-1.93840147934487 -1.40873266269128 1.61298992971877 0.275584913059083 -1.1109461329722
1.43951397586308 -4.23602263240904 -1.58327204814905 1.56046291076698 -0.98320911632757
0.176150123441686 -3.38620564933309 -0.509702555439943 0.295933180408065 -1.04818094051782
-0.418341477299572 -2.44934334093131 0.0651024259873378 -0.123411138482499 -1.05753184768318
-0.359053790068312 -1.85440141798323 0.311063202508153 -0.207848970609081 -0.621017317142356
0.293672098119634 -1.1376268168604 0 0 -0.279237062236414
0.284413767225712 -0.84052676114125 0 0 -0.76087190878523
0.732627860444419 -0.556728938539863 0 0.378927575791113 -0.607070999323678
0.695570106799874 -0.369358176987661 0 0.388652451070367 -0.678293617640971
-0.441537070980741 -0.435376576644221 -0.0814341889200354 0.458471103563098 -1.06308490624344
-0.109865819519535 -0.485955355106076 0.0570772871374522 0.657103889894137 -1.04125978697338
-0.00791301590905103 -0.236011000676244 0.369292583686456 0.395290948626176 -1.02902464393301
-0.764263047311487 -0.111830506866 0.863255431846811 0.365947120582674 -1.00921511495846
-1.11877197004037 -0.446535668177432 1.06783593516206 0.191915970758468 -0.932882219083551
-1.41511223438412 -0.925418864647861 1.17914097633566 0.0914925584367912 -0.864450118466614
1.5486616437353 -3.57184025973023 -1.21653570384112 1.0180965783707 -1.39855694600599
0.222974895242074 -3.09426924034235 -0.704264500880112 -0.0227745776656859 -1.06288130111884
-0.383338380849076 -2.14349187574208 -0.300064106171276 -0.330937552450803 -1.14876331999632
-0.705762503621629 -1.24366212694146 -0.0791309989043682 -0.431958724291476 -1.20788860919788
-0.0424392537264123 -0.580039282961449 0.0511237801782675 0 -0.78525429115262
0.179371331498902 -0.349748080385403 0.00529574772320892 0.430615716440982 -0.95059067794156
0.556608813354407 -0.262997495967275 -0.0852093620730877 0.617560877118751 -1.13958722600213
0.541444012989613 -0.0670195041102903 0 0.411822324593271 -0.83365330629781
0.716812919946037 0.305660849106379 -0.49566350193785 0.292698373022833 -1.28160181987478
0.126622969432726 0.308827962436554 0.0333824265128337 0.453898710486274 -1.07624026000764
-0.328564879186659 0.530643874518613 0.501248003102579 0.497056369130725 -1.0023630243493
-0.409489825312563 0.393872614707374 0.773152653409179 0.328668968017895 -1.0495093733529
-0.680622985922853 0.0390934640733057 0.902309201284691 0.0762157819023478 -0.991073841710908
-1.02949725563697 -0.397061362451594 0.815510355373185 -0.151407761892315 -0.670472197447244
1.36764324177588 -2.71189398172639 -0.533231851848764 0.0291647077046003 0.198025345759699
-0.153164313789635 -2.79930070451929 -0.128508741511335 -0.0844715609984631 -0.601260209080567
-0.402585155843066 -1.88480727335265 -0.254359826854742 -0.434041951040099 -1.29394151652066
-0.132518861734706 -0.912655814688689 -0.364992718735358 0.115694916911511 -1.46706963241344
-0.167886443567017 -0.202955176350517 -0.152087397672171 0.433537229063509 -1.41427711010214
0.069398737726198 -0.182400953806117 -0.215508364976518 0.47371392623921 -0.957720417224202
0.375337668491195 0 0 0 0
0.563636493757267 -0.00522524982561722 -0.430558564590986 0.348082645928085 -1.2777084514056
0.883763620904995 0.334440258937181 -0.601768275650973 0.381657478959526 -1.00377282708683
0.0298690098394051 1.06388317789058 0 0.110748664694549 -0.866082504259033
-0.0957431874550071 0.965071733913253 0.133884417118124 0.341768520842911 -0.971594146212802
0.233511961269703 0.872957583650553 0.313102076927451 0.552443266729293 -1.10184420667335
0.0948081430915373 0.737078197514066 0.470728838189732 0.357645091658317 -0.985293755300058
-0.881548501788534 -0.195717618251038 0.281808613570932 0 -0.476029124234405
2.02013659795296 -2.15952647231118 0.0691954181043097 0 0.909035033355314
1.07808467473452 -1.83084001961953 0.198381898987418 0.254069510861807 0.382575169553705
0.212609929686993 -1.57631704790579 -0.301649569837884 0.0451075161733846 -0.373206600618263
0.38559527689859 -1.00063229967573 0 0 -0.621168804412054
0.143515603137492 -0.503787580140518 -0.470921974593323 0.552198733715009 -1.17910058567867
0.0557199182421366 -0.203413104770888 -0.180331640606841 0.451598695808263 -0.926440703676923
0.0373734022691035 -0.125047886473508 0 0 -0.70962042563092
-0.175740168896802 0.229748928478588 0 0.218525411419598 -1.12615089684453
-0.0901264181935673 0.478999229836527 0 0.218075628032927 -0.824432848293425
-0.0188154003099987 0.853389327373112 0 0.136117513887973 -0.588631988802107
0.0266207893063999 1.35510079448773 0 -0.0328198928282176 -0.536153052287862
0.021555296035636 1.23910237234952 0.0777638646374975 0 -0.498732361387276
0.0140689406651029 1.17779254369807 -0.101969907358724 0 -0.336179507426011
-0.00263969854927608 0.998546374685486 -0.43227546668119 0 -0.194024951228262
1.95922196826355 -1.69625174870274 0.23294057472191 -0.25255769280853 1.05589831926121
1.44110082732557 -1.25108114656551 -0.0338404168816786 0 0.543840757670699
1.03661430598323 -1.16352357966637 -0.347867379101162 0 0.0797952929133539
0.514348532387035 -1.17190681340746 0 0 -0.171152938305318
0.175825356861477 -0.997541343846279 0 0 -0.536951263031727
0.300581044536194 -0.572311501049663 -0.231856189335041 0.417643617628322 -0.74234765289463
-0.0556394276846034 -0.210263058023154 0 0 -0.661329978461913
-0.0594710536780425 0.106328409285002 0 0.241881648916041 -0.977758372553209
0.0738609804305702 0.367998634979813 0 0 -0.497475749763287
-0.0165435721986904 0.779623597056131 0 0.143208700073585 -0.418941739935834
-0.294502122874181 0.81749640399165 0 0 0
-0.273003237188334 0.870147894144477 0 0 0
0.0625673294548809 1.16531595876474 -0.23496748697505 0 -0.264549194217692
-0.159305550951184 0.842572256344802 -0.370842369985358 0 -0.0466265892244116
1.17532490093023 -1.21040697743588 0.375330323088391 -0.168187164004337 0.831357775302517
0.803678604963215 -1.00209517889128 0.1410071762427 0.534897212068893 0.56697861520783
0.431554768618287 -1.24401455674549 0 0 -0.12124015711576
0.348265388513634 -1.49240275082056 0 0 -0.373170721794224
0.205781099295318 -1.35114285588804 0 0 -0.732845685826948
0.628625102877497 -0.963291614424989 -0.307917495326063 0.490276033400207 -0.938910161758855
0.15008583168409 -0.632418232245051 0 0 -0.721741257887212
0.111620655685254 -0.244045541676964 0 0 -0.599448213463864
0.0974617943760489 0.160186422502439 0 0 -0.621823459207878
0.0899595313124822 0.632536991076646 0 0 -0.53626141159045
-0.19984935669815 0.791928850567356 0 0 0
-0.163163340283399 0.870425734177647 0 0 0
-0.116265368318205 0.790624273761121 0 0 0
-0.106042981257184 0.780793058795785 0 0 0
0.772838278557885 -0.955472449642061 0.465549889280304 0.577717298053139 1.07239847507676
0.365905997974212 -1.18497699503588 0 0 -0.0847920557626
0.325012927690217 -1.38494915500744 0 0 -0.312715269534534
1.0876377172725 -1.3486896665055 -0.366611533141477 0.372431845386294 -0.860229404223776
0.721756520816564 -1.6675781751006 -0.365426156757473 0.441653669517651 -0.918643900978508
0.280354118652352 -1.62736458135333 0 0 -0.824288526142411
0.402600282170239 -1.18394846057154 0 0 -0.789080378328505
0.31358138974282 -0.673088501573355 0 0 -0.553275121207978
-0.335720800767941 -0.0953690612747207 -0.157580515070432 -0.255007258121603 -0.521193382403612
0.0402543166398581 0.371477784430089 0 0 0
0.0463883289207755 0.734647234416927 0 0 0
-0.203032375146623 0.614007383781876 0 0 0
-0.321678323034879 1.2458936861752 -0.188416327924773 -0.659063928046547 0.061731757727927
-0.0713378788272089 0.692859260772504 0 0 0
0.214715732259273 -0.869314217752444 0 0 0
0.0440201722310907 -1.22716331665885 0 0 -0.156448143762009
0.17689071873692 -1.72730656083989 0 0 -0.355545122035291
0.688256140623441 -2.11887772935139 0.0971610138117294 0.298622100662107 -0.970609181001054
1.1993950227037 -2.14119489818864 0.0676720975056861 0.598225911659352 -1.37828264064171
0.601062780836197 -2.13538075736043 0 0 -0.882611166570564
0.668018499649925 -1.70097343010281 0 0 -0.7783273241612
0.173481956358399 -1.10647711511092 -0.345458794861512 -0.27454637494856 -0.77640032491372
0.247976769947487 -0.687935811405142 0 0 -0.467924233196661
0.446588903430818 -0.02028270499032 0 0 -0.257531780815488
0.643849700345643 0.445599941559614 0 0 -0.0900168233590212
0.157622525402481 0.581256422396831 -0.697056803458393 0.0425426120393286 -0.329618750390453
0.0835895923722213 0.365340924321968 -0.509337357795201 0 -0.235728291130949
-0.0574067858234763 -0.02385549688656 -0.130505436094291 -0.291544770570375 0.0854157474942077
0.0360449505854629 -0.834425379362872 0 0 0
-0.232943345610271 -0.969259155763782 0.642567528406926 0.213365176851843 0.228557391463716
0.16334421859049 -1.64697427394154 0.570519563907769 0.106151159034248 0.0297504395927084
0.37521490260127 -2.3724857011681 0.440626634378324 0.105475943861893 -0.667865114362381
0.574417838005526 -2.95460009220462 0.526976575724508 0.20698058157757 -1.0874301660999
0.856831452806308 -2.49860744481607 0 0 -0.938112269523011
0.954399372923035 -2.03552798092818 0 -0.111755735802597 -0.953957117564338
0.420540037484576 -1.75394783755658 -0.32208152933605 -0.34032731816675 -0.919842560023697
0.531377815970063 -1.22761085061564 0 0 -0.584413877785123
0.750574695550514 -0.649681416569261 0 0 -0.469464872955851
0.967497077333024 -0.320458454518329 0 0 -0.337454312988345
0.595667254926186 -0.133683016748846 -0.501576625727357 0.243233222547898 -0.48097880891444
0.554504369668121 -0.379572952620648 -0.601343198733782 0.762017570688916 -0.300528771038424
0.69012706064487 -0.795748495425039 -0.606264995253847 1.07426906207863 -0.157941675479753
-0.702994949277434 -0.378988916485807 0.547260322909125 0.314977591282926 0.191111301913507
-0.132475916013278 -0.767999906124323 0.46721834208628 0.466871177304965 0.0325003743339511
0.319853047552141 -1.37117798102958 0.49076413643922 0.471423673389405 -0.345983438996083
0.557616461555374 -2.18543034826901 0.17068419373018 0.329653434466191 -0.297211681341704
0.420715818937096 -2.87749953349714 0.00831530316740165 0.744283990683496 -0.343558247274267
1.04323854026661 -2.88957064099364 -0.0663962753539771 0.196312820374553 -0.557235532444518
1.04544703956468 -2.3723123724612 0 -0.231283727035304 -0.803600555318274
0.886130339925249 -2.2603316227786 0 0 -0.536237906083099
0.841352645512926 -1.78758086269748 0 0 -0.462931533488758
0.873553050828612 -1.49826759858713 -0.202176584984137 -0.149739344889 -0.869913777840728
0.831553012838525 -1.24870135695408 -0.330756070108175 0.0121494326271314 -0.776992833393844
0.909760436482513 -1.13209391501948 -0.408982129050031 0.442833565577145 -0.687635651611693
0.87975048051124 -1.08129171483581 -0.540846130109917 0.991258180612255 -0.495913400971689
1.02280516888674 -1.32719986598919 -0.618773595920535 1.66902423064222 -0.31317338015729
-0.273478344271888 0.164293568233145 0.203702752554897 0.780668475447904 0.27472959121946
0.197898851356254 -0.380484629331798 0.126907840274792 0.89905316206532 0.01747755720211
0.829082427740274 -0.964829702067336 -0.232480932479083 0.898486589762941 -0.095025388959085
1.28237643125544 -1.90474333886641 -0.510530090775018 0.655513075288696 -0.291128180738119
0.983498440934388 -2.45721695859217 -0.827903289048504 1.04591075556796 0.218578775925914
0.951623037496243 -2.45667724374098 0 0 -0.253694480704265
1.15848520652389 -2.60788956496805 0 -0.224013005136952 -0.484249096811908
1.15204006083209 -2.51685373095528 0 0 -0.710976363186071
1.07469002705648 -2.26544319343576 0 0 -0.561821207430767
1.05056147984457 -2.05914000766918 0 -0.0126607567241815 -0.99020688310959
1.23638063488166 -2.18404567074691 -0.24291919833159 0.202686179804662 -1.07572996697352
1.30587091810502 -2.11738461330923 -0.339957290194198 0.68926510720124 -0.934576082970843
1.24350769039896 -2.02403403662037 -0.524518609764521 1.03879128332333 -0.760497181733511
1.22595842239956 -1.94602493139259 -0.607721732693172 1.77059793115913 -0.558987834785859
0.530676546669628 0.495214599141237 -0.284980762319181 1.19846607218876 0.242752876323153
0.278583871180859 -1.39015615815638 0 0 0
1.4671565111199 -0.909589345997054 -0.701023374123654 0.959162862251043 -0.156024218017091
2.0010753095386 -1.62743925148591 -1.09782445497403 0.953430748065738 -0.439825499366579
1.24561133370582 -2.30380481443926 -1.05396392716802 1.00818962627093 0.179273302985734
1.05720339709773 -2.2812778836231 0 0 -0.393149133112309
1.11721957751883 -2.37670979441939 0 0 0.101275809030448
1.23467594895662 -2.85924827515984 0 0 -0.512808987998664
1.17831807107045 -2.57123617340977 0 0 -0.491777033945716
1.13239217894391 -2.31023607433656 0 0 -0.430509912300969
1.37004500549252 -2.93498411924398 -0.411002826449243 0.205774256104787 -1.11901894928563
1.49732477114379 -2.90950992520077 -0.33371299318755 0.645555756499554 -1.16295627200777
1.54932261848417 -2.86926064587683 -0.434174551191957 1.09345592325268 -1.02924815480235
1.57486110970239 -2.71451673334338 -0.616905666544975 1.71160141767443 -0.84220595646707
