"(Intercept)" "X1" "X2" "X3" "X4"
-1.50497359367067 -4.39571163828974 -1.12234994987405 -1.2053867200823 0.939262916257188
-0.761710304309188 -4.16708417217128 -1.12697690563386 -0.794212951733683 1.23620504969246
-0.385256687339517 -3.50444659648547 -0.665948976026515 -0.470409191427303 0.976825617272347
-0.144495980551733 -2.94244632948469 -0.453042833011525 -0.319908008174443 0.845036933426522
0.207979378616683 -2.27212308498824 0 0 0.499150170571586
0.0422338554222343 -1.81215782550208 0.124973707208095 -0.368131328729735 0.565938328663219
0.222499677644914 -1.52104284210092 0 -0.196475106101517 0.589129006333094
-0.0688468243975244 -1.9298366210553 0.01821655610206 0.484866976248018 0.504495167812331
-0.578770572325385 -1.8131150791838 -0.0936058987578949 0.69498095550754 0.0349393724568396
-0.553188528836691 -1.94827809571205 -0.252100142490108 0.71749301726506 -0.720154413597336
-0.581559731903493 -2.00666602793464 0.112457363183898 0.848000516151884 -0.96348304819875
-0.532297076101022 -1.95124923018474 0.572584440364045 0.930475350870454 -1.2771083465032
-0.73969701921125 -1.89655253378421 0.86430630443042 1.00118618773058 -1.50015385644547
-0.965961095561024 -1.73481756586965 1.262340904139 1.1435559882387 -1.94873657341743
0.137999735289803 -3.08613219911426 0 0 0
-0.737735693541317 -3.54215582371387 -0.980513786128011 -0.860834195016422 0.780678033355558
-0.352053520384698 -3.1196675565446 -0.580093630344457 -0.674525398584225 0.702092108793264
0.0182176187034374 -2.61568098367704 -0.253612019647236 -0.453184596445209 0.562625056354506
0.466571909083681 -1.77298470770516 0 -0.0315174134327904 0.327384480921394
0.209081623288108 -1.53650348928737 -0.0340008428191764 -0.0831763278672112 0.199896587254704
0.419702964171414 -1.13788565587141 0 0.0524861203976055 0.159333449832826
0.100184922851499 -0.417024246344493 0.0715478461972488 -0.347847910208007 0.166989756816059
-0.326966123195091 -1.06971212456407 -0.0860954988515901 0.53746812403407 -0.161868232465849
-0.309278261486314 -1.18641761621724 -0.0755182794298479 0.590001079433326 -0.664431826305039
-0.344061314872702 -1.22986234842173 0.280792724861134 0.711225060850035 -0.830640016613384
-0.433824062947219 -1.17116770934575 0.57983447216472 0.786710144346452 -1.0287385697603
-0.705630899821591 -1.14495047300137 0.793967063797178 0.83048513528834 -1.21091828378407
-0.92480201284613 -1.0415001573014 1.13409374827161 0.92759189996665 -1.62978536481954
0.568605416027803 -2.63966155861388 0 0 0
0.550053501435254 -2.20484566583194 0 0 0
-0.279788351156327 -2.40323252608687 -0.42538945775739 -0.7030739884163 0.153877326481265
-0.00201733874937178 -2.02917862423582 -0.136078410507647 -0.51528612843464 0.0920323879383961
0.58332646952042 -1.21504890997206 0 0.0106576253513524 0.0497794820798387
0.461510445352661 -0.770934810674785 0.0140752219038938 0.392493290263796 -0.322390194083367
0.351147624553645 -0.375874811434659 0 0.283594099019241 -0.316704924481764
0.16336289811486 0.0347388982858293 0 0.035907566337426 -0.349233089182349
-0.225778295654405 -0.263817017469878 -0.135432345785629 0.382872851058652 -0.516838178574668
-0.0872417382329601 -0.417182270483742 0.0242597219074707 0.444828004939085 -0.538016081996396
-0.149712283968196 -0.450439593995243 0.313193778954403 0.571293843750239 -0.663403151097821
-0.365188821544393 -0.40576909172798 0.50386662814031 0.606062633629558 -0.742890132423476
-0.607338537575117 -0.395232642428988 0.705107827476136 0.647604026919689 -0.965407200064088
-0.885538522969636 -0.538196765184973 0.890859631976332 0.697011934032848 -1.16912646446421
-0.160868342886507 -2.43997600479556 -0.547525541400049 -1.12802812742305 0.425587724700786
-0.168887704047009 -2.04256604765771 -0.394578444821125 -0.752134986148642 0.117552546220401
-0.0127418908635367 -1.61776328391373 -0.127928183851859 -0.323416798627396 -0.480099019670501
0.351178938234743 -1.34303756635603 -0.287490128867399 -0.341270837162652 -0.197734590464805
0.739914015052116 -0.890030822292798 -0.318675358221242 0.187390440241792 -0.203315813285259
0.679189624716221 -0.186595333813109 0 0.457993119262898 -0.375055176906107
0.396488915444234 0.203807114928982 0 0.413976964016666 -0.508783153954116
0.347768413265494 0.503083643843385 0 0.224351736625878 -0.498966184972376
0.112568956895316 0.520167862404797 0.00229563550816069 0.229745117470616 -0.561629723318876
0.0504258967149548 0.338223601716789 0.189816362089352 0.304324819377858 -0.501661103494384
-0.0340148914824956 0.334036039242738 0.211034957170528 0.355748064050527 -0.424244215501505
-0.253663597461252 0.289652159070938 0.382449370868803 0.411404811640431 -0.477311817032792
-0.532960038052921 0.179293859905146 0.475938186908486 0.403800800898806 -0.573086040968809
-0.750790520238077 -0.48724576649069 0.56921864942446 0.591557226631782 -0.534560577801236
0.729792038546713 -1.91122339585994 0 -0.760936966921375 0.14232156840848
0.699457814468438 -1.58234452739631 0 -0.483467240963156 -0.00385141902750725
0.472361159333293 -1.03663670242337 -0.218591949061166 -0.0982552594747645 -0.454372276010482
0.661636053986325 -0.643825314269824 -0.352635644688441 0.228454802388543 -0.733882292401703
1.16739372605156 -0.419565820351089 -0.526682317351249 0.516156443670234 -0.43981406701737
1.05096375769554 0.179774204207794 -0.542920843563266 0.779253290656863 -0.341143112454434
0.901884073267535 0.395006108136672 -0.421283161579491 0.555145635895229 -0.376169557875629
0.637883812923643 0.581666272138489 0 0 0
0.439450369242248 0.836772577177674 0 0 0
0.195689052468515 0.898512453922425 0 0 0
-0.1032734451417 0.919067582810705 0 0 0
-0.421583749485848 0.596375422175723 0 0 0
-0.409830706276318 0.0586265387293466 0.358400995419021 0.496816451458797 -0.296079730904776
-0.577255339460602 -0.568843005881015 0.275538189356184 0.483680609181338 -0.0191877948046556
0.535458560964832 -1.541401167828 -0.0267551983815685 -1.17169287566114 0.40789285793415
0.89575312618347 -1.13422199471409 -0.406779358217988 -0.733859620541361 -0.0454662582371367
1.62932454610872 -0.727717052094749 -0.710113095832727 -0.0671453670477927 0
1.05460024585838 -0.616268809243363 -0.677479068892509 0.341361662659982 -0.404145204632096
0.423198988369841 -0.381370382943932 -0.172495947554833 0.578289948147218 -1.07014127239751
0.556220392277199 0.000173718101643738 0 0 -0.63987388889227
0.834879054700499 0.285508603504827 0 0 -0.787767580620229
0.688943493434229 0.627260645762948 0 0 0
0.482262941558468 0.923184420797973 0 0 0
0.0733864449785852 0.928736141414369 0 0 0
0.030523934887373 1.22212566913147 0.0129957842192731 0.299423761474438 -0.602083686567879
-0.321945370615128 0.949152721097261 0 0 0
-0.66352486578833 0.421171091649878 0 0 0
-1.04174904028341 -0.350249549319019 0 0 0
0.610588732326364 -1.38516957474851 0.308715323864768 -0.95955444207157 0.310352129650273
1.17302617534772 -0.909441115813803 -0.330621100820945 -0.560868109537641 0.218915493207375
1.38297446601384 -0.66872025798748 -0.614570220813517 -0.207947018424603 0.159333678794477
1.21732107604477 -0.661063199682724 -0.413941681718774 0.329475126209928 -0.235285623626251
0.48033602976889 -0.623297173665773 0 0 -0.43416948701761
0.270953579839945 -0.339302250734715 0.148109809008945 0 -1.00339674224799
0.140520628105734 0.222461812948525 0 0 -1.3379579016699
0.230820078835352 0.686553378498366 0 0 -1.27301936377642
0.142393690182991 1.02852517777668 0 0 -1.17379319926846
0.0213871876219752 1.21163759788249 0 0 -0.699777059505397
-0.158846177606059 1.00132544141739 0 0 0
-0.348752762147215 1.03566982628866 0 0 0.124202864923402
-0.441324521944207 0.481473727421867 0 0 0
-0.568112901325768 -0.0208683414072668 0 0 0
0.934940953787464 -0.921596032094902 0.271398451120733 -0.460624515568192 0.406154527973264
0.984849632526875 -0.889279053804564 -0.176177817224786 -0.20537630704286 0.155484668728021
0.550737237790015 -1.03185719266555 0 0 0
0.648497773812199 -1.03007644954663 0.0581998001256651 0.351872387740282 -0.181723064671309
0.602373680505865 -1.09237576634677 0 0.203943515323915 -0.554482407030207
0.21213230116745 -0.66839992868042 0 0 0
0.288275669994632 -0.17599408763485 0 0 -1.01402133530526
0.248468603809525 0.217390904024478 0 0 -1.144586265829
0.100470988976645 0.621255879716651 0 0 -1.0374739333603
-0.102013226240116 1.13029617904794 0 -0.0919054031811733 -0.650179950627895
-0.161127129044837 1.21989015324448 0 0 0
-0.157299675788379 0.931281732402553 0 0 0
-0.204933181814297 0.509210393930772 0 0 0
-0.284588862520758 -0.130899350170262 -0.31461296419531 0 0
0.345934426872524 -0.661717038794984 0.091828588128178 -0.253827069439726 0.130642795111078
0.359030647868567 -1.02783106122603 0 0 -0.0580309045633397
0.380160603948684 -1.38682641388432 0.11533354117679 0 -0.193120261928594
0.386823135903483 -1.73596577861926 0.0656042732190814 0 -0.529036576459747
0.539056812378743 -1.90831247446777 -0.0746216402715846 0 -0.649934836484846
1.10228417967214 -1.32411685589809 0.163823089345323 0 -0.452845513607666
0.3081523265804 -0.714421210248263 0 0 0
0.317486869364695 -0.260898546584609 0 0 -0.815290511673409
0.343953512540444 0.176670653365218 0.247285571038188 0 0
0.238718368065919 0.751270530580157 0 0 0
0.153570996652741 0.94837135920442 0 -0.174336435488338 0
0.388617273803126 0.82620006025258 -0.477488416935703 0.344940826138854 -0.438326150102583
0.275585026630281 0.288822074637579 -0.61026871606117 0.609101255998633 -0.149597857790863
-0.0728811922904392 -0.33511200492624 -0.478084410666034 0 0
-0.377974348383217 -0.647141414607367 0.520781586010075 -0.122759197699897 0.458857651711862
-0.150648966410163 -0.975210099420618 0.259245901543539 0.0274655994989688 0.1748177488271
0.160282532914766 -1.45985041134744 0.065734385017312 0.243561163284469 -0.381915429460443
0.324704990013393 -2.09010596674323 0.0177781490300929 0.272985662721735 -0.813224481491372
0.472563010458381 -2.24126376863901 0.204144152854066 0 -0.504264781311812
0.869754031114068 -1.7926077415814 0.25137967299716 0 0
0.485447084146056 -1.26641579497366 0 0 -0.934102398459703
0.359984299579069 -0.678410865855143 0 0 -0.859354528411426
0.364453565391317 -0.20505466125959 0 0 -0.717767565539839
0.381406090786655 0.230117700471662 0.0483814122124985 -0.312392976028567 -0.284474977306077
0.535856831073135 0.609277395785379 -0.510044469350012 -0.278383269181874 -0.530793649912487
0.540368207271087 0.53565742350596 -0.758436775123581 0.161675422638285 -0.459393472851336
0.368391047969888 -0.361180764012343 -0.598703518702602 0.344361460471512 -0.230841298048642
0.12396114737032 -1.06258828879224 -0.575167279371838 0 -0.221960672239617
-0.49663242508873 -0.649928399991439 0.502552613427021 0.0879406176563688 0.416469828498936
-0.277807014575664 -1.15253052897085 0 0.467566205955904 -0.124597163717143
-0.0663980744535124 -1.43927531352133 0.174163724875591 0.414436452740482 -0.210320734650854
-0.0469764139933466 -2.07122077780324 0.198433018633984 0.448075679841468 -0.253566693797361
0.181495486181887 -2.35809338214283 0.151454453690101 0.564368605537103 -0.487594558536779
0.87488203587463 -2.06051485148603 0.327727726086834 0.0973444874997642 -0.747380008238731
1.06841575117306 -1.68893972349377 0.429887616069194 0.254042069262203 -0.699297585632246
0.431787127935944 -1.32488892464985 0.058832426312797 -0.266801828928367 -0.969086515643108
0.0710072121466058 -0.688626365095871 -0.015292624758333 -0.624047087566057 -0.77113464756332
0.217698874519739 -0.329508992114426 0 -0.454485861235946 -0.614495410610672
-0.18302457802046 0.0150056139659544 -0.693728863033232 -0.340723963221624 -0.759236875468804
0.0881419813076454 -0.435971927103026 -0.632085390034914 0.300808272622443 -0.805850642094989
0.472271307589295 -1.55889638444388 -0.676759461625618 0.695504331900402 -0.786083611713074
0.658526249553054 -2.73956731315604 -0.969345911400155 0.974016994203288 -1.18744820290436
-0.496690069933152 -0.839718529235211 0 0.742958745391836 0
-0.450086349617357 -1.06811086195862 0.220766817335886 0.951212677587999 0
-0.158001093954051 -1.40782411109836 -0.124641669924864 0.999561581728959 -0.0360333289188658
-0.211022309319034 -1.92605055431568 0.0642228769927547 1.00433914826289 -0.223933340621973
0.101541692047701 -2.15665079774846 0.353076143764792 0.797946351630174 -0.262889446328371
0.516436427609557 -2.01153457590416 -0.00355994156457794 0.804618050630181 -0.336081166064143
0.630032341971731 -1.81281207464823 0.0566085197160404 0.43432282018949 -0.335580955315992
0.14049803016412 -1.51491992461136 -0.0610475587732775 -0.166264960625978 -0.710040398293082
0.530307006964631 -1.37600386979783 0.205087229980398 -0.357664502615973 -0.494945491186816
0.325994347938672 -1.0179617912003 -0.155211249415245 -0.355244834117873 -0.646386388296267
-0.690930908369744 -0.459179437994751 -1.05302548209421 -0.509964448186964 -1.32275311102752
0.144146885606341 -1.47318762263211 -0.99239090828011 0.385478235580537 -1.1379560363039
0.948723889049506 -2.67211768273172 -0.757001725908006 1.41692296463381 -1.23365642189512
1.52167504750907 -3.7333107629616 -0.958150075250327 1.81362934844377 -1.37685533561815
-0.618724649977514 -0.794791844873522 0 1.20537481810164 0
-0.203114881475289 -0.805603800138796 -0.459103631634812 1.61924159381367 0.221394574949398
0.111036119940314 -1.24496148910248 -0.214888800866515 1.45407268688707 0.207166926816396
-0.175791539115002 -1.71740455404781 0.206027364393126 1.24869615032543 0.0276915715422195
0.00878675838742804 -1.79839021598924 0.171122667448475 1.11899773623821 -0.0244226509968913
0.0388397251730257 -1.83005899303888 -0.2013403679748 1.10185760644432 0.0403934315143309
0.434191436655919 -1.86227320792562 -0.33962445418121 0.929098481819927 0.0610084132199238
0.712170017897053 -1.75885180920415 -0.223479063544153 0.445057545808749 0.0202790578382294
0.952834342915273 -1.73139359924283 0 -0.0551616326843114 0
0.97382620016562 -1.74625422077867 -0.051560442169981 0.0232089705041443 -0.565214592176356
1.12271984700788 -1.82097798197906 -0.109043941459067 -0.0145517371142783 -0.877619477177157
1.02642849603293 -2.21993220841565 -0.444738492885672 0.992272398119337 -1.23538154289033
1.86103223413707 -3.42010178079725 -0.525637532101225 1.86293782122309 -1.24803864314317
2.31949202852322 -4.4418308032087 -0.679230083219774 2.56282761180907 -1.47569649137188
-0.275222469970751 -0.37636782221271 0.142190702784202 2.26558667827019 0
-0.150084505502788 -0.690547068205746 0.19685604042397 2.12728441166358 0
0.0719459938771851 -1.07515029708732 0.292892067237231 1.71252783507846 0.418160510680618
-0.300806828350915 -1.48178556068873 0.2758792600952 1.40822309609023 0.40111873809773
-0.203552977691236 -1.53156439493522 0.0105818454874519 1.35585358609824 0.263530661684704
-0.127216718708319 -1.5684092213029 -0.561061656284699 1.43802736167042 0.261855950495881
0.314257847779428 -1.54867117078762 -0.850874778850944 1.36849997305878 0.608950288175141
0.576053263643621 -1.69096656433356 -0.541033083205239 0.839735282167149 0.306484255165064
0.947541930232765 -1.83642663788862 -0.395377707175347 0.497781691947784 0
1.61249142426591 -2.44363122947857 0.0375263474379834 0.70617360205625 -0.588170020089148
1.8169072492595 -2.58824912148798 0.120691919671722 0.655165430622386 -0.846805536556854
1.46605400498204 -2.36944913318294 -0.599216146436045 0 -0.396489985308253
2.30071027384234 -3.89336582826723 -0.545481434872839 1.38483729092986 -1.11645942144772
3.22067237967139 -5.05204505192417 -0.369797089900893 3.14311177507193 -1.46430975897667
