"(Intercept)" "X1" "X2" "X3" "X4"
0.813334739747879 -2.88350008497547 -0.279972203881538 0 1.03263262426212
0.607340534302317 -2.53909571576385 0 0 0.588871172922554
0.478735043513609 -2.27141242133066 0 0 0.45062485689787
0.396779632524641 -1.98547846065496 0 0 0.327760326246047
0.416700437273276 -1.6884184302255 0 0 0.233808046719442
0.536576216282106 -1.32933330812159 0 0 0.121941717349582
0.333935719754141 -1.1863928284756 0.310342554768029 -0.0943463439381841 0.483072021430522
-0.052708324810004 -1.04001404712532 0.502232789382686 -0.143779256115364 0.641765229752956
-0.283335978068574 -0.940333937184628 0.598823158312035 -0.0822756772721537 0.512409782726557
-0.516553036173173 -0.87317184197763 0.740968328058526 0.015319049990614 0.16427740464096
-0.657353814285924 -0.7401067610167 0.830263903158307 0.221937607774012 0
-0.94944099602965 -0.801530051738715 1.04421642059531 0.192758178748555 0
-1.59144696647185 -0.333476145314454 0.8224010695736 0 0
-1.95870178965897 -0.238646026700107 0.823078647545871 0 0
0.860493600277675 -2.69359792465079 -0.296259290155361 0 0.961314835958944
0.743634447330015 -2.33786768159495 -0.214914922972466 0 0.682632299681203
0.702371385968632 -1.93364164275381 0 0 0.421006086864127
0.647836434396239 -1.60217742345303 0 0 0.280819362553715
0.612099035610575 -1.23956808088073 0 0 0.152496628071399
0.566535995167991 -0.867527855168177 0 0 -0.0800677239276946
0.515663031069622 -0.615562181447354 0 0.17380992797668 -0.258782426229223
0.0783122708869167 -0.546342853310656 0.308210850046543 0.114364615705842 0.0741708045920174
-0.169687803639167 -0.472221822272794 0.390815759184101 0.177512192913961 -0.000165397467482558
-0.372332639268743 -0.44875449560214 0.499858803267062 0.188048065550714 -0.134576298667297
-0.781389959308722 -0.0891176787814973 0.510647817210633 0 0
-1.16466276763927 -0.0941960459543312 0.664564162986831 0 0
-1.50094489839559 -0.0871852391447059 0.754944505910371 0 0
-1.87111835203801 -0.00984238277804239 0.68971713043427 0 0
0.850908141898763 -2.58695995582746 -0.515061248605878 0 0.975879958398507
0.770639960053371 -2.16618169894953 -0.361473651414211 0 0.639953449136941
0.844656109039729 -1.63888851495682 -0.167668993638252 0 0.38662826139592
0.907158549523102 -1.18841217643961 0 0 0.231778837340187
0.922150573304783 -0.889412923708498 0 0.126217534472782 0.0798669935546495
0.747460535711845 -0.610902934188607 0 0.176414458751039 -0.15211684016689
0.574417251395066 -0.218393671641108 0 0.230996561262785 -0.490863728260378
0.261756108752841 -0.108165684904726 0.0877485549436813 0.359761214120041 -0.509737323119713
-0.00478679765942899 0.0108502680954681 0.155500245185225 0.368479516808814 -0.414746922879745
-0.303458222233767 0.00945897007671961 0.304880454766524 0.22982116331087 0
-0.71600890723695 0.184648748221967 0.390583498586088 0 0
-1.05518710292092 0.176980005555024 0.514122645577409 0 0
-1.37980251456231 0.177793824095671 0.55872003448771 0 0
-1.74149169782364 0.165933870596581 0.503681428939662 0 0
0.699207324082981 -2.79794470760835 -0.668745291715407 -0.407690812128744 0.651326699743304
0.450570512084004 -2.28529364852749 -0.495012789139926 -0.275821199654476 0.375647956552157
0.602431735861555 -1.60528128897937 -0.296582351904981 -0.205933404613389 0.143528680276901
0.988857696186278 -0.871456844129844 0 0 0.0994531691832054
0.942697740203832 -0.620828763269388 0 0.0861998046290059 -0.118319292043628
0.594470908275582 -0.457752367902628 -0.102575433364902 0.154275660993318 -0.481628705468522
0.575732317002085 0.00541085913805605 -0.145064851462665 0.344412595306253 -0.752945851602847
0.528973201338029 0.284762418393702 -0.151098812329371 0.407242756275672 -0.964134916258108
0.227444338830769 0.427875518022197 -0.0764300493796715 0.488222672323255 -0.71057563943261
-0.229520466673908 0.343234360507203 0.130615350193973 0.349495301627651 0
-0.631499430104006 0.491292826912165 0.25274873717301 0 0
-0.908669936673032 0.457838633793887 0.26983645951705 0 0
-1.23580146648236 0.371900336397608 0.290796862511161 0 0
-1.65564160609046 0.316830372841685 0.282895582856154 0 0
1.10916217807513 -2.78822139574127 -0.558393056175758 -0.741541095136358 0.582052534620767
0.689753654770537 -2.29099512560113 -0.462817648571514 -0.503127643535963 0.322115333622008
0.657738875307255 -1.5095209329849 -0.286142318522392 -0.328883887102788 0.00400936137210339
0.668191463071594 -0.837174842700875 -0.193884342475466 -0.137148505313867 -0.275992095080155
0.634622683173914 -0.538642941979083 -0.227039265702521 0.0244326314450763 -0.519601116721629
0.509910162974841 -0.170603958705938 -0.256995917686251 0.284604041691989 -0.803445019882632
0.762977550433876 0 0 0 0
0.59875408674052 0.498092405357245 -0.320278125852959 0.55670744336295 -1.04670346291479
0.398697283842743 0.669541280500112 -0.251967479431246 0.586803813471921 -0.742614699496532
-0.116117891671687 0.750767504581569 0 0 0
-0.456455634485634 0.784454761307819 0.124985339784078 0 0
-0.710500256752583 0.62832464880803 0.136522979014068 0 0
-1.10967186014194 0.443921472597336 0.128604365357065 0 0
-1.39399370057353 0 0 0 0
1.36614708046297 -2.85773901152883 0 -0.802084710050318 0.381948893254961
1.2014964911941 -2.23997921004307 0 -0.696730677886052 0.28414021344521
0.933716423954944 -1.60918288788096 0 -0.424202003076849 0.17313283595501
0.634250879542654 -0.989284624692555 0 -0.382269473416031 -0.324145391577313
0.152973444140889 -0.489950618719865 0 -0.124804520170652 -0.868411755510812
0.204322354955432 -0.1337293159006 0 0.117498041406776 -0.955025650854907
0.456682818304151 0.152715329874117 0 0 -0.509991419418557
0.548446269284504 0.608806049119777 -0.341027454364431 0.495830438925729 -1.03186575260504
0.495677271567814 0.943071748171397 -0.299602534610592 0.447677681104608 -0.823326184161642
-0.0718193504751994 0.672836435821055 0 0 0
-0.124389985406906 0 0 0 0
-0.456203359317964 0 0 0 0
-0.823312748510206 0 0 0 0
-1.18989585738858 0 0 0 0
2.00015037211269 -2.47625793811579 -0.683528239873277 -1.52345438244497 0.98004755056647
1.81854549627483 -2.17742004338522 0 -0.89543361432776 0.561357526525676
1.42973577190347 -1.76346359277084 0 -0.758861585952845 0.129661230512885
0.735451514852364 -1.26319209877865 0 -0.543493519051357 -0.394022974699578
0.126878240619159 -0.777796518647628 0 -0.114054275436222 -1.14470780217176
0.0732430599599149 -0.269954261622668 0 0.123040233015516 -1.16096283753756
0.0855219814899184 0.133205122643908 0 0 -1.10075377886501
0.23726845224532 0.399501305342868 0 0 -0.883148350471978
0.406944343395675 0.775302892944374 0 0.0263576807672889 -1.14172931361587
0.100778170219015 0.697713193555394 0 0 -0.541925915113089
-0.302975030941892 0.382977015312947 0 0 0
-0.429190675119391 0 0 0 0
-0.709596054298057 0 0 0 0
-0.95506265244034 0 0 0 0
2.40504541233023 -1.61837240398143 0 -0.8616467140166 1.93342914855124
1.85964920489132 -1.72402159321763 0 -0.800119829119831 0.909290345236869
1.39264411248184 -1.81095958613422 0 -0.729695610584888 0.0188365524850409
0.665961794564299 -1.51547485702608 0 -0.405375613356978 -0.77633506724231
0.494561481818342 -1.23636458976484 0.185244766313293 -0.204579434054667 -1.13810779991836
0.427681976425014 -0.810806106312461 0.230179783459269 0.0409935642680758 -1.0032878280604
0.367586395030718 -0.405147809490695 0.157393460503386 0 -0.958444010205895
0.352219130582248 -0.142708445086495 -0.0880909702626492 0 -1.07295959926123
0.292111629663203 0.29549293193347 0 0 -0.933058556037729
0.265256598219298 0.464319028644905 0 0 -0.642752766852693
0.0889609235264028 0.546454648611919 0 0 -0.410662381400376
-0.322199398822278 0.291870827244942 0 0 0
-0.363747402711399 0.275163018432672 0 0 -0.199518931207174
-0.687958705393992 0 0 0 0
1.99120926961244 -1.61420578458335 0 -0.804064940604852 1.77736573375659
1.25747067847673 -1.47990753554209 0 -0.344395776531287 0.874307485675958
0.302273040683284 -1.26027017829942 0 0 -0.10592254330341
0.0385469542353807 -1.60666098227029 0 0 -0.679022431857899
0.611460192119911 -1.77494332934599 0.343743369227338 -0.106728269657751 -1.03050008586961
0.708575668959315 -1.44891728773252 0.329165965697606 0.0668738236598782 -0.887128604414643
0.438071299504672 -1.07003912843141 0.249378749221632 0.0375389769300375 -0.667764992750419
0.298014356013449 -0.597258347263127 0.00749579776217963 0.0428776837691515 -0.619269155077264
0.488341140526957 -0.197936813356781 -0.165517601809993 0 -0.772951199145358
0.586853113508353 0.0902515639675034 -0.282728571504625 0 -0.592197302062472
0.216023264507083 0.167651309662211 0 0 0
0.0859580924732494 0.253780739613727 0 0 0
-0.0423076247818074 0.19125902281583 0 0 0
-0.318332571240142 0.0387230234524511 0 0 0
1.76477659812388 -1.51729435833315 -0.63450062812283 -1.19153366212644 1.61790318005173
0.258622707381806 -1.17348314460944 0 0 0.242548074396959
0.106475418101687 -1.4035870849405 0 0 -0.0834523790515891
0.0380471303491424 -1.75144417402901 0 0 -0.328631373314455
0.233297540490222 -2.0594635580351 0 0 -0.50205370260431
0.730373413207707 -2.04055127204759 0.47430508278484 0 -0.881494960088207
0.794854227180525 -1.71035095275638 0.474478685200306 0 -0.900564393474836
0.417899979605564 -1.21727287282616 0.220184212545407 -0.14109724687651 -0.839400771349941
0.248429991935716 -0.649784133935502 -0.151976437942996 -0.0198243356052038 -0.663024173559735
0.658321788251467 -0.234594373768422 -0.194198900853647 0 -0.475661911356853
0.779483297587614 0.0170833480666007 -0.366264756632255 0 -0.437739416296462
0.699135781074622 0.134800644133302 -0.467202626719291 0 -0.339524742960381
0.619851415224689 0.209183689819024 -0.500760428821998 0 -0.253034186740645
0.451082916146267 0.154065467456405 -0.438049451735886 0 -0.212995489883662
0.192788464078532 -1.1153808018676 0 0 0.466836075519439
0.0426892429704277 -1.28029703069325 0 0 0.126386548902801
0.357406413306171 -1.65758017692035 0.0290250289513076 -0.126278962195079 0.161905567216115
0.180178641861174 -2.10673296768841 0.21137580911691 0.155780762506714 -0.22175717322522
0.387826074927067 -2.44344298313053 0.296350026446109 0.420999694572138 -0.446933451367857
0.873419524570864 -2.3625542980124 0.516135766012067 0 -0.776983963538276
1.09528666669906 -2.04013024328346 0.559008398650192 0 -0.93387997196538
0.89268246219692 -1.79652828540984 0.369092345703461 0 -0.86039128237942
0.664948630030049 -1.30176741608999 0.111414025484211 0 -0.815085924524671
0.846386866310148 -0.784929198117434 -0.0711218322746575 0 -0.657287323185147
0.949409480641842 -0.405894425472979 -0.257730191096418 0 -0.500101583659356
0.936040946563874 -0.252916994988192 -0.399760878398483 0 -0.345709443853074
1.16475428727206 -0.0684829005683199 -0.68369427679734 0.468128183796417 -0.191496955742439
0.793077692949209 -0.00572213879232337 -0.414394535177629 0 -0.202039714328159
0.122073999692072 -1.13799256233289 0 0 0.412423592748289
0.602884885234114 -1.57876944732449 -0.186958568405689 -0.435842923268923 0.756291007260295
0.47181051428297 -2.01140752445389 -0.0700406901099219 -0.172983132951398 0.32989082665824
0.346960526446844 -2.41013529880282 0.126268990415144 -0.00370314131669863 -0.202598875223721
0.397185322758885 -2.42496171172645 0.252013460001312 0.319552334084108 -0.382988075470512
0.874564971147328 -2.15041776916738 0.322470272590349 0.208624391687053 -0.299458719726765
0.826925535739944 -2.06801843838164 0.312231856976974 -0.0305086825524837 -0.525980315490668
0.808350180207634 -2.02818219493662 0.174513407795749 -0.0873634027440799 -0.599173228969032
0.467942720107931 -1.70486758374869 -0.130401252562748 -0.325420176462478 -0.787489534369461
0.844240935435959 -1.36494815034825 -0.102926529041805 0 -0.610679521480861
1.08068476664083 -0.985323183430221 -0.248502404897281 0.219443343207583 -0.534664887586273
1.33379703864777 -0.717246327434199 -0.499532835745995 0.388200752907625 -0.374382219948728
1.42454146597895 -0.480981098884373 -0.692657509457317 0.598049633804781 -0.179315050687912
1.52528941265075 -0.251255316405317 -0.859363679745113 0.826200045673188 0.0139046565634202
0.580490863147551 -1.30192366868581 -0.337728408897432 -0.419621542311447 1.12126337789004
0.52601264029443 -1.71903168564072 -0.2218994817056 -0.237404271881595 0.861998781974295
0.505733617874682 -2.12154533527809 -0.200307642087549 0.00317274446227654 0.449934410487322
0.198536771393128 -2.28323251625177 0.0081064178325112 0.370536577152358 0.0877340935693919
0.357110720566531 -2.07241360188927 0.044352630377003 0.463257220794883 0.0806903381471864
0.70173843082351 -1.76227710535378 -0.0189762774488876 0.45219989106289 0.195591065799564
0.741269073130647 -1.77588164109041 -0.0563429730157733 0.366638779798196 0.138170633996106
0.71262794519591 -1.81882858010914 -0.114644053324692 0.155287677066498 -0.0281396983334144
0.544677788342888 -1.87100193348406 -0.168947611170456 -0.0550507259072904 -0.409017478108128
0.867742696186254 -1.69332016292076 -0.108183288157219 0 -0.525537475155123
1.02357081771566 -1.48034348267341 -0.251070410269409 0 -0.416718042184981
1.3410112223796 -1.28326827918025 -0.455323784537904 0.3161781451684 -0.355633388451251
1.60013856666025 -1.00391490193773 -0.669012134145617 0.568584941453538 -0.192712678459543
1.76402610575746 -0.667273716829816 -0.851654437768048 0.952505739420608 0.036218410727502
0.22835886006902 -1.42871583951314 -0.259231029101203 -0.14135601690549 1.06231801125446
0.136786499284863 -1.81203130558031 -0.116545706644343 0.0624678935385853 0.793696257960609
0.095163261623637 -1.97042420170486 -0.209794881906197 0.38545795009595 0.521761254049144
0.125944440648633 -1.87284710216624 -0.173614790125936 0.481425071365542 0.382844076901335
0.322546374118673 -1.50144735970556 -0.209178933907995 0.486862129687707 0.420214485784328
0.531220551787334 -1.33996015600747 -0.311501603882739 0.480591450147056 0.579715556027606
0.591728402493986 -1.4719716092263 -0.378954280191551 0.504210260686516 0.625618875033056
0.465062651896064 -1.62478779478224 -0.451485897570651 0.515582483016494 0.370964653843731
0.215392092578217 -1.70581675470267 -0.552675802011071 0.528052855098055 -0.118800105223214
0.701906472344927 -2.00554803582536 -0.338304674310563 0.125514329092937 -0.225791792702195
0.9879574734113 -1.80164934184017 -0.272850878971527 0 -0.409141966607641
1.21115666121289 -1.62561201937574 -0.389080218912335 0 -0.317042749733043
1.37032793249385 -1.37151933916672 -0.488574194536465 0 -0.277758773271458
1.47692208410154 -1.0296289638375 -0.512670482727973 0 -0.229871428827554
