"(Intercept)" "X1" "X2" "X3" "X4"
1.8067553382616 -3.34978978678172 0 1.57112881478126 0.637430022595899
2.26338718890521 -3.46239272494733 -0.483359114106299 1.96017963404485 1.28019365260445
1.93525421153173 -2.77940652233675 -0.0235041843433648 1.14842286581246 1.06011026942669
1.67574573474567 -2.19868811700794 0.24963408641797 0.60657401924452 0.885502456037924
1.35524671404015 -1.68489277144506 0.536537947717122 0.226735300411182 0.407505319112064
0.676795774832348 -1.56383353304323 0.641433321855645 0 -0.0577781378969323
0.443980016283951 -1.10009738850362 0.648163071434065 -0.176354141671339 -0.0490455896623718
-0.411703901230631 -1.43139767884961 1.11769238515736 0.336015685537925 0.787018945152264
-0.832681162146385 -1.28118544735907 1.45410170893887 0.723746369407663 1.06514582773803
-1.2246686617332 -1.194398120613 1.65137525152069 0.681733885533872 0.725385481748106
-1.522796310056 -1.26219875783689 2.10281486660869 1.17360442563934 0.592171102207148
-1.79501292041 -1.37976385310655 2.51088357327908 1.62310608619355 0.51857785342608
-1.97247509388369 -1.30848159580685 2.48107105920706 1.79977184404 0.111230353448954
-1.61356502636885 -1.65939366248867 2.61376954969519 1.09487746689188 -0.69868896346419
1.86176628923917 -3.27925773239392 -0.136237694169826 2.40184470590657 0.621534283654152
1.52111291468556 -2.81137025613302 0 1.42456561097141 0.485489529052106
1.29167383081581 -2.5984774609343 -0.163652596242954 1.02505899288232 0.618797945010071
1.19555424046253 -1.8726270141177 0.183109292998743 0.499823856206236 0.449042328259196
1.02549110479285 -1.24905277348831 0.364287786302071 0.124114680979693 0.0582382833237291
0.793482182434774 -0.956382392732498 0.294491929085245 0 -0.185080705323576
0.738721359123662 -0.669777748132238 0.168967074078664 0 -0.327030732519559
0.229729247940656 -0.446040681917499 0.459773619642765 0 -0.370168864688708
-0.36797140105262 -0.908225149529605 1.07996791689012 0.688099406402956 0.791457772163735
-0.674615798116594 -0.737705042687248 1.26684109573666 0.607964435867631 0.252232378729062
-0.958314857200263 -0.867515755643597 1.77907621666003 1.04571721013553 0.302255867135332
-1.17425355468256 -0.835197895376106 2.059736258438 1.32510058679807 0.0659267143034624
-1.48871969086291 -1.18178687091756 2.08189515772119 1.34020799011659 0.230410030246161
-1.39288181768059 -1.81258518009577 1.59229964177259 0.684811455531044 0.121320196669479
1.6129700926178 -2.71313793847285 0.256742442113883 2.03275700445933 0.389215633989509
1.29869291815989 -2.41545098384809 0 1.20825550862183 0.234416359262969
0.782284166971073 -2.15743691505212 -0.241341807441375 0.606238473124032 0.214242355559523
0.699458518908834 -1.53276804293417 0.166271590737218 0.278205364671743 -0.0849004020936508
1.00888213632323 -0.974024556339095 0 0 -0.172130980593001
0.927055566680559 -0.500734470651031 0 0 -0.372628204914194
0.884309538923454 -0.154014193743478 0 0.0918273430606694 -0.639910795051277
0.578436963053134 0.189793366599879 0 -0.0298196844345547 -0.929877961514097
-0.689802423603639 -0.0657027547564645 0.781084542680664 0.168772100600809 -0.263484355107616
-0.112422187004021 -0.212597593214236 0.777880804566992 0.400514046359935 -0.142114613523386
-0.307051394034486 -0.28323856408776 1.27161620948927 0.698821839391255 -0.248291967550141
-0.80868971938536 -0.444588149603749 1.83294456876447 1.0239741085527 -0.142365162818375
-1.47851323690795 -1.19959616567443 1.53634963465775 0.853123461833414 0.445475087496511
-1.54203830520013 -1.69995851307987 0.739821068085007 0.305088397481159 -0.0403753402195153
1.31990482700696 -2.37131286650932 0.405848751646318 1.1151376392712 0
1.04430075810212 -1.98517443767295 0.327033087977383 1.07289594605284 0.220508187108292
0.73251379957955 -1.59938188773985 0 0.347677793264467 0.00868383904336009
0.287207879168308 -1.08736231054465 -0.179369627704299 -0.256690509441645 -0.319226337883578
0.882606093304152 -0.69601454169748 0 0 -0.483417260207507
0.710109093211885 -0.175780551609546 0 0 -0.769150933631018
0.820080711713277 0.139820469151255 0 0.194060701232883 -0.933586136226637
0.766218248542046 0.431470938958611 0 0.226314217045816 -1.23694992854811
0.357140880076341 0.804652632996771 0 0.190867430421273 -1.37375974963428
0.0990335841668081 1.12757017731763 0.485165542499294 -0.036294954871553 -1.38755505250348
0.120058591385728 0.445333448308763 0.750496913082467 0.318602289893482 -0.781266110648126
-1.08941500903032 -0.113887254050729 0.803056841200879 0.477001374171951 0
-1.32589805155198 -0.760820759630931 0.885633160533215 0.513730186626953 0.0958070822220733
-1.26990960171101 -1.33750307808322 0.312496379128992 0.179040519500917 0
0.733991854036889 -2.05386703047681 1.02131933322631 1.81015238889124 0.647573469457227
0.372589104948208 -1.96214328289361 0.572421126686501 0.768659662329839 0.120123562953631
-0.0901581413876956 -1.60505793700517 -0.0613415555463537 -0.252327545395824 -0.526056374508244
0.980753369494478 -0.876919493469465 -0.326933491468254 0 0
-0.321009286939361 -0.536576738772253 -0.508779083246023 0.282748356619306 -1.27560866377291
0.188390514075409 0.0226987251326498 -0.445201646923373 0.297611254309942 -1.01131524996425
0.662364445680755 0.341045080526534 0 0.445298452763374 -1.50464337680114
1.62960738749007 0.33574200194569 -0.145472324331753 0.449459023970547 -1.4480384370792
0.998023046679432 1.0230906396904 -0.193939841312703 -0.0831182585454534 -1.62249268406296
0.191929154619368 1.35670324969406 0.191873531099291 0.263504931763965 -1.58329248103042
-0.442234966513154 1.19776308151198 0.664225757886343 0.622676049880846 -1.02226620489217
-0.357234425671876 0.719277933639368 0.569168407787362 0.664427098964966 -0.891851677561539
-0.291216579494954 0.362066424054756 0.276299550711088 0.723865599038353 -0.812589931383651
0.506254887500659 0.742687222027183 -0.828699262371161 0.647172466827943 -0.848572601277223
1.27932927434309 -1.59830094180218 0.761517022806537 1.29479331789043 0.787468495250435
0.788961148667689 -1.50684869172338 0.578698817234637 1.01365833879274 0.630233796628928
0.23096749653071 -1.31922960857294 0.036848908287264 0.108419421854957 0.110481517897132
0.56024623950525 -0.776714832646441 -0.598302871634622 0.0145795124125259 -0.248915762955436
0.549527536271943 -0.482151236765941 0 0.539201386828765 -1.0520605519395
-0.275656108637044 0.231574011725403 -0.479446631156598 0.340148488261597 -1.17191389569538
-0.548111110491816 0.869912474090443 -0.007457039218595 0.541696811579995 -1.43313232262391
1.25739473652323 0.404908749774948 -0.366315426346564 1.00267036285049 -2.07397993540416
1.10929119340212 1.02832927435353 -0.429881958432746 0.281817964317916 -1.27288959634825
0.645919699196509 1.49226076255167 -0.121458901556049 0.203932351223611 -1.1866255423122
-0.0828828496016001 1.45647775566378 -0.219076276056964 1.09398564290686 -0.858614389454226
-0.167759942439368 1.23096591636868 -0.116917867992795 0.73875872670891 -0.598853782962822
-0.0326833666931817 0.936255682138466 -0.256014660526979 0.534555551337594 -0.596958933535993
0.317335356911967 1.18066539078026 -1.08168932272245 0.312688160348246 -0.505052542011702
1.27980307406792 -1.22897864671945 0.600339014381361 1.00674348764166 1.01262109308391
1.59212691143454 -1.17168829147611 0.395853354575873 0.817341588710299 1.30883184206345
1.43133313545133 -0.820155086775623 -0.149111556798671 0.660063740212041 0.731958878914051
-0.730926275812383 -1.31185029984131 -0.224215802357996 -0.0557992176470177 -0.42473972423726
0.178673534511551 -0.747320690687366 0 0.261903802238122 -0.651016268154029
0.760090745239899 0.00510434854845867 -0.0839358443135112 0.470160991234228 -1.36650281459999
0.435277424411758 0.511233643359714 -0.00166106254968546 0.779338149368075 -1.4290226321564
1.76673053866849 0.375190617530711 0.477133302497146 0.696991402186423 -1.83869768470625
1.44630584591378 1.21609792271219 0.290317108101126 0.958427266498884 -1.5032421875768
0.801259467998906 1.48358011292235 0.165628251157245 0.494983954981972 -1.02379749407612
0.675163611011072 1.54030729311252 -0.595405866818377 1.07792073746552 -1.04188274647732
-0.212719321763812 1.13026985549054 -0.0359936805798133 0 -0.247563179929903
-0.626811832588773 0.482216319336519 -0.342899886953131 0 0.1136755642976
-0.826120326916047 -0.352818815318333 -0.561171474600646 0 0.18377961600956
1.1637668028074 -1.04520717366399 0.459236793490768 0.877475201339305 1.02448855183319
0.846360174628542 -0.973337227858431 0.162104309346385 0.721778804484613 0.685141695837813
0.266465371879248 -1.1632656788738 0 0 0
0.0627028301407676 -1.32814852003135 0 0 -0.200957083077101
1.32146636691721 -0.837213502050347 0.578245359040917 0.348170643616629 -1.65717762784975
1.22156275282768 -0.818070224071221 0.419496982465702 0.293285440436515 -1.67303432160611
1.17359994478528 -0.171573279456167 0.0317672509063273 0.702999483551724 -1.56738497907551
0.146989945043375 -0.154535685717683 0 0 -1.10368259411149
2.0183568148618 0.199677790613127 0.503369872442533 0.866707764926416 -1.70981140993296
1.28318547229975 0.591283553841561 0.499153952177447 0.469897610119424 -1.13605157277157
0.396034959340961 0.715470648712128 0 0.36327474700751 -0.828037357967438
0.243942129929724 0.514017864063281 -0.0365135444586063 0.206397498378062 -0.634120667532839
-0.331303387489336 0.285559980966193 -0.580382642718746 0.256676875608994 0
-0.51205283448457 -0.227134472073391 -0.730466557664274 0.129631189604474 0
0.641034995785341 -0.914323113170767 0.322877110209938 0.90148591752958 0.597779136355596
0.183284848857823 -1.22177164846049 0 0 0
0.183193432311126 -1.41714196986593 0 0 0
0.121451801047296 -1.65003829902035 0 0 -0.317103871053476
0.763905417726153 -1.72208544160739 0.53801258047029 0.443381519052828 -0.467198485712717
0.0252440848719418 -1.6381739244669 0 0 -0.308071942330634
1.02682493776267 -1.20640945532838 0.413738081121259 0.43443636834944 -0.952580047967291
0.825478502411299 -0.771671734306474 0.141653491135273 0.364146886902499 -0.994864205292874
-0.134858209981502 -0.085969824892001 0 0 0
0.572973634922977 0.267840737016249 0 0 -0.624506798434652
1.05556859733583 0.280971272600414 0.134839387174824 0 -0.895489801709267
0.292368809991803 0.274594443902199 -0.167036021126134 0 -0.447326109535646
-0.380721665887895 0.0693612915402985 -0.481369430173729 0 0
-0.516288627085098 -0.455880446011718 -0.704089726565769 0.0522129875131439 0
0.197385096458863 -1.19071198749981 0 0 0
0.193596503664588 -1.49156486576872 0.305245910975316 0.0346399845668316 0.0432150772836301
0.240429735911127 -1.77480398683952 0.332770551729528 0.0887672360939 -0.283814981201125
0.315564443622885 -2.05473838414767 0.419425451617554 0.151069501202092 -0.483220368957974
0.0786168646184471 -2.03113045322273 0 0 0
0.148377577673391 -1.90651367484687 0 0 0
0.248043637799649 -1.63191473431768 0 0 -0.254405467597775
1.19557463130154 -1.35814748219812 0.254324157271629 0.190990543675251 -1.0196213013036
0.952126285026647 -0.587962539079837 0.0184791229623313 0.195232498697411 -0.821051481350045
0.903469035306386 -0.152609526094135 -0.0983631211738764 0.0931802735331641 -0.605957001456514
0.561092029018504 0.055744572543633 -0.0491653424528181 0 -0.249781317074099
0.314946158161197 0.18386426272276 -0.379453469665262 0 -0.316148834220897
-0.26753529909549 -0.0138267329882863 -0.648950203292051 -0.601545427446333 -0.201815599051393
-0.0969414631131179 -0.611459364016815 -1.11858493610973 -0.264831558610615 -0.241085833762886
-0.392369242698532 -0.750252803479676 0.693601764926874 0.471352624447225 0.493390004226096
-0.165367364986128 -1.12182590171455 0.566826870507676 0.392591280071117 0.227500038499104
0.139896657891117 -1.54485797352296 0.488460309265564 0.312988448692429 -0.154221957114591
0.176064282453297 -2.06360040642051 0.564473968371254 0.300543585543074 0
0.291924475278232 -2.1765906646001 0.349948730637033 0.386629929223022 0
0.494868580416393 -2.04589207202329 0 0 0
0.809073337900852 -1.95370445129213 0.355230627705632 0 -0.402977500710485
0.850773964781251 -1.72785133849198 0.276555238629073 0 -0.411608764929274
0.544731195793042 -1.27800897638563 0 0 0
0.560777820989276 -0.712557250424912 0 0 0
0.494067415473549 -0.35943933580478 -0.178983734579873 -0.308957748150535 -0.403576597587922
0.124595220100456 -0.251174376925007 -0.439244338829324 -0.43583788861564 -0.29803503650614
-0.421550076671036 -0.232060826214399 -0.873848939619897 -0.723828389240784 -0.210076385368638
-0.359850314361571 -0.622873011132734 -1.0893656372943 -0.917441524698077 -0.14052511821944
-0.318064047708833 -0.609552343813982 0.781156933153659 0.623545321153952 1.00989415115601
0.110290755593401 -0.951517966516033 0.674425875792334 0.522905441287672 0.717346773861283
0.389235694065845 -1.4443005367035 0.567097384108109 0.49961798924604 0.081445773462073
0.0988434854682389 -1.99301826344127 0.445659344902463 0.648801484822482 -0.0836222737634102
0.268967895767145 -2.16541460275787 0.333542461577912 0.577000704491418 -0.0982714603878748
0.607495755764796 -2.20777628782232 0.239044858796973 0.490620756486341 -0.0996429670946027
1.07351705282898 -2.16866324643344 0.282765836655056 0.312276788169496 -0.166466989799966
1.08156348466883 -1.97675266405186 0.249195863112265 0 -0.35486531922802
0.982744495311192 -1.52731787449913 0 0 0
0.332660327852593 -0.962390901767085 -0.0826072177033536 -0.478781691220365 -0.365430194636211
0.336939621020207 -0.802881756424421 -0.269723421283336 -0.398072814155196 -0.43661313757018
0.553064425150301 -0.77161669629468 -0.483336263141235 0 -0.376125200905711
0.427276870638037 -0.865516092101127 -0.923395861962205 0 -0.28608615899187
-0.180678238269479 -0.989142565622673 -1.41373725980266 -0.848353099195168 -0.265958345750487
-0.112637593211197 -0.478202272149826 0.798937263021523 0.801543564036026 1.54968248450509
0.311781182496013 -0.868966004559839 0.604750640028114 0.690985949442453 1.05309339548337
0.237178643487737 -1.42960734122088 0.367453225955469 0.819287496967188 0.361799555978471
-0.175157393589435 -2.01742432225862 0.539685497427182 0.806189627532821 0.241754977963806
0.0981844431841011 -1.91403510651343 0.244496163956649 0.857073206917518 0.0979935632952194
0.119145941681202 -1.94062122691437 -0.0610092383548113 0.821838400172132 0.0301194800091624
0.487319118713998 -1.99267487923878 -0.0814871599215809 0.594802479774537 -0.00524074489572022
1.05936820826305 -2.01128978463097 -0.0603006066001239 0.342039152401606 -0.0485250288118948
0.672005306073815 -1.6251252813457 -0.205478189063189 -0.0478215029292486 -0.322730508024082
0.344707410777158 -1.27589351375427 -0.426060560508974 -0.151072486126107 -0.35536773485351
0.197163189813345 -1.06929763942738 -0.556879020297943 -0.155942623943979 -0.497639787185679
0.0740102657474231 -0.93057283083093 -0.703889026733329 -0.269906143497149 -0.507216721890945
-0.0345792399364252 -0.944400386402744 -0.977384586815697 -0.442670263625791 -0.419925531092009
-0.139674939902686 -1.11910817305581 -1.42059083225974 -0.715049494303975 -0.369263216632422
-0.088592032179378 -0.551815797866039 0.660990755325472 1.08359102373813 1.24904478018309
0.00936336694357981 -0.986004860425492 0.660970849394065 1.23358046604786 0.702230059832162
-0.161887984059546 -1.51504756478914 0.779770797354159 1.08414284489688 0.724820654043676
-0.259451642027696 -1.7132926577328 0.447080754628532 1.10243027252125 0.596454448230382
0.0523243575536479 -1.65161308869817 0.0519599620376711 1.12244669462172 0.344236788734344
-0.0118904668173849 -1.67826369569178 -0.152194344855469 1.19660908609587 0.300826949773734
-0.0928707164008574 -1.83224641566889 -0.440123013411811 1.11595930898331 0.354700200968026
0.160494742934588 -1.76402701097127 -0.618620002369357 0.973099708423144 0.275516328036367
0.552291649611209 -1.8085696757051 -0.593657322358941 0.372515222385822 -0.345755964547187
0.532657220640851 -1.60529874763059 -0.776838011315252 0.363660286554 -0.396157607160214
0.178261915786818 -1.33165759323314 -0.963056026809899 0.251996887477084 -0.598428946316285
-0.0116224600161416 -1.149973157984 -1.08583759495472 0.0955182783869533 -0.643861941773971
-0.0625810844544727 -1.13641521824812 -1.26347504673624 -0.0963844085346759 -0.591653676080629
-0.153920089099683 -1.2097955977138 -1.42324074833107 -0.436689766159126 -0.516245249864806
