"(Intercept)" "X1" "X2" "X3" "X4"
0.976450948955493 -2.85945012879076 0 0.242467321306497 0.836298551334037
1.01858343651613 -2.47725211557636 0 0.272879415611143 0.639795341415279
1.01772250971647 -2.1265363831544 0 0.280607340137241 0.441140608598585
0.625735452646634 -1.81417795237261 0.268608518102011 -0.301774071756929 0.174291755028479
0.307830185752575 -1.4704914759754 0.322678831859575 -0.58347037440782 -0.0124994555166766
-0.0604621095589453 -1.33465346833604 0.394121236645363 -0.657040004131905 0.0745682915590675
-0.315230310421597 -1.46294047801602 0.586677269341351 -0.342971593698981 0.363327798717805
-0.743704089426623 -1.6177553366679 0.825860260107184 -0.148161430312647 0.494068617156005
-0.719498422809028 -1.57419904994057 1.03588539348385 0.183788327714568 0.543757222595787
-1.13561616796021 -1.55049551156672 1.42376086682773 0.2667577448538 0.634158643350605
-1.21528577490792 -1.51142043059732 1.9497196890243 0.834413168244003 0.877321367381003
-1.37400159763142 -1.51247043366946 2.38546655538232 1.14220153804909 0.996429480518056
-1.54703784154869 -1.55100776478665 2.75816168281696 1.30936871489472 1.06951731669498
-1.75363249940845 -1.60874347884567 3.01613974421083 1.47740053302376 1.18297095057681
0.925267930337095 -2.76162897831595 0 0.227287147810363 0.76283504115857
0.987774885060533 -2.34158330692821 0 0.285286345039192 0.561311869162113
1.03718022750563 -1.94460140679681 0 0.314213003906468 0.368417366644071
0.984171256084696 -1.55853442648845 0 0.30431683374598 0.120995742277192
0.373497141852067 -1.22969482444533 0.144888826794587 -0.3017806166391 -0.220320070589435
0.0437005568093215 -0.867842361962137 0.213831674238659 -0.488201174761416 -0.402074946816257
-0.151409772043668 -0.72169015485512 0.320601452491215 -0.36680119496096 -0.327383962457524
-0.315107283473239 -0.819855222010878 0.455312403507257 0.0769278599850898 -0.136086853322443
-0.630912703899985 -0.826727483037041 0.716528376973698 0.235124549778847 0.0205972490274177
-0.854002443389624 -0.888234644296678 1.01943270840367 0.35837348968718 0.139343020762134
-0.764270004866454 -0.992854544335575 1.43778723028762 0.895052767528303 0.475490419604061
-0.959326095965624 -0.982467054116878 1.8367666152253 1.07044816675272 0.621563274573094
-1.19605715353329 -1.00983004158979 2.16873847522471 1.2315391328306 0.785216073516649
-1.46897844394089 -1.13920839747426 2.43494969979346 1.3711177903737 1.02355697541019
0.80636792448311 -2.75721732778833 0 0 0.68084004821265
0.929342673717533 -2.24429309168943 0 0.282475150362074 0.466821257081332
0.975135844730202 -1.81412912475072 0 0.324274026336425 0.244875004715028
0.974712452975933 -1.38592648454937 0 0.334371021152542 0.00583787062111588
0.535494556604194 -1.02791540898233 -0.0515403120508799 0.0329578356180731 -0.396784519724941
0.14977300444477 -0.598831752712873 -0.00183497161121752 -0.140918212662011 -0.659211684102388
0.142730572235333 -0.243550443609013 0.0346610494656717 -0.0551769482422301 -0.808576513450382
0.156998470599271 -0.0562328397882079 0.0462047320341107 0.233063893287133 -0.852010742784997
-0.214528601209103 0.016449216964801 0.288566875779872 0.342029633671136 -0.615247401663347
-0.419259315369599 -0.233947462611279 0.591591116779649 0.50874845892022 -0.411958100245154
-0.412995738344022 -0.423422243988842 0.889577607539694 0.782698611486112 -0.0331436139636813
-0.699939605052632 -0.403298553056269 1.2155389623077 0.866522871292432 0.235793939760763
-0.979476957690139 -0.527394080325823 1.48300901251809 0.973176891246368 0.533208513683013
-1.20634148938336 -0.759554845384462 1.62949680434746 1.03138811439855 0.802387428177334
0.780489690014682 -2.72346005866056 0 0 0.534198190554932
0.760494167669245 -2.2238491171962 0 0 0.297794175603514
0.851894536087017 -1.73999737609408 0 0.280237117670281 0.100331110430217
0.861994166645428 -1.28488633337442 0 0.315593121632001 -0.157882922819246
0.677393350295078 -0.863861438632343 -0.194354660257506 0.314949320886836 -0.5113859969243
0.349441406385549 -0.362804229488324 -0.241689994384762 0.257802533626134 -0.844757740382315
0.344341475465706 0.0515510616467386 -0.208593095656159 0.406430090487573 -1.05500718243225
0.577084964887259 0.378310102227854 -0.289874931829004 0.46840552660365 -1.27243947871174
0.421823706864605 0.712309868362056 -0.198100901922883 0.366918739101766 -1.1954649162606
0.143214537491745 0.651876179285589 0.116773099343641 0.488856708483102 -1.02509797518211
-0.251955715452331 0.300218572253174 0.421578828700116 0.607872777630671 -0.530132062941239
-0.496853813287178 0.140010451600131 0.636717961388923 0.647363318022548 -0.155102818879656
-0.72286570977262 -0.0691175785796609 0.785642630081137 0.660751594164258 0.176545734023182
-0.893607147388006 -0.420752605518824 0.765793514316968 0.618070802129835 0.338421782045462
0.849758734291864 -2.66763199962317 0 0.263422073447859 0.574476306923552
0.847633008168034 -2.20711072594425 0 0.320602885288673 0.28038398810837
0.683472170780765 -1.7092101117252 0 0 -0.0938319520752771
0.74103416145624 -1.29365330661734 0 0.292552040251055 -0.336459205043761
0.722849870168539 -0.835886756759477 0 0.294468058146789 -0.615695179884445
0.650237329101544 -0.336871645233685 0 0.272787471590933 -0.910438930774319
0.638082399153288 0.221530650754566 -0.272582764689868 0.62218679160313 -1.20803680683584
0.716251758677229 0.57425990326556 -0.343993137270078 0.726592402967619 -1.23185606959632
0.657031996010044 0.923619016434235 -0.326932524195373 0.512610274681593 -1.16915734714659
0.365156784807164 1.32635021089156 -0.209865593068153 0.368888222763663 -1.18078272376646
0.215036971735603 1.31516938296115 -0.153890256769703 0.425777650430501 -1.00473223722795
-0.325547276294353 0.830206487819594 0.185590115513264 0.403861385589313 -0.464646426359425
-0.510809261394423 0.396084421529851 0.166663303221095 0.312412467828045 -0.189061428966505
-1.19458481905586 -0.457324184148431 0.0999978145792905 0 0
0.850406345311004 -2.75810951138306 0 0.110553375206134 0.45732442089891
0.925222230965665 -2.19998344294805 0 0.139089625453332 0.117683182463765
0.878639707765292 -1.79899228751056 0 0.214060096145837 -0.245690046276986
0.749330530510174 -1.37600617180001 0 0.271709493426486 -0.596641000748538
0.375895287238427 -0.843136808216183 0 0 -0.895114345037794
0.235032551829136 -0.28351932529969 0 0 -1.10114846749935
0.519281373153049 0.255817310774542 0 0.360169097505906 -1.42523224233343
0.572385328381466 0.725586886114901 0 0.386253927199424 -1.25175887836583
0.515394671871417 1.14193606134892 0 0.346209220213283 -1.0594687749892
0.418552616895388 1.49566046809971 -0.228668531761829 0.429774960702371 -1.04410686202243
0.210358279168563 1.5836851386866 -0.261419267346936 0 -0.798188647190759
0.337332320355789 1.52442178624908 -0.423055537831523 0.319345999602782 -0.729523605445587
-0.514412840726859 0.718556106012747 -0.243426461934412 0 0
-1.06796501170786 -0.334876279430571 -0.174818232722795 0 0
1.05938814764736 -2.04184838450859 0 0 0.479532764680084
0.762266655820879 -2.15790549775416 0 0 -0.0758310543710032
0.843499309621484 -1.89024824421018 0 0.175879282228374 -0.351945604238654
0.844365169241823 -1.41675186500636 0 0.234170184638236 -0.791018411319765
0.559133179713457 -0.970607232088852 0 0.257159873171236 -1.13690201604595
0.172611794772033 -0.363619659337896 0 0.121138585851968 -1.37018692815536
0.488363918371351 0.51240082962944 0.203331962147411 0.466210752731927 -1.41226693700219
0.532822241511324 0.925438953186656 0.199141865515924 0.559939607898593 -1.37473168837852
0.286948767621411 1.1642212012883 0 0.225321764709653 -1.16918361366124
0.253100011445919 1.38729696971464 -0.221615093245865 0.0705719711627756 -0.931711629202462
0.243348075676406 1.56904179095225 -0.38260462914698 0.209794733956101 -0.679635103796442
0.253154497443569 1.45694474967387 -0.490881332019182 0.300473383344657 -0.593034337970256
0.157367762421446 1.16430612715809 -0.638912130008032 0.440044650205905 -0.37649457733413
-0.222075830267589 0.387888685374773 -0.724898008326808 0.599524692206955 -0.171463941451914
1.18797724606512 -1.55492135213148 0 0 0.564731857448662
1.06176423303607 -1.81537496654335 0.373017284483272 0.195528580082996 0.373574672193013
0.712923002174219 -1.71008903108839 0 0.264759205803663 -0.255589639858019
0.544202691515415 -1.67989305741076 0 0.199738221082604 -0.813134310714535
0.391843681766988 -1.30858727844167 0 0.0514941052995114 -1.09213781889209
0.360268336799922 -0.730590861649735 0 -0.0130864769931866 -1.099612683296
0.676039142014839 -0.16921831072672 0.315589614357202 0.218454749372446 -1.05467225320799
0.772012145706245 0.329315031731606 0.306911294236016 0.627245743847395 -1.07757485003626
0.0471031556923835 0.640176871543891 0.0875549379148699 0 -0.868996528841241
0.060419880786527 1.04168862619683 -0.117505697313424 0 -0.695440428881962
-0.0436921700993521 1.19090167128609 -0.407018246840323 0 -0.444886727932001
-0.0790907198737011 1.09522423887301 -0.570841392423025 0 -0.326432838160051
0.00910744288829726 0.692613938954476 -0.778079212818905 0.444822003421479 -0.318117843890716
0.0040578489386606 0.310048898343807 -0.986898707522198 0.787197406458955 -0.207740474363751
1.01430116775231 -1.87640999815267 0.553963775885608 0.0363246342687827 0.846156987141082
0.926423860648376 -1.54432916650245 0 0 0.150063675318612
0.800879004285882 -1.67392708089362 0.31310789396796 0.110706981898572 -0.0805990379915116
0.636621977082162 -1.60869171298166 0 0.195825020006729 -0.602938468820428
0.647457385434481 -1.68155931624317 0 -0.262652993970723 -0.983851798603742
0.607025476548099 -1.25739371073415 0 -0.164554947068521 -0.873923294003179
0.4691699275921 -0.778334142816697 0 0.0227555110138204 -0.925270548452024
0.251033917056474 -0.325425417846707 0 0 -0.778098502135441
0.0815707736784413 0.179675348417929 0 0 -0.660703148500208
0.301604495539249 0.613105461892644 -0.0380220613584558 0 -0.560130245911405
0.215529606325416 0.792063245665405 -0.221658508280252 0 -0.321423188318139
-0.217925791275802 0.710043315155917 -0.600441107743959 0 -0.217001391133835
-0.133806456855199 0.189923849384143 -0.901461780519935 0.400410334561699 -0.271277077472428
-0.125006163800217 -0.228509447208865 -1.13886496753669 0.728132910577332 -0.206727218948221
0.98089654626078 -1.62915892189858 0 0 0.417220473389216
0.876368411372392 -1.6595225434632 0 0 0.181745585619848
0.746238122695089 -1.79379109313579 0.397434872032664 0.0329738021475281 0.024509171667168
0.71101554955038 -1.82524825417792 0.2557077936754 0.0636261745401299 -0.450176513866917
0.767541471376091 -1.83636967747456 0 -0.149911845653651 -0.734286611781673
0.859566752760386 -1.76985707216472 0 -0.334481187007916 -0.760184092141388
0.996215030636685 -1.32212099545227 0.109362158576483 -0.0620101392651065 -0.787957949196111
0.658964055934664 -0.845601536582835 0 0.100105199767552 -1.03361405128793
0.353045629330449 -0.448127219743388 0 0 -0.787251250362353
0.439743020129848 0.108069486427122 0 0 -0.486113999653813
0.53649135044707 0.314955057427652 -0.326844401674324 0.222856605647454 -0.309434212332716
0.249028827878528 0.108120919129488 -0.724601873704545 0.389548878756049 -0.197553300675718
0.0973480830645328 -0.318780420864337 -1.12547926673797 0.771234276856863 -0.253812126756184
-0.0554487409907022 -0.678915924643152 -1.4119826867226 1.03156816788517 -0.253923009892207
0.96813843721095 -1.74679850889649 0 0 0.474705642131625
0.863393669953283 -1.78925674908811 0 0 0.221332320881843
0.713876833192968 -1.84762673324446 0 0 -0.0929362025660174
0.596387488078787 -1.90684827021633 0 0 -0.404697472611017
0.83267052194829 -2.0437800876653 0 -0.273838054830175 -0.540546393814552
1.00166484291255 -2.10230762400074 0.135342322017776 -0.237566221044425 -0.515995919727295
1.25949656000369 -1.89484331740023 0.0590735724524386 -0.239885788679872 -0.67937294806123
1.06052890486491 -1.43837736428671 0.0743137861307855 -0.0908467097796603 -0.766536044662612
0.780144329826805 -1.00090635620552 0.0350678121276136 0 -0.697382767656438
0.622903180369194 -0.432224396776798 -0.0813849471683303 0 -0.57829191480991
0.472690045215379 -0.136127071554446 -0.43508574990918 0.0645917113210836 -0.337281185677168
0.381870364975749 -0.43975570525626 -0.770083490675075 0.436179295871959 -0.233195082085724
0.270157164706824 -0.856838255754206 -1.16917908941899 0.887264766932794 -0.233640279926819
0.0783635185175583 -1.19026253601535 -1.54761190290748 1.2593597776536 -0.212281136258847
0.876963778262393 -1.90310416590094 0 0 0.422970293191934
0.823915128445422 -1.94653193021965 0 0 0.218251399084663
0.767151405017809 -1.99404692699673 0 0 -0.0134283260576906
0.74881392815695 -2.08049135062727 0 0 -0.229998665578663
0.778336906974049 -2.10588236962081 0 0 -0.379635436442781
0.883695475323265 -2.18641562571345 0.23988435488532 0 -0.454102306218294
1.27000210393841 -2.18889175754632 -0.0395680903189938 -0.17990386461856 -0.250967433956913
1.35439710703154 -1.9975147837829 -0.0539728828478205 -0.172922673333653 -0.548260382648882
1.08026899793849 -1.45183950056222 -0.16227276221504 -0.0539785816286838 -0.591653281526601
0.807987558666004 -1.06390150509957 -0.346348608846667 0 -0.411629581029223
0.484851665797402 -0.735274759434382 -0.459162195695431 -0.0207750374507832 -0.375429423454678
0.391265481398783 -0.723515405013055 -0.825394701147579 0.219607637015606 -0.0744650890609246
0.332298442558545 -1.15693927308595 -1.17830871528917 0.745661641407384 -0.0885481938763337
0.23358169201823 -1.69542411064791 -1.61267026233491 1.28270727691774 -0.170671382236841
0.881559750919399 -2.07235271082087 0 0 0.457306797437135
0.859831421492183 -2.08712417753074 0 0 0.266418336680931
0.853163688538384 -2.15170538872257 0 0 0.0954389710879224
0.88704660292865 -2.27980481950948 0 0 -0.0247024482352017
0.74970522009753 -2.3955314064723 0.254715329052178 0 -0.140226484570153
0.886019273761567 -2.27281233242242 0.134301498650871 0 -0.187891547135238
1.23636683076384 -2.255277300819 -0.180676646981628 -0.101580461886919 0.0423919811635954
1.40299957741952 -2.24810042671891 -0.265892862247272 -0.090945761303145 -0.115058423670578
1.30319948419457 -2.02004954430353 -0.341941518338537 -0.0586364642793623 -0.385380715285652
0.987713384025564 -1.65738328393716 -0.551720417503442 0 -0.265373284191343
0.700653544944466 -1.36486528509173 -0.725489804989769 0 -0.0112079991300046
0.668168370848824 -1.1510213559498 -0.660106211555665 0 0.0931727221528029
0.29032873627353 -1.159633575126 -1.1946485180654 0.361329214988915 0.331883559613551
0.0989346793836157 -1.41930136091715 -1.62570346170346 0.764811067314624 0.426972930073533
0.852443622445999 -2.24954268761283 0 0 0.436984821424128
0.876904646340072 -2.2376980019481 0 0 0.298099230169402
0.942022124028338 -2.36807767477005 0 0 0.237190910733915
0.676656690677243 -2.59739796251166 0.274715743614648 0 0.176189159973391
0.759886098697216 -2.48512376732328 0.180017310770952 0 0.0607954390971984
0.881907237875217 -2.31147503189396 0.0567879092994163 0 0.00741772419218539
1.23921549187682 -2.33698657664367 -0.386819929593291 -0.0103683839207331 0.36516349811721
1.35037111822985 -2.32518837996723 -0.485669673810688 0.0300632046303622 0.251114147865258
1.39845363400948 -2.21402481349546 -0.611289122821531 0.162308318771486 0.155369289794991
1.25652642954328 -2.18378837201397 -0.72454907575003 0.116574560928766 -0.000274032740021126
0.871953150069198 -1.93516956385474 -0.891862279287836 0 0.140227584481877
0.737848633529122 -1.62432613671769 -1.00506086076363 0 0.506152685866885
0.571634626102989 -1.42133896959979 -0.965348394665139 0 0.528062242901533
0.0385217076785816 -1.49090729421009 -1.70070011724627 0.443312850432187 0.914968677220093
