"(Intercept)" "X1" "X2" "X3" "X4"
1.75112129788989 -3.34425104697921 0 0.637574769042234 0.841592584899769
1.54437722993281 -2.97138770601615 0 0.481394057871321 0.912776562858928
1.31460049713865 -2.6477127671772 0 0.145048984827277 1.01696699741097
1.05283093088766 -2.51142481251696 0.385229216295576 0 0.80928240958075
0.670720825221646 -2.44509852241919 0.580318020219689 0 0.528993354326746
0.525874392828638 -2.25312467460499 0.453349271662883 0 0.366326067196555
0.0947422563727593 -2.21084130812365 0.650094637927799 -0.111823703338666 0.356064557253378
-0.126763393247467 -2.30301479633503 0.705067084461796 -0.022302704789251 0.715203038824166
-0.396606147636801 -2.13406146665901 0.706159284686964 -0.198542162174679 0.735317559591916
-0.61980323799793 -2.21480297873884 0.964339554073615 -0.114398125477856 0.74154763780197
-0.800045107314602 -2.06551131530596 0.676546953889401 0 0
-1.12902775723929 -2.22604626027795 0.946132572270957 0 0
-1.42365944381183 -2.44729262439069 1.18418493443164 0 0
-1.73043038759823 -2.65515768211824 1.39408905830438 0 0
1.77533366893863 -2.93727576625182 0 0.484392683344841 0.633182502564913
1.48110538404353 -2.55547664784349 0 0.305972688355951 0.644996663670085
1.18019753786191 -2.18848942038147 0 0.0993807786015431 0.720435029807018
1.27340270415511 -1.73558667821195 0 0 0.706430390477123
0.8390605438949 -1.76248184984945 0.23337160444153 0 0.3936150998866
0.713315839352243 -1.46580990684473 0.19731326133491 0 0.13768166039711
0.189826173015105 -1.3701174600319 0.378498125647456 -0.0310175416260148 -0.0490185629692471
-0.0811600209311289 -1.44222293410821 0.340262007745881 0.224656297328411 0.36464599295614
-0.301967989713547 -1.31986770823558 0.379623387929069 0.101142747440853 0.366246937490635
-0.424057034555173 -1.40854262003849 0.557573230698066 0.119561973567757 0.326219093099191
-0.733821387882258 -1.33979925667331 0.488386927505086 0 0
-1.01708741484317 -1.5108848944912 0.758515116946543 0 0
-1.31499680495756 -1.73699704085522 0.975677530279523 0 0
-1.59465284894287 -1.97749024285369 1.14905815646359 0 0
1.81425867701506 -2.67939649457953 -0.288073169027554 0.416926277748464 0.423779873601136
1.39356718402077 -2.17766824834814 0 0.101464091653968 0.388164224449533
0.993830884731415 -1.76605000679044 0 -0.0714932904729063 0.382744315113464
0.719511780581684 -1.35576573294615 -0.22395906247079 -0.260512429543428 0.478352009719974
1.01183045187918 -0.973478132820075 0 0 0.33376193970244
0.836610484540184 -0.783702846053338 0 0 0.0300371193924579
0.386277107958249 -0.777220962987034 0.076214221794667 0.26832079655965 -0.294066024569633
0.133404773916727 -0.693102580730653 0.0647858390724904 0.552110865126947 -0.208219705430826
-0.140656345940708 -0.471238058361107 0.0860387603734449 0.457326901765577 -0.125522294752319
-0.292264818209268 -0.674474289883173 0.248984179071789 0.440718272771251 -0.135376226508199
-0.673399010094985 -0.646408680126874 0.350978880870602 0 0
-0.913079129099462 -0.796289360335252 0.50612103500205 0 0
-1.17051040787576 -1.01178115104899 0.675388698188251 0 0
-1.42144328419751 -1.31132268696956 0.785549172774817 0 0
1.39984031223065 -2.34455904499614 0 -0.00761156051706301 0.243243777058332
1.19274969397845 -1.87748647755329 0 -0.144178002218442 0.194951736063562
0.847661333663885 -1.45266125804621 0 -0.28015050001847 0.0856557715891982
0.730434948610605 -0.991032829696264 0 -0.250542431158721 0.0248188647956948
0.892471153045618 -0.626438917833585 0 0 0.0284206790833817
0.754315134484126 -0.484949641130336 -0.257476569046796 0.253658643791009 -0.244235846654084
0.90354882071717 -0.154103912830336 -0.223826262710599 0 0
0.647544770660409 -0.0295164033345406 -0.476325432413685 0.399431259988714 -0.220785696854418
0.204525093108975 0.151777379536681 0 0 0
-0.185241696972455 0.214016691919612 0 0 0
-0.635727352743396 0.0569311962903304 0.260567211516036 0 0
-0.946279713829663 -0.13459236671985 0.347504681799803 0 0
-1.17468369468295 -0.406159253617413 0.339364205413862 0 0
-1.5901116465457 -0.898793359350542 0.344710682653687 0 0
1.16749838429544 -2.20885514337444 0 -0.209852280511745 0.176568743437978
1.01931687321019 -1.69111416698346 0 -0.432890130065778 -0.0324199396736245
0.830770573757071 -1.24094162957379 0 -0.497268954713247 -0.0325699903557431
0.604142851208596 -0.768604313971134 -0.092166239666144 -0.340797970471903 -0.313416140410827
0.996174144869671 -0.580674767248793 0 0 0
0.979635281888399 -0.23956121281859 -0.313134779104842 0 0
0.882286446706922 0.0469102597478563 -0.481123815297579 0 -0.0792958458150643
0.703933789570536 0.334027310133086 -0.478162850613339 0 -0.248604509715296
0.44399436852993 0.463970751715067 -0.179466667570155 0 0
-0.00178286905029478 0.547911043267768 0 0 0
-0.493744607463638 0.605760589971551 0 0 0
-0.968460316699371 0.395031644148667 0.282156998696745 0 0
-1.02351368166837 -0.0459062598446188 0.162233377888598 0.299290957367099 0
-1.4811009694522 -0.685207963388784 0.152147066485246 0.0481617638782448 0
1.2331571385445 -2.18094582946096 0 -0.400387646968147 0.348660689130664
1.02163375720251 -1.65524404015244 0 -0.556897397549968 0.0891013203967362
0.856855880639828 -1.1706512426248 0 -0.626534378733449 -0.102783601724993
0.888518583639898 -0.911942294845773 0 -0.540252240417655 0
0.775958407305944 -0.621217442659425 0 -0.382735671577503 0
0.055170367524638 -0.241772659463395 -0.360356754528069 -0.195998231551488 -0.514579675573068
0.550774046705255 0.12941998988462 -0.456937862218333 0 -0.376813508339538
0.564131297335345 0.489999388691717 0 0 0
0.370130026977339 0.78961850046961 0 0 0
0.0232453686930218 0.689069818111952 0 0 0
-0.29245243065758 0.703227238475189 0 0 0
-0.681685507025094 0.712063985454749 0 0 0
-1.26848000234065 0.218446654164434 0.190778934960822 0 0
-1.72594123060375 -0.577058955520572 0.132421086341029 -0.0433764953050958 0
1.56653949810972 -2.09106916683195 0 -0.674735509012181 0.655399617804508
1.33572388342003 -1.73537418952731 0 -0.760696116673204 0.281095747008315
1.04951581988667 -1.39325080577926 0 -0.636169649450576 -0.00697366454930058
0.809449545714955 -1.09579720867429 0 -0.597329200772039 -0.203287896458952
0.588521591000942 -0.685527133353921 0 -0.411707222084065 -0.329485765926537
0.204720496230558 -0.442650088956887 -0.285706255749325 -0.128132996966313 -0.647262483355966
0.315842906080382 -0.0712154354212758 0 0 -0.509249867441837
0.382382596775404 0.326781307641312 0 0 -0.435887354111504
0.312312381983774 0.829074734541766 -0.38178881149966 0 -0.525171779464865
0.320725249973804 1.04659862947381 -0.431825021912785 0 -0.456204861708179
0.247799924990043 1.11257060624171 -0.813606354371376 0.519855392530464 -0.581753746168611
-0.512328247845197 0.57142299761718 0 0 0
-0.907274932011781 0 0 0 0
-1.44679749312512 0 0 0 0
1.56792059446582 -1.92952372773456 0 -0.738007216277847 0.69692057169822
1.20220030339627 -1.66738205026647 0 -0.607091524124128 0.276813031106264
0.94365115238878 -1.53034795725766 0 -0.594538286497226 -0.0522949821355313
0.785807206906812 -1.25137599564104 0 -0.407522143892299 -0.3542541360358
0.663623571583914 -0.995358504455542 -0.109423639888916 -0.158522473287201 -0.595059712652863
0.403223031859427 -0.820985814396931 -0.145270079529717 -0.111290851657739 -0.712221550072574
0.172623696415949 -0.538801649398925 -0.239251322450374 -0.116133280961737 -0.766602522688261
0.403974371499635 -0.215394163872488 -0.340675727651707 0.345068876785905 -0.712462535129567
0.279238947292776 0.467220437790304 -0.557116859765381 0.457831120142287 -0.592602380648707
0.300278138632186 0.840250964580935 -0.634772980193852 0.215666952616424 -0.595996531929911
0.027282478203971 1.13468843990542 -0.717643143840475 -0.116653293913041 -0.441435592362597
-0.0978345192653945 1.15370008515416 -0.797359887313662 0.0559204502727685 -0.38361834361983
0.0463598892436446 1.143600144681 -0.811764962418975 0.218910987954484 -0.367993351060336
-1.03161249824777 0 0 0 0
1.39966159819629 -1.81076619400342 0 -0.77961124991054 0.613300618028362
1.00526549706744 -1.58806469254267 0 -0.530427562740466 0.14493276232008
0.789573662207875 -1.58735362911294 0.129455678969835 -0.460981576864364 -0.159539144237846
0.719308520088553 -1.43810050089156 0.187093820547467 -0.161306720546184 -0.421437577202424
0.693902299928603 -1.31982042826099 0.0818775575522799 -0.144072802629599 -0.648939285561308
0.388295585412017 -1.19933228466153 -0.0567616847193279 -0.172173590064989 -0.80607762453106
0.348507013084678 -1.05137016540366 -0.0721647492154728 0 -0.708213399693124
0.239029488790169 -0.716259045779371 -0.404926173126276 0.260982430108987 -0.846828633039596
0.189775394304831 0.0242205273746013 -0.55187578863044 0.214529854504294 -0.668255883748957
0.0828881873643541 0.517607263492149 -0.673187925387402 0.0592918512100911 -0.606313463351232
-0.0718507407995727 0.729180864508873 -0.719368202045265 -0.284731257336985 -0.560922007625126
-0.202306216916903 0.946731633606734 -0.65799637562926 -0.475551017717921 -0.3999276531381
-0.243649774194441 0.604934761775312 -0.241864707913646 0 -0.234261726069405
-0.152081809278452 0.967053504375968 -0.737964971781096 -0.13120866237129 -0.0779800684179349
1.02070238964763 -1.60323264471879 0.0552893255431684 -0.705037071454219 0.496044061070553
0.71558547175647 -1.54061441007053 0.166390653574775 -0.460006577431446 0.0969393725113146
0.507271097531886 -1.5983030495534 0.323946778332518 -0.273775569655406 -0.214726016338171
0.550252393570866 -1.65089481325455 0.294666477335914 -0.391701537302436 -0.500804563398161
0.589320425677114 -1.53058628884487 0.173704587230383 -0.407738072849548 -0.683437393609855
0.386483384509212 -1.60330138404146 0.0521077073479635 -0.237401888840887 -0.853312800421674
0.339784317494378 -1.57932481947162 0.0571476022321273 -0.0713337718696965 -1.04245374181399
0.372856592700154 -1.12315281308981 -0.168121160471042 0.0509740452267336 -1.04563593066601
0.149717417851462 -0.335051646125288 -0.424798442045928 -0.0361237857759831 -0.834519675872069
0.577917916049765 -0.0431909411136056 0 0 -0.42576565616739
0.121870031046195 0.338230583767922 -0.541865854663708 -0.335008614823215 -0.551741655676319
0.357701072155771 0.179653087921995 0 0 -0.333416966842161
-0.322572585604557 0.704005632003466 -0.746267087432612 -0.526372366475749 -0.200967474724793
-0.364737916522505 0.722717665388892 -0.78895825292208 -0.336154324128538 0.0174579072976478
0.661022741708386 -1.52364251244067 0.133348678490126 -0.471170096980258 0.296748745689985
0.471691399052561 -1.54077779244589 0.281057125532236 -0.249497676497312 0.0143980005429797
0.455103728823257 -1.79897611083248 0.308956554184018 -0.373411183814541 -0.314012063950641
0.592763440960775 -1.84065025496699 0.356859370940678 -0.479341313078757 -0.510851517559201
0.716746768184125 -1.78711535886206 0.300821755782326 -0.482381393185116 -0.67639193386931
0.701883220106988 -1.77968913662372 0.300006897084129 -0.32935775336197 -0.883991349537243
0.429399375929849 -1.74981950359307 0.230869466406737 -0.289580469770579 -1.01026650186981
0.40463092682558 -1.5059021358632 0.0988749412475888 -0.182825400521182 -1.11493953746031
0.636270468146023 -0.816792746859378 0 0 -0.619943732528145
0.678105215668039 -0.500949502491581 0 0 -0.415058619098881
0.636943592495243 -0.323559568865928 0 0 -0.395960070269215
0.336121208457043 -0.222434376880027 -0.294549015679288 0 -0.374843984535632
0.12139758089978 -0.158452494244074 -0.399657903267534 0 -0.302471810758832
-0.0685484238966242 -0.0840701846374152 -0.45462626072439 0 -0.232968823328959
0.399215507223111 -1.55129129093157 0.233669193718201 -0.302590518216954 0.199118506992741
0.415152869211223 -1.73556049113566 0.215030059723507 -0.378121159502634 -0.141880594896875
0.44844043973435 -1.95004945635972 0.307832507480635 -0.448775658461275 -0.378557948152254
0.554847835333746 -2.04095601263959 0.402839806996062 -0.564576556324129 -0.558189856360641
0.627841206441405 -2.07083583613443 0.461857159755793 -0.567166597366237 -0.720089363667114
1.11063727618198 -2.05555192937559 0.590723145410272 -0.0527613013319137 -0.631651198126008
0.684016501201668 -1.80563974276372 0.385026226830662 -0.360323718935439 -0.837166978301638
0.629313788041992 -1.82756225524849 0.232556579079487 0 -0.854337942323326
0.536557633010743 -1.28650045009465 -0.111358087089317 0 -0.74983889629101
0.455735311745065 -0.976488834288231 -0.318802835911258 0 -0.639533371229838
0.365753213486481 -0.833985372962513 -0.396411390916597 0 -0.562902325536916
0.251095702784605 -0.709918745007435 -0.491234796458381 0 -0.454993565223809
0.106579576142541 -0.635487876023187 -0.592450122675056 0 -0.327204253941297
-0.0559245834309093 -0.551888088031159 -0.668237875186081 0 -0.232725919704387
0.231107400547698 -1.87235054988726 0.240897988342892 -0.489078078642585 0.011798815840886
0.29684470645066 -1.9810623728761 0.214982997150367 -0.502431907688527 -0.281088962521857
0.31436815495397 -2.12813004940021 0.323835442598444 -0.568461107930523 -0.469638522733945
0.350301659726054 -2.20838613429509 0.439433731705551 -0.725517581760858 -0.64418763976801
0.412484888083658 -2.11694635463532 0.44669668480586 -0.64098478318546 -0.650439017272585
0.677001467156213 -1.99572889287353 0.386813031482908 -0.225850770934575 -0.413145672799493
0.58720243924322 -1.89194285949601 0.330967227425652 -0.35712561963293 -0.604450728674764
0.328615851073446 -1.83880167621241 0.298151919118476 -0.703853702784551 -1.07548387483879
0.431743784021739 -1.71295387179252 -0.164453401048433 0 -0.759362133959705
0.35359432231502 -1.47892549747881 -0.37779373714622 0 -0.675047964010123
0.345001266987044 -1.34128510273231 -0.429522155880608 0 -0.596728799247979
0.208175967976656 -1.23812384418871 -0.52040505452962 0 -0.541342373592964
0.0561749522670333 -1.0803575603101 -0.699424303147259 0 -0.355430044978174
-0.101110537658505 -0.951185619600986 -0.827454105379517 0 -0.22006445839798
0.0406175891596951 -2.22638108103018 0.258412419147797 -0.611469431248392 -0.176742970807648
0.120293457091902 -2.26769833609728 0.238184886380083 -0.612525239777261 -0.407756749895657
0.128683584178121 -2.34269699518209 0.316112878055697 -0.71535351184317 -0.588709009267942
0.0793176617933878 -2.3577603675254 0.450625712244046 -0.905500673307924 -0.707443344075157
0.0873353442863027 -2.11715772830798 0.390851361656703 -0.886411332510904 -0.55304461853384
0.163912388496477 -1.91698136496572 0.195718871512064 -0.581728774072498 -0.271998797986141
0.289379218115266 -1.91634361691611 0.159881986184082 -0.468831169748078 -0.44470241950001
0.39436668516958 -1.91344018239961 0.200148172893892 -0.655069133231755 -0.869335653931716
0.543383422335935 -2.06869015624191 0.170715429768235 -0.658161836538439 -1.07649262929115
0.548326535848803 -2.3378600523995 0.197952890915278 -0.564359772570391 -1.3410687078992
0.349991841177206 -1.76418927269264 -0.431128603541205 0 -0.573974755354445
0.271080695926873 -1.69178485078952 -0.464559827081395 0 -0.540917827012931
0.0383630817672881 -1.49648682793048 -0.722832753476984 0 -0.371157875576632
-0.129019728330193 -1.32955079343572 -0.906582231928685 0 -0.211440421607824
