"(Intercept)" "X1" "X2" "X3" "X4"
0.566472173065801 -2.4298393109367 1.38888156954821 0 0.173194895039338
0.596353856884326 -2.25510978285751 1.24061064420358 0 0.0179432488196894
0.642208084072127 -2.10788143343533 1.01052343355114 0 -0.0689450353904658
0.712168303304753 -1.91756320042761 0.68575734566218 0 -0.0693241647867287
0.836296602405907 -1.62723462004845 0.45973291993342 0 -0.0754143285136241
0.819341810113 -1.37087708746315 0 0 0.116812410320394
0.873986178241554 -1.556118799426 0.353841657558531 0.537809612424786 0.600278620670104
0.583193483837292 -1.41225680630696 0.474136524028735 0.613668238897094 0.535593285186919
0.260238740545565 -1.22829914987633 0.646896471050046 0.679673756745544 0.475005536176011
-0.0611146381107073 -1.09342667225844 0.831939036309882 0.671029881316155 0.286243888040354
-0.24859371109434 -0.971650700398726 1.04848466106735 0.667347013528735 -0.133380052003249
-0.368581361293819 -0.799968987209608 1.18704501728714 0.562670891263388 -0.651261765166974
-0.966903327193337 -0.349046527090096 0.898867367200609 0 -0.477425068501583
-1.12253279750119 -0.237030849597349 1.01319727644477 0 -0.68397353831694
0.697779297406429 -2.16193303852982 1.07689644230099 0 0
0.722821502278364 -1.98590571763145 0.925425157635349 0 0
0.500806170708244 -1.92707945375955 0.92682523534115 0 -0.191866920216505
0.620682840829853 -1.68761297087698 0.645843455637869 0 -0.219517811536411
0.749160971846978 -1.3689126828194 0.355568679393649 0 -0.245134617087264
0.787832302330147 -1.08622773693007 0.1803041019333 0 -0.269146029457972
0.89966287604704 -1.05389229222186 0.161014261300231 0.502882330657817 0.0668544424046541
0.633937134122734 -0.941724288138227 0.278946397414425 0.623320127598072 0.113027358682617
0.314493131926674 -0.800591051611249 0.44711966011215 0.658026436266769 0.074955693206174
0.0526363773144267 -0.691983723555671 0.654153184128033 0.652517853840237 -0.174877636556863
-0.117669401915843 -0.61042227421665 0.889642006977695 0.617440681822449 -0.581300626338435
-0.612611673340968 -0.167434394417943 0.699574950570383 0 -0.588101567609006
-0.860829236997748 -0.15363495309764 0.834932925653367 0 -0.670152130865826
-1.09230123937592 -0.0292249527079827 0.897904227242511 0 -0.709984672426509
0.588063636616676 -2.09612394926222 0.942581523589217 0 0
0.673928522498597 -1.85145331388324 0.829852669976745 0 0
0.700237125297725 -1.6122178861534 0.665538077966186 0 0
0.552349164270879 -1.41897005726115 0.567227301633667 0 -0.235528885701449
0.697192101119072 -1.11045751501575 0.25827332348812 0 -0.327783496512199
0.745481534258375 -0.806925764598984 0.0516869972093305 0 -0.423549830651204
0.702484348054272 -0.516646579545517 0 0 -0.383895331334345
0.569567202444821 -0.231745345506696 0 0 -0.553349331476953
0.385560901333426 -0.369523631254093 0.245357391352009 0.607303549302251 -0.358006713525635
0.124058682543351 -0.277556099837534 0.484802404685337 0.616921504205816 -0.58282618985443
-0.00770883029055271 -0.235562885662362 0.702330997882186 0.56229649705884 -0.975978418390891
-0.617000519604495 0.078366333283729 0.599373856182477 0 -0.630670075166853
-0.893557747479319 0.083616691476862 0.689766891336383 0 -0.648489828810903
-1.20742623730125 0.148373076296142 0.701375218642824 0 -0.543423564875028
0.489366239386464 -2.00512091654097 0.755240195919236 0 0
0.446098276238383 -1.82825696509226 0.734071943733621 0 0.00704452075618895
0.62562262833266 -1.51314970548711 0.514242028506095 0 0
0.562098477137374 -1.21927268378697 0.346813491328234 0 -0.193618709673451
0.702334889746338 -0.892968077447783 0.102849747695832 0 -0.279379376021279
0.788009360619599 -0.636554292418771 0 0 -0.225773551398592
0.693811477907026 -0.301765210514401 0 0 -0.503464607969493
0.569646449055196 0.0379659428971243 -0.157062229295998 0 -0.80819589128027
0.308651763728488 0.249485451520625 -0.0666708060421794 0 -0.940672317601357
0.217672688679323 0.13692742194715 0.283978219120517 0.533960889901876 -0.955020639321613
-0.00752598980690467 0.159637155607975 0.510981630819632 0.48361801060877 -1.10056610185704
-0.627565877198824 0.321365535817632 0.468490687996364 0 -0.647048482133607
-0.915850485694953 0.283031023675321 0.523665882451641 0 -0.596824233550497
-1.22317199288975 0.305978208644644 0.506587775622134 0 -0.429042001355143
0.49223645189169 -1.96182357495471 0.678638462138639 0 0.378335515080233
0.430901147078788 -1.77888036121439 0.514734417305824 0 0.114427155976688
0.461730325151742 -1.46414530121198 0.358319901484537 0 -0.0833909421968621
0.52862738759636 -1.15654932823691 0.157240273747827 0 -0.202946674265535
0.675625441572361 -0.92831353954229 0 0 -0.127057709360248
0.732742682803911 -0.55074589068433 0 0 -0.457515172610698
0.713456217812459 -0.136826769262587 0 0 -0.739827838728008
0.533619202000923 0.246858398366474 -0.291910032755898 0 -1.07218918094356
0.347749539102529 0.492095533062124 -0.164155186143032 0 -1.039706068005
0.279983564829904 0.522473759082796 0.110277908479672 0.438614247228123 -1.16463849343498
-0.335540590568367 0.652076804181159 0.208071801142634 0 -0.741677671816037
-0.67918982410408 0.536666018915434 0.330285043131468 0 -0.610514007254426
-0.944815180338697 0.444411812897895 0.360717054653379 0 -0.44994871163862
-1.17067301663123 0.471789671845584 0.298656519023628 0 -0.322875485087418
0.788598994609874 -1.54787517611674 0.560131211225915 0 0.623899326406529
0.658949945253935 -1.59784143762545 0.320407660347412 0 0.338516629795305
0.597820851136031 -1.46730617794912 0.114787346551594 0 0.0789710401123852
0.679957905557005 -1.29084035380079 0 0 -0.0861665078489171
0.49597335713491 -0.924605627082126 0 0 -0.437689728173179
0.296130076409583 -0.376313277837836 0 0 -0.935174901875488
0.347940515514061 0.0549638375902404 0 0 -1.05057105484224
0.476759087630069 0.324198065916238 0 0 -0.94425656441429
0.410782955257074 0.577713918327862 0 0 -0.970055568538973
0.0129570519725506 0.838921552979983 -0.0822732470424428 0 -0.876289418320383
-0.406139173444045 0.752569546430802 0.0552722826202695 0.378981366969018 -0.846029126551555
-0.660163908479402 0.525860986771529 0.209538287213273 0.393858400481617 -0.664385189769794
-0.837807978607436 0.250946436006531 0.302422745728334 0.3603777158075 -0.46711643773648
-0.973711186451611 0.0166500109101827 0.358683954779015 0.463079318644739 -0.135912497091549
0.8825986612139 -1.43873699915359 0.559705708948187 0 0.874543840249147
0.670338051342128 -1.51378722759339 0 0 0.478146083889926
0.648272500937171 -1.48199759132287 0 0 0.11197913999684
0.495746778821899 -1.31139614733076 0 0 -0.284483018287249
-0.018059681917265 -0.726583397065724 0 0 -0.821686121046033
-0.0113446952016878 -0.388951227015485 0 0 -0.775040630898975
0.181303934105089 0.0374124033555335 0 0 -1.08215611269226
0.312800000436818 0.399625860207849 0 0 -1.21080052448159
0.264177330687934 0.558115444985533 0 -0.17867955433562 -1.03244922124376
0.0622035159196583 0.778500997652574 0 -0.145492927498047 -0.88839926043977
-0.176217965873847 0.725883924771636 0 0 -0.489072596777122
-0.469080833002499 0.660101052104964 -0.052658639988493 0 -0.303830418817189
-0.684630869656806 0.671613106203948 -0.0202143012833267 0 -0.138931484806197
-0.994043773306155 0.400093481393017 0 0 0
0.28982634784043 -1.57399842523602 0 0 0.61554528777879
0.394741642887916 -1.61058884254336 0 0 0.346734065355936
0.30790634413896 -1.52668232169942 0 0 -0.126077052010814
0.0413141616822214 -1.25750823263599 0 0 -0.724290070219995
0.179454973416024 -1.17109004037618 0.00568382880363139 0 -0.874011467007052
0.432381537039984 -0.82992681647204 -0.088209103840585 0 -0.973367803537754
0.332860515214968 -0.229441269857024 -0.13149702063549 0 -0.966252308025756
0.257786527460771 0.118229602669459 0 0 -0.809772763551475
0.13203034101475 0.432282511508315 0 -0.318949477128646 -1.10345626081223
0.255740624029443 0.626322349243119 0 0 -0.842206002202869
0.100014848340004 0.89001201282546 0 0 -0.513627467357742
-0.326859365731182 0.692090355663023 0 0 -0.152382170759535
-0.31543260626705 0.66701771373306 -0.434213148711615 0.31583103867848 -0.0919491545982364
-0.537246079081922 0.320542806822534 -0.364116896169733 0.508077584122388 0.301062905342844
0.0489806500297957 -1.64096988487155 0 0 0.510445087382807
0.0611059640579337 -1.19409805550518 0 0 -0.110365494724743
0.0935778154744037 -1.36076762929362 0 0 -0.474174496180796
0.159904848664603 -1.61726550614933 0 0 -0.713285331077331
0.427029941352404 -1.64610482070877 0.119236884973939 0 -0.916832234175873
0.71708700127733 -1.2998180344657 0.0337717861265502 0 -1.01781172530811
0.519030102715643 -0.794295309758232 0 0 -0.796469686621433
0.392249872832087 -0.350247740277631 0 0 -0.564699924038548
0.211580783552294 0.0266536290084896 -0.142584908194394 -0.2469418534543 -0.953627007730056
0.425860279571735 0.464915404739735 0 -0.280603066684834 -0.685159346331237
0.576853493552002 0.708622704948632 0 0 -0.390258855350812
0.208881686760344 0.600824299065345 0 0 -0.195815990277186
0.173862734806849 0.764792677747171 -0.731641983370772 0.28819824464182 0.00814533919616912
-0.0496512466800915 0.449785634098858 -0.687770945379574 0.537508475722888 0.418480169766221
0.0150216653914865 -0.913875495792531 0 0 0.195000629239351
0.043659031127021 -1.11772457480891 0 0 -0.112344884519922
0.101543506446152 -1.53771168424095 0 0 -0.349514938628152
0.3298296818404 -1.89503487624938 0 -0.00182458248454852 -0.615136819025516
0.944509210572275 -1.99950537370854 0.114344899321692 0.142184248900698 -0.916021349599053
0.987231742978119 -1.76512838041821 0.181474845091734 -0.0432243111711665 -1.00225013182531
0.674518384766356 -1.36447645710698 0 0 -0.671502580547569
0.551733395374714 -0.838787907620145 0 0 -0.814672562061977
0.429889709813136 -0.434904899575092 0 0 -0.626104657763636
0.825309652324861 -0.0081049523510705 0 0 -0.340787733402764
1.19467302690772 0.362314185800794 0 0 -0.0895995628989152
1.14622963598029 0.55206903310768 0 0 0.0931560478486775
0.900227936399228 0.485519324016514 0 0 0.19030701823749
0.611378516969007 0.300143437869734 0 0 0.295820815309939
-0.0362338678956767 -0.900947269297972 0 0 0.0658920260658992
0.24883172677748 -1.18888347985358 0 -0.287456723820147 0.0642825442891587
0.3080322139595 -1.64113445620181 0 -0.138441739401036 -0.226357806362199
0.30886665897133 -2.12506709939987 0 0 -0.42581828546203
0.599980911232054 -2.24378373339094 0 0 -0.665428675661434
1.10494573727581 -2.08280117603962 0.296636247385923 0 -0.78250136197097
0.860336040465042 -1.77051613306146 0 0 -0.870659759640192
0.621294415500584 -1.41506690565987 0.0519074423800569 0 -0.92692084021985
0.560035911872185 -1.09530447074046 -0.13429930511788 0 -0.552800538140889
0.919472769215048 -0.659746032068692 0 0 -0.259503685956173
1.31126250482653 -0.185029029646148 0 0 0.0986665614993129
1.68630441146991 0.0807589715808903 0 0 0.464979449923347
1.50588053831985 0.296197357192833 0 0 0.609864376287357
1.20633220995711 0.397892027185262 0 0 0.865059177631184
0.114200212183508 -1.08483887923854 0 0 0.375493055293048
0.150323040224861 -1.45742601703798 0 0 0.145116023342288
0.235388256201586 -1.89988938938329 0 0 -0.115894585879979
0.472255435367468 -2.24284140720622 0 0 -0.240326288893333
0.788757989172891 -2.42862875700401 0.234458781974158 0 -0.473515306470312
1.15064720099179 -2.23683322043857 0.33215675383278 0 -0.610541185122143
0.976896359540779 -2.18505956950373 0.167719664106632 -0.125815960366234 -0.376519606311776
0.568609374470089 -1.92081182790643 -0.0927852805053223 -0.167191740351429 -0.58148083667989
0.857592853689307 -1.65626723226974 -0.12292773222945 0 -0.46492934500127
1.25876311174249 -1.42635446761699 0 0 -0.11874792942379
1.51071346603617 -0.942849650594777 0 0 0.198094925458604
1.84741167161088 -0.505248136614008 0 0 0.626316653206156
1.99735855903235 -0.16459090287381 0 0 0.981048501287118
1.70110708215695 0.138118842097024 0 0 1.14656096294498
0.128144398469637 -1.41307651201508 0 0 0.445894536153953
0.231397839848092 -1.7309322659998 0 0 0.274323690430208
0.390017147608076 -2.06547391965058 0 0 0.0729379968337612
0.638483952266128 -2.31814575471772 0 0 -0.187940159522745
0.98755371089117 -2.30612865850937 0.235001007568182 0 -0.415890986565524
0.995327040374691 -2.29194343324469 0.348515980648004 0 -0.398721591609318
0.793970883336606 -2.33274679457368 -0.15011110285767 0.189678123750625 0.216821860585014
1.06952826948236 -2.04570952485032 0 0 -0.598923907447854
1.20293850038279 -2.13003579819037 0 0 -0.434961550775217
1.55993925724764 -1.99875581034403 0 0 0.0174231497919961
1.82805723834515 -1.67619233237507 0 0 0.436962293992883
2.03051456410487 -1.20021256798861 0 0 0.730827524158507
2.43372131552966 -0.730571168978739 0 0 1.33669886248959
2.15032088880458 -0.245524142355756 0 0 1.42113530299061
0.246217609807296 -1.67976375127463 0 0 0.505330512647694
0.361830492297794 -1.95388491904868 0 0 0.319453432344204
0.556083005990033 -2.22737549675375 0 0 0.0600776020720431
0.725611438494831 -2.3609525953712 0.184902537452537 0 -0.182632961259737
0.958379049013409 -2.28709653006417 0.2631895223728 0 -0.257440342327174
0.895823462101243 -2.27910408281766 0.327576244838253 0 -0.212804139418261
0.544014199877683 -2.44405388422651 -0.473947628656179 0.489856829877314 0.76740360153698
0.513353506179397 -2.63841317003648 -0.671648909718005 0.38196120449112 0.848496512462105
1.20692928476309 -2.40305493652813 0 0 -0.353425654985092
1.6423350597732 -2.43369792479525 0 0 0.0852959635434615
1.98860696020397 -2.25632429079555 0 0 0.515244920556725
2.20302166150858 -1.86806078971903 0 0 0.839090917967525
2.59436330019213 -1.26336673577595 0 0 1.43716394459438
2.53065334614605 -0.688409797085221 0 0 1.63115870268609
