"(Intercept)" "X1" "X2" "X3" "X4"
0.280333141899673 -6.15414154465977 -1.46689268241716 1.17859461642401 1.23407948298419
0.9302346799753 -5.45660571233891 -1.23103677607592 1.10498757868457 1.24016648389776
1.48453159997607 -4.05724236561308 -0.495842145774481 0.628350515397954 1.16192765427078
1.13466517465165 -2.9922536269632 0 0 0.734262234613034
1.17294659546768 -2.56287656728878 0 0 0.487315379942519
1.12583434287715 -1.99685112301493 0 0 0.123718629783921
0.583466019711623 -1.49354080465818 0.394452832004112 -0.347405871136996 0.234794821402808
0.252478220602138 -1.30611798180109 0.518391521855922 -0.407031647104597 0.321709239576679
0.105886673723894 -1.26638395646751 0.622207975939856 -0.308493938957347 0.370550211816559
-0.133693196046281 -1.33044900763421 0.762797122853518 -0.185445903602455 0.334153382880795
-0.0298344823346313 -0.85295657582667 0 0 -0.526385415024086
-0.624173233160573 -1.35521364189078 0.637014750693491 0 -0.177220515961392
-0.650826933850377 -0.858122435440917 0 0 -0.507697455520586
-1.16317402969392 -1.43919097569938 0.590699849643411 0 -0.376694462637104
0.0728268440842863 -5.48916001255783 -1.15760490704694 1.02004664397022 0.91241415989937
0.48027340748213 -4.75956070841017 -0.975337375469055 0.901398844470368 0.792903906538912
0.634752899902584 -3.86515352216122 -0.600911207561509 0.552100288786291 0.556456719197726
1.12125769494024 -2.37729270727098 0 0 0.440324157302572
1.05678060173004 -1.78543464587323 0 0 0.171072423309397
0.877874785300704 -1.26272688032934 0 0 -0.228110738493553
0.902334248276962 -0.863366309623313 0 0.18743312393405 -0.360224056501256
0.755181801823276 -0.591218915155422 0 0.129509707737133 -0.489695453354478
0.135537104477186 -0.71515535513187 0.432130122086677 -0.0213214084258317 -0.100676641284703
0.0629233649836621 -0.769741880094075 0.493851565817482 0.0886505171019412 -0.154022790551264
-0.237429535618018 -0.69929735020023 0.354789834551527 0 -0.367468892858516
-0.552798903419723 -0.840104594518069 0.563203088207519 0 -0.3398150757902
-0.630262856006683 -0.436168299677071 0 0 -0.539857991102884
-1.17939972763995 -1.30440127605893 0 0 0
0.267498544992973 -4.48435697844909 -0.598098948585539 0.70083106407825 0.809267567525621
0.330602154779522 -3.86434802336347 -0.528664602198789 0.604257577165917 0.510657525506989
0.43043432714494 -2.93480435094615 -0.262520192713778 0.293029735967995 0.100147283415254
0.521115903704595 -2.09295838890067 -0.0861068905589019 -0.0502053279392409 -0.198560071968784
0.996954844776632 -1.19327127987324 0 0 -0.112161381888685
0.692218958761488 -0.606888708022299 0 0 -0.551037544445884
0.726905620284672 -0.49323158870447 -0.0783309123776289 0.416977796172023 -0.653074304459377
0.850114028498811 -0.163183495744357 0 0.483957668757472 -0.807577666894917
0.644673284467128 -0.0120225326769344 0 0.407815157487448 -0.858500351819657
0.30919350122093 -0.314397237262438 0.262446334845022 0.584111699553875 -0.725666570029636
0.0863962105540744 0.145596168966023 0 0 -0.723759304347583
-0.437454723119596 -0.302729467419971 0.415559751871177 0 -0.541956966519556
-0.60338114205258 -0.142490950377251 0 0 -0.600788737733999
-1.09407212295477 -0.703025585752705 0 0 -0.327064711503777
1.36195873473777 -3.21069701598805 0 0.250737015158239 1.00009431882688
1.2786146588139 -2.4913430720231 0 0 0.601731131571941
1.16493154808989 -1.85128050838346 0 0 0.428347060404665
1.04430557469038 -1.24275428244195 0 0 0.0649626922682251
0.993739422057842 -0.815961841849615 -0.377863760816098 0.228150469590889 -0.436619177421817
0.951356192523813 -0.527717070861554 -0.340744452337078 0.426326578187746 -0.823780586046067
1.1477200134576 -0.128096835461086 0 0.64787626441571 -0.895426694131807
1.1502911445865 0.114872231719428 0 0.715367623667996 -1.14477284990992
0.859161591491267 0.292797363804696 0 0.620410361036295 -1.21188441234188
0.574511690782834 0.316981927245157 0 0.554697597672602 -1.12636300779987
0.0997195942798677 0.529411480936637 0 0 -0.89943455471527
-0.188236621740678 0.439479184095813 0 0 -0.76696148594336
-0.660480146724958 0.0407717040297448 0.192567919057933 0 -0.5580135621819
-0.868128642097949 -0.272274485770974 -0.0289178841841156 0 -0.325359441362265
2.15719325360027 -2.12682572390628 0 0 1.10770249764985
1.76077182198807 -1.78674175133453 0 0 0.730819167015474
1.43407973570966 -1.43855422152052 -0.0801542551643523 0 0.364221192516094
0.937029255148279 -0.987900012631389 -0.191354434619321 0 -0.157546375396715
0.758084035550606 -0.589307371612319 -0.39849593882556 0.34534448676577 -0.721340921063055
0.866335227566331 -0.258270338333528 -0.481854809383666 0.55557990047165 -1.04827254218213
1.28057393371648 0.096320466213698 0 0.658469020950271 -1.11959742858522
1.13922503475828 0.357723562918084 0 0.63204147199874 -1.35548842893353
0.723100551156586 0.69169622233209 0 0.366871728182872 -1.29842579548814
0.462210252217376 0.862205825763259 0 0.50485413884522 -1.39615571311677
0.351751229787218 0.832308500896119 0 0.450434361043157 -1.33447063963749
-0.132440931680198 0.735220815995921 0 0 -0.773934485266223
-0.516159628294279 0.28313555325875 0.0764651747799744 0 -0.561396349925592
-0.732183790087659 -0.272827366497613 -0.262359032496711 0 -0.200176110088774
2.32084269955044 -1.86690072969712 0.280498989310307 0 1.37661514454802
1.83286836994993 -1.63258387844662 0.0561644780870505 0 0.82658248257654
1.3277756093757 -1.26274177343234 -0.177247463241173 0 0.360959175581198
0.781677979952673 -0.920314373744513 -0.27160902928716 0 -0.25812940832193
0.535617728033416 -0.57533304832147 0 0.142331866609774 -0.971287576694762
0.630373634256075 -0.209973301873538 0 0.368807182772206 -1.51271947185349
0.82347715328675 0.137303389286978 0 0.398016035577936 -1.6824962629627
0.948922445771778 0.50869717414982 0 0.618221009388304 -1.67537917330344
0.88041315043562 0.872160155019588 0 0.582111388285279 -1.43346536267071
0.507520355589351 1.17221592437033 0 0.421472806334505 -1.43598215114245
0.464483905711937 1.14986181981507 0 0.558546512928159 -1.49335827440994
0.025256832355767 1.00825243100992 0 0 -0.847995412141512
-0.39601693961403 0.248601018083365 -0.151449017743031 0.217504333937662 -0.430729024413621
-0.752253653803508 -0.482426099981897 -0.452169396856676 0.264741470754599 -0.117093820048176
2.55441407859186 -1.95344070601222 0.375357386600704 -0.295960013622812 1.6974877890952
1.96954466667508 -1.59095553092795 0.0431194583302073 -0.141898782779828 1.00066236133669
1.39172788695383 -1.20867644825667 0 0 0.218447012354177
1.00152848175197 -0.952846615551859 0 0 -0.489474851586117
0.701048827795459 -0.57252188449126 0.120540685316238 0.215651750805685 -1.0647472511841
0.301450564983082 -0.272335727167309 0 0.301106724070921 -1.56147558912635
0.465896608115226 0.296314192730262 0.190025370189092 0.427079661478944 -1.7583083000533
0.650747625863354 0.540576472802933 0 0.456018880519629 -1.8647506743848
0.962917804902064 0.887420151470891 0 0.618023135636133 -1.8699054226419
0.579581876333733 1.26361943222112 0 0.402666695374451 -1.37507981662124
0.262115312978068 1.40285077930851 0 0.0570681210362239 -0.938027283588858
0.247950738077663 1.1036318481753 0 -0.00894654182978454 -0.824072506002914
-0.144266213651463 0.386647181417457 0 0 -0.441756719721411
-0.333829396805647 -0.195105499774535 0 0 -0.254411890268426
1.91851029794025 -1.22776472929023 0 0 1.36923304655416
1.70672002313456 -1.34284765855907 0 0 0.733779843543111
1.20723075713428 -1.28971420420049 0 0 -0.102042765078675
0.818701753245745 -1.03928768738856 0.219052567120918 0.259595033141506 -0.406536242497923
0.464306799242411 -1.16366596259657 0.257342006722706 0 -0.972338790679558
0.0309052757479308 -0.863926600281432 0 0 -0.87771089690542
0.719982728460333 -0.156629783597668 0.22045635622428 0.408637357389987 -1.34738413509575
0.247807276793318 0.0985682934503234 0 0 -1.35028619132285
0.461146293279237 0.629460912976388 0 0 -1.38169032089326
0.503732024793125 1.16982782974969 0 0.315000115721869 -1.27133878127412
0.143185448333626 1.28809149392568 0 -0.175912784126251 -0.742617807408241
0.0339587767038592 1.00365638202686 0 -0.389252780116506 -0.408863432829152
0.242655304617814 0.4539626055259 -0.173898400979418 0 -0.473840886862649
-0.00987839997692896 -0.138630531793204 0 -0.146092316273638 -0.300332160253107
1.31183990233288 -1.05401336930011 0 0 1.09076354663575
1.2110447204446 -1.25053169433887 0 -0.184396566916622 0.393149522583411
0.635939559806086 -1.23479020078614 0 0 -0.468935300136364
0.349907286267287 -1.6265753017294 0.315578574734261 0 -0.597070673265649
0.299276811618689 -1.71301564839801 0 0 -0.714825562435505
0.407800942546331 -1.44876549436789 0 0 -1.01286168622955
0.407504553166983 -0.909160708793327 0 0 -1.16235858854065
0.244848441078829 -0.53582764437532 0 0 -0.911674234037926
-0.0170179341522776 -0.13567292284131 0 0 0
0.212645285856277 0.684053505632029 0 0 -0.333573496639194
0.172684657323555 0.951975451669726 -0.37460550899822 -0.32446722878668 -0.328589937516778
-0.0374400436384572 0.808586108803418 -0.477372238966695 -0.325066422570259 -0.334194671452541
0.204749380047049 0.139537450228364 -0.420486992184188 0 -0.378739309487824
0.590255469043303 -0.355770677914942 -0.694856351081116 0.425006644742944 -0.204206774203996
1.42569829663657 -1.26296833353017 0 -0.485303198950794 1.38154344370067
0.745840787071408 -1.14255399774103 0 -0.189985943472621 0.32029782251823
0.203895200832424 -1.34233347280146 0.295612845474644 0 -0.263218421614162
0.140652667667107 -1.80757317404662 0.151055466305282 0 -0.400979632966082
0.582487725840625 -2.04300905415429 0.0861129966145964 0 -0.710177890820367
1.04053427068275 -1.9469896894295 0.188157437349092 0 -1.25131575415661
1.12508181790637 -1.52460193911979 0.227453131192822 0 -1.39340407558099
0.366672910449592 -1.13981952170499 0 0 -0.981647565423671
0.167806906828733 -0.805128283886981 0 0 0
0.508738080856352 -0.00812819680923609 0 0 0
0.819515636441299 0.594705305153408 0 0 -0.41895879144886
0.290135846594921 0.371205279088498 -0.6521327143467 0.0925703816052482 -0.596478661866054
0.2786193578034 0.00905434413214899 -0.948516395087405 0.142780989121053 -0.189398044926681
0.615248695791163 -0.531016823625617 -1.0523895998909 0.39556601702775 0.127722978178023
0.545894985255639 -0.882147685010953 0 0 0.938850274501998
0.248650188948543 -1.12155883143754 0.245611944172009 0 0.492508297204376
0.183439878435492 -1.52797288153957 0.15211996054409 0 0.0791830298797884
0.229468288852234 -1.9614962815176 0.106321549089758 0 -0.234953359243383
0.679958222708076 -2.19638409111647 -0.0298463855459326 0 -0.502456998214366
1.22611602232098 -2.17868237279527 0.132432120700468 0 -0.969723239331389
1.10636483419497 -2.03839325760931 0.0828889227741636 0 -0.979162229331884
0.65064955935178 -1.69197741208884 0 0 -0.886412547649539
0.519864201749395 -1.13565729004958 0 0 -0.688716121107222
0.842424489778105 -0.435679881045179 0 0 -0.488999075413224
0.804660863229063 -0.283700000468405 -0.425138585586037 0.0593222849850244 -0.542878744504947
0.292891078368539 -0.132717078464893 -1.00463660869609 0.112885828874787 -0.371068364756551
0.227409178194425 -0.329011056770598 -1.20105264395807 0.217243478655862 -0.00301811393551741
0.528224769921024 -0.871678114165041 -1.30557002935514 0.367965276063001 0.364751108892278
0.289496162093654 -0.913493760513924 0 0 0.930651990740503
0.210084829661209 -1.2146346807964 0 0 0.469512047846913
0.249195118934836 -1.66479600811169 0.0774817497347689 0 0.354926951975006
0.327741005775488 -2.03347107786839 0.0466142097020042 0 0.0301703805609879
0.648306520681231 -2.21442754963025 -0.00982046377668662 0 -0.229372698915132
1.09972332316519 -2.35051844495807 -0.239846658172276 0.314872991815307 -0.0601862512446358
0.982365153156455 -2.55327468060506 -0.125287487746228 0.343435017857246 -0.259701294142635
0.769312015473178 -2.3503196490223 -0.330395600939938 0.0973462507290678 -0.400928417283996
0.759413685696395 -1.63249155121648 0 0 -0.648142943678035
1.00061082046093 -1.11741253878797 0 0 0
1.11929364237117 -0.844763208215034 0 0 0
0.542556210220498 -0.887325260879381 -0.98627791336523 0.164586070367499 -0.0513410166836625
0.694218482032888 -0.921679274329033 -0.714898795008884 0 0.0307435356650027
0.819468125372762 -1.04817184459931 -0.635052970085203 0 0
-0.0170354486591125 -1.00922969597491 0 0 0.706968483533938
0.0548729391546316 -1.31004597405342 0 0 0.395969137275605
0.19072391795488 -1.70214875435155 0.0903256026041916 0 0.476823332468858
0.388303632319945 -1.87006445055256 0 0 0.0149497016510055
0.522996785921029 -2.1566438112489 -0.139726965952168 0 0.210026514098798
0.803907326689316 -2.26277389207059 -0.416486787019081 0.266483095962346 0.475417608385782
0.695866913271715 -2.65712717143242 -0.392783902318619 0.517827673851781 0.638317991718588
0.635598775169122 -2.69524065801748 -0.483340202435973 0.323344439737853 0.336079953056546
0.957347361882338 -2.02197206996912 0 0 -0.476295837624742
0.556062939445305 -1.79270566200008 -0.76138075563972 0.0866627562869396 -0.0173436259550803
1.1692012554415 -1.50940922984026 -0.348830878462472 0 0
1.10447420551081 -1.38165843508798 -0.455379897979351 0 0
1.06262550087176 -1.32684782395793 -0.471783198501348 0 0
0.632591273413761 -1.59014443470592 -1.21313916022989 0 0.402803605801546
-0.0682945795733803 -1.10559384777357 0 0 0.770211978526349
0.0157778296669574 -1.3657184408522 0 0 0.398654321298945
0.136209703385449 -1.59096762105552 0 0 0.103878695578005
0.34333016400825 -1.72846152285205 0 0 -0.0120318079165003
0.470755901331613 -1.81602526905554 0 0 0.206862386437671
0.41185532057235 -2.18880876036863 -0.581162588330549 0.271757891872567 0.956305688112625
0.096454296742713 -2.69434394319801 -0.663630491845399 0.72287240708025 1.27721395569022
0.391849623443635 -2.60408673060396 -0.790594233928999 0.74773925769164 1.02495029862884
0.419104374309586 -2.61028784963954 -0.986506321056752 0.334427577669822 0.391218334284658
0.247050386091594 -2.29605339382487 -1.19719803177027 0.342277267166981 0.328079301478757
1.23745637050992 -2.03354945489022 -0.485379032473294 0 0
1.19499993679259 -2.06831534999016 -0.70821959770573 0 0
1.28229596048537 -1.95685099795085 -0.649323772406947 0 0
0.716540370406179 -2.19475737009796 -1.41167602342336 0 0.399723622063718
