"(Intercept)" "X1" "X2" "X3" "X4"
0.0719092248618938 -2.83102341644633 1.94949604696704 0 -0.273063573597261
0.204548844304972 -2.65521324103668 1.57546006633555 0 -0.297720900229164
0.135716597512687 -2.52180255557949 1.37491841976157 0 -0.396339329645577
0.442375602596156 -2.20917199368153 0.960618802327112 0 -0.297558538354561
0.766760281740736 -1.85547812009645 0.501379815739255 0 -0.0735920157982245
0.853577538004917 -1.46478835880024 0 0 0.228318903646252
0.921005662469882 -1.52495407503324 0.273083640509819 0.396332388961651 0.702109299551536
0.519815489402626 -1.3788660361353 0.438218277890789 0.440963351263381 0.77252192502399
0.122198997918876 -1.19801519879332 0.63468911435501 0.488551262880186 0.696580982415621
-0.0919556623341951 -1.06384025004275 0.864564397051404 0.597820794764639 0.360983516212512
-0.259520278212107 -1.05428000296476 1.14332694902995 0.667204266685168 -0.0679180420449123
-0.309219632764976 -1.03478379500149 1.38977585082237 0.676688240604396 -0.688977265581304
-0.945934775120387 -0.425749158185613 0.961653543601157 0 -0.494227908274319
-1.24666877837417 -0.382263001146595 1.06231290914409 0 -0.541239118532731
-0.0383432218894423 -2.6310995682682 1.82677116944046 0 -0.341472438749761
0.259120606581239 -2.34397913504631 1.40590893330964 0 -0.292019238644025
0.555287220838151 -2.11380885144174 1.17685837372125 0.287912078550047 -0.315189315777637
0.346320168495181 -1.88073529849531 0.879204595708377 0 -0.425233075980001
0.635940542474376 -1.52202326738822 0.416366307755028 0 -0.3819813783729
0.780555898693797 -1.11986357615829 0 0 -0.0536988912503959
0.899128085143573 -1.04514954620148 0.0687763554912677 0.409688479438798 0.0962758445726474
0.562766111690232 -0.933162710095947 0.231634961554501 0.542891646279998 0.174935872813109
0.254096655832983 -0.781436383739942 0.41701797794836 0.589071378021845 0.0845545326933091
-0.00930598154460266 -0.708105896737931 0.715624351716415 0.673984893121095 -0.0534608430813252
-0.111167975897691 -0.748037137995541 1.00754982082465 0.726784079833002 -0.543816426381822
-0.192583502710169 -0.678058215085668 1.24329038435951 0.686069594779747 -1.06042903139118
-1.05300309000136 -0.158866144894498 0.847420838927794 0 -0.453528129059033
-1.32789879263439 -0.155433266856578 0.872922776957752 0 -0.50227383899699
-0.0110880924505975 -2.42328721162677 1.55710605092546 0 -0.320239664571815
0.0670677883885953 -2.16231864987539 1.28382461080033 0 -0.436597089825656
0.32495870083104 -1.82569083538716 0.97360846026128 0 -0.378318043550732
0.759823716064899 -1.50411678622625 0.585270602088234 0.281554030485166 -0.317984083466437
0.580088108762551 -1.18110072729288 0.324737297581187 0 -0.372510764443555
0.739067649009677 -0.807018456959578 0 0 -0.226199027134878
0.707338102898796 -0.500239546606671 0 0 -0.472870915370344
0.651452751620004 -0.440280090427426 -0.0231274520609002 0.532923836972857 -0.443974005876913
0.31074518638323 -0.314477088724143 0.228227552020067 0.630655695667296 -0.364502437534197
0.136575883031783 -0.292687612748426 0.489528093901421 0.684736318387621 -0.621400253911981
0.0315723616577174 -0.362517920539298 0.860592008190696 0.720070720328987 -0.991106707011676
-0.163573825089175 -0.300698525641182 1.0440610962601 0.626223262921398 -1.22049405335023
-1.06389591962082 0.0566251026687899 0.704617635505624 0 -0.488591528871358
-1.28064747814631 -0.00892404943781993 0.741821702593629 0 -0.524307698995505
0.0776220309595821 -2.27115402616132 1.27145811582411 0 -0.233859098472028
0.0967079092702589 -1.9341769070902 1.02299229518549 0 -0.381117603383544
0.243684980301079 -1.56829268588928 0.727185685030232 0 -0.440205406724322
0.762812608484652 -1.1646362654512 0.372377421693372 0.243471911759561 -0.308728241605709
0.871570926710646 -0.919211556791895 0.116384324869409 0.314766365645263 -0.307650472492563
0.693198022986347 -0.577226889392677 -0.105466609984919 0 -0.497594435722242
0.716387120363793 -0.259575873873813 -0.202726929318536 0 -0.739883536346932
0.617938306742311 0.0838942533214273 -0.22392170275797 0 -1.0228843766514
0.38567839556079 0.34626773735992 -0.151748505964841 0 -1.11752631222522
0.24665822922998 0.154542624418392 0.302691678833511 0.623355396474017 -1.0254616238756
0.108563009769438 0.0914088179865991 0.7068765732319 0.618789862844954 -1.29490138775199
-0.245701480917018 0.0842059635004127 0.76368962038466 0.517056672149214 -1.19736238826437
-0.956084304783035 0.20274862661191 0.589813325588204 0 -0.607066178998809
-1.22165310351634 0.097086872660476 0.610891086840468 0 -0.512127674478858
0.566871793898066 -1.82372522596619 0.86699120144031 0 0
0.222825762748334 -1.79817908709737 0.732087219622788 0 -0.168847407290155
0.310313706858014 -1.41985309559373 0.459991665302761 0 -0.264730349887437
0.371243458374314 -1.05685342080832 0.231797010230261 0 -0.320566117385402
0.545731301364574 -0.79532024453195 -0.0148437024755068 0 -0.268775485214594
0.70074839481792 -0.448757224041776 0 0 -0.434377186760607
0.636696939959 -0.0614922921850076 0 0 -0.811137907600732
0.48618555780726 0.268671752509842 -0.331970860176115 0 -1.09583872081826
0.34635206931835 0.541616262069464 -0.164083276249773 0 -1.06598419507712
0.294298578848267 0.623806035481974 0.111188634376355 0.429606571977593 -1.17763202498401
-0.116867578633925 0.558415895238998 0.449066304248304 0.519157361133079 -1.22892261309848
-0.558022583275988 0.340384619886889 0.606681701537653 0.540557807810929 -1.06242595022149
-0.705732745280066 -0.00444612607895641 0.701376128143307 0.507608380244878 -0.915268088103312
-0.838917312075028 -0.324111168239801 0.780545307770392 0.544878843662118 -0.729769494797568
0.858402713671307 -1.41655913173938 0.764883946035993 0 0.452660866085375
0.665747015270982 -1.46342929325483 0.470922166182104 0 0.237796777923562
0.580049652039329 -1.39285686529787 0.183949675896332 0 0.0583371845417098
0.500850665648548 -1.18428879342642 -0.00182590483384871 0 -0.198146997076547
0.374942965529752 -0.820428827686469 0 0 -0.532416988841165
0.093893146106599 -0.210612356085629 0 0 -0.896192762161883
0.228859927460307 0.19912556370088 0 0 -1.13123179369639
0.384816180423339 0.401174299360595 0 0 -0.943975286557544
0.273694097357159 0.628942800781609 0 0 -0.687725801222665
0.193889600359573 0.878229517855536 0.011951515110332 0.37988021059997 -1.19306949552243
-0.2725270172243 0.823975779378744 0.0965783624798946 0.481136040952791 -0.900780062211153
-0.564696086415586 0.510931861484506 0.283918576470473 0.498215926590187 -0.766698080451958
-0.961420735761823 0.416437745851315 0.243723677948559 0 -0.378456124981671
-0.886261569911705 -0.238349798983959 0.466234371183263 0.443655064568726 -0.481131309193628
0.844525879209463 -1.31887311608954 0.595164157038651 0 0.667248376648806
1.61435402870672 -0.777912452442915 0.735185552297467 0.674090303657005 1.05748387418385
1.13898465842618 -0.91517610898034 0.55070183736294 0.584478264487066 0.551738586581092
0.19539922877523 -1.1291687088176 0 0 -0.439273092862387
-0.129039075357763 -0.647423739574234 0 0 -0.804779202954094
0.0306297781724392 -0.350109251339904 -0.290313813286316 0 -0.970749635564156
0.202162040074217 0.0737561182361685 -0.18417274596355 0 -1.31544087315694
0.306570111926242 0.514068659464743 0 0 -1.14168565714756
0.304864120090904 0.595636890168124 0 -0.0775675779171961 -1.13163371916756
0.0800663894709188 0.864587919718487 0 0 -0.784934864239584
-0.219699244169523 0.883561266316116 0 0 -0.495776996005694
-0.369498659944212 0.694243761884564 0 0 -0.271563772772971
-0.762282417339332 0.518353142500347 0 0 0
-0.981483721170685 0.518255837609049 0 0 0
0.0865451902565147 -1.58411351284076 0 0 0.381833588186758
0.528590025818817 -1.36664806374974 0.273681970102686 0 0.325349153686148
-0.0489277461701184 -1.20853917439076 0 0 -0.566879165827767
0.0438064828828793 -1.24797493803991 0 0 -0.711944805007924
0.0891369710345885 -1.13588680788548 0 0 -0.779875663400018
0.409817738949786 -0.841255620381346 -0.0638019461031322 0 -0.860792770622895
0.433379633969534 -0.232907477107578 -0.00784879743382921 0 -0.807214289203281
0.294836871520578 0.198564026848969 0 0 -0.864004982619884
0.0832818167182961 0.539698520293738 0 -0.204319009360439 -1.1992926362281
0.0994064650664402 0.727429883072953 0 0 -0.745269653671358
0.00898320952315133 0.947092679394353 0 0 -0.48364482673423
-0.226021626141097 0.87129367662613 0 0 -0.195080599264491
-0.502169005997514 0.633914704610249 0 0 0.074976070089907
-0.710560908287038 0.414611919142375 0 0 0
-0.0182489510721156 -1.46706961758432 0 0 0.372955854033959
-0.0638176116572333 -1.04201757617448 0 0 -0.331312915081627
0.0904326126215441 -1.36454719996437 0 0 -0.486252892113754
0.140803241450037 -1.6586364134613 0 0 -0.729070035401706
0.52606758039192 -1.70265496634761 0.123466274571912 0 -0.912543130335678
0.742109898012048 -1.39285821325747 0.131668219410801 0 -0.947884068916995
0.605197948207169 -0.778833777549956 0 0 -0.951362043673693
0.364607202214383 -0.263813690262874 0 0 -0.684842165875566
0.299155113040933 0.0947623148335408 0 0 -0.523343722420784
0.407694576880407 0.529979551686598 0 -0.259195891459657 -0.684314218166661
0.478936881220507 1.02160199988905 0 -0.344680954373896 -0.351738085150569
0.151054000958417 0.695156082549715 0 0 -0.174558070772465
0.140148754352857 0.811893025030162 -0.748652563992574 0.343415490634064 0.00346865450006581
-0.00944151848217414 0.484453226794144 -0.867822580106382 0.918393990571897 0.518348887134634
-0.0858005642539278 -0.749438233205462 0 0 0.051109248839525
0.0406174408715526 -1.10570131647927 0 0 -0.111914717483642
0.129610587295532 -1.50710619697487 0 0 -0.333241219943412
0.491005364431343 -1.87834658367293 0.203904396338395 -0.0506827796876552 -0.731095671655653
0.880924454439321 -2.1471724162267 0.163398526034634 0.0985875642500439 -0.93074554783599
0.891862518666146 -1.970626385297 0.272985945804608 0 -0.849302758164996
0.730100156375131 -1.35667963844254 0 0 -0.867552756218742
0.542194966255903 -0.857443865487418 0 0 -0.825088317725536
0.339266969640479 -0.482298934237843 0 0 -0.709077819584756
0.718109615028426 0.0845232324331048 0 0 -0.243342685184035
1.13125580643817 0.527789768222986 0 0 -0.0555735594074026
1.14665045030883 0.6101603514391 0 -0.169844044006628 -0.0549909350270551
0.532081999565897 0.584856635453003 -0.802046081413816 0.254343033545911 0.210333090689838
0.475657970347354 0.393583744071908 -0.936148308048232 0.669486741911435 0.593852090660083
-0.0801623811643238 -0.845880061826059 0 0 0.104708678862026
0.224112754335128 -1.09632493769004 0 -0.309535243285248 0.0250141475481347
0.274295862704838 -1.53819008090099 0.222774081543249 -0.281548533614675 -0.230867286421866
0.302999949295322 -2.16703265325087 0.317663613859079 0.0180733332219563 -0.475205598650663
0.549028189536961 -2.47133561427534 0.255388651674351 0 -0.634968916020133
1.30486342871801 -2.37091341154511 0.397809337615068 0.0391902649616556 -0.695491858926327
0.83515850032049 -1.77624632834644 0 0 -0.978469346127024
0.399163379693555 -1.43386200665456 0.0548793079930079 -0.229206158907942 -1.03098932515211
0.349408176943775 -1.11039958146282 -0.10172018885749 0 -0.758659744315276
0.945216666286979 -0.656709769616159 0 0 -0.370663052319801
1.31376070041964 -0.187690162283862 0 0.13244216924587 0.189399840465227
1.32157983394287 0.00828970031137634 0 0 0
1.68963909497755 0.07749175281317 0 -0.145260274042573 0.335510623952605
0.848256164552137 -0.0380355369859238 0 0 0
0.190990190847374 -0.754750570680976 0 -0.486690438126773 0.444180601255521
0.23690516647064 -1.15734103067346 0 -0.291566968937701 0.127164905238368
0.321245626624078 -1.55749398922106 0.168102536438078 0.0807175784774177 0.0192526796658187
0.00417014695574836 -2.46429083288443 0.310967897989882 0.0100706130073109 -0.115740483152436
0.789597926837433 -2.33369002043047 0 0 -0.578003585256233
1.18469328961606 -2.30334674447697 0.355660229124908 0 -0.588048512225136
0.926854714838484 -2.19349255852959 0.180788473566391 -0.0284073760469454 -0.464860073948516
0.454841606897645 -1.92577206162161 -0.0317499636637786 -0.181331625227325 -0.758700398674094
0.627467011511344 -1.73783964213673 -0.117526116123927 0 -0.599042980047456
1.18061829727352 -1.43061549372388 0 0 -0.254036297469421
1.48925233623773 -1.02659137685167 0 0.0512459635493632 0.17293160461803
1.67251636004046 -0.626263104483613 0 0 0.285653229920775
1.81564523126276 -0.427497930769672 0 0 0.416194990946521
1.74640480816591 -0.306042615464064 0 0 0.541896605914011
0.0471841678995878 -1.12211217647843 0 0 0.2738150320625
-0.0343523281079014 -1.57860976551995 0.284813518749097 0 0.463915566493942
0.202271717158097 -1.99758991701641 0.134100782520508 0 -0.00731803963637986
0.399108669762691 -2.32823555779594 0.209794176519033 0 -0.107164214925173
0.699800551250628 -2.41296996359696 0.233005926034997 0 -0.299872219670156
0.962385570385715 -2.25321334025418 -0.0774835672865507 0.387816490530063 0.13234176037931
0.795233849498696 -2.34084336022906 -0.132049493450269 0.235222349316046 0.197706222916152
0.672819372897232 -2.277577664235 -0.27550260303083 0.18273164366321 0.0795664936540895
0.628634386703586 -2.26353601800297 -0.433835959075163 0.0322491264883341 0.0309238638143587
1.40301648369328 -2.16575722223393 -0.356799066196089 0 0.46341195200623
1.81054912004227 -1.79848335793307 0 0 0.376394047260282
1.99491303239068 -1.36853224310272 0 0 0.62297584076011
2.08067486119941 -0.985242615537079 0 0 0.770160220706807
2.40045728882418 -0.633844327750409 0 0 1.38194515790558
0.137322395101442 -1.34951832372209 0 0 0.571456549305222
0.22855636552114 -1.7328627998528 0 0 0.38057488949462
0.438274280233496 -2.03088296167026 0 0 0.00702412233707149
0.693000153225381 -2.21088061353766 0 0 -0.192478305673047
0.554128094035811 -2.34723657221634 -0.0905873898870804 0.272434106254432 0.316625574929814
0.551202923267201 -2.27467823645368 -0.26648708290952 0.441625044164299 0.567149481744929
1.04772989030462 -2.34811835306348 0.260389998842271 0 0.0125262010155162
0.573529989305424 -2.53971304036727 -0.663624914187586 0.551152099523568 0.947415391944675
1.226833035769 -2.40403985279663 0 0 -0.399452272438014
1.90639734090907 -2.64874230516028 0 0 0.351068532073103
2.14438595913312 -2.46328455754833 0 0 0.665059928114079
2.35679331069502 -2.12895749817641 0 0 0.966736338665951
2.42532393372634 -1.65482547552932 0 0 1.10747549943071
2.66524218014691 -1.18359036638483 0 0 1.62513892380854
