"(Intercept)" "X1" "X2" "X3" "X4"
1.57816744089563 -2.89758150467044 -1.33988037665871 -0.723388181932115 0.814471376788945
1.86882274652574 -2.62283247626753 -0.749384678545847 0 0.786099621594394
1.683295079991 -2.58046384821758 -0.696378360288691 0 1.31544248651708
1.40920840239197 -2.24586655669887 -0.33536400279668 0 1.16604415942244
1.2898830942889 -1.93382578690455 0 0 1.01668123014628
1.20590974606453 -1.77796320339721 0 0 0.749379450048805
0.248884672100009 -1.49435516201476 0.189064433849414 -0.508462522127795 1.31007513791053
-0.781844652199245 -2.1511644033683 0.613526524943539 -0.180283559485276 1.63719391326316
-1.28376266687952 -1.82383434718131 0.921852793206984 0 1.51405892769071
-1.86182716730052 -1.79994080320846 1.49178163902241 0.626694163408416 2.33485524044043
-2.23124158168349 -1.75549508116299 1.84930715297906 0 0.96784917424379
-2.53789949531925 -1.62196658191409 2.4998991749708 0 0.7560814317552
-2.81790564223607 -1.42010438509441 3.05135175425432 0 0.366579974318139
-2.99229685506798 -1.33895870155813 3.50294899722275 0 0.174986292647303
1.51996243892521 -2.56193685452857 -1.08070926510578 -0.587549569253498 0.720854835415599
1.73661987745427 -2.22153048422005 -0.540107485026565 0 0.490232027740505
1.44890234990954 -2.20504867870753 -0.729646965882016 0 0.859775826250616
1.19726917758304 -1.86900723328511 -0.410684256689461 0 0.850196460564675
1.01338706161891 -1.49404519577359 0 0 0.786619229657132
0.647615344673553 -1.37923199496578 0.0946171445145145 0.0875079559810432 0.710079904916743
0.464336605802443 -0.899693402702229 -0.020133451284019 -0.0945914837014388 0.704211140954107
-0.299612800816996 -0.903658441224268 0.0677601627122808 -0.21012719639552 0.60196376733441
-0.759021871500551 -1.08257900679872 0.49424243179014 0 1.07812325555025
-1.22683170835127 -1.05292728749091 0.739930348690589 0 0.513842615045972
-1.54971841287031 -0.96769667991949 1.39935024154453 0 0.649224352471062
-1.85613642332773 -0.823449224607907 1.89478474228509 0 0.380903736631316
-2.12581703422058 -0.685340734875798 2.31733816275213 0 0.155028127023342
-2.67528677879524 -0.389161638613735 2.66013081942628 1.21065857311118 1.34420402944171
2.38379844682491 -1.82475286141074 0 0 0.288907171571865
1.87722509100489 -1.62445609291544 0 0 0.134057892843944
1.4992432556325 -1.37685113916121 0 0 0
0.964160312637138 -1.52668562443879 -0.398174203158096 0 0.353810074335589
0.865401582762484 -1.0273880795146 0 0 0.336835429422651
0.583892835817737 -0.845058972422133 -0.0882358031692881 0.128546756893126 0.225414389651773
0.522043534937108 -0.426681586407425 -0.195224337951774 0.199541562870976 0.239474791688697
0.229155706894549 -0.0278069240366609 -0.224263029785579 -0.0881573657313436 0.234870974076671
-0.492582004499852 -0.246634181762815 0.0810079522600662 0.133528422866727 0.128354978688849
-0.668487682368607 -0.306248930837934 0.425753118149726 0 0.491350129665636
-0.890123880362653 -0.24001851976343 0.883455464143085 0 0.312946897435587
-1.26917779881215 -0.088053008016436 1.22215052531837 0 0.153550238699586
-1.66456922252484 -0.019659754769419 1.48020622372199 0 0
-2.00363585963952 -0.0719441162514032 1.71331383669774 0 0
2.2556121254329 -1.6841450081798 0 0 0.420833437255064
1.73659207898051 -1.49146530406035 0 0 0.223713083730866
1.16197766089892 -1.26366841219565 0 0 0
0.974079208080991 -0.891527393156163 0 0 0
0.975873086343927 -0.609475866732024 0 0 0
0.635620245511165 -0.400704689794975 -0.356464449787008 0.191628729746661 -0.161812566945933
0.722687375602839 -0.00889945116823676 -0.388841921314354 0.527141514697035 -0.259566375921888
0.565843166643542 0.322091979726779 -0.342287775890811 0.31972484398741 -0.287424221319579
0.191068666458496 0.601544512909088 -0.292467544596079 0.219854747901535 -0.331578995719482
-0.0343695699331618 0.533522463191291 0.103290485446112 0 0.0197615057079591
-0.471435059271839 0.494204433944825 0.257932267427454 0 0
-0.877466733707322 0.583794814597894 0.645654003386985 0 0
-1.0726639228594 0.47134438794197 0.779982191338464 0 0
-1.08894437168023 0.201046803158325 0.713960444567398 0 0
1.97805217052066 -1.76343297099779 -0.223071655356474 0 0.640158160644123
1.35126007226673 -1.57919108287571 -0.294810878176849 0 0.285767078237025
0.941199581585865 -1.17253148025283 0 0 0.0769800273538315
0.714520481442118 -0.793477850055011 0 0 0
0.470955513786253 -0.334713000581038 -0.348878432931477 0.347911242050139 -0.785776232416939
0.636873903366765 -0.020499959652077 -0.449814420534767 0.362885263858939 -0.472921483354004
0.933405250749324 0.286625169101738 -0.593988404935986 0.271648698593036 -0.348015138240998
1.01855934933598 0.592786944653552 -0.629711472459332 0.0899562445722382 -0.23551363524501
0.856045567122645 0.944548968723144 -0.635513496883325 -0.0723794975713875 0
0.5304408382832 1.32243696117406 -0.456046408203566 -0.0641787953220557 -0.120240454159782
-0.253467454397439 1.14854282014148 0.104115570738178 0 0
-0.530450309703828 1.11829355927185 0.243416191858787 0 0
-0.856873531805855 0.662838546115151 0.383393892148607 0.210913250455558 0
-1.38102413803784 -0.281937960915764 0.337999918063595 1.34735725553349 0.246641132471895
1.97522562703827 -1.66629370214219 -0.0716718694155098 0 0.740227289709989
1.38964860548505 -1.41179559176185 -0.20288893486168 0 0.389989367044443
0.991899130441034 -0.999488161221289 -0.315020181803807 0 0.0930662385185299
0.549042776093608 -0.588250895361694 0 0 -0.0863137636613249
0.435878207234188 -0.11263133463445 -0.332868455274483 0.38651200451894 -0.782436126862011
0.644781463500407 0.172401817680232 0 0 0
0.895970242678307 0.385808111461987 0 0 0
0.723209276671728 0.668354863610645 -0.407160853236587 0 0
0.702236665354039 1.00521649669932 -0.529479395534534 -0.0327029908153697 0
0.543429740563247 1.38969128735222 -0.717575907064383 0.151606439630816 -0.105592158527015
0.473017719190522 1.54172634648023 -0.704087110803175 0.361237558568801 -0.552858204167827
-0.139224213381245 1.23929530597714 -0.219257596588236 0.713123203078543 -0.508431186859745
-1.00776042386559 0.357513201116043 0.241744003674515 0.792038534515846 -0.0057989297490365
-1.85983956970192 -0.111348654784556 0.566615116049357 0 0
2.00052190933511 -1.45596234838121 0.0306736530245616 0 0.831534854187139
1.37111020745856 -1.27642495637874 -0.105742392866971 0 0.500113412779511
0.775955440118339 -1.0182761161259 -0.247302352874953 0 0.0593821205845604
0.308721912784009 -0.716548690633406 0 0 -0.313647876930324
0.118763698188497 -0.596140120194951 0 0 -0.581691135659451
0.286268607214853 -0.150347861644788 0 0 -0.520464911747965
0.353010238773205 0.33608176652933 0 0 -0.386251483643802
0.385757067274889 0.696661320392103 0 0 -0.573711111376514
0.517505263147074 0.86319706024394 -0.403969480267554 0 -0.897571854170596
0.572839611495703 1.25079147930794 -0.773973908107202 0.04521260159408 -0.69832873291076
0.534950760852311 1.60275711515921 -0.98647951410369 -0.0509821057028432 -0.591793216208419
0.294414596874182 1.63398427573977 -0.767188564429722 0 -0.594790796212604
-0.538212199274769 1.07555914343508 0 0 -0.271326545164913
-1.17132670850472 -0.0711375669549005 0.0417974019716971 -0.195807043965091 0.646949539506778
1.69421273782314 -1.32592242975245 -0.016062073918635 0 0.825864309943857
1.06018696990054 -1.20732866843908 -0.114861273579924 0 0.289757637571022
0.685696263410024 -0.974390639097629 0.00306702954088752 0.358284959774274 0.0171612179373944
0.309462221443147 -1.09425965687895 0 0 -0.639016654800078
0.18912155479692 -1.10120655984322 0 0 -0.879061954028014
1.01546105047723 -0.86515576893685 0.148047467332164 0.515162924163076 -0.991983023855432
0.700358218679852 -0.283702416113476 -0.130134115557679 0.229852043633045 -0.827906516859864
0.335373687770919 0.282697291874946 -0.273219814872791 0 -0.880891047156093
0.527968158054415 0.530563532520498 -0.424921424688669 0 -0.972630755349503
0.307590228280559 1.06249835985847 -0.418176977852509 0 -0.654804529316163
0.202674042583337 1.41658378787532 -0.783719714142709 0 -0.729601858609814
0.167883796450298 1.72461216862455 -0.82781803830691 0 -0.70880802878076
-0.0647693955882388 1.61617836342624 -0.701062958029985 0 -0.398670145837652
-0.746926448703174 1.20889497742234 -0.263208573282532 0 0.0233171852099078
0.595001203678758 -0.960899818935282 0 0 0.209401842474963
0.629206463550416 -1.08775226982147 0.178186247634821 0.337923114216773 0.505347908709143
0.300488113746629 -1.2526236936871 0 0 -0.454930312537522
0.209775282722969 -1.57569055144829 0 0 -0.768689300174889
0.704594731192535 -1.71864964795122 0.49430048148507 0.440281957762961 -1.10930696735018
1.34189011267909 -1.38031852979675 0.206358981280216 0.606362579897936 -1.17224179796448
0.564140149446881 -0.856516192431639 -0.119046723585025 0 -0.952211542023605
0.545742578406038 -0.54100921355071 -0.180460935785704 0 -0.958229681690319
0.487905431535529 0.0743069025264716 -0.469152123506802 0.0728863933787396 -0.637830775336105
0.493860595092704 0.601527816369845 -0.526221178774126 -0.0181879812939046 -0.68606330559251
0.227759299340014 1.19445644656444 -0.524016298762308 -0.350792592631068 -0.737660418382784
-0.10961792908255 1.71571015525762 -0.614279973106131 -0.460344626001733 -0.848881361666854
-0.208199239506532 1.95720651388896 -0.309747684088775 -0.380182078154895 -0.415232574347119
-0.352750667924726 1.94815367120544 -0.182829570397382 -0.167499280971052 0.0288719688544017
0.569781007798524 -0.694096376562026 0 0.131435370312276 0.618185102491895
0.320348120393432 -0.897249412762584 0 0 0.000782031867357179
0.450012086284074 -1.40721171535276 0 0.0560745684699766 -0.0896961576583503
0.453472917761209 -1.8996864361229 0.35992024483283 0.123617921685572 -0.569835115972945
0.813733931401568 -1.90359518511845 0 0.311484623013331 -1.05357414592822
0.858377412051602 -1.81087358113149 0 0 -1.01230666902308
0.569666756955608 -1.53313386960224 0.147508131471323 -0.164273669549547 -1.16207159483184
0.658795607736181 -1.20461576233274 0.00153379207490147 -0.109813931605071 -1.20350628054416
0.584846012230979 -0.430528918639742 -0.326329576993801 -0.0917637101492527 -0.904219127950276
0.361608106280135 0.24911960149699 -0.309912679204991 -0.291830343676623 -0.661683225829021
0.420076184496275 0.710825867049919 -0.273801137359173 -0.555962041942092 -0.566711804200606
0.207132893050111 1.2543630382915 -0.120665201446791 -0.851320807222465 -0.489763013554995
-0.42409908278872 1.53264438869919 -0.3426176916507 -0.629138030076501 -0.480572267369275
-0.524204526812036 1.69491921000131 -0.186659659494451 -0.39859009505234 -0.0907329998536904
0.224796056336511 -0.692340930940973 0 0 0.230076495905208
0.3650433551371 -0.991728246064513 0 0 -0.0113679747713442
0.562567369400284 -1.40377921679528 0 0 -0.170472318042359
0.525822188526262 -1.9171123336133 0 0 -0.416257778209725
0.755564133286038 -2.05431353957114 0 0 -0.848933338844235
0.980380224309911 -2.18226850022739 0 0 -1.02790403390393
1.08784025641777 -2.16110643711337 0.333821567516794 0 -0.99885986943085
0.611189155511083 -1.76512985563577 0.0496887294974847 -0.259712927578419 -1.2359475925667
0.463429589780228 -0.888286701521639 -0.156988315455223 -0.337866053773263 -1.27038137008476
0.150118770208626 -0.268174415018286 -0.299536011042592 -0.552432906053721 -1.07418060910658
0.190821463863048 0.154519332565204 -0.0820321043229474 -0.732979152939811 -0.80583230867576
0.210143907474585 0.617775146406848 0.142723683400555 -1.05500693008335 -0.547974557895959
0.173477978984406 1.06102074661556 0.418061460000763 -1.34154042872758 -0.186170045581784
-0.0254462435397668 1.38024083551967 0.472040547471831 -1.1060590520404 0.179328769324782
0.348590922719825 -0.769770612906193 0 0 0.267195315608983
0.636823872510585 -1.10530932401555 0 0 0.180012833365054
0.836580407851004 -1.58016012592404 0.106474653080664 0 0.03828313325296
0.816222648601342 -2.0817399756981 0.0868032684667035 0 -0.315094811853026
0.858185747841373 -2.11322923160464 0 0 -0.68532431601745
0.964507624386591 -2.34170364485412 0 0 -0.684684115373973
1.06685028217748 -2.36327685160471 0 0 -0.695706122690245
0.571451594249868 -2.1046760462757 -0.0651794579093829 -0.185509923395413 -0.856610102634373
0.142203609492562 -1.44871175927357 -0.457167310718513 -0.586457485711709 -1.10584671904271
-0.159919820158753 -0.899859650667734 -0.287261267024352 -0.792383343940076 -1.37979473116707
-0.256830148630655 -0.508339879039443 -0.261203814372069 -1.02056709092885 -1.07771154059234
-0.195120052882582 -0.00763634243952986 0.158941444720699 -1.28535937080602 -0.757468871708052
-0.0389199446266978 0.356630019512453 0.437356782860939 -1.52799896260737 -0.347363743822037
0.0193754971480637 0.748621890455055 0.68852549291394 -1.61260532383417 0.0634402367036435
0.555408973023857 -0.859084023211279 0 0 0.335508107756703
1.36298544761379 -1.03194239152953 -0.366496269806786 0 0.442401380162372
1.25286910866203 -1.4470716926499 -0.349063022542832 0 0.118701545075518
1.17854396436631 -1.72174046232621 -0.255356535956021 0 -0.179040473951711
0.919392252070162 -2.06824888953005 0 0 -0.280168224873885
0.911158300267312 -2.28469060966073 0 0 -0.220293596380035
0.959642654219362 -2.74743829117628 0 0 -0.162556192604222
1.00944894418371 -2.36296363679031 0 0 -0.392072527036393
0.364122332075939 -1.87288736536476 -0.283430014773575 -0.530920879928936 -0.819610908783545
-0.617929393075385 -1.40636013627557 -0.416858734482683 -1.00020099585236 -1.37909732104061
-0.79252442377182 -1.12266210800908 -0.272106353692168 -1.37569367185494 -1.43209717356373
-0.227673997545727 -0.703115286518951 0 -1.042097985747 -0.769893337438223
-0.410236066670359 -0.30926229072966 0.371810592987994 -1.77835863773924 -0.561381300587159
-0.132416574546474 0.0576617360068693 0.793958035763183 -2.02016590775501 -0.120367268477907
0.877828339922655 -0.958018753810946 0 0 0.527212123331934
0.858127272825566 -1.23736176710915 0 0 0.322230287702297
1.48844287445568 -1.1913240797528 -0.478825983034131 0 0.252193440236261
0.978622020502542 -1.64743618458345 0 0 0.110186852046439
0.920549848578555 -1.90129334623955 0 0 0.0250437394190299
0.926083727913602 -2.12578901895552 0 0 0.0913810047097013
0.56802495484763 -3.07441997195591 0 0 0.538858310999902
0.899447108335793 -2.72178761496751 0 0 -0.121591769372976
0.801745442082463 -2.40318708433285 -0.0476422426080157 -0.324520253865123 -0.530648558901847
-0.316962321571749 -1.96725506489056 -0.312800495724247 -0.893427024724064 -1.07699498064539
-1.54143478057154 -1.54601306861891 -0.573150652417083 -1.57559337809618 -1.43564657345117
-0.403883533728175 -1.30401066497712 0 -1.26073155591307 -0.777037341680532
-0.608837507287908 -0.92941292336286 0 -1.43156766485231 -0.711936514232783
-0.383446398757837 -0.663978838960941 0.601062518320397 -2.15300747424713 -0.31989096397977
