"(Intercept)" "X1" "X2" "X3" "X4"
1.98348462784168 -3.18760405502036 0 0.544791221323013 1.01286245861852
1.92395371541121 -2.85040796398596 0 0.364655294168209 1.11024889144252
1.48082634478147 -2.41392616200812 0 0 0.822876720494158
1.44143050302677 -2.32563568417676 0 0 0.892138123931561
1.13035030242547 -2.1025775425148 0 0 0.651948117308657
0.631158178589307 -2.12681896256402 0.29956454115128 0 0.52147734909358
0.0709197412042215 -2.25945539604507 0.634564648841538 -0.0276141882296081 0.546455953703823
-0.175279016894817 -2.34457902051741 0.752477276624399 0.0123193528870871 0.656700291137055
-0.382761473965226 -2.10146083123861 0.669175636636658 -0.208091585848812 0.686457694370774
-0.543920199066228 -2.18964867221214 0.868248041089727 -0.174940916114764 0.661033786666945
-0.624500228227231 -2.36236180321237 1.07430713328795 -0.0336782051426551 0.443689389203082
-1.06859278657964 -2.23134446264683 0.58385367114761 0 0
-1.39682715878792 -2.41900303486426 0.83062080927066 0 0
-1.68377008826774 -2.61947313166714 1.06878741738533 0 0
1.7615112769328 -2.92815996808932 0 0.47171142683558 0.641402016782081
1.6175007149798 -2.53994119238537 0 0.323370076584499 0.721847618295566
1.42792836916682 -2.13878685541452 0 0.152808463264539 0.775755094023768
1.2891886521062 -1.78390483418904 0 0 0.624611691957825
1.10456167482759 -1.55085979411395 0 0 0.422134523309876
0.760679918086007 -1.44727465895378 0.133794975366519 0 0.241248410434183
0.18250325693602 -1.49160413648548 0.386281010387255 0.0667762443092529 0.0817121823310136
-0.0228606015131451 -1.48811593580741 0.36459084420536 0.236451169705596 0.323916231960251
-0.27009873750136 -1.31284726757226 0.366230325786685 0.0856704706801777 0.360630473014867
-0.392006798552672 -1.42922859706614 0.542203222890229 0.0779988048324255 0.276543346148831
-0.468178487027694 -1.60180185014596 0.704564702068818 0.18493198419846 0.148106634927566
-1.01613106171504 -1.57327699851139 0.588297455962189 0 0
-1.29217761766304 -1.78084186995938 0.821552450199291 0 0
-1.5564465348102 -1.98280948386816 0.987820223177742 0 0
1.56324754107555 -2.63410843887197 0 0.241112959738934 0.394628329088108
1.37877300914245 -2.21467221295628 0 0.0991846750507691 0.424409631291085
1.20161924889705 -1.77104574710875 0 -0.0336571131449238 0.453078081164668
1.05840183663004 -1.37192512784361 0 -0.0888211160150967 0.382279068109139
0.967103898951499 -1.02876513747215 0 0 0.178834711795231
0.843425163605232 -0.83000306446844 0 0 0.0376529417884067
0.330206738471624 -0.775073590548061 0.121507382284489 0.197051454457459 -0.258689673293945
0.0881503558494123 -0.712043858835062 0.0669737650430972 0.498069902175537 -0.0560610985031982
-0.126891585364208 -0.578427283801516 0.107611364119765 0.398759676213547 -0.0618032077620046
-0.265213679223523 -0.711086276718692 0.259830691390558 0.345330999272847 -0.0859845433660574
-0.683294802277978 -0.704740619262492 0.332132701756717 0 0
-0.963849568058226 -0.89869621840372 0.472357135332027 0 0
-1.19306663329598 -1.11967324370472 0.61574910787585 0 0
-1.61825114468951 -1.40031588891652 0.691469435618915 0 0
1.33163793131352 -2.3898296097316 0 -0.0375121589437839 0.285497544120424
1.22181008685842 -1.91178645566148 0 -0.164532375461301 0.206967155936481
1.06519515443579 -1.42287779803982 0 -0.267258210284506 0.212540101958446
0.940259668430002 -1.04362842318521 0 -0.221056128257547 0.154653558254876
1.03976633369458 -0.669254496513645 0 0 0.165889276298284
1.03860113455478 -0.446856770990164 -0.168163021190426 0 0
0.878310385064482 -0.193094537732246 -0.212293258556084 0 0
0.624434774162704 -0.0613259160463312 -0.475748483556688 0.242148126425754 -0.0580475377843303
0.254596125891638 0.00732669196592623 0 0 0
-0.285306062339835 0.0219475159397434 0.0972669488509648 0 0
-0.629279461326391 -0.0276561060328188 0.256464676784621 0 0
-0.898538394902495 -0.232622406270717 0.315644247107504 0 0
-1.24421419136482 -0.553130619655685 0.371843034292354 0 0
-1.74668494374633 -0.97157135947934 0.417228361609355 0 0
1.12336108414589 -2.19013219926917 0 -0.293915711961709 0.267381060923023
1.09214750130238 -1.66786404226038 0 -0.330201081163272 0.199108904704716
1.01221785727038 -1.19960561373625 0 -0.396995481409353 0.0740670135074065
1.02987107403814 -0.884847104906565 0 0 0
1.06691716062064 -0.633090088834034 0 0 0
0.732467602551678 -0.308804143408965 -0.514278676711288 -0.0679652356643789 -0.08485300614404
0.916872267784169 -0.00740950680879171 -0.357574321320508 0 0
0.694157721875812 0.263405065166405 -0.443068127639471 0 -0.257169299277555
0.404581127074744 0.349210798918489 -0.162465496353166 0 0
-0.00949154046589407 0.409580337489714 0 0 0
-0.58424138174839 0.318628465649957 0.119442939025441 0 0
-1.02656196259592 0.171268577479157 0.267430274643909 0 0
-1.40336954943887 -0.169288132921732 0.32941144958771 0 0
-1.85048248602831 -0.634212085072038 0.316963070485366 0 0
1.36083624992434 -2.07691186445472 0 -0.477966707312854 0.433997040557114
1.21377271735115 -1.64406504398296 0 -0.509364798663115 0.237163919033208
1.00892570814158 -1.31311939247771 0 -0.576987102877661 0.043332701088441
0.893493584072202 -0.995962911174573 0 -0.559325962274548 0
0.773233521333081 -0.67297878289697 0 -0.439857452443994 0
0.375559047965687 -0.306435646206528 -0.438614056085259 -0.280278720150978 -0.331695070841522
0.493442588348898 0.088065888410215 -0.569609499003759 -0.15920000269657 -0.250596512940052
0.598835169601261 0.431629777738362 -0.49951035085037 0 -0.372141205450674
0.388661146057441 0.526634744066464 0 0 0
0.0396018273585217 0.582465127671007 0 0 0
-0.328553411393756 0.501356060045747 0 0 0
-0.794301984805647 0 0 0 0
-1.34516594778131 0 0 0 0
-1.93146252556479 0 0 0 0
1.54512881056561 -2.04414489647164 0 -0.673847856416609 0.582927538285295
1.32515922109441 -1.72815409565637 0 -0.672656142582575 0.268205677048428
1.09768635638247 -1.44912175558009 0 -0.634430510637881 -0.00796755078087865
0.816594925291256 -1.14207576669274 0 -0.611211688224461 -0.177812476528804
0.609718190914896 -0.72403775751546 0 -0.443562641048584 -0.274212341665784
0.272118295780297 -0.404681728542153 -0.24940600459874 -0.185516706894125 -0.58065180379571
0.315225852508313 -0.0877843933781211 0 0 -0.443059917249891
0.376788807817345 0.294426472674553 0 0 -0.356334162748216
0.38145232061565 0.696582693756045 -0.302882617259128 0 -0.562508680068769
0.17970818239513 0.953506510225341 -0.692865883094528 0.350475680528903 -0.596405350066127
0.283267178068683 1.02121172300158 -0.821353216726442 0.497105924240471 -0.631806185773989
-0.548229409822279 0.379014380464378 0 0 0
-0.985437763662818 0 0 0 0
-1.5060870379691 0 0 0 0
1.47080366571133 -1.92751190416165 0 -0.717010336091782 0.565907219344034
1.22541270280226 -1.72718073769791 0 -0.675022707586425 0.250275647169185
1.04600699667704 -1.55433311051905 0 -0.635372554499245 -0.0251237617462582
0.80610978453672 -1.24795640609286 0 -0.491845935094474 -0.323673064054984
0.638478224294874 -0.983292821460818 -0.0909613241349218 -0.234284944489771 -0.543218403883506
0.412783713528678 -0.75372936902183 -0.1609230657775 -0.156955520038816 -0.680638376463283
0.168761458324127 -0.483836081402851 -0.275305655162278 -0.117452425046454 -0.724258022993589
0.0895406842560025 -0.0320108506646973 -0.369385464773285 -0.00752472534585217 -0.660337389112443
0.307477367317827 0.391066030604145 -0.416326758299206 0.190866974581547 -0.589918109730185
0.391727824386232 0.640007012445577 0 0 -0.366315904397715
-0.0114813957325046 0.914646226159789 -0.662073179672835 -0.0121629268886762 -0.466704699349599
0.0276056333039424 0.954689560790466 -0.763923854973245 0.15019616611781 -0.482701309937168
-0.647339718201893 0.425257768025502 0 0 -0.356811347913702
-1.15890200157563 0 0 0 -0.343321128277122
1.31366060842545 -1.87779549563415 0 -0.742828540271457 0.480493757283282
1.07668988118575 -1.71719303321432 0 -0.671324199782672 0.161570962903615
0.702042770165142 -1.52745314308312 0 -0.555096750177343 -0.226645453124775
0.718396069571722 -1.41032595455698 0.167313080559556 -0.285112276245665 -0.410343217956951
0.668014437555588 -1.25463708651641 0.0767677841620487 -0.215419989686353 -0.617907621747134
0.407028417956072 -1.13451224501869 -0.0438768161451903 -0.236148932995217 -0.751891081831193
0.193382284730544 -0.909236567732192 -0.1925528017098 -0.177418582118493 -0.831112415084281
0.307962776168347 -0.660635737311748 -0.333194884781873 0.262569275822014 -0.807424920417142
0.231226237924051 0.0364828731953338 -0.52283863572262 0.205683802731506 -0.668622425618386
0.194091689297885 0.429139190503763 -0.553504199237804 -0.015652500476052 -0.601924929109022
0.351997469442616 0.450649631947538 0 0 -0.327894357280669
-0.158367579174429 0.866335761191096 -0.655380474536463 -0.414630789977131 -0.356462895293127
-0.0943914721542035 0.853100372071236 -0.746580592984081 -0.191437070444208 -0.286101577719505
-0.617231714637209 0.291885272758456 0 0 -0.300768924776366
0.99424006152425 -1.67571387101659 0 -0.450062470762713 0.260158610954852
0.785792286738549 -1.7028804390246 0.116401436291405 -0.648149279820275 0.0630157154416475
0.608424731805335 -1.58799690866386 0.303855055425946 -0.347809322509411 -0.193505094413949
0.621987340158177 -1.59559076695731 0.275629323780467 -0.363307271281187 -0.457908952340125
0.619595390560851 -1.49561064562746 0.190116364813299 -0.403682439765443 -0.64010127493796
0.481385686496379 -1.42727015796608 0.0364945468232584 -0.32328625650273 -0.813060902091839
0.322888004998358 -1.36636841861762 -0.011843254166323 -0.197193758044075 -0.952730289974418
0.328499887914858 -0.997317487591236 -0.184569185761 0.0783834686321207 -0.95013998329695
0.18591549781852 -0.367821277041523 -0.382653483617632 -0.0228015901919527 -0.816720239251642
0.216027116446024 0.0242951861651789 -0.436249425490023 -0.142597192425383 -0.662026645530826
0.51395886542319 0.071686072741722 0 0 -0.368765262413385
0.366459147535061 0.13765117876337 0 0 -0.296079104486481
0.160402016466957 0.203016759173281 0 0 -0.248273488236716
-0.22050998714141 0.554295321808046 -0.784163416622654 -0.256786978578026 -0.103841653419191
0.739196564673307 -1.8080956582572 0.0915778600551072 -0.733661985990865 0.221235655016214
0.548360409430137 -1.73900305978342 0.246184112654041 -0.471740506729861 -0.0328735703655728
0.50766073248261 -1.78140072374214 0.322814209868784 -0.442146089057736 -0.302240745934586
0.578004350830365 -1.7935087605998 0.333248036825543 -0.516646771851607 -0.497086618470359
0.66564688280826 -1.74319440272283 0.288694792972632 -0.512364487087797 -0.643140682949771
0.523639841615968 -1.69573175593176 0.20592990678033 -0.475362244038454 -0.854047593318062
0.481084716243962 -1.58021943148196 0.179391068634167 -0.364156649772958 -0.984706361980454
0.24802480973329 -1.27213354829386 -0.000892899756853686 -0.290197297608981 -0.994281712622021
0.103966099612346 -0.773624976739579 -0.255847858937313 -0.323945716766045 -0.942600581130478
0.0492279786616747 -0.434946286542193 -0.420237539436826 -0.377838409360256 -0.792548963627841
0.390990536764192 -0.296994853199557 -0.301669927639375 0 -0.454590031172467
0.273811448869793 -0.223464308104438 -0.380064083775642 0 -0.369097715276867
0.125910076477257 -0.137550292184021 -0.409772898329812 0 -0.294698191238221
-0.0221894576832977 -0.0660739359560989 -0.408349592410688 0 -0.229261735548282
0.468531532795903 -2.01891644097521 0.209019895746544 -0.664461430941166 0.0667856956454467
0.369164592342333 -1.92419836576608 0.332982114689914 -0.484292669547334 -0.137273884903111
0.445492604556376 -1.98822190536958 0.32476930460163 -0.547931847407577 -0.389186659859636
0.53251955617761 -2.00176261716005 0.372124456082006 -0.608521474274987 -0.535576416926421
0.645748866888096 -1.98556409381556 0.428947300603468 -0.601530340434993 -0.674045812698957
0.813132727110179 -1.96937328630432 0.510423080084833 -0.369214866282109 -0.720909455822708
0.577644981786181 -1.68238157314281 0.311577926409616 -0.539132781423457 -0.878285368130132
0.3542859114394 -1.46715504127758 0.139513119774665 -0.578071072763823 -0.986411262740902
0.0898362082804492 -1.21479955400701 -0.137222621177216 -0.524690378019652 -1.0571174071397
-0.00487777384289121 -0.929779347787433 -0.322862932316236 -0.561906090454888 -0.967701773547344
0.391756689171607 -0.776758080599271 -0.357846922150689 0 -0.506587156709515
0.263544704442067 -0.671182324437282 -0.48734355347588 0 -0.403891425701873
0.10573435231512 -0.573597354659662 -0.597263869126696 0 -0.310594190944606
0.00582766965553304 -0.461076244328596 -0.588393054367827 0 -0.237380407322829
0.224392456991787 -2.23872187007856 0.302245703987172 -0.647133727581667 -0.0656735441979039
0.249399155422326 -2.2002033996367 0.315818146146252 -0.608588106054457 -0.297800064038682
0.334135903929069 -2.21387909335107 0.319898945980799 -0.635590212090477 -0.4741184633575
0.37642702887039 -2.23245667380999 0.41499756875749 -0.705011412279969 -0.594089194288546
0.427460013843036 -2.21026878457584 0.510484443805337 -0.753450479614216 -0.721035075201669
0.540761900287877 -2.03053789958682 0.418329845602669 -0.502823683700845 -0.609281354386975
0.51351088838621 -1.82767659342053 0.284813897337986 -0.484390378655978 -0.665199434918282
0.421680463831671 -1.6230525432905 0.158272338401066 -0.684774726612054 -0.924405132126059
0.230656922015933 -1.5972740502242 0.024089823385124 -0.719923867807701 -1.13032164015969
-0.00425523100046581 -1.46533897072368 -0.205320214856621 -0.6465331806388 -1.14672928616208
0.336360921362418 -1.2604051524196 -0.428023220064546 0 -0.544648977160765
0.197303769505913 -1.09321855875575 -0.580631992124941 0 -0.420222415043398
0.0492180412090069 -0.957624585779224 -0.722176974020918 0 -0.298801784298131
-0.0570618104960764 -0.834120095005372 -0.746616130174194 0 -0.237154242109377
-0.00302566122687085 -2.50675079185145 0.357247283413248 -0.715294354799694 -0.222646622265648
0.115964071926805 -2.47811516356022 0.304920110129423 -0.700142930807846 -0.412682835261555
0.169078883887018 -2.46522851837046 0.342706284135987 -0.719246224261431 -0.54073747400309
0.148694466854131 -2.47579126390568 0.461580934219681 -0.836923055614049 -0.665898960680342
0.142140893803553 -2.4125807477986 0.546912180654044 -0.941540891190854 -0.738022920311831
0.208747787016354 -2.02422032085231 0.268283964690138 -0.669401378131009 -0.437816314452641
0.262443597217268 -1.93794281951924 0.157134679998249 -0.518358637185473 -0.528005764552451
0.365367968691858 -1.81909141189429 0.0398611537881952 -0.61792000669824 -0.834152762407338
0.391229564024756 -1.89540079908499 0.126002658652548 -0.820852283023517 -1.12891105836184
0.250048207303144 -1.91014383254681 -0.00826043934244354 -0.707341070659412 -1.21544204336599
0.285655380365619 -1.69178301933274 -0.458824619946333 0 -0.553932580072656
0.139543500280113 -1.50715489807608 -0.637168819282794 0 -0.422402170603978
-0.00696037186691724 -1.32130846336271 -0.800480702061401 0 -0.274775196997888
-0.135259349266242 -1.16367288075682 -0.888849554643325 0 -0.178821030581075
