"(Intercept)" "X1" "X2" "X3" "X4"
1.49962405564631 -3.19670106730084 0 0 0
0.982187065244637 -3.21693313638567 -0.331849762413533 -0.119023345456537 0
0.685313428539092 -3.09251539701444 -0.0640027415032032 -0.134043448086787 0.370283580613413
0.9980779960813 -2.73679809103076 0.195030028656465 0.00503247861054233 0.794317386068609
1.00429599133693 -2.3393718385151 0.279464037148882 -0.0286351229829107 0.604682309708341
0.936699307106439 -2.04129700880947 0.317015406762398 -0.0532058513238433 0.454306678827369
0.631753201663554 -1.84113774202437 0.462229500124799 -0.163852284576099 0.285806492482753
0.328629047925976 -1.82207317570494 0.630834136698303 -0.0808794254564399 0.525561960574868
-0.180424366709298 -1.74370392557354 0.814476844531669 -0.299236278708715 0.606120401536602
-0.532863115702233 -1.82350731333527 1.18043018285937 -0.267099108532283 0.629032946167816
-0.753612277432694 -1.71715521838381 1.16277387232833 0 0.103986295121526
-1.20472007331271 -1.76194976794711 1.49210978555969 0 -0.016429371812639
-1.63710061020215 -1.75438911254209 1.37562511929066 0 0
-2.02741712490918 -1.94537117650576 1.61417761381095 0 0
1.79584036546761 -2.66010608492964 0 0 0
0.897074945227494 -2.96553279775588 -0.434407870106213 0.0906074982774736 0
0.76088718895519 -2.56667065972673 -0.277442263939695 0.041645466719195 0
0.713977567659658 -2.31851406226331 -0.0901689087276289 0.0929775911997451 0.473961016877094
0.915967892139186 -1.8588096266385 0.0376620494373222 0.15871381550388 0.222035331068979
1.03407449050339 -1.36875599499069 0.0637813001844949 0.21070884176153 0.0946844680183689
0.695485445118926 -1.12724240798251 0.189705358372444 0.0989347105813667 -0.0303719948626873
0.301040066765831 -0.962399002208419 0.314796012701482 0.0613225676914397 -0.0415150930859112
-0.244612928925699 -0.939075406698665 0.578071526093228 -0.0619578109144516 0.150311071052311
-0.464715292242716 -1.08732608523193 0.891708493257143 -0.0310239303577821 0.170230115880242
-0.631859743688982 -1.04184708783521 0.915343666999961 0 -0.12216841187512
-1.01975163231494 -1.15651707759097 1.25077128522962 0 -0.250599804540944
-1.56868547423413 -1.26752897302944 1.25648678225538 0 0
-2.03962244200387 -1.47825223559169 1.4279996011308 0 0
1.99591727454659 -2.33973667364193 0 0 0
1.62377257853396 -2.00905431246862 0 0 0
0.713398075229729 -2.18938442478418 -0.311225869111707 0.154932661020404 0
0.598266940099487 -1.98513016856452 -0.27793964393225 0.270093035040783 -0.0528733161495683
0.823410224091127 -1.3152380271127 -0.277082448267262 0.291389232964077 0.02798138935524
0.914090573626584 -0.92036608304879 -0.139197306514823 0.407479553556287 -0.27570636014597
0.811828292967886 -0.550090785883112 -0.10316018374001 0.346445177937799 -0.389748809998999
0.445716091415697 -0.356873732350201 0.0480727625234949 0.312652793768261 -0.423579063293915
0.0952484356739744 -0.201714290569744 0.190602585142882 0.27072323797195 -0.447262580552375
-0.29856120619684 -0.385497476149011 0.547999017438342 0.216626394575526 -0.268564528454796
-0.521012624337427 -0.441043540614242 0.692149994161934 0 -0.293603130791586
-0.895360793606169 -0.588708768314951 0.99570040358306 0 -0.343600960686206
-1.49107936688784 -0.842298656588533 0.986541655083298 0 0
-2.06982233654334 -1.1329473679474 1.13841039669168 0 0
1.89049921424297 -2.23081874775329 0 0 0
1.53267932037832 -1.83579662492434 0 0 0
1.22145432252513 -1.38938600411991 0 0 0
0.902899613520216 -1.19469494559076 -0.343708855230678 0.273187404879638 0
0.835219590782611 -0.938538102964003 -0.455162620759835 0.505329080474468 -0.306801322306193
0.889491314460048 -0.485151606838974 -0.296114888616712 0.569380085108274 -0.408938031683996
0.849396831835864 -0.100489688463616 -0.302965214407724 0.546952291370396 -0.61807358175802
0.820258135162885 0.197420294301775 -0.290197255736385 0.462381322590897 -0.698052901557695
0.483425511428285 0.293902978202209 -0.125563678234029 0.458479195053714 -0.752554619630717
0.0237794358135901 0.286549537495975 0.148004191786121 0.353920652439377 -0.625493704227211
-0.480482027241086 0.0386162010469412 0.513887502811433 0 0
-0.954317453493287 -0.212190683328114 0.613186525813305 0 0
-1.46032966539729 -0.584177321591737 0.76348856431568 0 0
-1.95869678318258 -0.897462214809069 0.838541911309718 0 0
1.69750407425475 -2.20918176896735 0 0 0
1.38063315298028 -1.74732225007215 0 0 0
1.08779888120403 -1.25703320965323 0 0 0
0.775866493574999 -0.722407938649893 0 0 0
0.777334846809792 -0.548454826641098 -0.416757537502435 0.55809704574737 -0.307473980620506
0.905619200240839 -0.170958444082546 -0.513584006944089 0.737227043251033 -0.445720301344377
1.03578100537133 0.198482439160967 -0.587499140249634 0.637892061122781 -0.583047425594378
1.08035892304527 0.409366293546309 -0.554965062462009 0.513172409567006 -0.646611895183436
0.820310752621542 0.57610707287019 -0.571508506072161 0.440809483542279 -0.753087811900804
0.267904071916175 0.757087029362586 -0.236938998828512 0.283395513824631 -0.647580063433335
-0.338593271596715 0.443513239723611 0.306959430506003 0 0
-0.950977327453496 0.00953592604968133 0.454132017427779 0 0
-1.35818703044119 -0.381220038832151 0.508868565092217 0 0
-1.79893904916689 -0.712916647710171 0.527534043738013 0 0
1.85554319918314 -2.14365468395926 0 0 0.268585482600998
1.47357779865676 -1.78806892083623 0 0 0.229137582620177
1.13635121244061 -1.35685457399601 0 0 0.134471464443141
0.756186219496253 -0.871216091351816 0 0 -0.1824298487076
0.38799784974826 -0.439976869507184 0 0 0
0.310878169876423 -0.0597901355987691 0 0 0
0.756601647132244 0.128935569513834 -0.46017435074849 0.478856021554479 -0.7216269866805
0.773382921737846 0.450267884055746 -0.52819681690957 0.363485073248257 -0.718989267307975
0.638731665834426 0.709440546474414 -0.500660765328714 0.229668961696366 -0.650961740689396
0.280568362201332 0.944835267152672 -0.389001707688721 0.21495742173154 -0.668006876822777
0.110610744868732 0.812603324920566 0 0 -0.549282605443257
-0.815236980890236 0.345868499981943 0.147506681031659 0.00734384972755948 0
-1.45395118353649 -0.411546525224818 0.436946919559786 -0.499966569784547 0
-1.84367086528275 -1.01491262149753 0.478857359195434 -0.691631677487715 0
1.90276500263924 -1.7458320482766 0 0 0.507469935174522
1.58243752456357 -1.77142558544362 0 0 0.456700944844119
1.2716025053648 -1.48019920320844 0 0 0.161875546610281
0.929432956259636 -1.14263680529679 0 0.212675284485394 -0.163768261894288
0.500933729094373 -0.795446271486191 0 0.37362370922229 -0.433777757694605
-0.0448137707271991 -0.498142424709317 0 0 -0.499086567579359
0.00558776908338164 -0.0122644903081017 0 0 -0.493180754261155
0.496611943872474 0.423253994239423 0 0.216285262792969 -0.849796016097432
0.683731681253315 0.619392122336729 0 0.0747775766364299 -0.809911780699378
0.336706031728449 0.806491933572012 -0.459852465873944 -0.196994907532313 -0.588940382067437
0.0267313245202844 0.952317199063347 -0.522466950819705 -0.172053545759734 -0.461869097397962
-0.00856135839154456 0.981741126774336 -0.607338028768969 -0.0686880192055292 -0.39253058786119
-0.796113697200547 0.1437136088423 -0.277318863244141 -0.298944488618156 0
-1.26816754177638 -0.825170262007886 -0.0548131395128738 -0.248677435922244 0
1.59704371316403 -1.64689347648965 0 0 0.561731169001419
1.4465583554954 -1.73882596560726 0 0.150679901443019 0.598665198370433
1.13740413978486 -1.56919302444664 0 0.202539354096191 0.113447115027647
0.902374027050811 -1.31405440468766 0 0.439199213296838 -0.236771753100437
0.650519639119769 -1.21526259514034 0 0.381762949667215 -0.52238930829302
0.13459242904882 -0.971047525272016 0 0 0
-0.12127715877216 -0.512241786334274 0 0 0
-0.068609224130856 0.0480801239315438 0 0 0
0.429305641304386 0.233000613180672 -0.293988224675976 0.00788787357066366 -0.776319695639004
0.399993385985802 0.624204193295476 -0.491079744524316 -0.222641913743517 -0.580526881617485
0.108618418277279 0.994989095241191 -0.70570627479539 -0.53880083288461 -0.342888569077419
-0.13795815204029 0.857208466100102 -0.517519203892895 0 0
-0.172475078839875 0.74657882139806 -0.642443600847828 0 0
-0.532689139148546 0.300190353613193 -0.438636359064823 0 0
1.36772002730894 -1.59042562583862 0 0.0636909788180842 0.883196865027834
1.06215774474864 -1.55607328859184 0 0.0953575201791512 0.493369937648659
0.836968069901329 -1.48851651541225 0 0.253212258577343 0.129824073092701
0.952530926383966 -1.5158619905498 0 0.310679525579454 -0.189775656627267
0.895982440405988 -1.54133832959001 0 0.29387631650238 -0.469217631491493
0.564318967067927 -1.42084694120805 0 0.208430004731741 -0.572950288914258
0.0500642939980955 -1.07943896503021 0 0 0
0.019465868109817 -0.609963599311808 0 0 0
0.410383817922591 -0.149900985298473 -0.311472967791904 -0.0279298281902517 -0.6466653530549
0.284637159363712 0.382161042489134 -0.497134991606917 -0.194521674805075 -0.430249008635061
0.118558906550535 0.825507651351368 -0.749202337809801 -0.429829026867024 -0.281131796398633
0.0474511688867032 1.02146408084546 -0.856722745323575 -0.488693319811026 -0.229349005231751
-0.0107617761568325 0.637141067788649 -0.598584827975564 0 0
0.267502798894298 0.803441074971755 -1.28457702364749 0.375179466712778 -0.305448255343661
0.944938346667181 -1.52415207516106 0 -0.0255398069063007 0.655923496199568
0.466757882051204 -1.45936057940822 0 0.148861068950092 0.271547742340456
0.661938155947918 -1.62926964964277 0 0.0289292550529102 0.107006161375292
0.736616035665549 -1.76461091092627 0 0.0387382697521686 -0.174711569691966
1.02791369017469 -1.79717443664456 0 0.100173150937611 -0.404918424736972
0.942425710278317 -1.69125559781414 0 0.0350213491334856 -0.619578672066491
0.36342447904727 -1.55736684581068 0 0 0
0.334622285685305 -1.18046734417568 0 0 0
0.398177027309478 -0.682396583001514 -0.244650092841927 -0.0926101193775218 -0.635983325801617
0.275438728431635 -0.0988714816781173 -0.465798652798027 -0.225701307805329 -0.461612563625453
0.377554468524982 0.399737993703379 -0.547941064317771 0 -0.29096035149754
0.25666548809386 0.835690762321063 -0.864786788495633 0 -0.19332935255002
0.0675086299654748 0.997633098795607 -1.17375858469918 -0.19474301592843 -0.241041579318242
0.0649029012285924 0.95504661827478 -1.39857783487886 0.179590386751551 -0.132898997866539
0.574438175297762 -1.33446354568449 0 -0.0980867079012064 0.485633289262816
0.456306372881381 -1.46885474385891 0 -0.0602905316226285 0.263547889208544
0.501801047773306 -1.7197433237413 0.280272976434202 -0.0934749758101238 0.07197948149016
0.81823794706021 -1.93032867578506 0.157547386607983 -0.0491136478378274 -0.183289559029054
1.0667210667004 -1.9430011203421 0 -0.100722491009623 -0.340123266868565
1.06489391444496 -1.88389827893612 0 -0.156728900270535 -0.474325691726917
0.647895487781926 -1.96526995493648 0 0 0
0.625213405706642 -1.71611412742066 0 0 0
0.485394458084236 -1.1497104045893 -0.257588633664768 -0.12589865189937 -0.623496603897006
0.510730408114668 -0.643849909250614 -0.28874211289891 0 -0.533546651556576
0.469670938274806 -0.151409838931426 -0.543765279364244 0 -0.46596394702344
0.380191193814251 0.209403745500861 -0.818647957056935 0 -0.342094172693931
0.105056217839574 0.65566450375384 -1.17067439475353 -0.0557896169315176 -0.253277933344562
-0.064783340060961 0.852561193521113 -1.53017782937814 0.0484661606947326 -0.255090760246941
0.417689636454039 -1.29390120271382 0 -0.33578467177289 0.464174853320724
0.353564106637858 -1.55282560544598 0.28166417234028 -0.295217187850476 0.359436258625177
0.552308031957119 -1.80981585582095 0.21028763470769 -0.194412998946998 0.0961176538449754
0.881348247478844 -2.06171104534928 0.0930470403965177 -0.185715723186166 -0.107033582283481
1.22604022329962 -2.07065411302117 0.0369945220407888 -0.287119461323615 -0.248338722965051
1.08538156978482 -1.844826538608 0 -0.250193162608619 -0.276880418426306
1.06344623589611 -2.08759108876683 0 0 -0.310774771641946
0.952825468137972 -2.10492033231423 0 0 0
0.872754262033891 -1.63150992323087 -0.199833624287246 0 -0.425763611409276
0.542079171319224 -1.25020294750611 -0.443737855504054 0.0691192055465925 -0.696307815839078
0.5318496798128 -0.761203437166141 -0.525981611720855 0 -0.585107748182971
0.208079062153862 -0.292129657736096 -0.895027882942158 -0.0684688752417321 -0.554598943651015
0.103701031622571 0.0823064647586382 -1.19429912306286 0.0445908795078924 -0.413456947433338
-0.00081259925740065 0.407275526604685 -1.48938358042151 0.109697464878354 -0.30263878747773
0.434593669596644 -1.38913515149741 0 -0.56302038674436 0.468213187526002
0.400156253257016 -1.65537393896455 0.220053559557282 -0.453898515016158 0.377014131880159
0.704755714006202 -1.84946332290223 0.0634688863673361 -0.339736266179289 0.120793143575123
0.764640817681214 -1.82852747179652 0.11552320876329 0 -0.12284975231751
0.951029225810191 -1.58806554473822 0 0 0
1.14598467835982 -1.82927696399942 0.069510499654235 -0.48041827301212 -0.0944709645121531
1.15736152711499 -1.9065585870826 -0.000177569429933096 0 -0.0581292601485538
1.17317057538686 -1.96435086580012 0 0 0
1.28771765922598 -2.07697311961847 0 0 0
0.569249524686197 -1.79652171928026 -0.528154923272614 0.173281385081967 -0.687390294657831
0.342072751104952 -1.36839216843022 -0.738495158636756 0.120967600189355 -0.694917840322501
0.190966921979607 -0.908294935584084 -0.940607536298817 0.0686999614639581 -0.652689455192299
0.113256486630189 -0.494052911307291 -1.18320159115424 0.124945650795345 -0.548700790752298
0.0444120968714563 -0.136794123045686 -1.44235669014464 0.153325205003301 -0.418114310237028
0.473391486855538 -1.48299386349455 0 -0.79422213777118 0.475476272319881
0.548550553075062 -1.72377589246413 0.0342635659358122 -0.666879230034207 0.361388774353354
0.634116093337046 -1.5470381373353 0 0 0
0.80810198433592 -1.54280817201415 0 0 0
0.981400882556594 -1.516030417345 0 0 0
0.900513205369575 -1.65843723414648 -0.018360336115003 -0.482478429291195 0.1580222092181
0.891891672547698 -1.82407210213902 -0.138486476391017 0 0.244926546138787
1.16254461694985 -1.97291502715582 0 0 -0.154301169137515
1.46520904368894 -2.27375228772787 0 0 0
0.697192181786475 -2.32679527069764 -0.593920215599876 0.386196078793937 -0.63501807114995
0.384347193389945 -1.91966956579889 -0.853926866873107 0.331331113872776 -0.703002663132285
0.184908654465652 -1.50854069378794 -1.06124952048562 0.244364794352553 -0.68807928175195
0.0982034550295363 -1.10561941106324 -1.25464389234316 0.182211655393419 -0.631890295312638
0.0151935028929166 -0.738155573297284 -1.46543599528153 0.12797175294295 -0.561448825626231
