"(Intercept)" "X1" "X2" "X3" "X4"
1.54882105684272 -3.16123316388117 0 0 0
1.32915710192474 -3.09171593999804 0 0.168719489367861 0
1.01638085730635 -2.90755411243068 -0.190360805511094 -0.0980063133756041 0
0.930641353707228 -2.63483508026865 0.145221129466299 -0.118220616303233 0.523668720953889
1.13368266620038 -2.2188055048219 0.17138575564736 -0.0350472380368314 0.564049603400461
0.767984530875273 -2.04290283762104 0.283484677988127 -0.135742744866273 0.449972907587876
0.538185637292507 -1.82441740532368 0.449003926052459 -0.189958333908874 0.30597986968564
0.200801825017328 -1.82662293680143 0.68041059657863 -0.11408369979495 0.545536362410761
-0.192800494631891 -1.74200235927917 0.869081830176199 -0.284989456736384 0.6306634323149
-0.525443993314101 -1.79850147504772 1.11390267029649 -0.383491965103806 0.53922331175067
-0.845497283572911 -1.83026295755861 1.35160485713206 -0.28462020291458 0.283185565440044
-1.02488385135311 -1.78049668368745 1.16819548721285 0 -0.121326508499024
-1.47757519441818 -1.87961581984264 1.29782825656912 0 0
-1.9769356555262 -1.93710477589295 1.52708913993556 0 0
1.58791948402235 -2.8350860155594 0 0 0
1.40946071015227 -2.50234406919869 0 0 0
0.982186157531116 -2.40916177984127 -0.315871096538932 -0.0163295553426182 0
0.822378740246666 -2.22779930673906 -0.0982784538224639 0.0667520739826125 0.159424676273907
1.08297078284368 -1.7433987024292 -0.0539376834432117 0.170643082803807 0.182214115254811
0.983875205472888 -1.35843953541664 0.0203113390850469 0.156340369495873 0.03350282115245
0.631865363659067 -1.12948863201933 0.191850031364191 0.0353919119381007 -0.0625315938756708
0.310550373438742 -0.973379679194662 0.307645732852479 0.0436662544177161 -0.0622752011196016
-0.201717729299145 -1.01081877463205 0.632533725397209 -0.00975326092337907 0.182709701073268
-0.472349412631773 -1.09032409412901 0.85737378830837 -0.0733677983101413 0.121953503159908
-0.705234536485728 -1.1557863407385 1.08902837853266 -0.0627688143654022 -0.0411397631626727
-0.982418771642024 -1.18410792072914 1.06224287400323 0 -0.189712471129442
-1.41233388037801 -1.37091708197945 1.12560043690888 0 0
-1.93621821132931 -1.55890549297313 1.34695481471494 0 0
1.7319548602496 -2.47428514687979 0 0 0
1.42499678020147 -2.1719465710424 0 0 0
1.27418715520644 -1.78899385451871 0 0 0
0.987391183671567 -1.63768093287689 -0.326974848352859 0.210742711501031 0
0.916756275561382 -1.31494253392711 -0.27370963864992 0.31839404767637 -0.117095270650267
0.906323248462735 -0.919493553909401 -0.162633463246592 0.360196456735011 -0.289486023328656
0.804035626195059 -0.568466730075631 -0.0817352519560238 0.313659804494494 -0.380090660148179
0.447838443427966 -0.384730681937505 0.0548866327674922 0.287540235052405 -0.40602724079884
0.0932386894600635 -0.308269529376696 0.253945683139838 0.269046707111882 -0.369734283983632
-0.297204625336869 -0.419667345466575 0.574551618415218 0.187373955437818 -0.246032668420398
-0.554590309858823 -0.557648713726324 0.792079451759803 0.105724044437484 -0.295844045609357
-0.970709656592928 -0.691732615309074 0.786819861655765 0 0
-1.45429362983175 -0.951627964948253 0.987103429627187 0 0
-1.96076954141118 -1.20144272600123 1.09680694545951 0 0
1.75582845008522 -2.33080373210456 0 0 0
1.47908584175113 -1.87354468121634 0 0 0
1.23422714085853 -1.41830499606174 0 0 0
1.03439658648468 -1.17645420218517 -0.286827030878062 0.288503553289594 0
0.957120308231604 -0.865004747693993 -0.436574415414877 0.474943200092222 -0.224202421046162
0.919734528513031 -0.501997843154847 -0.345535592284077 0.555323256783059 -0.46988927630549
0.958892959165739 -0.110597523427442 -0.363495187240445 0.534425821994052 -0.579733121843437
0.862644326179067 0.164235927922101 -0.327494236578495 0.446714884319557 -0.634583100144468
0.520482310811701 0.267739338745771 -0.118091185382578 0.421721042719115 -0.688029150683388
0.006646939633269 0.139443849991359 0.184008288772834 0.365186145399096 -0.514650239717244
-0.513859181684121 0.0309394288000197 0.523162318297302 0 0
-0.956418937332135 -0.331818925940996 0.641320041958854 0 0
-1.43490636512559 -0.639454163888083 0.750805014380709 0 0
-1.91646171446002 -0.906906769243195 0.810288400539308 0 0
1.65631266779632 -2.29698556746967 0 0 0
1.37102710188577 -1.82664717299105 0 0 0
1.12247599322731 -1.27111027483909 0 0 0
0.878296742436466 -0.74887691611425 0 0 0
0.918239870602036 -0.598046672372158 -0.47351654546037 0.614280583875609 -0.211156033209742
0.985159952878209 -0.281130182334763 -0.568252682458299 0.734829988327795 -0.350873702960679
1.03996006182539 0.141990417300374 -0.542118786772215 0.569488970800506 -0.656233453434474
0.983672449520921 0.437921967923116 -0.51926957842865 0.458236854494016 -0.60884238612343
0.77177566622483 0.5266365359655 -0.441081887700359 0.468354842117377 -0.671925561655495
0.281770136960254 0.658459005492754 -0.2169127495175 0.336208631656126 -0.61224189077643
-0.436504002052019 0.287518945425151 0.26647477530393 0.206710605338449 0
-0.886791240599041 -0.00884076898179824 0.443402450289679 0 0
-1.33166411126687 -0.380301217296632 0.50485887760221 0 0
-2.02516097718944 -0.891841518641374 0.834066902271822 -0.476859780741768 0
1.92608709463036 -2.21014322562596 0 0 0.437747210031379
1.57238049305137 -1.81769483989443 0 0 0.303418314494109
1.2001467696379 -1.37105412527537 0 0 0.0702628722757181
0.815953587320532 -0.946513273148956 0 0 -0.148423560245429
0.54098079891828 -0.540723701182588 0 0 0
0.416559833881819 -0.143025179350339 0 0 0
0.75711773060738 0.0516687168231052 -0.483045862875477 0.409306177742022 -0.62051294842925
0.864011234697896 0.40293816188386 -0.53766178185844 0.368054839205246 -0.727722968472263
0.684965308036172 0.578028359853415 -0.502987600873239 0.3437845179366 -0.739987565587176
0.231861990124228 0.836429794566242 0 0 -0.719843885399683
0.119521658337738 0.761800879567051 0 0 -0.621792077972483
-0.872632117747336 0.145134690397292 0.276914050859645 -0.213623152219012 -0.217297711824061
-1.42035465321234 -0.407817292174608 0.38684093498954 -0.396861384582168 0
-1.77534042170287 -0.929610187972058 0.402349191338985 -0.483105438310963 0
1.88473569794829 -1.84684593638867 0 0 0.683277519624556
1.61375713786802 -1.82791873577699 0 0 0.444787439376406
1.28211487462358 -1.52410254210631 0 0 0.110039951910087
1.01348644168488 -1.19086238549031 0 0.234760240512535 -0.127564472156432
0.56085633866162 -0.822777945463178 0 0.330187007302767 -0.345135590897562
0.0380988941983348 -0.441129176885462 0 0 -0.358699013925776
0.0770533700303484 -0.0406675151197744 0 0 0
0.58743128105873 0.260733271467368 -0.287439579783024 0.167627298726434 -0.943045820533484
0.684073880789813 0.56628858449749 0 -0.0451222447785107 -0.717035349169876
0.317101428490743 0.71356449100365 -0.454579339910752 -0.168191165660319 -0.662009518553318
0.0389521117447626 0.913679210261665 -0.563654719099579 -0.0909175965141684 -0.521630763363874
-0.039346149230859 0.927142079866466 -0.60926549096689 -0.0912331291188799 -0.378657573730526
-0.938874290196799 -0.0653188265868255 -0.144964271149328 -0.301299359272163 0
-1.31399657551643 -0.986716109738906 -0.0130475488629301 -0.384094752193513 0
1.70203948956023 -1.73549056685189 0 0.101889370748141 0.963297213425372
1.50013945690343 -1.71255271294754 0 0.0985965788609262 0.623593829310919
1.26558745186002 -1.54523290605862 0 0.216649047428213 0.176640960552893
0.923593933427849 -1.40034148948187 0 0.334559142248393 -0.165188955610356
0.63631011690989 -1.20046836234009 0 0.375270169656995 -0.422104963721051
0.184987303652849 -0.942904074585495 0 0 0
-0.06576655483676 -0.475745936741772 0 0 0
0.10678488767706 0.0126040239701272 0 0 -0.454330773976733
0.429773673487475 0.234560909067293 -0.287844377092417 -0.0187694086649113 -0.771304695287375
0.388792632932562 0.586838011963543 -0.51190829775316 -0.239451242443425 -0.590606197858754
0.136443383645325 0.886128860413506 -0.740692658614173 -0.380323312889803 -0.42655010052791
0.0810333686217989 1.02629954923892 -0.916406788379229 -0.2200844520616 -0.340108193877296
-0.155325530268653 0.686471003131618 -0.688302882459494 0 0
-0.688343336202833 -0.155819837429675 -0.475023165305161 0 0
1.46524652293031 -1.68635153513015 0 -0.0324819790904779 0.949579769935367
1.18194776320984 -1.6227347171327 0 0.0345765082549536 0.5712858838295
1.02011350037149 -1.52664196203739 0 0.157824230865149 0.204159960126772
1.06454261283959 -1.44740712224788 0 0.325973038991997 -0.182683627817256
0.938004551690555 -1.4812803174261 0 0.268127467709474 -0.454766731593773
0.318384593840346 -1.36057032686498 0 0 0
0.120191648590859 -1.01144287346323 0 0 0
0.206501649493122 -0.595647201685331 0 0 -0.35876158549426
0.411526893749953 -0.149871822238951 -0.315138809964342 -0.029511129377754 -0.672383005649881
0.321727584197657 0.330716423630464 -0.487298361728541 -0.18037963947438 -0.459490419086646
0.177374582845046 0.739047160739425 -0.736423920333884 -0.427597822903267 -0.309730444407206
0.192980218369385 0.758645811311282 -0.720266419403957 0 -0.210015435616314
0.0277395908342002 0.624990872213549 -0.709160136787186 0 0
-0.078232918998718 0.502139448281035 -0.813739550720468 0 0
1.11831945797916 -1.5996695592993 0 -0.126805061611271 0.770961641578781
0.856115361137444 -1.56068393309406 0 -0.055707660081827 0.458703875388985
0.775623826567398 -1.59970710544586 0 0.0199820497343063 0.151406827946477
0.83756703359742 -1.69635400113955 0 0.055852049744151 -0.147305905627771
1.06946421706021 -1.71501942236855 0 0.0563159180298492 -0.377628592403936
0.969796712649686 -1.58862969044358 0 -0.0128870426256093 -0.564511357504261
0.509961254111395 -1.51483473966933 0 0 -0.324029426736636
0.36720494002526 -1.13444760375979 0 0 0
0.400468787458534 -0.653056805811848 -0.247262944032326 -0.0862324003268303 -0.650609111062549
0.262422304094466 -0.103528140146436 -0.484641027201673 -0.218777570206729 -0.457713860850267
0.352701885792654 0.37369597946262 -0.549165553739702 0 -0.294294841661738
0.284131486114922 0.649101832446038 -0.823130035648143 0 -0.246117755759392
0.271522181732637 0.600635258888755 -0.970779301444474 0 -0.278009676930603
0.102853953210728 0.396445781046721 -0.789743156189914 0 0
0.839442754924622 -1.50466939178744 0 -0.251373423079088 0.647304559493679
0.628700428371654 -1.52532866464479 0 -0.190856732731011 0.366682559488461
0.599805427295608 -1.72638884062013 0.251069188419645 -0.163740682699421 0.104367095678362
0.856927286422098 -1.89976096911459 0.154304859963501 -0.0916554816386903 -0.152593447946174
1.04998142966589 -1.87698419967191 0 -0.13038996276293 -0.323091585350916
1.12801360974737 -1.79193451313691 0 -0.239324382708586 -0.447601643368126
0.686105713041931 -1.84761481599748 0 0 0
0.639478714979757 -1.70480604135861 0 0 0
0.504102715695958 -1.15055211137964 -0.219993723835503 -0.0851311683912893 -0.554331421713405
0.509012107095703 -0.662939135672493 -0.292117791634094 0 -0.500430641699246
0.424305515172984 -0.180410451672915 -0.557590229772205 0 -0.45987572098338
0.331706716691634 0.232470135311271 -0.823811715576469 0 -0.33698278215084
0.224265304611598 0.500421906612212 -1.11317992774174 0 -0.286080866360317
0.24829166664729 0.390195310483513 -1.17681563488413 0 -0.29049677149808
0.665865050605004 -1.49318788862089 0 -0.4932825315239 0.613087553438228
0.61732924663988 -1.58595498664861 0 -0.395191149522293 0.327226447935826
0.61466397521476 -1.85627990995406 0.209584278696453 -0.318837557293294 0.149399610776574
0.936920417197731 -1.97298995054272 0.11267670269395 -0.306474464591687 -0.0754730637681927
1.07786095984686 -1.83834441366342 0 -0.259756542108335 -0.206492013459805
1.17569557499608 -1.81993093024622 0 -0.42270327279526 -0.268616050899072
1.1540278402945 -1.91585388332228 0 -0.329507436914763 -0.373040761182812
0.935254535265854 -2.03495095073136 0 0 0
0.83448804898966 -1.62631380612573 -0.216519145478725 0 -0.468078675421764
0.762605427348734 -1.18056507417417 -0.335016205504883 0 -0.490669096502066
0.559699903513836 -0.776092490016805 -0.537088125058983 0 -0.531206373454189
0.38290034002828 -0.368594948517417 -0.801117591403654 0 -0.470909407836514
0.269966185348079 0.00246744168628251 -1.05113829832853 0 -0.350362189802669
0.19444098003096 0.15814051216461 -1.27636133742643 0 -0.344965603354186
0.555221003593805 -1.54190968078391 0 -0.753802511188608 0.575634096947081
0.637750221766123 -1.63527283435284 0 -0.584730149399055 0.304351609915507
0.74523114735764 -1.88636754357913 0.0861412907621269 -0.534378794817796 0.169250290275898
1.02334413493049 -2.00155913056092 0.0379205148017094 -0.591726242682746 0.047294672907842
0.976561459996415 -1.55310664751337 0 0 0
1.19479813036339 -1.78122112220794 0 -0.448274776296524 -0.135783669967538
1.17257654701422 -1.86565058985045 0 0 -0.124006929102365
1.13392619721452 -1.88105680626163 0 0 0
1.25923991768186 -2.05944459895779 0 0 0
0.88359506306813 -1.70015772662008 -0.409051748192664 0 -0.485068170334612
0.721036102645055 -1.3273667891361 -0.57253926806223 0 -0.496986137223457
0.588527719719516 -0.968178279409845 -0.752344053749607 0 -0.438976525269497
0.410895663483558 -0.6381032815286 -1.00335900755241 0 -0.405673047268414
0.22628963359292 -0.30053508099806 -1.2735242002755 0 -0.377784821412054
0.537643931979272 -1.6585897475345 0 -1.05323653006006 0.567458022193051
0.678226999254493 -1.76874770748967 0 -0.943931848725642 0.354823772212684
0.768115005764801 -1.7079235108881 0 -0.605280144910165 0.083893882770698
0.87356466775791 -1.50423427858113 0 0 0
1.01836178200585 -1.5347601353329 0 0 0
1.15313893096979 -1.47521328796285 0 0 0
1.16011962392601 -1.82006299217184 0 0 -0.0253742585687522
1.21825661455739 -1.62779879551721 0 0 0
1.34574167377441 -1.96562514491059 0 0 0
1.11984889944875 -2.20226504371419 -0.422895997089505 0 -0.404559070915834
0.8380186710047 -1.8374446468715 -0.610460366522978 0 -0.467152700506373
0.682698573022891 -1.48006237838916 -0.774223996273017 0 -0.443056459526578
0.528513449510328 -1.16400512408917 -0.978097173105093 0 -0.417168491921588
0.375843064250477 -0.81721849857627 -1.18663925947328 0 -0.376400974203179
