"(Intercept)" "X1" "X2" "X3" "X4"
2.31214237748592 -2.08852110023602 0 0 0.962336031333998
2.07594656068554 -1.9274161189554 0 0 0.759343708759426
1.84889768798599 -1.73779192962142 0 0 0.516997306065983
1.63330723354339 -1.46444601077192 0 0 0.245169927620935
1.38101885689245 -1.22746528395818 0 0 -0.0233162547092166
0.546773680621974 -1.26748565650694 0.507630845927028 -0.172809206894048 0.163106431386788
0.151640431288181 -1.44089077992872 0.722713796661838 0.0807135902651005 0.529993285231761
-0.0563155645832633 -1.43056526965237 0.919738469680489 0.241255635962047 0.592014236804357
-0.505172613849767 -1.36737122472857 1.32041004362227 0.281151075200072 0.575397226860197
-0.944627859624161 -1.33995598003072 1.68925664574633 0.250418399545832 0.486106764022511
-1.3193306010427 -1.41182690738611 1.93913829474514 0.326029282563209 0.452290618536563
-1.94472426001261 -1.24179815885581 1.60792192536692 0 0
-2.22076366132727 -1.51650976204265 1.66831346163056 0 0
-2.52590310246208 -1.77142069881594 1.60797609854379 0 0
2.27908383113513 -1.87919119167881 0 0 0.842538614198688
2.00921771503527 -1.73230568248292 0 0 0.68346603150429
1.75201364412692 -1.55815196914473 0 0 0.464990059529847
1.55379839933161 -1.2595711486993 0 0 0.178784173385592
1.37178988677602 -0.954395972519917 0 0 -0.0949853767588986
0.769376274987503 -0.790351961431934 0.212288016223293 -0.118729400515399 -0.179885909452769
0.423772378865083 -0.701963833592553 0.391203440611114 0.0563952152192118 -0.112920711467536
0.136385982213908 -0.822645442518565 0.712164252123365 0.316664547331527 0.176395050013674
-0.247819728786532 -0.820445154068417 1.01109651379245 0.378230282581567 0.178547696931408
-0.817854280483919 -0.811075115099696 1.40203073670849 0.431006428776188 0.198317093524562
-1.13365804387893 -0.907598388798823 1.59423494806337 0.491145391188326 0.243021005993226
-1.67010240725866 -0.926486604577009 1.39650705637032 0 0
-1.9815404617552 -1.19410912690267 1.38825839369057 0 0
-2.3417530394816 -1.50330281300993 1.2741799115744 0 0
2.32572032723951 -1.58180190873373 0 0 0.670557850139849
1.98452412166661 -1.51333591636633 0 0 0.569966663845029
1.65908690689526 -1.36125060384255 0 0 0.38366631361451
1.43713793878509 -1.09172913182904 0 0 0.113340951865077
1.26924300121621 -0.776750130863627 0 0 -0.190598732784771
1.24152614308763 -0.447592066272026 0 0.128223695526955 -0.400647633896804
0.917616584982321 -0.210924561211713 0 0.0657938195089458 -0.600189143119795
0.383247803514698 -0.189940467339721 0.370782597616891 0.368419575000236 -0.407927204227891
-0.0355922196572968 -0.287296487488498 0.807059865783526 0.565631597677203 -0.28746110584308
-0.615080237158492 -0.28435275879681 1.08815024635622 0.60144100016562 -0.120808934490841
-0.911239552963525 -0.379673015137023 1.20968777541613 0.616762400975021 -0.0224176212114443
-1.47946534541898 -0.532161458003036 1.16706518148658 0 0
-1.78831672576506 -0.859239568660289 1.07847505761757 0 0
-2.14054930504112 -1.21954708173706 0.957350266771915 0 0
2.30959002420826 -1.35689565649203 0.451460395307476 0.250264553472342 0.999206489618443
2.05127660640209 -1.21048826298885 0.291168747000642 0.30169811615765 0.702750271651523
1.60040390310869 -1.17992894633951 0 0 0.341378650670889
1.28817466253485 -0.949778143707337 0 0 0.0328720037138515
1.08937912234202 -0.666884218539709 0 0 -0.246628561953762
1.18173858690915 -0.300904079232314 0 0.200470896350492 -0.55966937161503
0.966138095340171 0.0379581582765971 0 0.14546394455291 -0.855008195449121
0.792273446260918 0.304020405069617 0 0.289919365567436 -1.0164251667492
0.235110587514901 0.280128088836873 0.385334233336114 0.747062419732028 -0.804805330720596
-0.257132574886528 0.198027905996997 0.67909314822449 0.782763804876893 -0.525513412427297
-0.66521508431156 0.166678094352796 0.883692484565369 0.599573075255648 -0.275833662811685
-1.25885968602804 -0.124344994892549 0.887527718518229 0 0
-1.54866390215001 -0.545062186249618 0.76115112304372 0 0
-1.93870429840366 -1.04968698123496 0.638979110754238 0 0
2.12443419715079 -1.29256529454495 0.401842503481092 0.229742144725019 0.946089636780912
1.85174926367217 -1.1549750969215 0.213953405175799 0.273117541875937 0.654786027864576
1.58126024109293 -0.986794847306645 0.0304922826914926 0.327537919873861 0.334384738093497
1.25282120427508 -0.805035464245464 -0.12988441859749 0.361586567480001 -0.0868316453942741
0.949771444031225 -0.543479342641916 -0.215116691665799 0.354668112335481 -0.474496402091578
0.759355347243805 -0.164263574100332 -0.160548047283741 0.345909470309787 -0.763935392915368
0.871878118031267 0.142357565624483 0 0.212063974608323 -1.04855008891664
0.808479221017706 0.484982682611445 0 0.378053599722303 -1.21922416663387
0.61848108060754 0.701448740856634 -0.139083496084084 0.844036129537573 -1.21724741261952
0.338654730087922 0.747322628555747 0.121656741736761 0.830823783356875 -1.03981658178082
-0.270765771487045 0.615184324662675 0.469218982567544 0.622169444691591 -0.587921272542612
-1.03501126324963 0.213999440857005 0.62114630873831 0 0
-1.41979872390274 -0.43506274644045 0.46384164721091 0 0
-1.8563234718139 -1.08956332353833 0.316045973214695 0 0
1.92034528743575 -1.22984150282585 0.352926776578376 0.205818863860287 0.939965798019684
1.64627000162642 -1.12015961516673 0.142374816400278 0.255724882001016 0.648359988818985
1.35096366737137 -0.996753974296489 -0.0749039991239504 0.328960885549604 0.320429799633212
1.01818422117308 -0.834343869784968 -0.254157396450212 0.421489810770514 -0.137529330072279
0.717117571688367 -0.571931466092582 -0.381264800022162 0.469050777118207 -0.5705598416894
0.484249198648322 -0.170547611770446 -0.332815027468186 0.459926828961514 -0.915812026472905
0.633464727378776 0.0917556455597948 0 0.287417304547627 -1.18248000671149
0.847598198209953 0.452185318580457 0 0.351177345006671 -1.42926087256959
0.715476911995907 0.699003011995413 -0.43638548833955 0.802286560007142 -1.33788254665802
0.898883333586558 0.875327446533396 -0.142738767487013 0.673302255215119 -1.43277074181434
0.577549580126079 0.810633746739565 -0.122640474317711 0.699318613051284 -1.16629709944219
-0.430663632461966 0.158286468600403 0.140557745925832 0.65673556762899 -0.478062100545582
-1.34640270007326 -0.499575286065466 0.244899603571884 0 0
-1.82233100583441 -1.21642093033408 0.08442507935525 0 0
1.63724821686982 -1.29639858745551 0.355208068651176 0.208418497281578 0.9382115584364
1.38437678524187 -1.15871607255238 0.052254472350865 0.206338670651023 0.604649782168383
1.09562806279484 -1.05014717167706 -0.159090063045751 0.295001493041296 0.286717680225623
0.797644980776162 -0.93165020004066 0 0.343196597316792 -0.092303277509648
0.469585459946769 -0.68633076923326 0 0.425369582274471 -0.721048623468217
0.28919614351928 -0.410589509568557 0 0.355208963427944 -1.09615059764178
0.257045371596816 -0.16251338515714 0 0 -1.10820139278492
0.57180534057357 0.0752122536669449 0 0.242731881730852 -1.28092562541789
0.276633873553671 0.435569806179755 0 0 -0.957529528227327
0.937860359838568 0.587413534515405 -0.0534691920319384 0.500620947851866 -1.25717422103144
0.719376467685926 0.634963332230066 -0.228861865893294 0.600527607322236 -1.12021272790336
0.319974741459856 0.536908356031162 -0.299277259167014 0.559095707997159 -0.748056852413466
-0.803496209585731 -0.555520697038324 -0.119993118122225 0.269008579282099 -0.210050676331623
-1.38044880998956 -1.32429629787222 -0.26565812450643 0.145143211719677 0.114842035436191
1.31313354982004 -1.33816503390828 0.365567988219 0.279939472521708 0.822152796487819
1.0142700601066 -1.31226709479523 0.137306292671021 0.315850144156706 0.580532107327186
0.559385380061804 -1.33750845345101 0 0 0.108006161681101
0.329004614217195 -1.22785081056602 0 0 0
0.547667335726567 -0.920278635828018 0 0.397367759072178 -0.737237280436283
0.366725295940385 -0.788807923454143 0 0.231192913961739 -0.911014307785065
0.253785780780493 -0.562654422593879 0 0 -0.987069964480884
0.282838607125142 -0.234498552644327 0 0 -1.0055378447825
0.365332549083835 0.160754352865954 0.0857906109895678 0 -0.912818818331309
0.587733307047702 0.381394812037028 0.0301430589565581 0 -0.866647624703582
0.63132255485232 0.437446639322142 -0.278166606510708 0.409499118095885 -0.861060892696289
0.362895308906149 0.318872371235117 -0.434528005882492 0.352120888303678 -0.686906492731572
0.0920819517580644 0.0932634575553542 -0.694067301572322 0.428899184506362 -0.46492140890421
-0.86116824567574 -0.959318843057661 -0.681772831394924 0.179839620335639 -0.10476266581405
0.899189270460414 -1.31626828177239 0.333626716834623 0.354865248619281 0.633151124728226
0.49874259597518 -1.43375350754243 0 0 0
0.304326841849368 -1.49175254791545 0 0 0
0.254089187807698 -1.51479015449378 0 0 0
0.572281653406874 -1.29422919796032 0 0.365203157160495 -0.473639504573843
0.524931963415616 -1.15719505175634 0 0.2792033449957 -0.681309068192583
0.385501458454001 -0.943376804485466 0 0 -0.752478256085181
0.413815122126415 -0.61557306050437 0 0 -0.841341787822218
0.409931194902467 -0.215191105652594 0 0 -0.747095759747332
0.69540047275966 0.0165513418500301 0.0106238173085135 0 -0.762570571684325
0.564810136961516 0.136791589022103 -0.196258653512632 0 -0.662061642714812
0.382983032671041 0.0804129714269007 -0.491218270950717 0.156463938907399 -0.60784341823118
0.145959353140572 -0.0908500131975677 -0.780503365196543 0.203085590405003 -0.450605157057208
0.0106472761544431 -0.253740337486663 -1.08677706693531 0.308368540399021 -0.334188903187089
0.558437089737099 -1.47845184231756 0 0 0
0.437772018202601 -1.50109121404912 0 0 0
0.315069360251635 -1.62207016258212 0 0 0
0.16952801588514 -1.62805670716954 0.19539695773869 0.245407055028055 -0.00084609803095432
0.346081543509783 -1.66006943712863 0 0.126161761127903 -0.144058485989469
0.731547543741833 -1.42291793564875 0 0.330979673711665 -0.509403005699588
0.827749360986661 -1.32471510098658 0 0.327332714540336 -0.683334221765027
0.768748754713934 -0.982778058253429 0 0.234491570316148 -0.72626119515809
0.792229994426554 -0.627881714524945 -0.0105728661451685 0.0707778170822998 -0.780222164210365
0.608201908790334 -0.295787482728385 -0.0941093039823046 -0.197222481037355 -0.689342094676261
0.549001046768293 -0.180847030673941 -0.238526820696019 0 -0.500797993378969
0.427942833045461 -0.127819200642577 -0.481884509441138 0 -0.457755924901546
0.244801806984294 -0.241443366605863 -0.711256067717397 0 -0.37568530059622
0.203624030363488 -0.332536795624339 -1.06574372581535 0.22418681569422 -0.304338957602727
0.206660811281603 -1.21859590919009 0.391951064114112 0.396625497896267 0.502215160742412
0.111707413338315 -1.40402026376094 0.343982365130093 0.343617373674756 0.384384682734052
0.0598307976388679 -1.61067226071335 0.294785009592431 0.280111337012938 0.265992304791204
0.207102531274815 -1.76208501189978 0.245461452273184 0.301502297333885 0.189994722210741
0.571076227228282 -1.80415871995913 0 0 0
0.706401848293482 -1.67902119243549 0 0.197892511097268 -0.229777324210425
1.00765577745928 -1.64159379012973 0 0.379135489142814 -0.535000776503348
1.04632788338779 -1.36616479270749 0 0.33029855447953 -0.572595007193136
0.953141665763658 -1.07568001005107 -0.00596101645614936 0.0693139392387355 -0.700655208647796
0.704811610518325 -0.740954854878194 -0.155575979179122 -0.164476179089303 -0.63912262379168
0.453989385961845 -0.507703854921994 -0.305352519961682 -0.379171456693392 -0.554228114334839
0.484379160139889 -0.438549535591272 -0.512496330840705 0 -0.40568284226377
0.355015390084401 -0.421903933116785 -0.808318499120759 0 -0.375335869688568
0.222538210672445 -0.48500223468446 -0.955422252335463 0 -0.340160160220916
0.0895771536991901 -1.36660218829082 0.502629642604946 0.379249037273904 0.567242297301349
0.111994525393943 -1.52134016398912 0.428012555432151 0.375276648680184 0.477460882493597
0.226750707937016 -1.652752181871 0.337518581287791 0.382260788174905 0.382451552875582
0.423419589745385 -1.7876467592244 0.311943740423419 0.339523113984623 0.255660353216424
0.674958331000698 -1.89248948605349 0.324306671889827 0.242010660068803 0.0747343192989261
0.936953815238638 -1.90704339087398 0.336203403303242 0.19899701585174 -0.11239791587608
0.997003149331983 -1.78167362454386 0 0.280567408160689 -0.234233752169728
0.983282670162594 -1.6391747626875 0 0.285319246032136 -0.352126215032448
0.780503175711292 -1.37263051739463 0 0 -0.344374798010291
0.818676842093512 -1.18677563654933 -0.184260231226982 -0.159619874675069 -0.60384945239381
0.521087455214959 -0.919744816038602 -0.357177389860707 -0.410099946960418 -0.521487967806836
0.589749360035124 -0.770798530851696 -0.490465833308261 0 -0.331111328598993
0.430130777927242 -0.680498058385961 -0.800835773119184 0 -0.369443142786322
0.296918825004897 -0.648771880876718 -1.04778082456028 0 -0.33533454120442
0.0966370876443032 -1.54382302553268 0.63451694515912 0.387546737568532 0.769443870929133
0.248073522336395 -1.59606661566406 0.490112241103584 0.43198437811549 0.628015655700353
0.414550758580223 -1.70617304193753 0.396877140898443 0.424933258887207 0.495177974614607
0.580940030770662 -1.8589364083434 0.361021172264248 0.342749292367495 0.356938002274494
0.782724911239274 -2.00293397586414 0.408361163651689 0.201734768192866 0.206488339045281
1.00298454775807 -2.03939222120545 0.391159662240288 0.157820763119686 0.043414637786908
1.27016538133087 -1.93687892827731 0.225403175592849 0 -0.0556804451445434
1.02083132313477 -1.74340871282648 0 0 -0.23285216500323
0.963331020452899 -1.5929958765751 0 0 -0.300724318582905
1.00141083545052 -1.39525054082817 0 0 0
0.77851959316646 -1.30408801132635 -0.360927108424759 0 -0.313518465137669
0.691955808536318 -1.11497282929342 -0.535843787576404 0 -0.312244145870952
0.284543749546301 -1.03143605390609 -0.81560156213556 -0.52703554403603 -0.355186116494947
0.34987612025364 -0.836745164171773 -1.0325339083338 0 -0.342004396242388
0.174935652287279 -1.67276066458868 0.704929621744754 0.413467513188394 0.957585920023904
0.397434012950505 -1.68138384462686 0.505966809560365 0.463022387951531 0.744881208630415
0.532414184553915 -1.85515109873714 0.443847364645012 0.386868127783161 0.612024599034393
1.08040242960268 -2.04614426724485 0.273388953143961 0 0.39784982870197
0.841184567680627 -2.15253911346056 0.471344269750059 0.15267665414295 0.351316210010366
1.44642214217956 -1.97543702143734 0 0 0.0948263881318197
1.32497160400237 -2.0344485600467 0.161913562472261 0 0.0549650460367456
1.39709594723968 -1.68003550515408 0 0 -0.16043610699176
1.19989949981155 -1.70756419068435 0 0 -0.241985685813621
1.25155482156631 -1.57231435979842 0 0 0
1.21085983920551 -1.437173122179 0 0 0
1.06171724696251 -1.41492204400078 -0.355693498108887 0 0
0.676284254360988 -1.25979250219012 -0.740116439542736 0 -0.289109085101907
0.491486405316681 -1.08278152301452 -0.92484193991059 0 -0.288057301770927
