"(Intercept)" "X1" "X2" "X3" "X4"
1.41839984245593 -2.79047729894391 0 0 0.580725848058964
1.33057997689352 -2.76520157596817 0 0 0.722366609226379
1.42097340350927 -2.55776160528432 0 0 0.79088876009878
1.34661080913968 -2.29989076574588 0 0 0.662056914483152
1.23563551892965 -2.05301856696344 0 0 0.511101995860013
1.3992048862738 -1.97359091980516 0 0.24189456580793 0.471717283815517
1.30303999908649 -1.70080943933613 0 0.399942036324467 0.199118565317335
-0.385333258364634 -1.78183482534566 0.627752188109586 -0.264712491926976 0.179563053329861
-0.630556688693579 -1.63355721743134 0.715441302286467 -0.29609957382009 0.0231832907232736
-0.666740412899228 -1.55464217738909 0.829718560410866 -0.0735880844071594 0.11047860217583
-0.717026520669332 -1.52887483558956 1.00803132414541 0.122192468261128 0.153885554385683
-0.593156555549928 -1.69600839902648 1.32103455378161 0.270671057565449 0.074842869813355
-1.55710690927272 -1.22567677070372 0.873162891933843 0 -0.250126054437245
-1.84376072315144 -1.48082668729901 0.958691617817488 0 0
1.33332417261958 -2.4894857539448 0 0 0.402003002551378
1.23631476809563 -2.41730268257578 0 0 0.493887070428856
1.29284939000838 -2.11070826540624 0 0 0.534939386822683
1.29796665419501 -1.71272696849458 0 0 0.390678896910618
1.16504738874054 -1.38784626832492 0 0 0.178972093338533
1.19642766393045 -1.22464993010263 0 0.268954533076405 0.0109499285580365
0.935279422091808 -1.03410551839743 0 0.330437272517641 -0.250004037429619
-0.133184682804181 -1.00923510961139 0.363873778207382 0.154651898509985 -0.237470569769333
-0.475587313263807 -0.879059909738586 0.467210040783532 0.0685443207725042 -0.338759252893431
-0.402593356970224 -0.908524422049992 0.52542780982163 0.198821415967515 -0.21551893555891
-0.318538959535388 -1.03687148722836 0.752068502823329 0.377183166950931 -0.142691690529453
-0.280345005250039 -1.18080137621145 1.12259414464728 0.645819715206256 -0.170076076338963
-1.348232653933 -0.776315161772497 0.916556881363834 0 -0.3523532395359
-1.74503921529288 -1.00934887878549 0.779445554010636 0 0
1.54569292015638 -2.38539929337689 0.414969225405325 -0.455102357308829 0.870011754590051
1.27966148304133 -2.24300879814754 0.266252893151623 -0.343819994986771 0.676888717790964
1.37500271010575 -1.80059199102839 0 -0.0696518828032791 0.493405448308603
1.50317317892763 -1.37216174308985 0 0.0895396142226114 0.308746864646548
1.22242979132971 -1.26058499357855 -0.137368697597545 0.265569526745469 -0.0926571459759088
1.20778134592875 -0.683592516801294 0 0.326072853296561 -0.25295125365349
1.03504203317205 -0.379669201127865 0 0.428634104963147 -0.537771463587488
0.229309430455684 -0.296803579259763 0.0616146674466147 0.494911106024667 -0.775163371384886
-0.118070158651983 -0.171395978323303 0.187818363297516 0.444064736133556 -0.696021209593481
-0.087943861340633 -0.314186508421443 0.238609547370263 0.510386842059517 -0.566624873461531
-0.0288453350149146 -0.545182609110403 0.477352303532034 0.684401396207266 -0.491094055110095
-0.148477981633774 -0.657290122617153 0.859314969335553 0.662970447467772 -0.435937468705303
-1.37089526542176 -0.356487615022154 0.298872168670908 0 0
-1.67106454018481 -0.621797829612205 0.490228523483244 0 0
1.83649140875803 -2.07073673123866 0.448567659503111 -0.554314157456024 0.864964253831099
1.48499873763438 -1.83127081255257 0.27157786467171 -0.396915587112623 0.523664075496297
1.38611709285283 -1.44673143694371 0.135198453630519 -0.220146541240224 0.340687178644794
1.43648675035313 -1.14013319966184 -0.0299074689905254 0.0981440101101775 0.0373844966881849
1.3792318148011 -0.892510988513642 -0.152660606917844 0.360319696669834 -0.295691729120363
1.19603889903861 -0.550410883630914 -0.269342534319911 0.484899680728298 -0.491307422798013
0.987145373033406 -0.203741281134173 -0.320240430637555 0.566227660846453 -0.757145595988856
0.929123845466047 0.130045521780491 -0.301919649517286 0.610506493215694 -1.01674404835929
0.591021812382447 0.277833988543368 0 0.586985220396226 -0.902739523988123
0.213813593215696 0.373577117097136 0 0.530029348068615 -0.868185460685602
-0.00237098207001638 0.0509038879263548 0.29791741945288 0.675310890783697 -0.709204502424222
-0.298220879562208 0.0672173830362717 0.490099326871803 0.450859770057215 -0.604322476693805
-1.22084004061047 -0.00157174351637345 0.261264815312518 0 0
-1.57501167061092 -0.347804691436014 0.277772070962802 0 0
2.11363493447522 -1.74412717693007 0.309465982652276 -0.688494462891928 0.883441773638762
1.77178152760602 -1.51271426497416 0.207109717388835 -0.47998892771492 0.525398849312642
1.39798785808163 -1.16348896235169 0.0990928161682087 -0.290134615534648 0.116270303878338
1.09006583848622 -0.83394297506997 -0.0358189312433402 -0.0201070536350737 -0.285765285708497
1.06382153156898 -0.606620972508849 -0.198394246418957 0.302487676608551 -0.552200416783476
1.29789873753088 0 0 0 0
0.989569953146221 0 0 0 0
0.795443179168332 0.269094464513319 0 0.418063843981513 -0.96459082440768
0.692505836899565 0.532513707965984 0 0.555148751415752 -1.04166109337235
0.296666591070258 0.911848241967887 0 0.395192395199101 -1.03821324698404
-0.223690280457028 0.991204118373554 0.146326355026733 0.487706470521931 -0.937757688947638
-0.603960977079262 0.913265990415625 0.226796841648914 0.305046900526044 -0.710842101357687
-0.956919690343123 0.601575557447361 0.246702602834555 0.0690823894232779 -0.556047182571859
-1.41084758007081 0.0107097677906284 0.262056360197865 -0.277989623416095 -0.26960334477648
1.7504276308281 -1.32297403578581 0 -0.611091739796755 0.706308639985796
1.89401213345872 -1.34441147081657 0.0301062180240243 -0.69432690701738 0.434063454966735
1.45321766851725 -1.12095729152373 -0.0592432246526145 -0.44957129674556 -0.0499544355281902
0.94112885645118 -0.834663780634429 -0.13213837869238 -0.175033226211358 -0.582823064933075
0.480393208727246 -0.618937821635259 -0.101055106908434 0.129829737193163 -1.0513338898906
0.0430479564771487 -0.393056372187862 0 -0.0731231098494825 -1.03957859765629
0.0540878976081278 0.184072024723666 0 0 -1.23668058751721
0.239012944010371 0.55732915464559 0 0 -1.13014468140268
0.278744310138088 0.976724902228462 0 0.289237797138225 -1.25393882486553
0.21411235133353 1.21678769826224 0 0.352779122699633 -1.11444937937555
-0.123126738891272 1.31806229358897 0 0 -0.782093640567827
-0.358990621321306 1.0524395855543 0 0 -0.464885016091269
-0.947070644726701 0.711532963846362 0.135699217716293 -0.0617859897915139 -0.42121258926762
-1.22906459009699 0.0450846232652152 0.10139812308967 -0.262637957313928 -0.234706254702284
1.82195496387452 -1.41729800886077 0 -0.906344327994616 0.86357853071848
1.49680450045696 -1.26935234097571 0 -0.765518461815753 0.294565367482266
1.22877826049494 -1.1303335407313 0 -0.560667257723577 -0.127729298591297
0.910421178062292 -0.962000074784474 0 -0.335490830632213 -0.534484919884226
0.500164771275383 -0.69303626859634 0 -0.0469872091003332 -0.959911450459681
-0.444212881693783 -0.432315964088418 0 -0.0728151726789674 -1.10666142469019
-0.419954531045148 0.147428152235718 0 0 -0.959437278975958
-0.0303673292301981 0.536468955314445 0 0 -1.36156027993554
0.0433990682505456 0.920874447488088 0 0 -1.21249936864458
0.1625360985934 1.21038125648938 0 0.105065310517651 -1.00222617629584
0.0616515768163778 1.31814881291208 0 0 -0.759732726999498
-0.124504620792433 0.987962996923002 0 0 -0.476580337869556
-0.382235297961642 0.782178884842419 0 0 -0.444243460413102
-1.01952488760116 0.263745677859258 0 0 0
1.56701857544029 -1.29471710682821 0 -0.868019697079779 0.807262317938481
1.40627214458266 -1.32195377910434 0 -0.710810867059848 0.378661619877674
1.16383451903331 -1.25976400370002 0 -0.4800700603965 -0.0399485145009323
0.718923197772014 -1.15226500309397 0 -0.212255440470561 -0.46533405142374
0.261066151777387 -1.17266535099775 0 0 -0.737300962426796
-0.218527870933967 -0.946221784708773 0 0 -0.760991125816834
-0.522620789376639 -0.46158906520861 -0.002142378442627 -0.0499049426948138 -1.06695659038458
-0.201028744184339 0.143900740225412 0 0 -0.835123174277924
0.150365387210351 0.588943109876094 0.160800509067701 0 -0.883040317750795
0.0615096358665491 0.90236464205908 0 0 -0.702275225722428
0.117075205252417 1.09675098770216 0 0 -0.568914058338798
0.0449270183613474 0.907868617962182 0 0 -0.48395326017354
0.554306644426775 0.623905142645697 -0.601539138514976 0.619996279718269 -0.74526706213985
-0.6926107652073 0.165785039995373 0 0 0
0.820178710111155 -1.16381385695173 0 0 0.486609999645469
0.546781014451657 -1.14605789922172 0 0 0.129445416064355
0.153535795971823 -1.30409532157376 0 0 -0.279052545424131
0.0505728078757205 -1.65521065663745 0 0 -0.538368268623388
0.283777593473011 -1.67524914341784 0 -0.159892135324541 -0.699164358894513
0.0393719098140501 -1.5471777345412 0 0 -0.61544690838863
-0.075365871489638 -1.12348657428481 0 0 -0.670585829495331
-0.0835719316702571 -0.603587662818534 0 0 -0.683512590367519
0.0142361581702261 0.064065322443922 0 0 -0.432269184870748
0.0933275887427798 0.626692455264668 0 0 0
0.118184325531324 0.784319507355277 0 0 0
-0.0518308774803709 0.735996974599694 -0.262809156991799 0 0
-0.178024088428773 0.415822546962425 0 0 0
0.530852393046075 -0.463490089542423 -0.759152594420485 0.927859611129528 -0.52495780404632
0.629905278197048 -0.844401047890021 0.136029107237524 -0.189667714169188 0.478200752944959
-0.0720623064896591 -0.998816019846195 0 0 -0.123867544650527
-0.137607006948759 -1.49789390778 0 0 -0.231930127525683
-0.0252039595457894 -2.07414968363787 0 -0.384218599338511 -0.44134506060948
0.203035917359535 -2.23867227537187 0 -0.324875987649649 -0.623711343768323
0.262075827210354 -2.08280992743943 0 0 -0.617424636158941
0.194208735518891 -1.70223850833504 0 0 -0.632005456253406
0.101973093419233 -1.25648681660358 0 0 -0.506898572003626
0.170839265095335 -0.606860510379766 0 0 0
0.449036062164447 0.0492414485106585 0 0 0
0.540740648135626 0.394944014149878 0 0 0
0.524080200711889 0.15846919869945 -0.653341673026438 0.32946180909833 -0.371652875666228
0.624064952365649 -0.431534808740011 -0.886378618191583 0.90474509016584 -0.398568082728978
0.798981977866219 -0.999703713177388 -1.0095331960431 1.17664320099018 -0.439511752150741
0.116837828557718 -0.865116082618928 0 0 0.197122814500862
-0.0682128786534711 -1.18497851447722 0 0 0.0225321468221062
-0.0586626723990516 -1.75763479303209 0 0 -0.0786377318808538
-0.0105013775969381 -2.31206336132186 0 -0.131113585236249 -0.252330452570483
0.264727933004956 -2.40907905222228 0 0 -0.446175340192521
0.892432590473427 -2.47154285711484 0.145192111148742 -0.246057571309064 -0.405790362050595
1.46183729244352 -2.2269399885961 0.530701060179987 -0.088041762252699 -0.427260222712639
0.770943637070385 -1.94393450661367 0.186787681566128 -0.279960133327683 -0.44507735496087
0.386591644981518 -1.20789383813662 0 0 -0.230075046036187
0.664578014132667 -0.541277747448771 0 0 0
0.627430533723544 -0.27154920402463 -0.255020802949284 0.116281482039037 -0.182674661432778
0.69852262022548 -0.352394950866423 -0.509320403361288 0.381040395790717 -0.31485787822416
0.869047942492928 -0.985375465514371 -0.810385506017013 1.15867443795991 -0.394506540245216
1.10680183855223 -1.63106987064646 -1.02433758244592 1.79443865821931 -0.321755749828616
0.214595725974575 -1.0336173695835 0 0 0.353505978653972
0.183031302787325 -1.46507826141349 0 0 0.220095418060114
0.200953196393097 -1.9669990118732 0 0 0.12837048470914
0.25145804769638 -2.38511084732074 0 0 0.0218505980605319
0.487438839694208 -2.53341850277782 0 0 -0.191144256794929
1.01626833066423 -2.39552380563358 0.0744328972683871 0.250784795623909 -0.032558832990769
1.17157277018286 -2.3767298917441 0.12356361252977 0.263126025946222 0.120910952235708
0.967365634245809 -2.15777354240041 0.0825461319311085 -0.0104542920931558 -0.0193345118906601
0.501414203975976 -1.76865364795703 -0.265990325188356 -0.0288117839045261 0.00862976379748194
0.379218490114663 -1.23050201279077 -0.182034627900206 0.0493467888704519 -0.275252158662321
0.801894999338832 -1.15115278175597 -0.283556760891218 0.357368851023653 -0.243525022753547
0.989036229393846 -1.22418865211404 -0.532132431553116 0.651806634246206 -0.30145395257994
1.13676915418052 -1.42279519155095 -0.75991203152785 0.977422118460222 -0.353392052354569
1.1510196148579 -1.7076256385153 -0.961756486159675 1.3098599476539 -0.394651568204856
0.415993201149063 -1.36882559829665 0 0 0.582028999798979
0.413733932220703 -1.74138718919311 0 0 0.441203694672094
0.430585167913216 -2.1132876474486 0 0 0.350076437157601
0.477430254067872 -2.42520427162915 0 0 0.273382399344143
0.356446038174241 -2.50745722355838 -0.120398179053783 0.414602116914888 0.337717061059459
0.517546849549983 -2.31374755083004 -0.343840355263532 0.787723590354357 0.624229353697693
0.713245040598415 -2.26881088940091 -0.321156290014222 0.781686040623996 0.741019476093211
0.723631469330947 -2.25474583788905 -0.348659015669923 0.475848573116809 0.556219400447134
0.338606809798149 -2.0619959648513 -0.294255969879317 0.341659083843673 0.117207359377205
0.318275650777325 -1.87153413177146 -0.320992436398404 0.38520465608308 -0.160465427883535
0.897763393399365 -1.93050946323257 -0.33165604524088 0.67074123615628 -0.379890939015236
1.30097961659249 -2.13251800636382 -0.580093981895608 1.01951365191229 -0.435937555647588
1.36469449004547 -2.22461191628053 -0.862613758118369 1.23210273916518 -0.478788475542121
1.54653024694977 -2.34814098963467 -0.962459282781484 1.71432620660073 -0.52519230301745
0.46863056986396 -1.71981122893313 0 0 0.831064734874793
0.513212352291144 -2.0040377196091 0 0 0.720690673609942
0.575505707007876 -2.24811526968241 0 0 0.606053774076208
0.606511812947584 -2.45795738947486 0 0 0.514134652992539
-0.116721807920566 -2.43618775848271 -0.443225863104471 0.851835020223274 0.905385719766919
-0.132718163920862 -2.20225470276499 -0.763403861538116 1.27064037645403 1.24984361518269
0.0624588523055217 -2.11279585713317 -0.896344897654483 1.37811264566835 1.31249841285802
0.337339522154705 -2.09465175996819 -0.822974166949395 1.12715747217354 1.02088872796682
-0.0249867592234335 -2.40352339661727 -0.549929302659838 0.730983857430743 0.174196989719498
0.0205441946744516 -2.29470636780211 -0.682140912698431 0.799809718519477 0.0255473633458838
0.989383484297955 -2.4339597774776 -0.622030713762054 0.731064655810277 0
1.30298582630208 -2.79131606047163 -0.605778850108822 1.29823502137065 -0.587463682522012
1.65217974344852 -3.06828564404359 -0.904488587023864 1.60192969736823 -0.655995971417994
1.87505449760976 -3.08504750974897 -0.990827668115986 2.10194518420555 -0.665325854594933
