"(Intercept)" "X1" "X2" "X3" "X4"
1.53244374651445 -3.18257100075501 0 0 0
1.46732713172015 -2.77461967277827 0 0 0
0.834696163047906 -2.96213607771103 -0.182138945214575 -0.157315507833203 0
1.03029347215795 -2.67331608176865 0.168659541132653 -0.0274778165751058 0.684624351200181
1.02907765023418 -2.2917472360069 0.233482754306076 -0.0433413242160253 0.567544069153206
0.857103952587862 -2.03626593814552 0.297401785893314 -0.0937300695744911 0.46682524588196
0.577774892977365 -1.83561706761077 0.45834822478661 -0.176657524437368 0.29598655888458
0.249849573034513 -1.82471329934837 0.6609626128986 -0.0992296519679893 0.532860436100119
-0.167945353801665 -1.73901401406216 0.828766208251268 -0.311281685852065 0.61648242501327
-0.522074482217218 -1.81304900408149 1.14945866141393 -0.337820666991646 0.593881032278194
-0.687154004776175 -1.70258324525911 1.0669831302389 0 0.0402834674268048
-1.12020180368845 -1.7638638202615 1.35948388034927 0 -0.0653117742145521
-1.54573598448085 -1.82890170702596 1.33978798674451 0 0
-1.99638643950919 -1.94951816972143 1.55901262431067 0 0
1.64372305429928 -2.78113911809159 0 0 0
1.37367680094888 -2.5269255313065 0 0 0
0.782195020035641 -2.53765310660361 -0.287187701249712 -0.0185488723431739 0
0.745346912145262 -2.31044485610419 -0.086639156785078 0.0818028421965516 0.330528751948682
1.02247725540864 -1.79411556741555 -0.0125028013188647 0.172103197171064 0.208777546340343
1.02647079872558 -1.35420207611849 0.0357178870901799 0.189082067692783 0.0763396479829594
0.669960140968613 -1.12345256740213 0.19321655105695 0.0712218090499187 -0.0423834644156363
0.304794799448921 -0.969897392561871 0.310834013585179 0.0505484897951493 -0.0531767433604101
-0.232084973456683 -0.9652214050661 0.603684835421586 -0.0479635034583786 0.176312473808673
-0.470743641922465 -1.089505468788 0.874101632253526 -0.0594358615173847 0.141065184914839
-0.589665186852216 -1.04692780345946 0.836077483219304 0 -0.15076809211603
-0.998318801107874 -1.16803732596114 1.14492605300086 0 -0.231054921322599
-1.46011445093733 -1.34213665220471 1.1843111572935 0 0
-1.98655124917615 -1.53144809137979 1.36685139966443 0 0
1.84503737001047 -2.41102868711989 0 0 0
1.51907676612056 -2.09084822549691 0 0 0
0.953684148850323 -2.04689705281346 -0.320350571056526 0.139237371195253 0
1.02792037694887 -1.6083842009275 -0.305377656223566 0.199203940879057 0
0.879989030386608 -1.31185774350684 -0.285656548088247 0.310877563390449 -0.0396187681050398
0.919529555191586 -0.915982527503696 -0.156573408325443 0.387780098363757 -0.268572013052436
0.831594382958376 -0.551341365098617 -0.0955685239457701 0.334567233020247 -0.389153358795964
0.445533131394148 -0.37287865716782 0.0532346624143715 0.302202674596475 -0.411548121496068
0.128148057539406 -0.235706407661924 0.193981001725 0.269378688125573 -0.439244300878266
-0.315168660656623 -0.389569951329272 0.566829053629948 0.192714378342726 -0.250050146944228
-0.5409511348117 -0.569422747903875 0.818885860459986 0.144803510389235 -0.3451377477233
-1.01415004684443 -0.665295055629268 0.789278820524059 0 0
-1.47596681498855 -0.897576402674292 0.981394223203623 0 0
-2.0074251233564 -1.17739915557378 1.09927193013354 0 0
1.83262210888747 -2.26707286034792 0 0 0
1.50791459086996 -1.85263876782805 0 0 0
1.21119620440708 -1.42237200801457 0 0 0
0.98467575560237 -1.18147491492643 -0.343499293766345 0.276994583634565 0
0.91614546422235 -0.900111794172929 -0.446637699943665 0.496693035931942 -0.250005601386294
0.916971078193952 -0.49869356213053 -0.326829454872289 0.570397134854246 -0.443315763080957
0.903506990502949 -0.10634911389431 -0.330298516886317 0.539935754818999 -0.600912110639785
0.860245759632023 0.184178668903612 -0.319036245026583 0.444188871260895 -0.662624818774959
0.497360345269153 0.28215356617946 -0.118430674769295 0.438772736105502 -0.719398165840911
0.00749452149318756 0.206962302866572 0.169017803921332 0.362939771832023 -0.579014327428353
-0.49445581246464 0.0325430554964811 0.515419358380816 0 0
-0.954486940183259 -0.272671869301032 0.629356714326092 0 0
-1.4390762620214 -0.621626650233394 0.751569736053772 0 0
-1.94033757360103 -0.902297414251996 0.817290381072236 0 0
1.65785608344838 -2.26533649882585 0 0 0
1.35940280516286 -1.80535784048988 0 0 0
1.09997578539108 -1.24999073878319 0 0 0
0.814062201209479 -0.725021665393799 0 0 0
0.830995102784697 -0.568621446625818 -0.441162661053956 0.583488996223902 -0.263274803613958
0.949114921269143 -0.229030297180167 -0.535574594406146 0.737061927760858 -0.389199408548275
1.03659104080057 0.167462396632631 -0.562372995662773 0.602042578011214 -0.623646628528998
1.02261079850212 0.427738279941761 -0.534134059925162 0.481084504427422 -0.626639734128223
0.796173206857978 0.546153018055901 -0.494527395543071 0.460456480333702 -0.701551314461649
0.276174802487354 0.703421104828964 -0.225069794442875 0.313648211024776 -0.627413805773328
-0.404199582333047 0.358510197375818 0.26845579723437 0.180058634843323 0
-0.91643244353799 -0.00182634506833742 0.447647271783876 0 0
-1.35121526533535 -0.376990251326399 0.511460062820037 0 0
-1.85405856601264 -0.642719161159683 0.535233864668798 0 0
1.89915124029818 -2.1961210925338 0 0 0.325502191112403
1.52573360113948 -1.82515526663548 0 0 0.265840679716788
1.15762957232077 -1.36677478245431 0 0 0.100352596339183
0.784422094168806 -0.910035184357899 0 0 -0.160453988195814
0.475238511042476 -0.497488256408543 0 0 0
0.373505040957181 -0.103305654161056 0 0 0
0.76330456689075 0.0869599772288212 -0.487976461211538 0.458679997652278 -0.669083276599911
0.826215009268509 0.431560411811611 -0.534840140002426 0.359657114717345 -0.711205199735812
0.659080698736261 0.634275071132769 -0.500254374814747 0.297981886428687 -0.703697582869742
0.283390310248683 0.916388047219031 -0.381274780354892 0.222037416491444 -0.707924133314797
0.11477764762735 0.798817973894436 0 0 -0.600100059619695
-0.815827992358854 0.238449773783754 0.24813232160689 -0.128599072436388 -0.243024939189757
-1.4439931025761 -0.426812723252046 0.41804287210289 -0.46546850054721 0
-1.81031672603335 -0.978996773096368 0.445933377755316 -0.604575887088545 0
1.88840849345212 -1.82709418322409 0 0 0.581779255055201
1.60851583470049 -1.80332972815418 0 0 0.451694263772134
1.2841471511947 -1.5027543648776 0 0 0.129332333406142
0.97559116880859 -1.16911514689404 0 0.224865481227907 -0.14298154295659
0.534036572150595 -0.809811567547476 0 0.349685709255084 -0.386920799865639
-0.000767496733247344 -0.464728838990018 0 0 -0.416383213702874
0.0449787716869387 -0.0338756185332854 0 0 -0.349761379058829
0.528082030677195 0.380066648039674 0 0.183332311409411 -0.752729306012118
0.69762040700347 0.600541017792856 0 0.0151276502970429 -0.766368073547525
0.288129817618545 0.739089370138019 -0.453386719343222 -0.189229290442352 -0.642222865044196
0.0326166482022922 0.931677875310014 -0.545357981343619 -0.124171719732945 -0.495916639695874
0.00794159842316088 0.975386574414103 -0.627849456416218 -0.0513861435883941 -0.404969998832562
-0.882528350163062 0.00818163518386814 -0.197720926848106 -0.311655227593316 0
-1.29354818683782 -0.913786073497405 -0.0387953663298263 -0.333398274184572 0
1.67623876193851 -1.71365911070895 0 0.134325130773109 0.892317102768403
1.48097617912639 -1.73068658008153 0 0.125012425382595 0.61220001073793
1.2077198140039 -1.55044515298177 0 0.210882509934369 0.143820206953236
0.907976461655472 -1.36573381381686 0 0.373589957243065 -0.196228364928066
0.643070660278051 -1.20761829879725 0 0.379035140019926 -0.46783591457941
0.161509338956841 -0.956341973625195 0 0 0
-0.101621581809243 -0.495961843100185 0 0 0
-0.045726434115036 0.0394310000100168 0 0 0
0.427870203333439 0.234915027451322 -0.291458529125302 -0.00683789131849156 -0.773659358772612
0.392002962243168 0.605407591183053 -0.50460593219554 -0.229197134205149 -0.585650510501276
0.12515262714899 0.936311624630209 -0.725893517938942 -0.447116641661366 -0.388600529121386
0.0569752725884554 1.0691807060812 -0.917349857347603 -0.251464420676456 -0.315436934985189
-0.163935188338762 0.714626666386816 -0.669728712115242 0 0
-0.609337184160646 0.0360534468072472 -0.51156990430726 0 0
1.42795441200021 -1.64130649963655 0 0.0088968943375175 0.933121431315097
1.10206154819789 -1.57948849276841 0 0.0761786170353673 0.518191764690755
0.931642329575076 -1.51771033532234 0 0.19790349716654 0.175372939624234
1.02605774871544 -1.47910439248333 0 0.333044179120771 -0.185466623464774
0.930200299500445 -1.50592698180911 0 0.285131293394118 -0.459261141735973
0.555567408434816 -1.37502714191498 0 0.179265880562733 -0.54488320723685
0.0813206890697832 -1.04808284041862 0 0 0
0.0538371512376114 -0.587664264567093 0 0 0
0.41711688413667 -0.146078081276201 -0.317642875167403 -0.0250517769678485 -0.659745593877036
0.304365907763376 0.358128259186355 -0.481422919699166 -0.185696333684434 -0.446670718546648
0.142526964123039 0.774851269672139 -0.740442870431876 -0.436133940807384 -0.291650264211325
0.0745568578414708 0.973473145484974 -0.833197033016599 -0.459577009955263 -0.234318861926552
0.00965706158336664 0.640411074203395 -0.651711319068946 0 0
-0.111283414448005 0.479467226877312 -0.609310869057774 0 0
1.03485096434683 -1.55715607695392 0 -0.0406010830234743 0.685095903585112
0.740272781980603 -1.51139426976231 0 0.00591692991270632 0.406965989144647
0.728838313964261 -1.61549859518261 0 0.0207055453290523 0.13612488957513
0.8036465163519 -1.72448202160343 0 0.0472772977725952 -0.159768439773227
1.04631991327267 -1.75658883322534 0 0.0762109166224978 -0.389803566496056
0.960675251072177 -1.63465152969925 0 0.00939173846215127 -0.591931202306495
0.487354043852526 -1.53979329037022 0 0 -0.314742346861173
0.35232839451044 -1.15653697949064 0 0 0
0.400574161536696 -0.665271597795353 -0.246499961588734 -0.089200096392537 -0.646299629607422
0.267104879703196 -0.101355823051152 -0.476516914464538 -0.223247661824072 -0.459100317811983
0.371353749414523 0.38703631635817 -0.546083455992453 0 -0.292955014489432
0.248405731719372 0.806253445437592 -0.853655576557025 0 -0.19239664449468
0.25895188445705 0.690527520066633 -1.00034601042772 0 -0.290749437699723
0.0962442579381174 0.835843358701982 -1.3537359670336 0.108846790985868 -0.189791913000394
0.738591119180089 -1.43446396684242 0 -0.204414845805567 0.60089807596249
0.564702355025392 -1.50355902337896 0 -0.146456167929965 0.329860736321339
0.54799450279866 -1.72469798221558 0.26801325744014 -0.129166212033061 0.0858129108867871
0.844378936789365 -1.9033986114287 0.163682973611488 -0.0701553150360703 -0.182865631890102
1.0700724897919 -1.90841537190784 0 -0.120517638882533 -0.331589856068268
1.10346307388661 -1.83443912152419 0 -0.201258382875498 -0.461915651627011
0.668907746075916 -1.90563824857987 0 0 0
0.631833453619098 -1.70927564652917 0 0 0
0.478624948620052 -1.14487951452361 -0.251938169442474 -0.124970568751255 -0.585489129402127
0.488985021238993 -0.654038389407394 -0.288380012312676 0 -0.522370531087934
0.45047738766812 -0.166826529941568 -0.553151482476343 0 -0.465981842147912
0.35147954173094 0.237069521536111 -0.827972848636952 0 -0.342980883999828
0.25232228416522 0.500138093738035 -1.09545677239919 0 -0.248535714613681
-0.0201234231292662 0.752259058073179 -1.46406764362781 -0.0519488279965527 -0.292114849352793
0.565748737132856 -1.39954611309608 0 -0.431990239984827 0.566100797668878
0.560071985867642 -1.55267414482679 0 -0.27376221759993 0.292306706541478
0.586662405242791 -1.83548471185453 0.211012692649342 -0.26477833345894 0.124738993669184
0.924875226589813 -2.00265321908886 0.0987659116582685 -0.25933048177549 -0.0917473621630696
1.25361408669804 -2.02690758370653 0.0277923153275022 -0.34642000372143 -0.220877201741656
1.13332971986611 -1.8278130107847 0 -0.344216223834293 -0.272716254489484
1.03967131546806 -2.01510479320969 0 0 -0.269113340396764
0.950137331539871 -2.0945147353598 0 0 0
0.853229703150735 -1.6257042585468 -0.207153614174786 0 -0.444752626859181
0.783075436676768 -1.17920215226696 -0.333175012868536 0 -0.491989264955633
0.527770775758197 -0.768381029894036 -0.526050076532464 0 -0.571358279959399
0.415518567073723 -0.380909500463394 -0.79078494722634 0 -0.452767602695346
0.321078566108354 -0.0623293133530916 -1.02869211254225 0 -0.350379840343174
0.207711457028812 0.131661935967626 -1.30627722343443 0 -0.330695471078918
0.467649141535434 -1.46454697484443 0 -0.667012541736088 0.500899178516086
0.443596078136236 -1.73023219517702 0.22528187123102 -0.600524863027865 0.413824051426896
0.729651238963861 -1.86320517342894 0.0743317117430623 -0.452171098266022 0.144737676912759
1.03592569078189 -2.00328166674609 -0.00558977234265218 -0.494110048912138 -0.00432719699428508
0.966492150244895 -1.57103193773449 0 0 0
1.13320769155847 -1.48966637502687 0 0 0
1.18478096117456 -1.78597496269373 0 0 -0.139426181842595
1.15125945450818 -1.93231341250509 0 0 0
1.27131308954392 -2.06959548837434 0 0 0
0.905240564593606 -1.69850305277648 -0.408787125441706 0 -0.476088875634882
0.378163323285569 -1.38429854571677 -0.726706391892986 0.122137303068937 -0.671925307979536
0.233523251808914 -0.930289340161411 -0.918298304458724 0.02739191773836 -0.62438681609726
0.399173732816251 -0.638655971635233 -0.997448245141306 0 -0.416695051783038
0.240094950021338 -0.285282781255304 -1.25925934345694 0 -0.354902778516718
0.507243350453448 -1.57387186765989 0 -0.959328052704403 0.522141014981346
0.549215248406555 -1.78962942380273 0.0585540450124871 -0.795007238757527 0.378981785467621
0.657981952975169 -1.5137911587862 0 0 0
0.852715168269376 -1.52681300340275 0 0 0
1.00422295557938 -1.52431591111492 0 0 0
1.14006913684354 -1.39978441465183 0 0 0
0.975925332849381 -1.90869422362234 -0.0444397831133039 0 0.156803523726113
1.21633649704762 -1.57318523662367 0 0 0
1.3985555527 -2.1113514928222 0 0 0
1.21328605900949 -2.20440387977791 -0.399974606990569 0 -0.331395827282775
0.425771194697832 -1.9226133009063 -0.837097116648735 0.299109385075106 -0.694438686859932
0.25480079699386 -1.51033240043105 -1.01678674520304 0.194825301855258 -0.674095476688303
0.593644187907608 -1.17681888079197 -0.92672680414198 0 -0.365987016637137
0.40860716737943 -0.884546879066287 -1.19563946387131 0 -0.35744483758408
