"(Intercept)" "X1" "X2" "X3" "X4"
0.490195104841547 -3.0959273064631 -0.27133883009815 0 0.914566782410945
0.29941122086359 -2.82310901948549 -0.186069848983865 0 0.627384722282248
0.226642001248864 -2.46701206038986 0 0 0.384671751306295
0.347941353837804 -2.0611224059807 0 0 0.347504081658017
0.260880842150084 -1.81048585442208 0 0 0.209248508431216
0.428003201500791 -1.43422057641082 0 0 0.101165989654353
0.401730444030595 -1.18305213831428 0.347861858496837 -0.0626456852541242 0.43027349492927
0.000334026674161433 -1.05735135125539 0.510466836055992 -0.132928595235031 0.62481388031941
-0.277812141299352 -0.953794843485309 0.597581090503527 -0.0964989969593409 0.524055496202195
-0.517031906001393 -0.864741698517766 0.770950784859956 -0.082737903951577 0.354627443786419
-0.863151096784126 -0.202118445889225 0.739119716246975 0 0
-1.29947745975652 -0.331825063807741 1.04281458553273 0 0
-1.67476824597762 -0.35886256271425 1.22626929247616 0 0
-2.0456580340692 -0.259967656021702 1.18021059758766 0 0
0.496286107648347 -2.9544624384411 -0.429693611771238 0 0.866254115504493
0.416812150211583 -2.57151138419961 -0.252437253193649 0 0.570715887724211
0.447556239176057 -2.15451540165383 -0.167936580903049 0 0.384344403220795
0.533840140479573 -1.69569481715611 0 0 0.274560055580689
0.5960354646103 -1.31396069390442 0 0 0.154471642472784
0.488273571324903 -0.922990732311421 0 0 -0.0785176988785441
0.353233966083853 -0.691933208376143 0.181351801544896 0.0341775388272575 -0.0101670304702704
0.104338734391228 -0.498475592090436 0.28240120736797 0.0713989279705392 -0.0371410107239726
-0.197927398369896 -0.43088525490482 0.365364597639928 0.109425208069821 0.0189998818865449
-0.385213210577133 -0.484201606272253 0.546989923821532 0.220560209417207 0.0523118499487344
-0.776564906403259 -0.107658560497725 0.676275383694407 0 -0.195493365300019
-1.18184667816805 -0.0964284696483529 0.822753559044376 0 0
-1.55032133352416 -0.0724666734991911 0.943234845682688 0 0
-1.96825413481139 0.0132267950670473 1.00185637817829 0 0
-0.0926713670384721 -3.27223862409392 -0.784949747299594 -0.150220609758956 0.615721086544916
-0.00252642745772546 -2.70358588114551 -0.494197027713252 -0.150983303533546 0.34295220297072
0.618378529637186 -1.84580835977378 -0.237123796604895 0 0.313674223077668
0.815036271514614 -1.23796891234113 0 0 0.216574950716949
0.888317424350605 -0.901094820831677 0 0.123009526965801 0.0616398054407285
0.440750089587913 -0.814189244295593 -0.0181900841598043 0.0154975708598488 -0.157700721832791
0.554220430844712 -0.279812040296404 0 0.293387816674887 -0.447518613787631
0.253170553877924 -0.0700008783367183 0.0531388486766028 0.343591559116708 -0.567747119957095
-0.00574274790812944 0.0485884831566371 0.131615566380754 0.38648200817975 -0.475663352214224
-0.234572225030292 -0.0331022878114117 0.269072213579237 0.383640639076571 -0.312764418320286
-0.666745295402238 0.196567550261214 0.400348956096427 0 0
-1.06852248539579 0.192355335883118 0.564625651749235 0 0
-1.4385219558582 0.210809969371485 0.641932450884261 0 0
-1.86722038677634 0.218164414206506 0.682010010085301 0 0
0.396198009325514 -3.11208756117985 -0.720658155579145 -0.292184553697406 0.518863829313304
0.236173140725178 -2.50808043267305 -0.455795383351457 -0.247077103397501 0.199440440205441
0.336630816654688 -1.73698545208479 -0.222800291570746 -0.218374309793119 -0.0417424293502255
1.00631356512258 -0.862566978996484 0 0 0.12244045254286
0.89079369559683 -0.628584069239651 0 0.0598888754546421 -0.127993609492513
0.538208191556283 -0.485559771880578 -0.0949812946371076 0.165515078762004 -0.553276892681013
0.598162646889941 -0.0188672179810508 -0.15243098629742 0.42618104435105 -0.740641557938551
0.526970893771803 0.289197593752683 -0.139057900052399 0.423744076073987 -1.00687988880747
0.210574404806529 0.457108677666254 -0.103505769103024 0.489527170139382 -0.686383103781531
-0.230904984131084 0.359147299558085 0.109357899051184 0.349874448462755 0
-0.614591869587378 0.48897251269805 0.230641297730881 0 0
-0.919193607130524 0.45894963906987 0.29493615805767 0 0
-1.28904037464118 0.402549746410177 0.355641759546733 0 0
-1.69661197429452 0.329688353391777 0.391209995313742 0 0
1.00124864612411 -2.87562036505743 -0.588183709985035 -0.670970114029063 0.551475696587835
0.432658757512745 -2.4477066793529 -0.523787647216508 -0.446403523370305 0.26948828812646
0.55694284238109 -1.57652170179608 -0.282182506327268 -0.333396477138722 -0.0451135255949075
0.612114135381514 -0.790488278719774 -0.161731985800182 -0.147051045678345 -0.3469833534743
0.572223937591964 -0.509710199732869 -0.22782477502708 0.0133507056820421 -0.590215256692986
0.504572642055296 -0.150779847023391 -0.251520571282716 0.316486325918129 -0.836531359148104
0.753542130304886 0 0 0 0
0.620150626351005 0.503167818702415 -0.31484685277084 0.573903668127367 -1.06755348710977
0.422112277831536 0.717454534273963 -0.271661490323256 0.533518696633015 -0.779815469975411
-0.11367143014344 0.773895278831719 0 0 0
-0.474019374304435 0.821953053663049 0.129327168512855 0 0
-0.739589880134954 0.684573969857205 0.100784464478975 0 0
-1.09639352950023 0.506182080600596 0.121758681523761 0 0
-1.45821152206998 0 0 0 0
1.25004980464178 -2.93824460602068 0 -0.742565635559163 0.309274252792613
1.11698917180095 -2.28319952622663 0 -0.650666093690022 0.272655646455964
0.892245044400148 -1.61371065166159 0 -0.375275219362052 0.214948294850222
0.626162121865014 -0.959434764615106 0 -0.380809771744546 -0.296827403488761
0.0789681948774466 -0.412486375162892 0 -0.0735991261347754 -0.949549196018992
0.102653445037509 -0.0542672151724192 0 0.208187951288428 -1.15001785651963
0.500318729085807 0.173696727378442 0 0 -0.360646910552266
0.542870819828178 0.639249277313846 -0.369537299250227 0.560177964184338 -1.00049423298612
0.469094236868704 1.05006594971747 -0.319934657512636 0.411499076076867 -0.848382210365044
-0.0992139391600411 0.858608255778609 0 0 0
-0.0974661195879808 0.928610930808842 -0.437979594626216 0.692351293059496 -0.386884126333175
-0.545259792555011 0.432361901318829 0 0 0
-0.825020111282418 0 0 0 0
-1.22808259861974 0 0 0 0
1.8765440658272 -2.19238339803027 0 -0.847236476504465 0.878135006049543
1.82656859385959 -2.27240857168529 0 -0.948934518590761 0.519924370647157
1.43829133676438 -1.7555963061416 0 -0.759294138872848 0.140284010037747
0.713753654869396 -1.23891334135131 0 -0.512009677088572 -0.391905691991955
0.0895312529686446 -0.771752040037112 0 -0.121871832762864 -1.16705472098313
0.0673541168709049 -0.25086179466325 0 0.168622766783589 -1.2116969302611
0.107768412941317 0.17051896067998 0 0 -0.966443381826366
0.235661915704991 0.465422060157653 0 0 -0.941806706888852
0.421588034703414 0.825399421578756 0 0.0518946199360395 -1.14303418786119
0.064696319533809 0.788646209540903 0 0 -0.554465667483046
-0.299031435905493 0.400421663797046 0 0 0
-0.540141116413435 0.420169392400625 0 0 0
-0.792478396551811 0.310897600910682 0 0 0
-0.988412860908562 0 0 0 0
2.4892086150053 -1.61780206804569 0 -0.864861980768677 1.92690412052263
1.83091647489556 -1.71523176137991 0 -0.748038177154865 0.841597814244746
1.35282622084049 -2.05769931346676 0 -0.818336105254589 -0.155175205073877
0.620316234842729 -1.53735329758129 0 -0.441491254253981 -0.807491783201929
0.599134588705989 -1.169429148547 0.117766971735619 -0.222114458709319 -1.18357629120825
0.453223327090929 -0.755035214715082 0.193643375224844 0.0495118845161655 -1.03392722526212
0.334661140672283 -0.386996926173469 0 0 -0.722502922137889
0.33063352751158 -0.120657528960984 -0.0943331749388018 0 -1.04267268972034
0.288906837696727 0.314408891265322 0 0 -0.852099627200584
0.249759441431151 0.488829898962851 0 0 -0.608473468755056
0.0624302708459076 0.637324623779011 0 0 -0.441583206602275
-0.362185418536602 0.344140412932021 0 0 0
-0.50433271543199 0.261246784887861 0 0 0
-0.684455320849469 0.165236306441227 0 0 0
2.01475484374426 -1.59151286952489 0 -0.73119034138468 1.75450629185931
1.21329576094278 -1.45817788406976 0 -0.313774989121471 0.851969265795567
0.283625724608939 -1.27804073945107 0 0 -0.118764156084412
0.0423727327650727 -1.70210427142608 0 0 -0.759436461444021
0.595828465849253 -1.79027773666485 0.353601335353777 -0.137732695456632 -1.03452167634259
0.7499739555801 -1.49757664822875 0.325553941102645 0.124546386272655 -0.906422135741344
0.331941810114766 -1.16351487472132 0.265639958554984 -0.0196992826699502 -0.592396477616141
0.28243234031506 -0.661420479714748 0.016383452077654 0.0133390786768498 -0.62850825432886
0.465737723353705 -0.162839049414258 -0.161967373641712 0 -0.710129663677055
0.301548843494313 0.00769668648620122 0 0 0
0.1759509323234 0.193581209275052 0 0 0
0.392212381684678 0.503451551714734 -0.479076111389958 0 -0.330473095251396
0.200747263207707 0.432958984926281 -0.489965689510205 0 -0.142499411966174
-0.141515922362058 0.120025063953341 0 0 -0.178672321495354
1.77983295645627 -1.48520837610651 -0.628938391232362 -1.24190792082578 1.66069317653592
0.203343337836009 -1.16865477539106 0 0 0.204832136335879
0.132240948516671 -1.398150229084 0 0 -0.0836425847613984
0.125145228746774 -1.80522025962202 0.361840812525931 0 -0.271933782085309
0.637160122177025 -2.21643390478926 0.355234702717563 0.144965490420049 -0.829743124437153
0.760336581409254 -2.05775315791076 0.514937186837367 0 -0.942320721602636
0.850550869924772 -1.70487687714347 0.538462565173735 0 -0.947149430008907
0.409023143015454 -1.27716638751396 0.234180306518214 -0.15428095031666 -0.82500399248975
0.285315215990626 -0.673135843165698 -0.161755249862384 -0.00879064072697871 -0.662375679165187
0.693078614760295 -0.191767416479676 -0.123409763212078 0 -0.467987291654849
0.775000745122431 0.0718395194852327 -0.354222014456673 0 -0.438856894911293
0.616889907491509 0.0867112732921971 -0.418978139271309 0 -0.351016589621889
0.33861560872181 -0.00858961720649445 0 0 0
0.431174549583338 0.176881296307135 -0.448075944434377 0 -0.176618898316063
0.138179921991507 -1.09739987036931 0 0 0.446809454612383
0.715484643223096 -1.44164053389168 -0.150796983749988 -0.629522555368317 0.678844262995396
0.53148473445482 -1.71845976287989 -0.101555350561757 -0.269012524371317 0.25166207163709
0.227446746444378 -2.15102029900315 0.212167890714219 0.0924456018430946 -0.292514661761838
0.339578032535199 -2.52620243686463 0.383033305329466 0.358135833063452 -0.544046557860413
0.883815107907083 -2.32187492135074 0.455343022461955 0 -0.830788274738263
1.12776582451095 -2.02367358199686 0.586076677602307 0 -0.971708710782577
0.926415160429017 -1.89288822216844 0.412565668740804 0 -0.830902733203524
0.706251299668881 -1.33093680044512 0.110365425032976 0 -0.832599742968831
0.871021033810926 -0.787101164094555 0 0 -0.562253181289838
0.97647753803181 -0.413489212338224 -0.227085833959717 0 -0.487581792280947
1.00222094074056 -0.220311368877396 -0.415995111943115 0 -0.336608932289493
1.17554272854504 -0.129687645064509 -0.739717676832156 0.563952155877032 -0.222251412475662
1.2373175124352 0.0201763477776784 -0.906982920268869 0.750907238848204 -0.0312599206561314
0.907568962285377 -1.29844257214032 -0.387496510108708 -0.880773986984238 1.26327975638251
0.710278101919342 -1.68557619045004 -0.252326433396363 -0.649843999669018 0.869097769428286
0.764280217166062 -2.21355381065832 -0.217163580632646 -0.501839431739272 0.32291461917751
0.424831547802022 -2.46749303475401 0.0946667370669858 -0.0659099038004533 -0.240525802675757
0.311057704453235 -2.49126104698942 0.289349625898136 0.355053324501133 -0.430323115963247
0.837340982439782 -2.19074608170753 0.404256806548794 0.189166340717949 -0.324229843233182
0.779882910895779 -2.03854554292542 0.343585053969687 -0.0434638068772232 -0.483610370966568
0.748223395588219 -2.05828093904311 0.14837753856111 -0.0964789016705684 -0.56997933571849
0.387832585386591 -1.78859111117075 -0.187126700135794 -0.412068337874064 -0.778841016118312
0.822963555200931 -1.36634311719215 -0.0660646986290378 -0.106324184598157 -0.78255389905987
1.08094607993059 -0.992523800691403 -0.254738165858229 0.249771350543598 -0.513490720784885
1.33124028218762 -0.741931008775309 -0.493242759792335 0.441797090774993 -0.35575165386974
1.48042825190057 -0.549893348490766 -0.730191656618958 0.619023319862717 -0.211882996006117
1.53661077536502 -0.364263515692747 -0.889092966694443 0.886097804962342 -0.0198609248671535
0.926915400253601 -1.40350802575444 -0.506391218265478 -0.70370259825846 1.37018544122506
0.914890852439803 -1.8562883470992 -0.454088037991621 -0.494171253662722 1.01933679953948
0.780421805400673 -2.17355696239821 -0.332083171856979 -0.159713654801639 0.518740461954792
0.340861212226194 -2.3034021698104 0.00194237057533128 0.348924399788685 0.0563152742066766
0.192106475320436 -2.21151184442137 0.110033931515146 0.717799928026441 -0.00547132423530051
0.657936324770548 -1.73801322295463 0.00230561282301036 0.499721843447674 0.184347874368877
0.537426952225509 -1.86356237029027 -0.031029260863665 0.339553448224881 -0.0225802990007013
0.644761845174829 -1.8578490104289 -0.151947421069491 0.200094375825652 0.0183762903635664
0.59480641197979 -1.80352112624243 -0.234803047996577 0.129063547595774 -0.296265054815223
0.813006245486147 -1.77460514893876 -0.213442020776166 -0.0940935657488739 -0.512387398021953
1.2240025729717 -1.58937957147267 -0.230283283153511 0.100078023159392 -0.478699575155414
1.44877693457114 -1.26476032531494 -0.40573998093371 0.508966026420807 -0.338781507118036
1.68537091108458 -1.042638263015 -0.661802297635482 0.700022944646297 -0.177569218697774
1.82179977131682 -0.754728336687575 -0.855373701688364 0.99225449540862 0.0073276772420297
0.69763536706423 -1.46222043868989 -0.470510692309757 -0.38580810975997 1.35086181236399
0.735503302817478 -1.81292778460917 -0.497425896353551 -0.0756064246349769 1.02903474050806
0.555260405517499 -1.97203914675986 -0.365667894893808 0.291471858238649 0.603945916030947
0.0304729352085906 -1.88419187576346 -0.0444511345655216 0.611134280800665 0.2316925690025
0.317261246007539 -1.47016782245133 -0.167417566408899 0.506429785294364 0.336843148114375
0.512439761131543 -1.30905257311423 -0.345366861400826 0.537138409315791 0.578420716709605
0.535134679918539 -1.4478700807871 -0.403799524685151 0.544821531454595 0.633145887316888
0.565644948818858 -1.62890281446035 -0.398406333485205 0.449456930472121 0.462186129918212
0.396460281998802 -1.69047494079551 -0.542656916022977 0.432374034324367 0.0259148803461365
0.636330400614036 -1.86848577134428 -0.44145160820431 0.228331681883793 -0.186771860007835
0.995147825971395 -1.74642901632899 -0.278798223304792 0 -0.407219854553217
1.30715760620934 -1.60034012754207 -0.357579149530973 0 -0.263769264917099
1.48139873235642 -1.36528057545022 -0.421504110699751 0 -0.213702579429414
1.79012887005662 -1.27322753227326 -0.856295178936845 0.67222086156252 -0.0588646591422248
