"(Intercept)" "X1" "X2" "X3" "X4"
0.12885923667184 -3.95883525761299 0 0 0
-0.0268599509901174 -3.8036048663995 0 0 0
0.107541017414274 -3.38654316273854 0 0 0
0.477717337068214 -3.06446480305387 0 0 0.368301314487072
1.01944601761966 -2.64848191644028 0 0.205944863871258 0.497151043112761
0.932900358324484 -2.24856084169256 0.222247045307906 0.110152611010909 0.232404656659601
0.388869724524156 -1.92865029198845 0.427801355719339 -0.181070676109282 0.372611723034894
-0.0621388233336747 -1.83653209855822 0.711818736002344 -0.126514649180887 0.676565510829565
-0.388457202804973 -1.74047033535337 0.833874908694699 0.0626783145833326 0.593891097289582
-0.805788524739267 -1.6758062695947 1.12261913316625 0.245996729563289 0.63974546036381
-0.922909188901392 -1.67695734429449 1.50948359735389 0.301531030375322 0.570391119751107
-1.3446458149199 -1.26706865815555 1.59604557979184 0 -0.116902031330569
-1.56590529018597 -1.30832228506343 1.95841419153277 0 -0.198332357627301
-1.13011165639476 -1.80307063490603 2.69636649342326 0.378117037612585 0.108558813051825
0.270047534058897 -3.44906691673055 0 0 0
0.0471971939272096 -3.31909818212995 0 0 0
0.151682729840877 -2.86317251668257 0 0 0
0.32689275533151 -2.34390998647112 0 0 0
0.601797354856918 -1.8891973583186 0 0 0.157486765109053
0.64913679810454 -1.53942717571211 0.0804721688624484 0.240112999240699 0.0265034190033032
0.394726220115326 -1.11211666246866 0.135966469415313 0.073468105733233 -0.104866745661501
0.0286788359663512 -1.01319165289378 0.312349463641325 0.117234925831114 0.0760625182498264
-0.203376356802339 -1.1229687318056 0.391709680656632 0.369722743223216 0.224895997378317
-0.438612535307087 -1.02559629356586 0.619168015510558 0.364467792717701 0.252152987916434
-0.553822929112823 -1.04476260717497 1.01855569375177 0.43230790098663 0.198764059670172
-1.03953962772785 -0.730215845087429 1.2251117711731 0 -0.199704045491935
-1.28650602489766 -0.775921686924511 1.53598225164849 0 -0.248757711412251
-0.787434018811504 -1.25221286663054 2.21982171671111 0.443260770081698 -0.172898434629273
0.581369585344778 -2.81548881401171 0 0 0
0.370633437816907 -2.61197751370505 0 0 0
0.350884951997804 -2.2070285898622 0 0 0
0.316929340070474 -1.7820347870306 0.030713045498694 0 0
0.592619317196719 -1.25893918052466 -0.0815708176965048 0.294276700136552 0
0.510969889111338 -0.933560802671593 -0.0900276207408347 0.34728858155221 -0.154929259920132
0.433449281554045 -0.527903257631309 -0.13859694185888 0.355329032370817 -0.225861276542335
0.253759186980579 -0.27066229662676 -0.116170521403324 0.324822231465576 -0.364322369819742
0.00457012974572131 -0.445237519182845 -0.084266139509468 0.550840008734992 -0.187814816559309
-0.0981418051907895 -0.3571430346141 0.166049344229188 0.494546388659149 -0.118681584460239
-0.502967417535601 -0.128221435054132 0.429101000969239 0 -0.206659036003805
-0.781553167064653 -0.133225457417856 0.758135274285765 0 -0.251893892015681
-0.444389792325661 -0.564385303072134 1.27805259805354 0.518231919226015 -0.328119512698669
-1.80032604755737 -0.278503963579478 0.773224702897236 0 0
1.16270012189248 -1.86027190931524 0 0 0
0.801342058863863 -1.91571045129485 0 0 0
0.472956264511608 -1.65616232155061 0.221546287018753 0 0
0.334270904256098 -1.22615098481131 0.0393778466506815 0.0685707887872535 0
0.437236993848657 -0.810479713865627 -0.196217976102375 0.284154512429871 0
0.553942483633906 -0.402317870044617 -0.32728052380052 0.43660499006728 -0.22574701406652
0.648695668397146 -0.0573557449431631 -0.405545785116746 0.554223818578338 -0.23413028034235
0.332813657335516 0.321356669924997 -0.532255124015419 0.524023659625467 -0.452369243938155
0.217101874336058 0.386315784372837 -0.497666373049688 0.559798015022743 -0.52237020946801
0.212631263433733 0.326853063839525 -0.226447166650345 0.561253269450846 -0.434054577332023
0.0224393079621351 0.295101651429419 0.120089304190053 0.577757829276902 -0.486341011063608
-0.330376919443666 0.25046476550607 0.463862067136234 0.662749144252373 -0.436280577334821
-1.25028301608682 0.1912741767462 0.485985304353553 0 0
-1.47638074656967 -0.295142523911461 0.444472995771906 0 0
1.38772547832053 -2.07281830257957 0.626653483573498 -0.673368865015175 0.416815542210965
0.954993474323364 -1.74737750552936 0.459470427365764 -0.552608316049806 0.08689000305102
0.640227611789866 -1.30871816405387 0.268950740315354 -0.35861310628751 -0.148173427876509
0.479644029359259 -0.772214065893984 0.018853450494227 -0.125002431881038 0
0.426118047874307 -0.444468093314516 -0.242168295723388 0.144973158067284 0
0.667016011488671 -0.160119322571288 -0.397047491173576 0.392326627014659 -0.447907776204999
0.780718387589114 0.232237784881693 -0.607542798851978 0.508012643662518 -0.312826628607091
0.42725191072283 0.619023990115252 -0.810587382021477 0.426088008582345 -0.367318358691592
0.270761332968434 0.935479895029677 -0.655976172477475 0.381067225538191 -0.46727218919894
0.186768436203458 1.03344115479643 -0.349675886922683 0.406313582795978 -0.595542381369438
-0.384698051529652 0.875241293886166 -0.0734638320127821 0 0
-0.722448708669411 0.783388700958523 0.166711502144683 0 0
-0.983308124070047 0.48522478793096 0.260710366724297 0 0
-1.30633180391197 -0.280569135085445 0.161836888348401 0 0
0.946837873233151 -0.812280544844621 0 0 0
1.35388358008389 -1.36725314670541 0.135252595905135 -0.803136435088142 0.157832377864999
1.1384529341711 -1.06890778955576 0.0733485987214089 -0.582527812379379 -0.38655711050619
0.99120028094255 -0.825546293502903 0.052001636377043 -0.246422153002251 -0.842968963643392
0.717255280219511 -0.64493002730647 -0.0252278550695296 -0.0663147724417936 -1.06679176456739
0.589557224546716 -0.193823019666622 0 0 0
0.628762735472839 0.171486801967431 0 0 -0.847791841132673
0.6600842784059 0.447079449258325 -0.42631790406079 0.157941376793573 -1.28255263609335
0.18166622446951 1.17099400946446 -0.510940097496345 0.215617243663284 -0.404021872322307
0.188241229629362 1.24835326906106 -0.358087771443884 0 -0.483997519898302
0.341058411956407 1.20541082774536 -0.255549425075238 0.347934307765167 -0.712434115329887
-0.416390214088902 0.9774295414814 0 0 0
-0.648956425740901 0.756192395987256 0 0 0
-1.13910235337457 -0.323593574766423 0.0156319689086567 0 0
1.21223182871564 -1.26459618696233 0 -0.509345530556899 0.701909181412941
1.07295504118619 -1.17877627694591 0 -0.404587783984751 0.213437507786148
1.11357709900325 -1.05457155200738 0 -0.268427955641538 -0.229529623975449
1.13702707339909 -0.951146755654682 0 -0.077495777677808 -0.757868738621651
0.937449241157972 -0.814197912083076 0 0 -1.04830676917092
0.470803910766002 -0.554237890112611 -0.318944536174271 -0.129047822987551 -0.932522475369766
0.662175357094812 0.018565991971626 -0.377169455626986 0 -0.879879618567086
1.09264254595842 0.423077925534769 -0.338432166084901 0.260815666437953 -1.34178978314324
0.893818519805142 0.636092990497274 -0.261441796386259 0.0112109254054389 -1.00692074894501
0.69557894268464 1.23542372310172 -0.315036304306114 -0.284600013036312 -0.482194541524738
0.487927324725336 1.38232847591467 -0.15524024785845 0 -0.692983317248985
0.0239787619830787 1.03145556721602 0 0 -0.325203596753478
-0.449138752136145 0.711718254481383 0 0 0
-0.81616471653063 0.00941007440049335 0 0 0
1.22342143385973 -1.21058748192315 0 -0.572544944141743 0.770855741549969
0.916066596554355 -1.14962693824069 0 0 0.341658536040318
0.868856500608831 -1.19076772254903 0 0 -0.242746087297654
0.793674048289518 -1.22351714949792 0 0 -0.859020576293189
1.04265519489378 -1.12599900583217 0 0 -1.27556456628794
0.849912011597302 -0.914372283513222 -0.104456169385591 0 -1.08647835788343
0.441192565078401 -0.465721850263464 -0.280787974162415 0 -1.0921590591265
0.867447454123503 0.0989937461236374 -0.155023045365008 0 -1.23359455790203
1.07388329469841 0.461706620863866 -0.170075695911593 0 -1.07955019627531
1.28167136069785 1.04643437873588 0.224144450580601 -0.0261836068728619 -0.541244411875906
0.128686939526991 1.18598838619295 -0.077220851645542 0 0
0.280711099210869 1.15268043731191 0.028303871241236 0 -0.373358321085761
-0.32071388924532 0.78946889956672 0 0 0
-0.633025915199966 0.339123686970669 0 0 0
0.950360627910754 -1.13326401230819 0 -0.523406581749139 0.742297471335622
0.531505171540287 -1.13047585556553 0 0 0.200657446620272
0.536394494163648 -1.27558778509499 0 0 -0.336469880261534
0.77861084663451 -1.45271895854761 0 0 -0.888893020367983
1.14342600698284 -1.42411776996724 0 0 -1.28723245443024
0.876296040297408 -1.31605681550218 0 -0.220040427845452 -1.15342541013195
0.338351187335867 -1.2017901446989 0 0 -0.828218731337774
0.41193009658457 -0.544718493573325 0 0 -1.03711000198591
0.557211451665229 0.0910573367552321 0 0 -0.861575738015867
0.742357057774284 0.613253705813205 0.071359626612336 0 -0.590223889486299
0.530345267165056 1.13373294233992 0.143543320096536 -0.221783490277923 -0.413920369706169
0.2333481589708 0.900848462983119 0 -0.269031475291395 -0.525520837326019
0.0921283702574338 0.683872088556562 0 -0.154703507784884 -0.507049115550229
-0.0540060315493307 0.307565968896362 0 0 -0.467863761992847
0.671752607371304 -1.07411203991259 0 -0.315955904523641 0.728789674921248
0.332663592404864 -1.20529360538011 0.0641223077615815 -0.115050489418675 0.253122186371101
0.43115918337708 -1.49907474194707 0 0 -0.188760054667866
0.618857286112837 -1.79178594318216 0 0 -0.636540529995495
1.06702373155338 -1.84535696925603 0 0 -0.963953713340682
1.1308875293342 -1.83781695554165 0 -0.444094213100614 -1.09062978467459
0.912297057329027 -1.63109296601124 0.0408310081125867 -0.328273484870461 -1.24515548794194
0.55016341167903 -1.05641602539651 0 0 -1.0974205608575
0.512042077557386 -0.334821750062388 0 0 -0.764254821013339
0.57458440693501 0.250579665538572 0 0 -0.511079691986037
0.476020269177059 0.683813997579783 0 0 -0.46354463595353
0.237493202480839 0.659815105532019 -0.604540907819798 0.107650751984308 -0.317968697634802
0.045041946667317 0.425919817543043 -0.593685235746426 0.256420542015365 -0.136171017489945
-0.119146815083707 0.393242706570646 0 0 -0.43065669910601
0.498730481146145 -0.940027212202037 -0.275370338348769 0.0611966567462723 0.687767529896395
0.461329907022681 -1.39477233121375 -0.128546613001248 -0.0785700883711063 0.454524874072883
0.360556907313201 -1.78816464686888 0 0 0.0390518195357016
0.624807732642054 -2.14552513149415 0 0 -0.25195099977892
1.16667537784597 -2.17994133400482 0 -0.339564711642744 -0.57925995353498
1.81245771835203 -2.18973062463325 0.119853679581349 -0.465959751499856 -0.793723091311988
1.12435945255325 -1.87558331442773 0 0 -1.14515006602913
0.987634548996834 -1.26469102174761 0 0 -1.09109494965804
0.676951806943366 -0.682949371072221 0 0 -0.890494366355348
0.620646596405071 -0.194995073970287 0 -0.14830348761045 -0.863712292153498
0.476767550061456 0.154888127174934 0 -0.107571139127694 -0.67001228748775
0.385535392402454 0.349859444881748 0 0 -0.506305770632724
0.0667003321525939 0.391477457031642 0 0 -0.431431306093134
-0.187115297784835 0.338495608634612 0 0 -0.367515889376212
0.481378471356144 -1.08958329979673 -0.502475758626391 0.230817331849592 0.772797761298883
0.496830802118571 -1.55373907939477 -0.352743839158439 0.0840905788239766 0.567390422053387
0.564787278240547 -2.0352537761133 -0.215911000877808 -0.0879869751463067 0.375888776533365
0.605001319543292 -2.33594293442324 0 0 0.068463344036345
0.921661643764788 -2.39704443198159 0 0 -0.321480359338007
1.36306718024102 -2.32291977476118 -0.0408039875831801 0 -0.571303072819403
1.28464604956798 -2.00541806179478 0.0967924745414858 -0.00832862218824876 -0.634323493824486
0.915593245797842 -1.48507013856703 0.0418507069876644 0.126818038430351 -0.661939515623751
0.562631310993165 -1.16421203340191 0 0 -0.679889184299525
0.407588777325674 -0.764492739745639 0 0 -0.696072596163831
0.39717582171161 -0.398051014711809 0 0 -0.621860398954773
0.2848129588556 -0.152538103013364 0 0 -0.543977205242587
0.278368365005844 -0.0686703847297889 0 0 -0.469760673815381
0.13184726260598 -0.373675221131438 -0.889339700352102 0 -0.174799248356376
0.57305909494387 -1.39919004663513 -0.68686537633649 0.278065859193579 1.02867214765608
0.616449309532313 -1.83874455326665 -0.457101919254482 0.134474166881247 0.841408921340204
0.628117562613594 -2.29263397147489 -0.215061114752054 -0.0936677775192167 0.645712421097598
0.566292586606814 -2.37840782082652 0 0 0.293180681674245
0.744054346475382 -2.48117601669165 0 0 0.0468401841794064
0.975219603180239 -2.33044045983662 -0.382618778771043 0.209396632665949 0.114010004091741
0.880362621871257 -2.02614934501232 -0.290354037615202 0.414108901971842 0.0886228133448112
0.717238719212318 -1.79935963810414 -0.0855178268440896 0.328717454881682 -0.264864784204437
0.297083793515783 -1.40384689709299 -0.00859945958855015 0.252104220743977 -0.564104533222379
0.29490205556693 -1.19656928585703 0.184902854834141 0 -0.528745876474649
0.171917389244694 -0.868876002960676 0 0 -0.593299991510215
0.151343029484254 -0.662287748668423 0 0 -0.602915135127103
0.228785909393343 -0.520335606610983 0 0 -0.500677891479483
0.0642409776109443 -0.717354057451403 -0.700577750722913 0 -0.286351215054618
-0.0548594421647182 -1.76329424143984 0 0 0.940485119541483
0.0842551081769144 -2.05523153845098 0 0 0.841019576173788
0.26562925293618 -2.23012500450597 0 0 0.625641136470502
0.441924162130446 -2.33930590436721 0 0 0.461050715375577
0.597435888361179 -2.46508745641422 0 0 0.42046119631333
0.395089509711879 -2.4644389554409 -0.692186214672656 0.526064399761375 0.678703170755596
0.287958667056042 -2.11889361727118 -0.664150672196562 0.86007078031438 0.643299102498962
-0.00596171194331467 -1.85649240269645 -0.429159108650909 0.883899638752252 0.197723728594988
-0.107646539414986 -1.71284637267948 -0.253144233812725 0.577638705889745 -0.31884589040021
-0.245878587285101 -1.40478384644343 -0.32153901775563 0.47294162925669 -0.433659931582581
-0.202073612222149 -1.25470263395776 -0.17738385383777 0 -0.504756352522437
0.0569622679213525 -1.0543034830192 0 0 -0.452020538687621
-0.0106832345655426 -0.926423191253444 0 0 -0.535586000573286
0.0836654169742155 -0.725143319842017 0 0 -0.442993521208609
