"(Intercept)" "X1" "X2" "X3" "X4"
1.40390585274763 -2.49146624014478 -0.0726175216405436 -0.935710135075914 0.780954513411589
1.00244731942427 -2.45415539189246 -0.00087374740914232 -0.92710884128176 0.686498819190593
0.671263290886236 -2.38533057823247 0.0506979922687501 -0.871880786721989 0.610926630315144
0.549117004601571 -2.19996010157171 0.105525799430386 -0.698268604039535 0.596332276972701
0.486290215472779 -1.93803631833537 0.217531724369239 -0.502291453235078 0.585130341634931
0.409025891294169 -1.73890191663408 0.315012185167733 -0.315408548162535 0.662917474963399
0.203226215692209 -1.5860921161483 0.487831946910794 -0.117686588611155 0.810039781546467
-0.0619556539526862 -1.40945337721351 0.791763792394588 0.0887330427790837 1.01338873803102
-0.340527187282483 -1.22705493632422 1.1663105058632 0.249377770265535 1.02650077438753
-0.554723242276981 -1.13873300712665 1.54470740614159 0.534607735413127 1.19896402334437
-0.808964199836719 -1.11609953112779 1.94582110132584 0.886890862189663 1.44842122606724
-1.05488512641577 -1.09698405374508 2.28695763453905 1.13034609953854 1.4946663513367
-1.24485772295978 -1.12508555878378 2.56954742094223 1.28891095530825 1.42353646297376
-1.46629799961403 -1.14684101430932 2.80425716065828 1.37863364439367 1.37758691301736
1.49993198389104 -2.1814552954863 -0.193020179699938 -0.793562820303762 0.618436676146055
1.15862683182968 -2.08163085348788 -0.147797523567376 -0.738233601924999 0.520891060908757
0.830653892024793 -1.98897046578238 -0.0956871507730598 -0.661492545952779 0.425554821756515
0.751740933774037 -1.77458200991315 -0.0643747445019174 -0.434677902831403 0.394697438920578
0.605042034651447 -1.51229168284745 0.0355361643803224 -0.248120042291917 0.313222016331138
0.452912758395911 -1.21632517352981 0.155051952476444 -0.110380421243778 0.276779279227684
0.289444830545854 -0.95354986289105 0.294952571988827 0.05952580516145 0.273364686956046
0.0165279060724713 -0.8072771965838 0.514484428029835 0.288852508795468 0.415270787568179
-0.225135942478547 -0.664736671383742 0.772116966171627 0.409830163985852 0.455501984200211
-0.408235711556146 -0.664431205105839 1.08879269624305 0.625566168383829 0.723910236411544
-0.661714531147476 -0.709490124323993 1.45276113856145 0.90303016541125 1.00704480799982
-0.903678369287044 -0.737695101726939 1.77253710222646 1.08276339224445 1.05732041663803
-1.14891181004491 -0.794818907303132 2.0559911544711 1.23310492897177 1.04961601759559
-1.43239478331264 -0.869748477813014 2.29655141955786 1.35741437900728 1.0318111024443
2.20798805075199 -1.33921285026064 0 0 0
1.88756885407202 -1.20025183880221 0 0 0
0.968970476369201 -1.58538113410664 -0.216878745895519 -0.43183556663285 0.24927591921389
0.791382117930318 -1.39566210390356 -0.198154912506781 -0.223964179862273 0.150004750789574
0.725802664671863 -1.11395413719384 -0.151326887568801 0.0149812640061205 0.0668796391719127
0.554709783948254 -0.800180520892711 -0.0503705654051927 0.146643985181448 -0.0327897452100168
0.406100753184015 -0.434296833677263 0.0476830605299256 0.241471859882329 -0.118539652179777
0.226558241528635 -0.192085631962088 0.141420689471783 0.44972058662282 -0.148786093084093
-0.0586806472393066 -0.0773712913735403 0.366997915999015 0.517651567796514 -0.0573931143389428
-0.250337376623613 -0.187189939690414 0.619148669819999 0.6515668492349 0.231091765645394
-0.518690126481526 -0.283122646623246 0.929630228472728 0.83735326373243 0.535427574067481
-0.795791653507735 -0.363197274069176 1.22992928262477 0.996902422544198 0.647390478385462
-1.08926716712287 -0.486065678581291 1.50535520633375 1.1624166039241 0.700458137764155
-1.4408109589281 -0.647891134520818 1.78273630032437 1.25935801229968 0.719904247444215
2.10571428805133 -1.48457021371007 0 0 0.264858339622177
1.64998043042039 -1.27939974110622 0 0 0
1.12871342368566 -1.20210151236767 -0.314171555969456 -0.241956173206721 0.118293762632974
0.876392305670683 -0.986507437368086 -0.324408978980442 -0.0142799315569076 -0.0153887432974477
0.721721937687074 -0.764611146414609 -0.30273332012667 0.216624426368637 -0.145213998598029
0.664821893393144 -0.467577121766756 -0.237911317520268 0.374027524438524 -0.234550199051611
0.588026731241942 -0.124061590406434 -0.230813607295068 0.394852129000407 -0.298856888226638
0.55637367691739 0.123901651140458 -0.181042817731951 0.439782393491667 0
0.276005039355455 0.263224446519298 -0.00470815413279736 0.489364052024412 0
-0.0961107746699429 0.263895536830455 0.163282225845049 0.65543375851747 -0.144729222983247
-0.417927130204749 0.143169783822368 0.428806844244754 0.763518475353297 0.114598023191411
-0.738213197388955 -0.0305306178779457 0.702916008063458 0.915738900037719 0.28836702924816
-1.0968822037459 -0.244497089700027 0.98385666237277 1.0297278109941 0.385831162632898
-1.49098715659298 -0.485021150481047 1.27372687140704 1.11048855774172 0.456245373960535
2.05416507062706 -1.34769824766049 0 0 0.380859528784564
1.69516137723188 -1.30775943669446 -0.358151815378967 -0.405307182863332 0.276134210965413
1.24047728103083 -0.999762235340047 -0.377262115141536 -0.208774911484705 0.0128537318040282
0.911129468473733 -0.728077678973816 -0.272226627641183 0.0362317175823204 0
0.77664878812663 -0.531643639173169 -0.261216620862637 0.251822400471166 0
0.715378032693549 -0.329163852713952 -0.218446551815575 0.362674953326487 0
0.587159961075323 -0.025341096028255 -0.445803131199281 0.413053296394053 -0.362159022534688
0.51630455470574 0.295148408757406 -0.436617338823709 0.434139138705803 0
0.459127113904923 0.538819710983522 -0.394329978904933 0.610638073202922 -0.405387989073507
-0.0512855159876888 0.527542634250038 -0.164175035304017 0.538449826985633 0
-0.348540804445448 0.455188578229062 -0.000382932752904406 0.732677700109522 -0.167972915020069
-0.742766411851633 0.248680186666536 0.225485745463924 0.798236262929584 0.00437491972144923
-1.1644688147239 -0.0635973334469079 0.488038881559025 0.819553009584023 0.156630045028908
-1.58089188802861 -0.374367618590514 0.75509776033899 0.862276257022599 0.276903407815255
2.38196834755764 -1.47254518265779 -0.40114755843771 -0.701513820693914 0.811507736794089
1.93103935628803 -1.29649308492649 -0.382523574487272 -0.551897013217704 0.359188589585875
1.46989434683026 -1.02940203335446 -0.375725734428733 -0.374702522199099 -0.0324208028193388
1.00462922618697 -0.766412144441412 -0.372416044848758 -0.150236785843233 -0.336865648226964
0.694249525924575 -0.557213130183657 -0.358937660174462 0.12222656631633 -0.531414516775257
0.301730661471415 -0.402058905294753 0 0 -0.280485076793687
0.218751746957583 -0.0534626149692103 -0.273078763769188 0 -0.553276731877722
0.329712377210188 0.273595772309532 0 0 0
0.431688564950168 0.563660898516388 -0.537297381993875 0.473745876488956 -0.520578567235575
0.247011838966496 0.865006607821474 -0.566788664798623 0.564219800708895 -0.568631075480241
-0.333239138675607 0.737960702759005 -0.373509652484713 0.587364133143877 -0.35546422362831
-0.825607988472778 0.460268265934156 -0.187094613084673 0.555907032055623 -0.115514157174914
-1.26420206445553 0.0613793390021428 -0.00011271063807344 0.47167803370834 0.0945399195392976
-1.60264933452891 -0.332072064975131 0.161526971319887 0.438547104717869 0.207533234548953
2.43535984997819 -1.50707646120107 -0.411785458267367 -0.866241018203072 0.904931073032299
1.98586074563681 -1.35777548814015 -0.355568412927876 -0.712115036303884 0.418317644036638
1.4822475679704 -1.19909310678274 -0.340451921413018 -0.530396413390679 -0.088805622494883
1.1078011121579 -0.954492978910275 -0.37958426654122 -0.261104625244839 -0.512618978801208
0.614642572049102 -0.861771103363775 0 0 -0.62578413002011
0.348614120231476 -0.56124578337253 -0.181520639329494 0.0982438801633218 -0.725492532730484
0.13145430611356 -0.197281583208181 0 0 -0.557650828056479
0.190511724936016 0.300770671852048 0 0 -0.419024849507249
0.181139643439175 0.720438389316906 -0.402273210356871 0 -0.701263649071387
0.118699886630002 0.860031249526896 -0.606015747436273 0.237963084498643 -0.648135572068983
-0.127331519927008 1.02630261820354 -0.762437790741867 0.316551295953972 -0.50429699573679
-0.71023824863143 0.688257952800552 -0.650478112681271 0.26063756918137 -0.198707626447976
-0.872223068668582 0.525637285466345 -0.376085956806978 0.240817086813015 0
-1.21122615211823 -0.0699962985439081 -0.296794690392168 0.240946308017933 0
1.61582475640181 -1.29294635278296 0 -0.453258887912975 0.834842886654589
1.32832341982038 -1.3112974653066 0 -0.476793917592643 0.351512871406103
1.04569714108094 -1.27645364425632 0 -0.415152715391611 -0.115449336790404
0.988677246949233 -1.18359492114749 0 -0.266947681940578 -0.515445502992719
0.692292589473412 -1.12078345941258 0 0 -0.796766142091433
0.419545251361412 -0.976783116714421 -0.0315309446778082 0 -0.778541379873882
0.109773109505745 -0.629443411277858 -0.201891043435056 0 -0.69491986510288
0.0958367821741645 -0.0545066687407193 -0.274853671618106 0 -0.644532592212678
0.163152788707575 0.446039402704001 -0.340501361987755 0 -0.624549723718906
0.214019099902153 0.823441288265585 -0.514890534720715 -0.0236008178718893 -0.564530044278442
0.0228644985267084 1.08173224830164 -0.744305099740624 0.0677775586160137 -0.457372540726604
-0.107909106408801 1.06741582326008 -0.870040105057533 0.210747318964212 -0.356620750306359
-0.46622509395045 0.583086469873089 -0.681647478380182 0.162080016020014 0
-0.784155266726195 0.111652521162591 -0.552943582961145 0.197838770979657 0
1.18580627213043 -1.27552352479473 0 -0.396961746494118 0.572739789792575
0.963229254951976 -1.3219455191509 0 -0.412758468625432 0.137389648751828
0.822567461720752 -1.3485048558038 0 -0.431342193074076 -0.254327903260298
0.863205408056591 -1.31273986167103 0 -0.247780866472115 -0.561008811913526
0.940546793977541 -1.20355947630807 0 -0.018806809693719 -0.792091068715318
0.462460836424044 -1.34304466539251 0.0119365357752186 0 -0.82916422336438
0.213312781655254 -1.09512382833231 -0.101035001510912 0 -0.757520218036907
0.200365746894559 -0.585579560534869 -0.152695372385815 0 -0.670773374495684
0.271020999514361 0.0414060413281324 -0.424427067278378 0.0925797204459461 -0.559939694175306
0.279416204831779 0.580284936116735 -0.433235683827822 -0.00811056165560449 -0.406156393806431
0.223520412029295 0.767695412859525 0 0 0
0.066820192002862 0.791030376404609 -0.33778986928033 0 0
-0.00245533714641718 0.623059546258678 -0.697851890437159 0.144890466188634 0
-0.161511482984754 0.304627438480371 -0.711869237670732 0.224841744726109 0
1.41229975333678 -1.43035432234975 -0.495114581017392 -0.98374890912375 0.329292845709059
1.09467158380386 -1.39906338284344 -0.319289346917349 -0.802544523597155 -0.0576285178242342
0.678380201584186 -1.37611030223307 0 -0.370995246184675 -0.345434035728064
0.757481097667982 -1.43980220207047 0 -0.251521176148926 -0.607281166862769
0.909808293953881 -1.46633516605837 0 -0.144834159697736 -0.802078261971054
0.886132185816884 -1.4205597265753 0 -0.0705725948471843 -0.689804015058507
0.494767321073187 -1.43288095908525 -0.0216735747187734 0.0463803355932914 -1.01535696179744
0.398464070522565 -1.05949446716179 -0.136086067026039 0.0158628513980953 -0.861801746257158
0.336792072360483 -0.48184776743265 -0.338056364321336 0.00933641379454988 -0.61392787186388
0.26020259993546 0.14013543596143 -0.471609398436369 -0.0847812069858099 -0.448469978187289
0.492265162529796 0.493350411587051 0 0 0
0.281613923545136 0.514424636260433 -0.514632088328258 0 0
0.204774771076244 0.454588055149993 -0.574407624082479 0 0
0.0995644003369637 0.365107208884563 -0.467236556885747 0 0
1.09597674989759 -1.4073281758046 -0.481711869221562 -1.0009555477299 0.154903886848546
0.547988202768511 -1.31914645544619 0 -0.359882262266822 -0.138000418669195
0.551094112372454 -1.47863301456565 0 -0.412869419175821 -0.390714992947643
0.697981685482914 -1.63240339348359 0 -0.442060470828283 -0.621675141780423
0.854880479705418 -1.71165948514777 0 -0.313851209424549 -0.786417648657836
0.998383112528502 -1.69952445135334 0 -0.179315991361204 -0.68525953801734
0.774807443690732 -1.76916953605274 0.139120931761036 -0.126228558944948 -1.03104967672003
0.438960597279963 -1.61398551360302 0.0269562258221365 -0.142715243611293 -0.946291936228173
0.393719546359333 -1.02258753597655 -0.220704368111554 -0.179800528109536 -0.734237039840479
0.346602147454541 -0.409773558274666 -0.417893853682827 -0.25400568515127 -0.572118037892955
0.266993307148723 0.063551728684696 -0.494572610883544 -0.243050540366775 -0.440345511087603
0.495839822093758 0.135337445243159 -0.511050153256199 0 0
0.424316767699459 0.116477810918412 -0.542828099339638 0 0
0.338070872584136 0.110572420848804 -0.554997162315776 0 0
0.809601792475416 -1.53274234123221 -0.416544904308756 -1.11243148158795 0.035120797971462
0.401198230202499 -1.41510898402898 0 -0.438952300325919 -0.206943267295872
0.467598279528674 -1.6409229847446 0 -0.547963262421526 -0.421321614659358
0.603659725406384 -1.8287343611706 0 -0.54513917352035 -0.610586879535246
0.803540894296113 -1.95959558604034 0 -0.479104944728801 -0.741689520281101
0.945503047331522 -1.95203396082385 0 -0.3543549991388 -0.84039181840962
0.951049905882207 -1.9089919485532 0 -0.239674678891853 -0.915256831889363
0.516894259137722 -2.04362581941514 0.150197808220169 -0.254047466288449 -0.970064680830993
0.436156268540006 -1.50735328351808 -0.124461165951728 -0.309583095059648 -0.866486678019995
0.418807100159451 -1.01016706291164 -0.372165356574215 -0.344089706126753 -0.711277586520646
0.340499839407398 -0.601610298202087 -0.587060104350676 -0.214524660740819 -0.46017835350187
0.192767960829384 -0.297634213940008 -0.805890355033024 -0.0558956666653988 -0.217920571588129
0.650368394262488 -0.217532637601303 -0.435805821447707 0 0
0.554681877933861 -0.157047355225747 -0.432528689941944 0 0
0.2723697925098 -1.39589130914282 0 -0.510934641493825 -0.0285984614431119
0.241256777448983 -1.64451505361062 0 -0.674654103768498 -0.263135423439748
0.375745737856663 -1.85454110275406 0 -0.699757628030175 -0.438703114392643
0.503560043225494 -2.09827283057139 0 -0.732198754546364 -0.60911735335323
0.664826124425114 -2.21819784968964 0 -0.636665648463075 -0.703997526958571
0.84540436614109 -2.10740187603351 0 -0.390745768892116 -0.663290947017638
0.910487495160993 -1.83580130717425 0 0 -0.633614540017743
0.831606387527655 -2.09509618726869 0 -0.243218215009592 -0.834170017345751
0.490549320207669 -2.00741927627197 0.00708063437845316 -0.425884938340734 -1.06463474816971
0.531516295674981 -1.60721582401739 -0.322633747199744 -0.352639356096253 -0.773622485313386
0.48014016691226 -1.250555678663 -0.621654925943261 -0.151686575127127 -0.467615947421034
0.299538929758696 -0.914453071872377 -0.921975920976596 0.109787689093118 -0.151915430203703
0.123616973473404 -0.660001555466046 -1.16098110715878 0.202242869793615 0.0759395466449285
0.395051528622373 -0.379778406963457 -0.647776313709885 0 -0.157388740600282
0.0736530595684438 -1.74366912553888 0 -0.899860743608347 -0.115599961853492
0.092958802651349 -2.02305963324819 0 -1.03432048323092 -0.327373826180113
0.229217581469385 -2.29742306806835 0 -1.03673947814333 -0.484094274515971
0.349531831728042 -2.44950193516756 0 -0.941514747000803 -0.603746443481655
0.483290506613394 -2.48452212513537 0 -0.760462178450642 -0.678613369297777
0.531686359716666 -2.47264774314289 -0.179036919070874 -0.597781177698275 -0.803896418210906
0.702686033881357 -2.24147974990781 -0.526164922612203 -0.164418201913671 -0.495557889394117
1.00240336740135 -2.30743216809257 0 -0.282798586804961 -0.704182106899859
0.799166899803048 -2.41837701479856 0.0189978874793092 -0.376268842477281 -0.957146733297522
0.581374151498631 -2.15497467816925 -0.23696158023149 -0.371953879118156 -0.866531365788467
0.578766522668813 -1.84781797135154 -0.558864880754086 -0.176710894851944 -0.541168668518398
0.353475135260016 -1.49334474133277 -0.976828351068589 0.105640308806995 -0.177896229240093
0.19395512734764 -1.19319353675431 -1.2569857174243 0.264510856670777 0.122164361056056
0.10123880664065 -0.980836620198399 -1.49210838126292 0.391815891437734 0.485280203579294
