"(Intercept)" "X1" "X2" "X3" "X4"
2.08653532436716 -3.10527727207258 0.712608186858559 0.237796472505357 1.75465869634917
1.95443332285368 -2.86974422577073 0.568524756180349 0.30847205824773 1.33401446993903
1.68663601075387 -2.65494901057346 0.430720702030356 0.279729241816319 0.92743028595915
1.37585045014026 -2.35175695365968 0.31252074502918 0.205467024846108 0.52461741663865
0.968051392186474 -2.04480004787202 0.240026003801173 0.0511531417383324 0.166442712563019
0.313955668253819 -1.95135581283885 0.267549679376647 -0.243546563337183 0.0424473737245893
-0.621730024830999 -2.0780765146298 0.594496215221008 -0.498441226600446 0.236443490463047
-0.976072932073177 -2.0494616534656 0.852260562493965 -0.462890575602584 0.339573712557945
-1.18275995643309 -2.02953738859435 1.15094634157222 -0.374235362630459 0.542775154947578
-1.39878425985167 -1.96208788535863 1.39687565445289 -0.289983308362925 0.62699882521268
-1.61631421731579 -1.85824551238769 1.64482422100597 -0.204947653782566 0.697442982550838
-1.80489023860425 -1.67115414205066 1.8109183183621 -0.157918477126515 0.781021117556508
-1.89689279598724 -1.60005954081128 1.88089135974091 0.0535339812772646 0.79067080956546
-2.54141323888046 -0.751467791692754 1.28705836077248 0 0
2.02905993907348 -2.87441726598664 0.637559899693376 0.191451766749556 1.63315858457035
1.91990872022121 -2.61913151275481 0.470410478961819 0.295652429969479 1.21694091268326
1.73742253750115 -2.36333734734515 0.308495336982716 0.343249530931467 0.813747787545563
1.60149236109944 -2.03208989643427 0.151137953151265 0.389338223628706 0.417407504844158
1.35590544619491 -1.64586274862904 0.0321644682908272 0.358162321286294 0.0250237753178555
0.651380363719869 -1.45773639760315 0.0349667944272857 0.0841856264019979 -0.228529182670591
0.0934747586786309 -1.28148990275913 0.144561653579911 -0.0530349166478865 -0.266220823648253
-0.50229669929436 -1.30357489348544 0.475477007770474 -0.088323385919536 -0.103842012129185
-0.748399143704428 -1.34418548398875 0.718184158859718 -0.0312236351398931 0.0882856111788327
-1.00589622296551 -1.2967055613389 0.978024378455603 0.0320950363752118 0.192996901578135
-1.19790454450231 -1.24043709789369 1.18632926358133 0.0860340302829942 0.34154577874556
-1.41099553343647 -1.17105470872053 1.37596380944854 0.144160418743027 0.503142948499144
-1.83450902640008 -0.66610411553324 1.04797714334293 0 0
-2.0302532111028 -0.931142989545232 1.36113040509046 0 0.228763186599561
2.01123258798408 -2.62733273276642 0.592276768776166 0.153291452824279 1.51857480245541
1.88043753581411 -2.35446193483048 0.381061719656399 0.258248984219207 1.09328777960732
1.76604965274588 -2.06295825543114 0.187381809574812 0.377183579065394 0.697512695566936
1.62279337288881 -1.74743153123584 0.0155660637956569 0.463547034512846 0.288481927056521
1.48132309882383 -1.34629206671148 -0.141750437820436 0.530707439809378 -0.126049373706326
1.16689205067443 -0.980231587130518 -0.228122678270047 0.491698043706477 -0.487540683317271
0.636771844273459 -0.695087840623803 -0.173236733924752 0.333032234147191 -0.592821293487247
0.148108621334684 -0.524574975419339 0.0162542202965241 0.28318048342897 -0.532058054956356
-0.292567419684495 -0.6435008601988 0.27010346534382 0.289918396537648 -0.364285652524635
-0.603414746523734 -0.648262451337746 0.547275880158394 0.323224691698753 -0.226021926295592
-0.830887770330309 -0.65142761277183 0.770916042757664 0.335550074213635 0.0379823729626232
-1.07787040425939 -0.684159175815753 0.986972320329798 0.374446079281766 0.228431701949027
-1.68035378325979 -0.275658721395629 0.786836825126808 0 0
-1.93675000162438 -0.475359042916832 1.02190876675145 0 -0.0310424092726032
2.00227979663086 -2.37880523407089 0.546671117298466 0.131107931018467 1.40156095763648
1.87252217204873 -2.08335962062144 0.329737778961182 0.24446969404381 0.994988767396237
1.76336307366702 -1.77806942143459 0.0866575345467816 0.375062157243292 0.57718490968415
1.65347609210267 -1.46297384905444 -0.125397155964403 0.539154160060591 0.167532613816927
1.51414397109678 -1.06429462131671 -0.276219678867955 0.61939439158615 -0.228995653771872
1.4038269609661 -0.680562024124176 -0.429893818042466 0.677886326815782 -0.62386355222513
1.17594258132083 -0.223002795776657 -0.486294130807398 0.589299084524275 -0.885502435640926
0.728832868715897 -0.00636333445570001 -0.448183974819879 0.571758588286931 -0.849409025784292
0.245715100965613 -0.00266070891195976 -0.219055189359209 0.532226089583759 -0.759132760668968
-0.20286149252243 -0.0475610927425657 0.138793524732235 0.572065883811774 -0.592634594857696
-0.479625795292942 -0.129763739625284 0.349817300545835 0.543008056634223 -0.270117887732262
-0.764760862907259 -0.306422451952572 0.677479153993853 0.543866962186667 0.0857807173893579
-1.28848465430784 -0.337538941885855 0.857822639256036 0 0.20822251719102
-1.74166863002374 0 0 0 0
1.98175170099814 -2.1763569446755 0.5140296265376 0.0590097951806846 1.28803602431313
1.84894970926522 -1.8623175498409 0.291965760230332 0.171126917304645 0.867099176781066
1.71100717738996 -1.54341541160889 0.0381896392200767 0.303551126516859 0.431248271119701
1.64594407242942 -1.21694264442071 -0.198385318939966 0.499449216963505 0.0211354122888713
1.56270637388639 -0.850162933645268 -0.365455704657746 0.627339428589162 -0.343122901678282
1.4057572532754 -0.492374326034263 -0.530910079936954 0.647976573372562 -0.737240110427618
1.26199006040776 -0.0378860755038049 -0.661443621121133 0.613853307357779 -1.06359719396305
1.10495207379069 0.289860591585592 -0.736473096739209 0.626305179245622 -1.14091693140246
0.787396274685873 0.425222907173738 -0.641107384839121 0.700589045004571 -1.1056139474678
0.189540609147831 0.439890370090115 -0.301914822741629 0.686982192899117 -0.82762443945518
-0.186549965378768 0.27347997297986 0.0505309804760841 0.674650590191986 -0.491641194044925
-0.740168074628456 0.175765061382973 0.462388901073817 0 -0.0999666716769976
-0.992543277362994 0 0 0 0
-1.4224518543326 0 0 0 0
1.95839033038334 -2.00782142091213 0.456497048344396 -0.0545448037390635 1.20412221264299
1.80633818745334 -1.7105711664996 0.277788674831432 0.0571927933171125 0.724680554742281
1.62323000476262 -1.39077227659303 0.048197111064868 0.141193406107484 0.222768126522353
1.5643210691791 -1.08009329162061 -0.152004440181148 0.278518071752543 -0.19647100165966
1.46710783029929 -0.778664052823897 -0.311119158752407 0.359611939076015 -0.541751781640917
1.24969811770606 -0.439198236883958 -0.414764601966047 0.361779794269028 -0.917801357440331
0.917183498703184 0.0438912677148507 -0.46067405918105 0 -1.15841641046237
0.999521683675902 0.392640725799345 -0.726388820234306 0.328269924985115 -1.37158602107265
0.957424782772951 0.547959606795196 -0.708044456650323 0.520267106640503 -1.42138728879274
0.621231041862226 0.685973656006671 -0.575010000726241 0.5381394788661 -1.13287737620455
0.13643954739175 0 0 0 0
-0.130852139877395 0 0 0 -0.315377933284309
-0.704299923861217 0 0 0 0
-1.12402184618788 0 0 0 0
1.78538596076314 -1.85618580494553 0.380817275770724 -0.129441603901836 1.18334957209544
1.69565067053609 -1.62729268744614 0.207738260474795 -0.0426239060334579 0.593262586406293
1.53469993260099 -1.32046142340343 0.0298299610214785 0.0668266299252494 0.0771921595137395
1.43688898465644 -1.00303387084147 -0.155708138547698 0.155388558022656 -0.420860894620188
1.2802516175524 -0.681889287684181 -0.290104071676502 0.226993309579257 -0.828436348553412
0.773355154920942 -0.400766629348 -0.182775076720052 0 -1.0985290728591
0.690455298436886 -0.108763329340959 -0.425031584922442 0 -1.41416137447432
0.832961096926573 0.270501579426217 0 0 -1.38249445488955
0.661319043659249 0.465812683602876 0 0 -0.948929265197982
0.575891978189845 0.596417937107599 -0.419001698547867 0 -0.982124255344396
0.296283645426578 0.618248461519748 0 0 -0.604300491629521
0.06211909339382 0 0 0 -0.227127519688251
-0.456271905577774 0 0 0 0
-0.845143519599309 0 0 0 0
1.0262841683823 -1.15623141841618 0 0 0.654870356165908
1.20541667353347 -1.25477570146625 0 -0.162979785993079 0.357822022985198
1.24330780353616 -1.27015549964441 0.0175204486492382 -0.120494065052121 -0.137681161008469
1.19111277405841 -1.04561831445344 -0.0633524369800371 -0.000812902405855868 -0.676398496134546
1.08819477610212 -0.8515900381004 -0.07651680046783 0.169569679253578 -1.01581444312336
1.02914541343744 -0.620149933233636 -0.266217465169317 0.201848725133833 -1.20499648169534
0.644532528617216 -0.451140701229971 -0.358797923000083 0 -1.25908060110616
0.519188539690165 -0.22425118447736 -0.320164993589814 -0.166976434147312 -1.21500321805613
0.530528726795917 0.178412407621327 0 -0.262975419797688 -0.923993341287862
0.657815976473632 0.352473920177205 0 0 -0.724043624468017
0.579265216845098 0.547527563613031 0 0 -0.564732002303006
0.380003744618012 0.58759617797388 0 0 -0.291015175986531
-0.0564684241607093 0.348181307779452 0 -0.0726983010810295 -0.0256097685534228
-0.587415488605496 0 0 0 0
1.08825625523167 -1.28252510738156 0 -0.376439642874444 0.716594687086147
1.00292585874183 -1.20758589596963 0 -0.332520289217673 0.263626442212185
0.958086058382227 -1.10291100654841 0 -0.257229676153024 -0.216491617711231
1.03106801015963 -1.02051167203494 0 -0.0976398223656381 -0.678872181029187
1.19572928356824 -0.994524013899801 -0.102823055280105 0.08509819091088 -1.06686900907923
1.06119315766328 -1.02834570774635 -0.159066824989601 0.0700324122542887 -1.12749533687707
0.574389024881679 -0.994140075751949 0 0 -0.516999583030461
0.486606721119027 -0.660857189409532 -0.262868310427423 -0.135413907285173 -1.05865278439132
0.597929733892817 -0.257266150318965 -0.304938403000168 -0.198995144950642 -0.959715626635163
0.681219243740124 0.0934544671110757 -0.335804109659229 -0.293508193227908 -0.755065860959317
0.815076305184427 0.297829551565007 0 0 -0.43328178646223
0.743743442738372 0.463800425130096 0 0 -0.19873282872097
0.505915046512797 0.473664647644797 0 0 0.0854033603961773
-0.0636944776985378 0.133774751868658 0 0 0.236203401099841
0.416319595140098 -1.04001713420954 0 0 0.345416001810033
0.534319156853908 -1.01101118630364 0 0 -0.0594652102394979
0.785373476833879 -1.06663451602548 0 -0.230790508817194 -0.266830054164583
0.835480663766209 -1.2445221459708 0 -0.255438075992863 -0.630108563362143
1.09939181553582 -1.30772142168445 0 -0.204528059509952 -0.803672401763578
1.16444819303148 -1.24436888746859 -0.167528713455334 -0.147683290129604 -0.968671932452985
0.954322305719983 -1.25038049601609 -0.191534426075563 -0.0793949113779992 -1.02929310328532
0.579044808824404 -1.10316321568973 0 0 -0.666854192477921
0.672292904582029 -0.685150230732698 -0.23204173688716 -0.177997003244989 -0.810354275510691
0.681431355731924 -0.26160235242169 -0.282186036323568 -0.371349161200895 -0.648428634048257
0.921123856475624 -0.0349653448537895 0 0 -0.308321560788999
0.953389832522023 0.228996256999868 0 0 -0.0627769723077372
0.864492057852861 0.374416396106124 0 0 0.176056669862341
0.555544422417048 0.327414726860251 0 0 0.419092257869944
0.212475807963247 -0.970172692221669 0 0 0.234317880186648
0.639147151497972 -0.971104518593247 0.0417212729194924 -0.254710416121106 0.0963583170620151
0.810815638987476 -1.1491450128012 0.0599688909288964 -0.321093615058166 -0.310383210411749
0.885265770575774 -1.43767715549289 0.0865284108092959 -0.323161283342092 -0.548233225649767
0.822211077839855 -1.61500147059347 0 0 -0.586552521416689
1.14315215416138 -1.51770275215435 0 -0.352679197579718 -0.739260507890793
1.15833173819092 -1.3757337649636 0 -0.279076372550043 -0.753719358771651
0.910904193539236 -1.34433803566547 0 0 -0.542255447982977
0.892520838050728 -1.15515457275173 0 0 -0.479759438170364
0.949923094783978 -0.704593496410233 0 -0.189479056518181 -0.401684018324799
1.006252692958 -0.334647867329026 0 -0.23919437564371 -0.219089411881054
1.08914371054194 -0.0836554331153846 0 0 0.0286886804188958
1.04566687957875 0.122193433955236 0 0 0.235625980630802
0.904947018198116 0.244102939386736 0 0 0.537590718008757
0.559257396921566 -0.828467871014174 -0.133314528165761 -0.314096655068708 0.436606867288303
0.709719318937264 -0.981507024772506 -0.121324122846836 -0.320662526881601 0.0433260164406148
0.835701012382186 -1.22863787379416 -0.0947052730606676 -0.298662912235325 -0.252736056296988
0.753805153279025 -1.58507316882216 0.0271365106501574 0 -0.423201758703164
0.982747526681716 -1.74420551585648 0.0436591285105305 0 -0.473598701809121
1.14041117175053 -1.63642240829514 0 0 -0.544965556287232
1.21188374770556 -1.62190113268992 0 0 -0.536117097968896
1.17342800221562 -1.43903693163849 0 0 -0.504228834571004
1.12679295260643 -1.31559902379199 0 0 -0.475171700967278
1.12559646282933 -1.18099284212403 0 0 -0.283250188979804
1.19101185889177 -0.757466043212672 0 -0.164269812365382 -0.120088109324198
1.19609132942527 -0.46661597315096 0 0 0.00660840054339547
1.24734277597868 -0.166514331816799 0 0 0.343791654675191
1.18237093175242 0.0265735246133479 0 0 0.578823876170887
0.098893132759094 -0.979220409218033 0 0 0.0976963485060984
0.381700982720425 -1.11201847481896 -0.0287704002213109 0 0.00783621550091639
0.63854677519706 -1.33965179580883 -0.150423924654966 0 -0.187730535869987
1.02980153562781 -1.49446644088585 -0.310258114464915 -0.190063152206732 -0.31838490425245
1.15992412365558 -1.6498896964371 -0.25194856350397 -0.242824146397544 -0.299088673764296
1.06097743127607 -1.69472174601827 -0.0363861121366487 -0.133359354719576 -0.305763130278507
1.09747552218718 -1.65548834158175 0 -0.197453384926706 -0.377284078004515
1.10471376174756 -1.53103691549861 0 -0.186816601952505 -0.298095775529721
1.10323603281434 -1.35501009476321 0 0 -0.374240262954376
1.16435054019482 -1.30017418667985 0 0 -0.286632107469215
1.26988260080533 -1.09272466672698 0 0 -0.0463354361730348
1.35917952944157 -0.820312674775277 0 0 0.166539145582128
1.39288178160419 -0.51003764563958 0 0 0.340719033145945
1.36808930575647 -0.267156794522946 0 0 0.545929570570003
0.694757995273404 -0.862392548744655 -0.446326102121414 -0.431145060241078 0.350081502270087
0.394784240518805 -1.14324750066035 -0.253303279156619 0 0.00805197464610945
0.974231445915621 -1.22504143839993 -0.562491243443382 -0.113871285731316 -0.114640985403462
1.00901756735479 -1.46387138401104 -0.508175889497716 -0.163561467282578 -0.141569430991412
0.907971757769646 -1.62648078635981 -0.363695432764747 -0.0665017654046861 -0.0782788463818043
0.699749425155347 -1.74870275419181 -0.228230820223459 0.133241569270208 0.0209839958263718
0.821817905599015 -1.73436503876345 0 -0.0245612969590409 0.00516772061686983
0.945994464253142 -1.59083834364304 0 -0.0805279808287696 -0.0242490443879239
1.04680685871269 -1.54661590713093 0 -0.0753323643117582 -0.022030447498943
1.03852112729511 -1.31010331203011 0 0 -0.292209449176429
1.14126453265834 -1.30475212195306 0 0 -0.234867953061299
1.26397744949509 -1.10018084483455 0 0 0.0968209630438563
1.34487556171402 -0.86898803745886 0 0 0.326229471310909
1.349264732856 -0.644681669511176 0 0 0.409079209998231
