"(Intercept)" "X1" "X2" "X3" "X4"
2.40582859906637 -2.5869660204071 0 0 1.79286287919643
2.00637835243986 -2.53673780688499 0 0 1.35861427910319
1.68636161081511 -2.34504530474213 0 0 0.568825095335545
0.693752108786058 -2.50157889592209 0.0669375594413013 -0.444804806970367 0.29563938458808
0.269063394088152 -2.25896227247243 0.200777193533217 -0.557297285829929 0.0181753723222616
0.129830598442174 -1.90727794365566 0.328960642375516 -0.505065445331962 -0.0578713104563149
0.0935616635992816 -1.51494631326461 0.487561169808196 -0.437976944719121 -0.160776634115726
-0.0265284798756664 -1.65528399776964 0.75975211974556 -0.145395698664034 0.525924838061834
-0.256372628962015 -1.6130129576434 0.934038321197648 -0.147201308772254 0.615863198547186
-0.411846643905937 -1.24495357671674 1.04474976486832 0 0.0892526942875033
-0.725159521289424 -1.24736390971516 1.45702382250261 0 0.0694334497900569
-0.871189690020843 -1.18431786845069 1.74346595193017 0 -0.163484952436717
-1.41645973384406 -1.26302755571658 2.42373565180102 -0.116525615602472 -0.156494584248277
-1.37490648255519 -1.36147130858067 2.28716226192448 0 0
2.31585763911598 -2.32992878129704 0 0 1.67279828271489
1.97093969448871 -2.18024868638452 0 0 1.23092893072377
1.66305665566894 -1.95605884918304 0 0 0.670652215227006
1.28289010889886 -1.91462648896524 -0.244133822881814 0 -0.25688056188817
0.375629083944597 -1.83472735949618 -0.0412808077853143 -0.351250786774429 -0.233111447982889
0.243650431383385 -1.4508611838363 0.0617177367840383 -0.293379264769138 -0.325377094860439
0.280331044399909 -1.08803678232737 0.247726541637608 -0.147888309706915 -0.394520327757344
0.211265811864397 -0.801500807501598 0.208820974750068 -0.026573032334404 -0.210864857574918
-0.0608463943728108 -0.838651436597846 0.417122085419759 0.0774984276487469 0.0345266784715565
-0.294219799239393 -0.617330143962025 0.58489479552441 0 -0.0368727976366057
-0.618371537204164 -0.909342282884908 1.11660307609725 0.370906756802551 0.0625275138634383
-0.999694762130348 -0.744274050541506 1.63492205471502 0.0820951669839893 -0.13350690791708
-1.06919256980242 -0.801890815526919 1.58734137574813 0 0
-1.34933593745648 -1.08529727954864 1.93510886713123 0 0
2.34511483301803 -1.92294731204041 0 0 1.58462646436216
1.90543419215914 -1.88668094595574 0 0 1.0877514965334
1.62006576568928 -1.60339846403732 0 0 0.552802045216675
0.8855889392645 -1.63421726092826 -0.298955493202748 -0.16990995901382 0.123658853718493
0.499023504838493 -1.40962150031001 -0.314429358363086 -0.118124642457272 -0.454170779092495
0.378064748795626 -1.01292112143286 -0.226819151766765 -0.0396232480925603 -0.57654399698155
0.4611429680897 -0.658885731772812 -0.0647320902407206 0.18348599302808 -0.637633641423776
0.366243400528303 -0.351219563831569 -0.111059250482141 0.278474844127834 -0.554083727580473
0.200518217394397 -0.00729681906666175 -0.0737490813264257 0.207652126662698 -0.551347723486154
0.0265612069924761 -0.258939143959935 0.151762069510551 0.412639844971421 -0.244889009744568
-0.350514168297527 -0.194099695534878 0.648120105530234 0.252179119273328 -0.284823154439756
-0.78335900289713 -0.0987261146407835 1.18993011350641 -0.0178710059468947 -0.373810534441608
-1.01086581797245 -0.420205663557077 1.14748802770269 0 0
-1.4462677434824 -0.776845016800776 1.43710928474989 0 0
2.71418694459436 -1.03877249621388 0 0 1.56314144765026
1.95808851154408 -1.39391935700936 0 0 0.910855849150682
1.58778809667495 -1.21268012267555 0 0 0.360533480163961
1.0249392632191 -1.20422682823635 -0.39507108608997 -0.024761927407146 -0.0541775718287765
0.644998783193177 -0.978966229345658 -0.568260587703732 0.0873006604799573 -0.559821477663081
0.509050817398901 -0.563772086788867 -0.555073731728429 0.208604158256172 -0.801445678508412
0.636113513351977 -0.179510085207317 -0.479849771322787 0.485173511980635 -0.857729034806093
0.570683568266578 0.0732693790733181 -0.416260021455292 0.582651542123223 -0.824279218727923
0.37664165060992 0.452657257956535 -0.45122274792186 0.511681147693744 -0.712596848867154
0.196575260191087 0.665906990757452 -0.231298386169404 0.305567055462064 -0.674274563812135
-0.152456963835098 0.539849503265902 0.230950255700981 0.191651866489152 -0.540183292461884
-0.679754542655513 0.44819132448608 0.717398594287917 -0.045922435158303 -0.467980756940471
-1.00568541046271 -0.0699156101383699 0.678488611823487 0 0
-1.89752634608678 -0.600836603113821 1.53844255675252 -0.593682200206322 -0.105188253195144
2.0621209534595 -1.56280814764289 0.00268021232749233 0.0614582642779863 1.44817060991209
1.39303560911505 -1.3759409075087 -0.218226159044846 -0.0548222750302271 0.684294224738319
1.01178568674576 -1.2078168686045 -0.369926382544717 -0.0230561364328911 -0.00221258347758177
1.02680757432053 -0.774464007470329 -0.437049097021892 0.0988602139671479 -0.280822743966518
0.916622370003327 -0.638491228543332 -0.733141295950129 0.375993706269997 -0.701342877909948
0.466349401438284 -0.153260712856296 -0.804080730967296 0.245714824098915 -0.911175723939607
0.548107064104213 0.209521371804634 -0.838167579476901 0.257250553353852 -0.833400722918446
0.742731657076406 0.433396339838568 -0.77962240435568 0.428613175041339 -0.853643453856523
0.729771646196221 0.783999003985047 -0.581735188815499 0.333746978556842 -0.799849247624141
0.283568070537238 1.21728885327148 -0.317262297177921 0.22601535065765 -0.681922026428365
0.0183654959015111 1.46351956947499 -0.168414354988386 0.270964500238691 -0.639541901727045
-0.54016972980814 0.891331999241604 0.151257485603219 0.118428931496954 -0.367646808199246
-1.25438043329433 -0.0191276206860373 0.743113556909362 -0.325179472325643 -0.172712366520101
-1.7959824948407 -0.77394959397337 1.06497733985779 -0.696655103210576 -0.00548510335713097
2.12766986738481 -1.45490664452093 0.235770672464968 0.294656906804386 1.44409673844944
1.49253289184262 -1.21315952411756 -0.0651367133393524 0.213282374964035 0.81362325881409
0.911926438038751 -1.04680893844118 -0.480546927758566 0.191610829870796 0.10054257974456
0.857110263555333 -0.631769538981419 -0.598945425058293 0.266044498468876 -0.477351776066152
0.773204606672449 -0.363249700491951 -0.747196279635567 0.566628703242768 -0.777067255507419
0.277738120018102 -0.149977294059942 -0.328888890333245 0 -0.797860815399861
0.564202669157576 0.208103987700387 -0.940578067765737 0.366146471395982 -0.957887199854972
0.609816037023992 0.530618875182057 -0.734811046020381 0.108162353401153 -0.9459080045859
0.797430014774299 0.934131490491001 -0.365931285928368 0.056631321159759 -0.810081757816171
0.601371083377691 1.34697188829009 -0.138555333155097 -0.0721839561131549 -0.782768463531982
0.0253528078599521 1.10088498964532 0 0 -0.370740616708486
-0.404436521260253 1.0544145725892 0.0773437231141613 0.260200886060018 -0.391430027153776
-1.22545088323881 -0.076059403160387 0.370940426923972 -0.265021033792771 0
-1.6077512389154 -1.17625189103746 0.453010681705748 -0.450533869306776 0
2.03976153944396 -1.31618162743002 0.430219947858745 0.420681326923513 1.3654121465447
1.73990190106567 -0.977000259990968 -0.00992784786968854 0.577128241412651 1.03846812299258
0.965804618452096 -0.920030740022804 -0.355399730344301 0.45593488861094 0.217795178645014
0.588028558926063 -0.642550742909371 -0.263391102793048 0.121063043026329 -0.410296156983349
0.597217492632906 -0.416016768321837 -0.313929333366548 0.307323397992166 -0.971421608791204
0.0827046143152879 -0.321203119981363 -0.423377822654866 0 -1.022245303035
0.147533046210724 0.0813328527282119 -0.462878585695982 0 -0.923330873703447
0.29962880880903 0.370398372100891 -0.332670809766013 0.0129188482280015 -0.957134634877368
0.63922811509489 0.826939326778784 -0.0797253996026118 0 -0.87383467802647
1.0463941800273 1.30070547082321 -0.215528251721417 -0.431640622641375 -0.726109678331639
-0.130124323631253 1.01345252163239 0 0 0
-0.215449904007642 0.919933197917932 0 0 0
-0.51989590033596 0.0320919174656024 0 0 0
-0.588320258496111 -0.405388259425681 0 0 0
1.74744482900385 -0.815815027645728 -0.0941515083444472 0 1.14615074781051
1.34017239365652 -1.15853022285424 0.219263628922435 0.357115510664064 0.560405903447267
0.814582194825863 -0.845556746413097 0.0313032928256708 0.403755462850956 -0.034897420359213
0.520904489141794 -0.873277824436125 -0.236795115161505 0.479823513058949 -0.743859498594304
0.33166100059877 -0.994873398667919 0 0 -1.0852690164513
0.48452535383207 -0.813128880983715 -0.103111767017729 0 -1.05618734686286
1.01100570602212 -0.36994931410549 -0.0914580314101261 0.198420396025572 -1.02826690878921
0.399419737934586 0.000564739332706114 0.0657338622613496 0 -0.584394412742737
-0.228877095917704 0.770277022622176 0 0 0
-0.0740324709721923 1.55092307903839 0 0 0
0.276528802135808 1.56656666470493 -0.252128806886651 0.0247965986301019 0.0959762167584839
0.155030400361122 1.05893485630396 -0.349099987438624 0.298778669930126 0.0075784377027635
-0.211165916742955 0.465956543215606 0 0 0
-0.318043695874238 0.00610049936296617 0 0 0
1.27059418007711 -0.772753195602863 -0.165519747389065 0 0.915237804968341
0.618098788037631 -0.571060829090306 0 0.508292952232226 0.47255953096012
0.465152815296043 -0.950510287387528 0 0.288057231867018 -0.29881155849147
0.511720003518567 -1.3923430117024 0.114819557056298 0.186547566155109 -0.986592270666443
0.776885004861974 -1.57163194550986 0.561209982307138 0.0739147091087942 -1.24876060677973
0.652886539134853 -1.23397748187864 0.024635391881485 0 -1.03555059228936
0.766605448830348 -0.516455390075739 -0.285005545408084 0.0379385850495393 -0.950809240666375
0.39841118941989 -0.348097782000566 0.0787236130753658 -0.00387959782220078 -0.489470945646497
-0.196991637786373 0.171580949610611 0 0 0
-0.0399911197338077 1.01535478523614 0 0 0
0.300600421455392 1.33128591959255 0 -0.319690165752318 -0.203760732486792
0.459229153286002 1.75817219454509 -0.854600487906874 0.742524809523248 -0.194720962960207
0.422982413941142 0.949747613964251 -1.03918355933368 0.617643127808298 -0.167074709755907
0.347455950704352 0.275334982229078 -1.03214498166257 -0.247903481386667 -0.281284277196273
0.497201435225635 -0.408521993359989 0 0.321084502445868 0.815994704139735
0.446613805759035 -0.741713224212013 0 0.189820497840246 0.266652421970465
0.379290820847612 -1.14760691047963 0 0.062464792568923 -0.351867630719223
0.582194599347434 -1.55404214553409 0 0.0522384212093316 -0.769717015333701
0.883404189475358 -1.71564666685714 0 -0.066297363993435 -1.12648323504595
1.05502602177155 -1.62654678714611 -0.0163470257445366 -0.0807930442116663 -1.15889790954843
0.736140297720534 -1.47680954223786 0 0 -0.864280487658807
0.467898548877644 -0.966977543144577 0.290576662881681 -0.290328573683712 -0.753270572742899
0.475631962650483 -0.457471542415828 0.229860517543238 0 -0.446850559941112
0.408778071105009 0.343524028452774 0 0 -0.440640525731167
0.347168245257826 0.628199982586157 -0.230747532632276 -0.53184518362179 -0.583391720936481
0.450200023143728 0.740873166195033 -0.650470773472894 0.48193965068851 -0.387778375503178
0.404547976286457 0.266524094026663 -0.999904196275292 0.36570873489155 0.0374680518416999
0.29775689155725 -0.157195300596699 -0.68104581552766 0 0
0.55053195793411 -0.424531380563175 0 0.0286001162352622 0.755598097522666
0.469993817787502 -0.89339610737025 0 -0.155564598127167 0.174247181284496
0.326033738949132 -1.33410510694586 0 0 -0.283799906805927
0.63179695456572 -1.81229967813154 0 -0.16617401735073 -0.600425901536946
1.02475479418085 -1.98665339973632 0 -0.29949558073093 -0.914915403002229
0.942802981017102 -2.44061954794553 0.414356839608418 0 -0.875598929902605
1.21377147732443 -2.13361911750989 0.600727026388213 -0.12719464729103 -1.10504475140312
0.810818139512291 -1.72385913424158 0.55779934035073 -0.372659722435922 -0.957744455614404
0.370426457555983 -0.933658710408401 0.257042348321308 -0.496496570219172 -0.813807918185972
-0.102785995997272 -0.266242075354095 0.0744231688783086 -0.617290963006949 -0.710360588534096
0.392770419344246 -0.200928953746597 0 -0.184108673162711 -0.67334828188591
0.109791829382192 0.0758600284603285 -0.640368840341715 0 -0.428651019121591
0.442190367308794 -0.490340134392587 -1.09502352813288 0 0
0.623645776660484 -0.811971313136627 -1.30437654621935 0 0
1.23976820106748 -0.669458713241191 0.662509266681198 -0.602327514383828 1.50279459845591
0.342226657659619 -0.994556944557776 0 0 0.0336483366635212
0.379158402644926 -1.4505709176488 0 0 -0.219300156217217
0.874192615638279 -1.92904103089495 0 -0.55260074737663 -0.489446267175261
1.10147664343734 -2.1122488178254 -0.112138058517378 -0.335441080369336 -0.714379741839997
1.29619643815912 -2.05575211855507 -0.0425688792605223 0 -0.859413269322772
1.12258335243219 -2.36648752367652 0.282986650020281 0.0241639573450547 -0.726424999349096
0.776725448971171 -2.08275201680137 0.278989750467344 -0.157749927456587 -0.724961007402196
0.327638516593678 -1.44897826140039 0.211229464193026 -0.573746445034611 -1.02042334759086
0.261556470891179 -1.07453967213475 0.0414615892656459 -0.323044268738657 -0.849447309878258
0.708100724477819 -0.927457338651755 -0.40748691343202 -0.0765882071103502 -0.506433577367313
0.547254731282486 -0.840130109382482 -0.775691302243251 0 -0.137701172927001
0.542830123377581 -1.06647243581787 -1.32876456126156 0 0
0.752991892693881 -1.43528377282015 -1.82719483470467 0 0
0.553379695023811 -0.754333062955302 0 -0.185514390305343 0.398824828032106
0.604071112529707 -1.11178736037943 0 -0.183208892481746 0.151118729806793
0.686772745881794 -1.51840482530008 0 -0.355487152581593 -0.130354102826675
0.964059914169069 -1.83796198219998 -0.340212909912629 -0.569746669614621 -0.303204334841677
1.12556218131079 -2.0088053348177 -0.345286399125609 -0.4558608477005 -0.427591100394212
1.11532935988913 -1.87287474221215 -0.386960866673553 0 -0.542145525523661
1.15332331113035 -2.32451880094245 -0.061107656116881 0 -0.505996631006779
0.615511321028903 -2.29525342006836 -0.0747073135792639 0.0832586989023559 -0.415251085652999
0.592112006142339 -1.93608925845293 -0.0606645476512698 -0.164771974674663 -0.653665240356877
0.597911956699768 -1.68406357450137 -0.146595719469411 -0.148195925670375 -0.847796082157365
0.625560292740327 -1.47705880552986 -0.536597742101088 -0.0259156265895627 -0.602467281375027
0.736208978722631 -1.45189887011759 -0.849561608587819 0 -0.175520735720022
0.621924157189447 -1.61734448413842 -1.53409850437981 0 0.00524605112709959
0.816406649160426 -1.89780733894976 -2.09504127514826 0 0
0.654727637662314 -1.10115012840602 0 -0.523312996313304 0.414874275028179
1.22936649697046 -1.78334323535697 0.779724913206519 -1.28524922720156 0.930199841141986
0.546228351250168 -1.62886904283464 0 -0.393744737677271 -0.163706346200762
1.04006834805905 -1.81555644130504 -0.549672856828463 -0.778396931897233 -0.0801358187335116
0.974085157311353 -1.88207207635314 -0.665291113031062 -0.51853115452245 -0.156258020477272
0.85244339742301 -1.71125368155431 -0.595979234711836 0 -0.242813979944593
0.692064074353668 -2.27594573267634 -0.572675867823418 0.42513763190329 0.269317291349122
0.743149620400399 -2.57637049306716 -0.331227641310697 0.336863431780339 -0.103049298677243
0.706728617996487 -2.36207626595036 -0.32381908204832 0.178414963469799 -0.464308033596207
0.719953533939764 -2.15556911862769 -0.401412769848683 0.160261044364137 -0.643232449595269
0.581859059086729 -2.00982847056056 -0.719996814591211 0.179700479840909 -0.677385813293769
0.331363910425949 -1.88885807106433 -1.26494038545162 0.190665674096295 -0.426889367711533
0.522482935560041 -1.84965600909581 -1.48513153534141 0 -0.110845945607262
0.666537049748149 -2.24622227458124 -2.23403274640626 0 0.0761548545014584
