"(Intercept)" "X1" "X2" "X3" "X4"
1.07631389464626 -4.01794763158945 0.760285940513893 0.102001170707395 1.36706315357197
1.0833844963783 -3.6277576855883 0.556739547425479 0.177433712870469 1.04087080576295
1.07518266625266 -3.22031501966194 0.404228945847374 0.230362370843089 0.722394395935183
0.965416069275593 -2.81373027594652 0.380744825743894 0.191844212183708 0.44809019101566
1.22190249832835 -2.31435291627044 0.24526470946787 0.27231850478843 0.44820042475408
0.439861273923217 -2.14449919673657 0.297145108488755 -0.147437884662837 0.313408011878859
-0.245327323488247 -1.82015889296629 0.53115404767791 -0.480187438685218 0.242340330041771
-1.12127670053655 -1.83277658597439 0.924914244882347 -0.687575736024426 0.448087849847452
-1.38019111100227 -1.89668249046807 1.19281918601953 -0.545527367686704 0.58504951436285
-1.52999845117144 -1.951935148716 1.48888544505348 -0.293087838071988 0.777025730686645
-1.65115449070161 -1.94095875295807 1.74131677007975 0.0299700356475998 0.836428582751599
-1.82071576500776 -1.92234823168 1.99443393387255 0.298010711880207 0.895142033455938
-2.05781762573357 -1.52681025258568 1.44450123264112 0 0
-2.57644094516777 -1.38804570938423 1.65716471609826 0 0
1.26711487472976 -3.57383158518918 0.627380460698786 0.187545840789899 1.28842258091434
1.14284060720478 -3.27055193826534 0.433691041430462 0.228931205071905 0.930755028569072
1.1241933868207 -2.81454187626139 0.274871718646077 0.281449474192466 0.595128863661423
0.880179401574266 -2.40326281213968 0.152866228993713 0.238287742940245 0.198957248655341
1.05853354915473 -1.85204704857475 0.0439881416396591 0.317201957829303 0.0780663575867209
0.95678229771717 -1.44983053756561 0.000843939770926422 0.31522861391325 -0.137377309369218
0.0597934116065397 -1.21914755339662 0.255432898862605 -0.0893872506011979 -0.14335235873981
-0.548361183033557 -1.07577273683209 0.433198595427945 -0.195546997303657 -0.131565511394577
-1.00271287654489 -1.16183839335687 0.755254867247451 -0.147473837995568 0.00122086910402595
-1.16000210848225 -1.23649774570556 1.06236434401442 0.0201373964748505 0.193494353630654
-1.27081067835005 -1.26596407696258 1.31604513010354 0.297241023467414 0.314474437231992
-1.46538539314684 -1.28044064688436 1.58803868701288 0.544755319377173 0.522367623082628
-1.90085048507549 -0.899463731943802 1.07008646534921 0 0
-2.57205709060184 -0.70706564780477 1.33975059110759 0 0
1.521361202573 -3.09115378510155 0.548103800850731 0.219276891448955 1.20057661061031
1.280360818976 -2.8479074624933 0.361365606441661 0.248820806705958 0.876374005569471
1.3036630385819 -2.37352104710102 0.185137142221716 0.314948773289353 0.528032392564737
1.08288104937593 -1.9319528551705 -0.0459841701247525 0.365702271349539 0.0518128735376751
1.09383915135149 -1.44502791602694 -0.225315071963752 0.464584254675847 -0.21829733747031
0.958265933487961 -1.01773227183192 -0.235081326886222 0.504038882153407 -0.438748759595468
0.514791366868303 -0.716420291348758 -0.10179486388091 0.469592553838849 -0.548852090378236
0.0197617748542869 -0.511268723897484 0.00679297367257235 0.321621097198294 -0.616170686842301
-0.455819478284731 -0.336075565920123 0.209346643059337 0.241137308461122 -0.665408930534308
-0.704327270941893 -0.585241280950171 0.628863166352127 0.339795718359345 -0.36778965673386
-0.898753569426393 -0.634719986754324 0.90581233982255 0.501075263459374 -0.173593257964476
-1.17285949238691 -0.583926486805342 1.14181210501081 0.616338581927862 0.108550956972964
-1.49543331893606 -0.507269609635282 1.3499293085598 0.715930319311053 0.381016298535111
-1.83513389420038 -0.632123154458791 1.6505615243944 0.888737541525237 0.693696837641543
1.64886261957271 -2.70308468283798 0.522062330604539 0.160211405483248 1.10548370683591
1.53220641715077 -2.34938032018421 0.317165539390214 0.254973688657226 0.810922390904611
1.48120016307298 -1.94710554851244 0.0878542233341552 0.360493677429356 0.477966161167992
1.44222437418425 -1.50299318571536 -0.19551081169981 0.511719820679279 0.0690678287977197
1.28530332960475 -1.10797294198021 -0.448712716525563 0.698439503881167 -0.441239990840732
1.01451467728265 -0.588038701564041 -0.497824505581789 0.754339084743238 -0.682635949916811
0.798492421718192 -0.268616814540207 -0.471646551398391 0.928446307733704 -0.904073726577482
0.715659632407101 0.0530572410607418 -0.445579631079789 0.651835746687025 -1.04631313518748
0.233955236622927 0.253067866092184 -0.270400572074903 0.58738508641567 -1.10382251002454
-0.336719894272538 0.0706170284213007 0.267282468659183 0.528927726712049 -0.894386547729943
-0.667210357512356 0.102271117965149 0.570217052495234 0.579088345028761 -0.666025202519734
-0.921546445233341 0.150055836553762 0.707209055226927 0.659061536787173 -0.238494075974936
-1.25527042499301 0.0888268690969701 0.996457675624242 0.908511731707873 0.149556660132766
-1.61306604786901 -0.367031531412954 1.31566780310144 0.973738421835674 0.765617072536645
1.70375503727122 -2.43637140869301 0.552327976674714 0.135133236850428 1.04626430553402
1.62562513430766 -2.01902170136829 0.250772271466283 0.193106223472924 0.711777697178671
1.5541917760983 -1.57937551399746 -0.0232179329217992 0.349245378861431 0.372309499951425
1.51132518924438 -1.12538514991501 -0.232023120638375 0.528761884833659 -0.00864513944389115
1.41878327941584 -0.853327353780771 -0.531899539519927 0.748525040576641 -0.447887466021673
1.09697131836239 -0.286853479219825 -0.68019737984291 0.809874075774269 -0.824872495344913
1.12513229019879 0.1018255340431 -0.779575872662927 0.837137521693622 -1.10460379261628
1.12977225776313 0.325228016237112 -0.875760362967781 0.697303587043209 -1.29949009978774
0.899508983273497 0.627234504571374 -0.736094471273633 0.575575111750534 -1.41260600365096
0.162923436765199 0.882903985763833 -0.327731640269579 0.514474300558693 -1.33448106188222
-0.281899818292379 0.761060478910806 0.100072907237809 0.701274307617046 -0.954406482627221
-0.541407763653898 0.609348503398071 0.416929424840805 0.884020061785732 -0.480706496179067
-0.940615622297437 0.195568031425279 0.798740842147428 0.802713521555215 0.221247844111959
-1.38372329652935 -0.216556499867598 1.1094327999872 0.803085282093596 0.952586801821757
1.72169933449051 -2.22994819702762 0.536076426966068 0.0558875223051214 1.00831591736705
1.58052832015211 -1.81052508470065 0.188853601984586 0.147890509293212 0.610107372471482
1.49967318878309 -1.38327795276517 -0.12196125374416 0.275267724656077 0.205237123924814
1.38302429598908 -0.999488749285008 -0.292470821219672 0.418833614876053 -0.20646793498948
1.16878996949177 -0.69392059093666 -0.526762295806959 0.601456593839307 -0.706768343816212
0.579318642102096 -0.0966957575164098 -0.329672246518278 0.410125343169062 -0.968994115635687
0.752011861495026 0.262430091461766 -0.712137753639284 0.466621491871889 -1.36318891939397
0.893059402223107 0.538366288616635 -0.79900707940413 0.575541025334994 -1.37451725776478
0.71542742559107 0.849673678299399 -0.676666645559829 0.372227015289585 -1.17171073660371
0.615439796623304 1.09985282456084 -0.63934164910947 0.66332729073037 -1.34706648764118
0.12378865551761 0.844613848181011 0 0 -0.6241701055014
-0.153953606723181 0.696917865947198 0 0 -0.386277536120023
-0.736389634599369 0.250908154854397 0.660463832144244 0.515393551661611 0.31573743337382
-1.41419587130202 -0.21990006944451 0.991690180966519 0.434523150225843 1.13393853342514
1.47083620148876 -1.65518641501665 0.282788342617685 0 0.830320248522219
1.40792981930746 -1.54890182268016 0.247504188549085 0 0.495276205728546
1.61720608656962 -1.27844305344675 0.0554864389546543 0.157645681413661 0.324436852058008
1.08140646998925 -0.876730270558799 -0.206701252175922 0.170636793639187 -0.363514573312463
0.935102416750663 -0.500385708739248 -0.252646320219206 0.356345093411469 -0.95110055045708
0.137465647503645 -0.494188104560169 0 0 -0.698309648015989
0.696157138398561 0.0749793639387721 -0.418486077156322 0.303566516051107 -1.40440881203705
0.706526361147696 0.437315392681352 0 0 -1.34397312170818
0.781308775871557 0.746445018609185 0 0.121672373331588 -1.18828966465961
0.690123669546727 0.926991039207111 -0.775597046915774 0.067996579189212 -0.897340779367259
0.412935001624552 0.89491097876027 -0.310217828917096 0 -0.745683427294017
0.105706941691224 0.722110358444048 0 0 -0.355050626643151
-0.270184034186508 0.352099504564783 0 -0.0159940925041028 0.109565766968524
-0.815773151081107 0 0 0 0.41873371777426
1.19205491960742 -1.18325197052153 0 0 0.734957354816639
1.58865739826007 -1.455660364189 0.21541913950297 0.0442038690636298 0.572228035734282
1.10277856423456 -1.31672336227985 0.0859898319250584 0.0704887580429172 -0.0992105681087752
0.578001101911332 -1.09581090583566 -0.0505590713425594 0.157947687647238 -0.732146152409168
1.02743186670818 -0.775880492107934 -0.130768750045987 0.299598718961591 -1.14702948156084
1.09850429142221 -0.758946619879252 -0.163735519709643 0.342756648337525 -1.32852907530335
0.535056695218243 -0.571059160970837 -0.260899904229305 0.254569273187753 -1.06597154795324
0.675024769851864 -0.0204942250638258 -0.232626294835911 0 -1.13506129485174
0.830570699247511 0.150405003893553 -0.213066868823541 0.0541880738334193 -0.971216580296063
0.672057640572671 0.581571386496612 -0.228715715650609 -0.209764049864388 -0.66258890869287
0.705092043731621 0.833054536138465 -0.467894191839084 -0.290273656462506 -0.683695329666517
0.56483829358603 0.829993422517403 -0.427959805115735 0 -0.45049115270057
0.110207405979849 0.539125176246038 0 0 -0.0330775717965355
-0.391549637288929 0.381234470483152 0 -0.0725137755592464 0.446566269777257
0.992855714551763 -1.1587379681954 0 -0.173640109103464 0.802082795467613
0.863109735966186 -1.10111847384921 0 -0.152984277478585 0.235580496818346
0.827873408495479 -1.07889774021803 0 -0.0522294644693245 -0.336373541794624
0.712356924143213 -1.25593788492715 0.182928727493317 0.0343182869790645 -0.766526191743638
1.02994841428472 -1.20947242822571 0.0570502417509933 0.1662596457571 -1.16295804103275
1.1589240257918 -1.11433843268386 -0.189599943584143 0.242721608175727 -1.31854681264462
0.207683967910392 -1.29392053226819 0 0 -0.826927497528047
0.33249009299725 -0.71810397603049 0 0 -0.865167299591023
0.558007058164215 -0.281693099078926 -0.335135449851458 -0.101490205957163 -0.84607503517898
0.628315422916355 0.15425779803363 0 -0.322352018181707 -0.58345923457908
0.681089366524509 0.456050141405441 0 -0.282404570307377 -0.407342324317948
0.73322005998972 0.553321434662568 0 0 -0.186942199875939
0.574721801608857 0.501619074616992 0 0 -0.00490156191523955
0.359750612584229 0.532339506152765 0 -0.0554954594540532 0.325603146097477
0.449121325238854 -0.934278816605831 0 -0.114984121929659 0.588326091522347
0.539909838049108 -0.972778011853373 0.215222198627957 -0.0993973597073858 0.16155768735433
0.724406946004073 -1.09662327782854 0.300480251975042 -0.223270128305164 -0.330837487014055
0.911948181383839 -1.29754249257241 0.353555099318576 -0.215607324085423 -0.727665566837345
0.956320843989051 -1.43939106009568 0 -0.244897501560911 -1.13497595049001
1.05791954311299 -1.58982524803717 0 -0.181034973693144 -1.01923320577992
0.582342499251016 -1.65079896896248 0 0 -0.704655961476706
0.541269907690691 -1.26688013992825 -0.147852500138047 0.0456787784049889 -1.03415007400862
0.422858345754027 -0.646866895950223 -0.333191844854796 -0.0696179168477048 -0.742488365906717
0.681695001804802 -0.195415869516863 0 -0.209209590122183 -0.433933523485781
0.792460013302867 0.170685757698401 0 -0.367542346658134 -0.263157621814212
0.914094919047964 0.225113883224404 0 0 -0.00211264708608904
0.994280702019652 0.430709124070763 0 0 0.217924736645481
0.892618763587206 0.339133877627845 0 0 0.286277902605663
-0.0772890726331589 -0.778991452597993 0.204147437110064 0 0.306914856138961
0.476606761475401 -0.799780910658411 -0.00212153306759837 -0.165773906219136 -0.121257464336505
0.749676938888383 -1.05175239971499 0.189557435377808 -0.145308096214708 -0.49140554579736
1.02515592663451 -1.35273279006622 0.286864784198588 -0.198499090351841 -0.812017000792031
1.03770895724245 -1.83032555577732 0.231777314264486 0 -0.862801863555213
1.24601109950766 -1.79466207853046 0.138691533181608 0 -0.871398626334835
1.1111382995 -1.72083958961667 0 0 -0.859908453132293
0.664082607458046 -1.68984319680953 0 0 -0.467458725340045
0.582001660653275 -1.12817763172621 -0.271253490872655 -0.219136255142594 -0.794844578121845
0.775984698637838 -0.653439624621131 0 -0.226260220914323 -0.487980080988438
0.943506854757162 -0.28811398339248 0 0 -0.0839544757435207
1.11738895280777 -0.024772898037478 0 0 0.155370664459231
1.21501145182197 0.142058337672926 0 0 0.338891030319836
1.25308395357356 0.262051478848311 0 0 0.49911707562656
0.00884038344287515 -0.757956476663611 0 -0.172964772070449 0.233879810506553
0.532257475517673 -0.742779257835864 -0.0974842538988874 0.146348837033636 -0.257434722818295
0.845218508682056 -1.13465488688202 0.00653601015088979 0.190644392756358 -0.610201452302788
1.16029254999304 -1.31990938708997 0.0971063556445136 -0.00220621726684781 -0.859335084665056
1.18955812129025 -1.7926411892074 0.0351700800176635 -0.104916708210366 -0.781071501821427
1.47408803877909 -1.83152857937541 0.0795447329318221 -0.037363166448011 -0.579547123490411
1.25834325996253 -1.77668070182415 0.186376863062522 -0.0600185562437358 -0.667820424442908
1.26415995782181 -1.54789179696965 0 -0.223137480816132 -0.859966208103704
0.538220961865492 -1.48561467519672 -0.329532816987938 -0.263393190241953 -0.657465526333242
1.01608360055503 -1.15401653523582 0 -0.166741747546433 -0.425244589162775
1.09061635132154 -0.80981424180744 0 0 -0.156876516126547
1.19551058179949 -0.425876863020455 0 0 0.138760375227551
1.34143405875261 -0.130996586604083 0 0 0.433470589167486
1.3694557305544 0.101459070614989 0 0 0.654100787696078
0.431597781457047 -0.350614424649048 -0.326443480993623 0.263210089161119 0.127489540608719
0.541248529115341 -0.896949421656241 -0.201478182895688 0 -0.136195699292403
0.950628688967605 -1.02072219776734 -0.309167886809181 0.277829613823858 -0.462166209504621
0.631031374013739 -1.6494456876152 0 0 -0.501913130486427
1.00973370174545 -1.69713098101786 -0.305176784838576 0.129656837437388 -0.434820977803692
1.14136977956947 -1.67312132865323 -0.317158511857149 0.229149026885914 -0.17128012558097
0.827799219536461 -1.78032169546559 -0.150573818949972 0.358958831092454 -0.139569972097085
1.12575553406576 -1.54072053820855 0 -0.0188114553576061 -0.460168100027781
1.1348261648374 -1.57983541887823 0 -0.198746460811557 -0.591836237076141
0.705460881109281 -1.40982498654493 -0.470758140028217 -0.275143576415017 -0.317440574884125
1.24580714182116 -1.23733342999827 0 -0.152970107977694 -0.190963270753405
1.38300779528805 -0.971020593457575 0 0 -0.0306916253049044
1.46550205561605 -0.58049428558871 0 0 0.281261337413008
1.48880107135121 -0.22793114619003 0 0 0.688917011634114
0.585599299417339 -0.330615409279141 -0.525264532909803 0.530284386757915 0.0994238315485254
0.953138084159202 -0.51083304548256 -0.708562544221781 0.451687072603343 -0.161093015150959
0.954038470821816 -0.925002936426217 -0.56487395914304 0.318492095099344 -0.257927008310474
0.484787485871197 -1.52536080458282 0 0 -0.196366054209532
0.535129464555604 -1.72769301296835 0 0 -0.151230646159184
0.661673912457193 -1.62535302037744 -0.538041311024315 0.520668396152902 0.290943264146632
0.561911837781031 -1.73539798911132 0 0.44391080290618 0.121585595584768
0.65141042901787 -1.6093417360859 0 0.45771878585538 0.0964719749868335
0.865274396310324 -1.69955878878203 0 0.250041165696636 -0.109031336123083
1.1597808658865 -1.65153340240478 0 -0.175625536014764 -0.329447959585236
1.31700071932557 -1.63255509973028 0 0 -0.22222856816111
1.51749813650268 -1.36275977576068 0 0 -0.0849865522798337
1.59062078132844 -1.0188172687642 0 0 0.0284040875340137
1.54717617042251 -0.641786642919731 0 0 0.250477139336246
