"(Intercept)" "X1" "X2" "X3" "X4"
0.825285369652358 -2.17218207021712 1.02311974873315 0 0.509964819001369
0.839755998725831 -1.99601534892697 0.965868063094344 0 0.273435945667246
0.866622879853368 -1.80355600643985 0.821614888171346 0 0.102258701926934
0.872774857573238 -1.62861337928418 0.683806021345155 0 -0.0492001556983352
0.824250529421311 -1.51522309423461 0.451146448666401 0 -0.0890777741715144
1.14040921958335 -1.39585987516934 0.440726548123204 0.524661089456942 0.0846325771515041
0.911911020869879 -1.41842109146192 0.416239249161912 0.673451563952045 0.404610733017616
0.630970626444034 -1.3397316873893 0.512576434093134 0.722159574426571 0.424509906154289
0.328030088324526 -1.20086159114677 0.650842598654027 0.75074462064054 0.304572448018678
0.00056611206302054 -1.06962006599899 0.826532641892528 0.747090258484731 0.15108405408394
-0.301074432397361 -0.838238341494242 1.00084955899554 0.621349966742844 -0.0896940007207645
-0.963600870172351 -0.140942405359823 0.421826446343347 0 0
-1.25995503171495 -0.0392233186023305 0.632402369019596 0 0
-1.54599081686137 0.0332933713301779 0.747998435084024 0 0
0.699213185006848 -2.13154132051892 0.894413945737476 0 0.421838104693559
0.736146260987387 -1.91343320389119 0.853016372503787 0 0.20135447561083
0.771706125393503 -1.68024681179428 0.728873527367009 0 0.0206305715504109
0.806104949762611 -1.44983661368577 0.547665381487384 0 -0.123165520162939
0.789833693667348 -1.26896152101768 0.366036156100558 0 -0.22993574965823
0.770002534795484 -1.03080655192647 0.163564188913176 0 -0.247174401864125
0.919257166962643 -1.03650360913012 0.217228184876961 0.614222852706777 0.131690280085539
0.664633868228279 -0.931320269710695 0.318656441082694 0.665123662894372 0.0974750479599148
0.364945526329462 -0.799588407867465 0.467732322524185 0.691254558665658 0.0011465640537749
0.0613855491133614 -0.682022602532167 0.650407309723288 0.666105314845238 -0.183988449596822
-0.181178066036261 -0.496438609996285 0.816715767279737 0.559568391506798 -0.453501925446819
-0.905140005121767 0.0252526075428948 0.42760230937703 0 0
-0.913700587868858 -0.00568245750411139 0.763549013881737 0 -0.437243658780034
-1.24504586477462 0.160934650008825 0.707496931773488 0 -0.299425282017039
0.688602723908866 -2.02469333544624 0.736730192801982 0 0.418346177985999
0.624887715490235 -1.86033452211805 0.673024548773022 0 0.140017532620089
0.656831677187076 -1.6013242575506 0.582482643092494 0 -0.0186458883704978
0.744214437125883 -1.29404061938555 0.405656910283383 0 -0.158384619722879
0.767942257810472 -1.02847886046126 0.224880421983115 0 -0.314080526577426
0.768129240205136 -0.80958320979998 0.0127644391866094 0 -0.341789906148199
0.681218978449364 -0.522166152474006 0 0 -0.331377477995353
0.696227633348372 -0.528881531925482 0.128971350267155 0.57790738450346 -0.227021554165629
0.395337227484137 -0.390855597729313 0.268191413091736 0.587347850288035 -0.350991989896397
0.13500210944156 -0.26349418425726 0.462129656204026 0.56812020191186 -0.567173202566766
-0.381197132709533 0.1073088140232 0.411822755817506 0 -0.54237025720368
-0.591531676630654 0.136327063529599 0.564447727694192 0 -0.646282719517087
-0.844193258264935 0.188721718832164 0.626264867357961 0 -0.565779455816404
-1.15559024558996 0.310035485082259 0.567460035839482 0 -0.412514959860622
0.67695367165657 -1.94353660535344 0.587729385913343 0 0.503139737646611
0.621056895509353 -1.78049617704089 0.471570465804079 0 0.220772782753586
0.613756249848422 -1.53044168760639 0.387179129988674 0 0.0130974108377483
0.668789193332698 -1.22563069029793 0.235318865196538 0 -0.113171604148691
0.732169720304359 -0.91653997754215 0.0317872829761284 0 -0.300663268173789
0.805112022275477 -0.648807200704484 0 0 -0.275893179753035
0.73344388406929 -0.316414896733426 0 0 -0.479919539971597
0.552832097865058 0.00203036089058623 0 0 -0.64046328442858
0.442279500101275 0.00698419945969631 0.0643101106138859 0.462616225690664 -0.73064976111307
0.19268932114929 0.140507621830949 0.240377578374201 0.471425405113302 -0.937313725243055
-0.346943585303088 0.357509265477674 0.315292028448158 0 -0.650526980437281
-0.606541985441755 0.349614043160737 0.419332613988348 0 -0.626928389230381
-0.898019687541362 0.374113841897079 0.4288662517488 0 -0.472839753494118
-1.18423167460166 0.414109170862113 0.388681548241379 0 -0.371723273323208
0.680537921856623 -1.83165172834365 0.486242395065606 0 0.581592613023285
0.624598338769334 -1.71607456370937 0.3381758025586 0 0.297870982088918
0.609225296327989 -1.50726328569703 0.184307442921875 0 0.0704980567942853
0.652702929992463 -1.24475549056795 0.0131601060289457 0 -0.0875550811935768
0.716144653147136 -0.965271108658837 0 0 -0.174931624150004
0.732506012124954 -0.591665150596952 0 0 -0.465639271106111
0.719908063071982 -0.181518699000591 0 0 -0.70662412556095
0.542765028643236 0.176906285628735 0 0 -0.794694007911535
0.362313508405119 0.437550848820068 -0.120032454129746 0 -0.989692032237333
-0.0214273269914606 0.571925518480574 0.0474836634090711 0 -0.738383199674693
-0.370875402532645 0.599720139336991 0.155989815819274 0 -0.649807478256642
-0.63666528290934 0.564949190406981 0.225906806417669 0 -0.520887987918585
-0.886493329689603 0.531953846331615 0.239234581919027 0 -0.402238113298772
-1.14233895961339 0.477969430962571 0.233652746781453 0 -0.27379835298138
0.760991079209406 -1.72285542504367 0.502890282762494 0 0.746686956691114
0.676981331046555 -1.63785227799572 0.230804516722731 0 0.381315939613246
0.608694712621932 -1.52325981877321 0.0753511807742375 0 0.0894145015997391
0.665612707365608 -1.32308568491714 0 0 -0.105383207508769
0.532251219491829 -0.974672927285144 0 0 -0.396994521207107
0.464585239600219 -0.496713355376582 0 0 -0.833305414304904
0.463870753516819 -0.0333886373524938 0 0 -1.01298280598034
0.587086880013711 0.339961966229359 -0.237524135121839 0 -1.25584730355498
0.400976828365234 0.488211216405039 0 0 -0.904917275218037
0.131743633408497 0.68974722346002 0 0 -0.736123558021187
-0.341370613529337 0.703407231722684 0.032289911244648 0 -0.6009717478685
-0.65342263745112 0.562540327555799 0.136683906645433 0.278032991098978 -0.554431521695441
-0.829465465215703 0.592555801845611 0.11464508552872 0 -0.276054476331119
-1.06562193048044 0.531783779428776 0.131069723566862 0 -0.0998041322996678
0.742667643657444 -1.61790918366884 0.447695698864389 0 0.934676962485561
0.664603892453568 -1.58502238437707 0 0 0.479064534504472
0.610099484407638 -1.59989377155248 0 0 0.148032197330278
0.555068119071026 -1.38931215510244 0 0 -0.249763187047104
0.167145210887808 -0.875378281433305 0 0 -0.783056216156339
0.108030956850891 -0.423024038900927 0 0 -0.941858683347011
0.251141937619741 0.0608624942361622 0 0 -1.2360924428703
0.351246582313534 0.344929031909251 0 0 -1.26027603413172
0.219421862872705 0.499878757481463 0 -0.273259658891054 -0.984728548244528
0.209218552387405 0.650844358657314 0 0 -0.794215253276379
-0.142363429972958 0.662754977334287 0 0 -0.505218444613429
-0.527268123276833 0.704540415790145 -0.153429183611416 0.152100138071522 -0.520788007056497
-0.701681600324757 0.481322991740724 -0.0636260362791404 0.278594109686033 -0.172868800343794
-0.802298731034316 0.243980553690727 -0.0178021651210223 0.449842192624506 0.136839582171891
0.412905678826211 -1.56959615289954 0 0 0.717263686296211
0.466973938440856 -1.61598787222492 0 0 0.416637322687123
0.424556498567325 -1.61992050854 0 0 -0.00334519486315677
0.0759354345630747 -1.28217106477774 0 0 -0.726224304008411
0.227614595683446 -1.16593483500294 -0.0467116031516751 0 -0.889395241987232
0.343522608463128 -0.783270572146506 -0.140428957885806 0 -0.991871460690634
0.240015105176963 -0.304228121917855 0 0 -0.847622742340459
0.0515374910490536 0.128967968578495 0 -0.40548006619519 -1.18103957258677
0.19587315265471 0.370077036230958 0 -0.334551806922293 -1.06480217151348
0.343361479715251 0.531905653511923 0 0 -0.825479747927379
0.124640325236539 0.818957548031472 0 0 -0.507707055988649
-0.130857068441784 0.88060404328212 -0.480133219983127 0.109120456357498 -0.436552116191422
-0.376586085075205 0.600088089444307 -0.401322104060044 0.257184970669088 -0.0782133593189767
-0.506075367935185 0.337843678688148 -0.341367047786019 0.446070330284551 0.259115952505655
0.19209318784497 -1.65476359484957 0 0 0.64209659755499
0.237660895570111 -1.640533628224 0 0 0.251102421897942
0.0764865051810242 -1.37703671240526 0 0 -0.481029930283385
0.211648258447754 -1.57525778813343 0 0 -0.701797125600642
0.428845255785844 -1.59109166932728 0.100421215181886 0 -0.879229592951941
0.627745086132872 -1.17837854439648 -0.0565747661799998 0 -0.967255211190618
0.46383814434659 -0.803159308111131 0 0 -0.690702745629774
0.363886253808119 -0.391803274352199 0 0 -0.549917239588374
0.301893853195309 0.0428780700424439 0 -0.258060564281423 -0.903563121664558
0.5222220112758 0.309884584224347 0 0 -0.635702407248608
0.602465492821683 0.62132327677715 0 0 -0.410664256503496
0.385338019165924 0.690554449020515 0 0 -0.121911670866749
-0.00164026450679952 0.484525256074907 0 0 0.00803397092275517
-0.322317454377354 0.389992116761506 0 0 0.180129078994895
0.130757992735909 -1.64130226545828 0 0 0.57169888759069
0.0422530419108175 -1.24036232787831 0 0 -0.165251919117353
0.316044269166152 -1.50075548159872 0 -0.135290323524717 -0.317952068593032
0.418075712997888 -1.8469526583043 0 -0.0121356974269051 -0.603881733397338
0.512346524103923 -1.91842560215126 0 0 -0.796538059257967
0.934837199564682 -1.64138669489822 0.13638366472242 -0.148698208701958 -0.93975402770398
0.602482734394274 -1.32159958757216 0 -0.179342746153812 -0.658007572516643
0.554282579009351 -0.846997678858078 0 0 -0.729937114658139
0.582554825300951 -0.441692214404713 0 0 -0.614149716159439
0.872839822465922 -0.081842694108242 0 0 -0.3715393361734
1.0964924216931 0.285895053401766 0 0 -0.110290299486434
1.00857783201106 0.530397176722671 0 0 0.116014706077041
0.754779801186684 0.603469127065654 0 0 0.4001487070051
0.349901002595763 0.527778387664692 0 0 0.688375331513403
0.102867429589055 -1.20458042259072 0 0 0.351942381449623
0.146424103587282 -1.3950496908774 0 0 0.0753521009435923
0.205051440524337 -1.76799972452587 0 0 -0.169983066907947
0.359663907977215 -2.0837562913107 0 0 -0.428794371316388
0.906159807351831 -2.26681172751787 0.204514755628332 -0.106632522800771 -0.613657029189565
0.980939036459403 -1.93037040929634 0 0 -0.642167497948744
0.847595474904763 -1.74872129080971 0 0 -0.644111995060861
0.73163427318475 -1.40467614985951 0 0 -0.702395843731626
0.802506938435128 -1.03858368864448 0 0 -0.576691159322712
0.978307216323782 -0.659054221470456 0 0 -0.182639709881625
1.45042795788069 -0.228157100517281 0 0 0.185106951991218
1.51585671023972 0.129776960823031 0 0 0.427023571495241
1.31376530350489 0.387519042806316 0 0 0.662244551453421
0.96524363800285 0.483706063787453 0 0 0.945078025873514
0.0887203417088852 -1.40293608751527 0 0 0.337599604167893
0.201780807992759 -1.65676446653596 0 0 0.142417996001437
0.339422040796056 -1.96066387729965 0 0 -0.052939943656144
0.556037722964215 -2.20535189132759 0 0 -0.386737097772502
1.02485228082948 -2.4299737539069 0.246910830653742 -0.212959646769448 -0.487932525742714
1.12271843479562 -2.21885346458547 0.299479443824258 0 -0.580890935447516
0.965662112734521 -2.02411718005627 0 0 -0.657911963356322
0.913962843646151 -1.81726382906927 0 0 -0.737783805195893
1.03288944787873 -1.6184945065382 0 0 -0.544416146985069
1.29071028965694 -1.30131176515325 0 0 -0.0877717259811856
1.63520480921909 -0.851569834532569 0 0 0.341019001843691
2.0115125709139 -0.433768685720509 0 0 0.782451641217515
1.81663516650671 0.0134676664798779 0 0 0.915442786855852
1.53471119998294 0.303899317846864 0 0 1.1570330987632
0.181055154383619 -1.70919455980015 0 0 0.364513570565632
0.345770560260981 -1.90313411521294 0 0 0.17151949544773
0.518387346022298 -2.12635065289352 0 0 -0.123086259723481
0.80920174216843 -2.2347590340445 0 0 -0.412371698177976
0.988654520643044 -2.29840383276471 0.264358721044314 0 -0.490531429787966
1.02774084929246 -2.19964620602875 0 0 -0.532767835447814
0.867597700326018 -2.37971745817874 -0.0789919355820978 -0.00464721521415334 0.0379118061334932
1.02535919508111 -2.07519870279875 0 0 -0.563254730896299
1.22556146469806 -2.06854879323696 0 0 -0.373430117095703
1.51373417561403 -1.87535282538317 0 0 -0.0207522722749802
1.75154686996936 -1.51170359705671 0 0 0.356511977486481
2.1765593546161 -0.987619670835673 0 0 0.925702719171547
2.20425215542146 -0.458942022704892 0 0 1.17168367409472
2.00747567468144 -0.0129514787124279 0 0 1.33407560004162
0.263488471607125 -1.99932270439617 0 0 0.124406716098374
0.524812204818162 -2.10749645407544 0 0 -0.235773915998318
0.803952497104077 -2.1571799759874 0 0 -0.340882499869613
0.856199146468888 -2.34933435757922 0.202998096421472 0 -0.386097890058577
0.870088559097113 -2.57220380329288 0.315057453371693 0 -0.27237346833712
1.01081147570684 -2.29143056578158 0 0 -0.424100404033981
0.708491589510545 -2.60259340347046 -0.331964503458445 0.253228715519558 0.533273949063671
1.09020126446515 -2.2529905431044 0 0 -0.426086979440398
1.21566933386058 -2.35018219561129 0 0 -0.307014294280166
1.50650942775392 -2.29306105421086 0 0 -0.0464946930422736
1.85292656106875 -2.02374364772527 0 0 0.368837718595473
2.24164971639426 -1.50216040818583 0 0 0.902835633862252
2.43174905341261 -0.975368863426281 0 0 1.30441065120971
2.3405081213744 -0.430297378174578 0 0 1.47758999058109
