"(Intercept)" "X1" "X2" "X3" "X4"
1.78315937007674 -3.2977352671722 0 0.681784135804208 0.769277136002359
1.48539050513164 -2.94375101266847 0 0.49883205005943 0.862754427186589
1.22530390254481 -2.58170056777431 0 0.046855897913164 1.03152439819783
0.977586885506872 -2.48168285877433 0.236843022244255 0 0.876329577034746
0.655096519968303 -2.44332104761366 0.5810226056707 0 0.458196242952487
0.363524774910404 -2.36980016210559 0.631443308511718 0 0
0.165763178422129 -2.1326074970809 0.60423795190004 -0.243156413828372 0.15508726941323
-0.237071778825313 -2.30919918430633 0.701858022924533 -0.0735276213680392 0.862266214152268
-0.478187020395976 -2.22209394409638 0.851528321199604 -0.0495939944611369 0.923438215560957
-0.704035383877108 -2.24106042045671 1.08563103569325 0.02549013397268 0.854894649505952
-0.76618574230487 -1.98442298788199 0.661528700210853 0 0
-1.08676356076455 -2.18736252053647 0.927710616428751 0 0
-1.43994283734346 -2.44211092308009 1.19049268163243 0 0
-1.78264378098537 -2.73795450418244 1.38722032226382 0 0
2.07154665257971 -3.2355414848974 -0.611146603261318 0.978068974328465 0.498387882584993
1.40703723835962 -2.47626804064661 0 0.323099748075108 0.524286756371022
0.679632319717395 -2.20005923906855 -0.105813001998049 0.0890403371993322 0.571652498337342
0.600683832986961 -1.77303483065638 0.0501017923970537 -0.171285647125331 0.807002589879764
0.804498199100307 -1.73976704930453 0.256580905792081 0 0.467312260114238
0.613364892133047 -1.54584017291964 0.430603912194352 0 0
0.264448821513544 -1.35946478899894 0.352395842059086 0.0220467195243535 -0.0748454427477965
-0.0458401547666417 -1.34327098433702 0.291130742686962 0.165224232081924 0.283155191446311
-0.297579151345531 -1.3475213590241 0.399614819931212 0.197486438519367 0.392247168377683
-0.445040045684009 -1.38156124971533 0.567434209080364 0.193589749862545 0.452640005359634
-0.548745248478385 -1.57710112772138 0.825944648482109 0.342147600614959 0.279170597885595
-1.02614912021618 -1.4479366473334 0.694158196589212 0 0
-1.34735335442066 -1.75045196661027 0.867237046646251 0 0
-1.7030050900996 -2.08765772369746 1.04058585546771 0 0
1.9751814230547 -2.74311071013882 -0.451217111544084 0.596413783858454 0.390669769024287
1.34328810669006 -2.21631454660963 0 0.154117789342642 0.294946153217767
0.254543270567788 -1.99431026820595 -0.19174081911727 -0.17526223377526 0.107109265856008
0.376088769853282 -1.28503029696415 -0.306304804669034 -0.452939126167535 0.530110865888987
0.853914244755187 -1.06502963281054 -0.129805557536654 0 0.294081124201824
0.603429909854481 -0.775341705169452 0.167105478388021 0 -0.202747020849483
0.456193179228715 -0.781556485804269 -0.00900448957254795 0.361443186354627 -0.300619466311802
0.190700511244511 -0.631915857135327 0.0586338663227026 0.537713166459355 -0.354717491665366
-0.361742395305944 -0.547230391656204 0.245795874663876 0.788032597617625 -0.0472125505053681
-0.318900376771379 -0.601103016136258 0.201615555711404 0.536465862703296 -0.0935095957848805
-0.563277352435756 -0.558644373714492 0.356240876929276 0 -0.106677344077363
-0.934551160919495 -0.7140814801223 0.482865591249488 0 0
-1.29995909477057 -1.03982466594311 0.567343252580122 0 0
-1.60266940918318 -1.45004221094677 0.614331728471098 0 0
1.87124185076908 -2.18697317928808 -0.31107564472677 0.178338591876523 0.365683398967632
1.16950885054342 -1.92974883014335 -0.0444947840253733 -0.0415527179020383 0.00582331634855611
0.721325204292016 -1.47959153688278 0 -0.284468588711201 0.0171766421153091
0.0512556518247065 -1.02022324907613 -0.285721529672799 -0.590914604649614 -0.0688128027453006
0.711282999343676 -0.566003110148541 0 0 -0.1593960103963
0.507010746767279 -0.364904313768022 -0.0943670422453456 0.205166595301362 -0.342155979742289
0.59200167026242 -0.141476506158132 -0.327979252518982 0.496945504266727 -0.382975231241824
0.313176201198235 0.0720273764233621 -0.173782173111709 0.837396603692586 -0.698685162763717
-0.0696538878466584 0.362392994402415 -0.0822830389667096 1.00233634072745 -0.355749979390023
-0.165655877154345 0.345125963745289 0 0 0
-0.63688895802803 0.177886094848983 0.244842121436244 0 0
-0.937713491422222 0.0887952232279713 0.2968932252911 0 0
-1.23756602703009 -0.320934113269923 0.279846132521923 0 0
-1.49003879700647 -0.872694194008495 0.173650561920249 0 0
1.49995069979979 -1.97320655580078 0 -0.292632594986335 0.0757605670231563
1.06648441970266 -1.63568916138936 0 -0.425326925236598 -0.113146568945474
0.647709892830176 -1.2585170715413 0 -0.567898871743847 -0.184671010818946
0.787447793498782 -0.845160657281257 0 -0.25221708711963 0
0.830651483377554 -0.460163378162831 0 0 0
0.49482921075437 -0.236211624132121 -0.424385588217936 0.0242338431408035 -0.305834148106364
0.923303101310884 0.113621515700852 -0.468072292055896 0 0.0913346062580814
0.740520740837983 0.377395770633353 -0.380273147028818 0 0
0.394078531028167 0.521462022976774 0 0 0
-0.0414943419626313 0.75878424976981 0 0 0
-0.471682928718314 0.871924881237255 0 0 0
-0.61367644460355 0.727303083791955 0.0741079489071455 0.458428736545255 0
-1.07010944356751 0.265056457862235 0.111889718561183 0 0
-1.59862656403614 -0.549228545224798 0.120656200215568 0 0
1.35025479288187 -1.93832170189848 0 -0.38068403787684 0.412580691827313
0.970787164527433 -1.5012184500816 0 -0.467288730055382 0
0.770289093576626 -1.09735885772239 0 -0.653433290945169 -0.233632085480774
0.887056822060703 -0.82321295061413 0 -0.454492373321892 0
0.781581151805525 -0.535664542235703 0 -0.292316692101429 0
-0.0890489668535731 -0.173283262319455 -0.288352538977207 -0.0711293099411489 -0.676322289594856
0.475140443236658 0.297232408134383 0 0 0
0.496542248140421 0.589840974182593 0 0 0
0.35934837819962 0.936634094969257 0 0 0
0.0322197626116371 0.887330280363451 0 0 0
-0.30397089019481 0.627038012290011 0 0 0
-0.616443757517216 0.936831028139871 0 0 0
-0.974818815281084 0.388666463320153 -0.0583950073045224 0.337543611129999 0
-1.56831242475662 -0.559887334093674 -0.0842081676501718 0.00135085979899518 0
1.5464665564633 -2.03274232603109 0 -0.614861009130958 0.673105955166763
1.2107285656579 -1.67232973197944 0 -0.729971214389271 0.247816724073269
0.956557136395187 -1.31389006513067 0 -0.666564996428033 -0.0450462941021246
0.737547382616208 -0.964014381468006 -0.361233838607165 -0.480184425306437 -0.405405310235031
0.422331166652012 -0.631892086955014 -0.399984025382758 -0.231624613172862 -0.622358556098845
0.174511670836373 -0.494011092597834 -0.336001247448206 -0.0359261245254146 -0.697397943784487
0.334002819380776 -0.0366496437218829 0 0 -0.554398593069484
0.392087143814747 0.362759878211938 0 0 -0.50019031465402
0.329171538512916 0.85760555916236 -0.315148097940439 0 -0.52533062023813
0.139559246564272 0.984330748905962 0 0 0
-0.126662448192534 0.888416123505603 0 0 0
-0.496096131831155 0.625042535558093 0 0 0
-0.752540871545936 0.666619113706017 0 0 -0.255704513977894
-1.27116283259468 -0.405746540949525 -0.321601217782334 -0.0416137111053529 -0.0157165659048865
1.48642904098992 -1.72964810621366 0 -0.563654093938606 0.702934326067046
1.22468733337004 -1.63971549645513 0 -0.625997450646616 0.31379253848029
0.877244986126531 -1.48344390111972 0 -0.558124735426135 -0.0909858828475905
0.71114630078077 -1.28373308975624 0 -0.303927114609087 -0.412048648378604
0.558726903869979 -0.940526962999462 0 -0.225362976373982 -0.647941286005557
0.407931818442918 -0.929766351272516 -0.0853727639079071 -0.0425198479973882 -0.726380289398836
0.379736488933213 -0.577134920043314 -0.115774070117946 0 -0.616769870976013
0.617224650466856 -0.344310642673783 -0.291409362891177 0.560658489344038 -0.738270331291649
0.328205578721391 0.499075358494154 -0.564020995338451 0.588146392808561 -0.618877012798014
0.329163507987638 1.02652822566655 -0.635001759868702 0.414075966410326 -0.590372211600092
0.0177560408147751 1.26130491068053 -0.79156044484986 -0.0758691485924695 -0.461151466634091
-0.266432187127822 1.43651282432873 -0.671220722071985 -0.39528408903897 -0.232658488540354
0.119775563185275 1.38588793085109 -0.877021883414995 0.136820802440228 -0.311346079390847
-1.04517170039426 0 0 0 0
1.31698106724276 -1.64356402413339 0 -0.568191358717093 0.635735312544975
0.943084050169487 -1.48309241224274 0 -0.440071876247491 0.107367035977659
0.64497868185169 -1.49457759122554 0.31143954979477 -0.215260644075202 -0.155526304450726
0.636112082151632 -1.58532115571591 0.247193584351951 -0.116704440857842 -0.481582160835415
0.716124076959892 -1.35584836462363 0.0932732048986037 -0.114731093341389 -0.685765186419551
0.358974225223385 -1.25010971322342 -0.0718377402414483 -0.102701151875925 -0.891624869330817
0.391203591977899 -1.12753244755944 0.0100934556071813 0 -0.696170444493116
0.347069751627842 -0.801538933460727 -0.352161853385209 0.295437283966868 -0.879773151073649
0.0782832990595751 0.0405802084411502 -0.654286045350258 0.19178824769565 -0.697425522442521
0.00262374001501605 0.611102236405907 -0.794339137654282 0.112843109830749 -0.62515504176155
-0.0192837997956957 0.826707838143042 -0.716132325248978 -0.287151268647858 -0.639520625541097
-0.271846316229837 1.10257359408293 -0.633999620459287 -0.586106901979979 -0.463782090526128
-0.515341572361559 1.27765847642372 -0.527041390613313 -0.685563451337412 -0.127167345055541
-0.310081507459113 1.12330731607814 -0.668007775864067 -0.283852231481033 0.0225309282455847
0.892725782667695 -1.32337834178402 0.0628070919941738 -0.475292926793126 0.532489048782537
0.551602696958238 -1.23117725524552 0.317284115480833 -7.40259773994696e-05 0.224949182647991
0.413513374232961 -1.62272818280856 0.34036839327099 -0.27035368755645 -0.293820538713717
0.472955649385679 -1.76287147211665 0.33547340731244 -0.362398357583885 -0.553428660815264
0.559548822979624 -1.5942318768109 0.135849858122281 -0.403232032773207 -0.735938831407226
0.332855186775148 -1.71403004494903 0.0575559547638266 -0.168656212289552 -0.901904429273398
0.436319909820836 -1.76725446120385 0.177251113812619 0.0801189264601388 -1.08616511612593
0.453335719826469 -1.24371543750918 -0.129659967843419 -0.021782616112032 -1.1155116263146
0.447734108743269 -0.401509372685995 -0.140740336387057 0 -0.696685847357547
0.608725070056901 0.00768461820640623 0 0 -0.486219117366882
0.146541924545067 0.44712555143832 -0.531968326870305 -0.370855616809055 -0.58727576340492
0.330952445770598 0.253919094038619 0 0 -0.386733719511806
-0.000894961460563467 0.283002800204328 0 0 -0.29197886182583
-0.401332441815727 0.694538215130697 -0.796622507548132 -0.142682188426019 0.0179187965889331
0.58499761461759 -0.989146613440431 0.195398713362989 0.107638341543706 0.490477653745253
0.274020561935728 -1.50081960169462 0.350318826904792 0 -0.0681442085329197
0.303410423487402 -1.82530761929256 0.419073568755277 0 -0.298031716139295
0.527390447230929 -2.02226546920036 0.398673771290018 -0.362067734406362 -0.519701510398435
0.387930878262905 -1.88468956453947 0.126132799655838 -0.648767850157318 -0.87457022483343
1.21087123426711 -1.96408799301432 0.583024017072476 0.0267825722874719 -0.84741118319642
0.783842891296062 -1.92156609407406 0.444972970932334 0 -0.808580713235008
0.52014225642863 -1.59856844747184 0.124681256474218 -0.140861502710063 -1.13667688123292
0.701264872001369 -0.845367697411071 0 0 -0.653818350076821
0.706205034639744 -0.492095409055013 0 0 -0.454469557496461
0.673715351155126 -0.325616277407703 0 0 -0.494165541022823
0.538394001024917 -0.19870435111684 0 0 -0.396025937201731
0.329142425827631 -0.193524164063249 0 0 -0.293359668867408
-0.393413178670685 0.167568423614468 -0.834129340248833 0.0173852155649058 0.00161609096662785
0.413252468440049 -1.10836392221041 0.184745861668539 0.0507343825381237 0.264676608321508
0.189747374741143 -1.58671267117295 0.373517029709489 0 -0.0964923783448751
0.198893024534793 -1.93640126804307 0.445357550817907 0 -0.316412885172359
0.437789081129334 -2.19416996278561 0.419282309316666 -0.377479355604111 -0.585648006788249
0.790355612842162 -2.18092573918567 0.393057476871364 -0.179877347801004 -0.844100545668441
1.2721078178103 -2.15084520351897 0.635906425787022 0.267697912367536 -0.5233565140568
0.759025335859852 -1.98830451051684 0.461078207406845 -0.193862632688237 -0.849937238557078
0.652833485324995 -1.90274204496815 0.289736558226377 0 -0.920428097155468
-0.149566009976844 -1.41877496328649 -0.146417261960936 -0.708890441604603 -1.30463638044016
0.379008281172877 -1.0178822912668 -0.396225795626068 0 -0.705978453431577
0.337009972134758 -0.884288807715207 -0.443070820418067 0 -0.624322855997023
0.244307234863333 -0.740480066387217 -0.431678526069096 0 -0.545118246469893
0.138857437007681 -0.649158240643129 -0.502047341725966 0 -0.348096771934092
0.0216845713351155 -0.60805416393667 -0.456201016850379 0 -0.291812663085216
0.031419602638724 -1.40759595023591 0.334758225985331 0 -0.00285947533317529
0.0534123172352182 -1.66441374508047 0.386941117883961 0 -0.200835137279171
0.121653421287623 -1.95994881405232 0.425831816176299 0 -0.424939172224024
0.287327367736917 -2.12981712912225 0.299242896577276 -0.417584516599596 -0.689483028235272
0.490729477595666 -1.87892383005434 0.205377636500881 -0.343358457438495 -0.427718001180316
0.660276834095417 -1.96358057983575 0.373312780666585 -0.112206638708266 -0.295693991024035
0.815974780257334 -1.9553582528415 0.461558572351465 -0.246528634860176 -0.582369961191439
0.554616761504623 -2.09748954885939 0.245930256877367 0 -0.75520661664992
0.190474964003215 -1.92728659999999 0.100984991632985 -0.627871914168014 -1.29995458591354
0.300759087588833 -1.80527442424517 -0.0940475203687507 -0.639807134436577 -1.22306176592692
0.4152517581187 -1.34181068772564 -0.468503297680285 0 -0.540797993306038
0.360689520345375 -1.29946538918753 -0.405766673716752 0 -0.546784786139012
0.247344722238965 -1.19151479156763 -0.477509733916277 0 -0.415528768044682
0.110649704881222 -1.11900173952304 -0.530385944227751 0 -0.3335614052055
-0.0634559658669846 -1.62183163171884 0.334649421078841 0 -0.125601137545505
0.0198303172526317 -1.80570207415528 0.328648831309499 0 -0.339273920999009
0.0807555003725637 -2.0190341038501 0.267829123511592 -0.504573022044991 -0.581946818766119
0.115860882871708 -1.99331293553013 0.326991178541811 -0.74017973638856 -0.687768432629451
0.117212987374141 -1.65425811957284 0.0385617214692531 -0.578644379174383 -0.222262262383611
0.201006787385629 -1.7843204713241 0.116746053995053 -0.477029664461679 -0.195008972653896
0.272289138750823 -1.94810217302806 0.212449521739014 -0.355470475663726 -0.272789444894636
0.462501336181048 -1.99963497578754 0.36403002798664 -0.69278761198999 -0.869356330989401
0.556787123756734 -2.235354642825 0.25731508197662 -0.599161295312037 -1.17925058239767
0.578004540826001 -2.26943586883024 0.0622580281311472 -0.478835103030101 -1.1509589617918
0.673125998122368 -2.38698679933064 0.094194086997408 -0.292748317030062 -1.28835028894309
0.466375294191058 -1.7586391188157 -0.420101363783763 0 -0.506567125619204
0.309292374243436 -1.65423857381599 -0.476073333748903 0 -0.439824384379654
0.125979439653034 -1.5325955559918 -0.592088224553726 0 -0.349531429856532
