"(Intercept)" "X1" "X2" "X3" "X4"
0.274733920783595 -4.74627253093824 -1.59653510556026 0.590202885660482 0.52277145330612
0.149311314025566 -4.56418866134376 -1.02709955925977 0.672272981887739 1.3377960560294
0.163211740359283 -4.32208538541842 -0.528014047292084 0.531860386324919 1.70844111264045
0.639502173108123 -3.1598113184715 0.0770411493790795 0.0816519152740334 1.32944485645199
1.14767770206708 -2.43972308278582 0.274359955118323 0.0507066438268355 0.65995596829667
0.979292556808689 -2.30100646970052 0.255569864351063 0.0512383423495511 0.13244998368271
0.886407558224667 -2.00265089883363 0 0 -0.282341634908017
0.275666408439194 -1.98071604022329 0.297900686119751 0 -0.0922591969856373
-0.0939934090102808 -1.78085645602874 0.54406370195555 0 0.078037061796663
-0.380820923051184 -1.73711906151238 0.684788919977743 0 0
-0.77169863961444 -1.93113773351929 1.29991188407211 0 0.213050119021941
-1.11776407436817 -1.94416755160825 1.69680591310652 0 0.115844024723185
-1.77214064079021 -1.7647636870275 1.29192537528268 0 0
-2.45517279375394 -1.9355142486264 1.62149713004853 0 0
1.20054288186573 -3.30536127420908 -0.989580655126887 0.136931534321526 0
-0.0380927156641948 -3.84017759402757 -0.902216204422595 0.462552548232452 0.316183250221463
-0.178713017470998 -3.39792334652981 -0.440955677368475 0.291491662219095 0.579431999130033
0.301284708235357 -3.04728960037358 0.0375153313645669 0.34297350940491 0.790105947652787
0.907888961210989 -1.7193999781858 0 0 0
0.821490910061589 -1.62045544269697 0.096685089335544 0.288317803738808 -0.0211484655355034
0.822453394745102 -1.13814470364504 0.0777008930772852 0.253575614417825 -0.0869495335227934
0.470501801513151 -0.947847785912009 0.285865460069406 0.254002609856096 -0.168919576783755
0.094277864258873 -0.79115774304968 0.282580032252125 0 -0.231089177959668
-0.374885589151801 -0.965288492332227 0.608809401838245 0 0
-0.652289848958879 -1.0800927647321 1.07645497086945 0 -0.0260320982631292
-0.98930262473022 -1.05953956095163 1.27542990935948 0 -0.203373202595298
-1.88072248664444 -1.19596914779522 1.07917290743015 0 0
-2.51330775062362 -1.4313381343406 1.32135720972708 0 0
1.60399833184051 -3.51925533175335 -1.3269752567444 1.05990197654153 -0.331652782570346
0.459430663001973 -3.24080453958464 -1.13771727131497 0.689876072374115 -0.0980436508739983
-0.273663986483659 -2.67511113975516 -0.448956155458062 0.152288415416422 -0.232717201461746
-0.03541737674234 -2.14225409394265 -0.045249565139017 0.14612885853852 -0.139293143662919
0.536040073054921 -1.47611696840315 0.0764642999790337 0.287245665342936 -0.0698827977030198
0.508660597609544 -0.988810737561491 -0.0448021549783916 0.306266439829135 -0.0770007857788457
0.620868733884782 -0.490359656779591 -0.124423094545703 0.432398956398543 -0.417386934763751
0.213466204623138 -0.0130741067529744 0.0198479319961572 0.331191360564565 -0.447474270748433
-0.0573527959024859 -0.0343657947381241 0.0937986185060127 0.230744200633972 -0.488020210610037
-0.000745384166226665 0.00270446732372264 0.193233164853865 0 -0.416133656069375
-0.466803640707044 -0.281050560259147 0.757935993768438 0 -0.24516233128171
-1.1500474727157 -0.497748206451663 0.799753952393411 0 0
-1.72603132626204 -0.797453575651949 0.887753228025751 0 0
-2.14521870452828 -1.05715630800517 1.07358883359167 0 0
1.47058935023877 -2.80170589874109 -0.663463353693158 0.404546530696747 0
1.15995899051608 -2.12366382961653 -0.401126625679447 0.171169184012138 0
0.00735835645470084 -1.94309359710209 -0.346101147481866 0.0196291644289616 -0.418370155954273
-0.115306456377502 -1.47972901773983 -0.313467432873107 0.0857861347791522 -0.702792915213951
0.649126634091379 -0.89708132422088 -0.27614769453011 0.525598956372548 -0.398927528739075
0.779999606596237 -0.303760747757414 -0.359926506948979 0.599480158103497 -0.486084592296057
0.678302905535214 0.00894473445318599 -0.329708699681062 0.550822048357192 -0.494878695983712
0.674604414256106 0.190361928165605 -0.282145278845812 0.634833431014087 -0.771164539445609
0.084295378060051 0.586938138749989 -0.305319297472419 0.406200051639904 -0.960839620346144
-0.00562184816850721 0.613149124278514 0.0379401939038643 0.375973005871816 -0.83975597753387
-0.219923168734798 0.421825822894475 0.308464896453895 0 -0.423849929329745
-1.07206003125961 -0.0155096514391134 0.617858241916728 0 0
-1.40248467009084 -0.406442518296902 0.607882694068929 0 0
-1.71287152679803 -1.0100320801797 0.535394406657877 0 0
1.17219164359852 -2.91585225627204 -0.357444565896881 0.353332659508286 0.0479712529104388
1.32011757263991 -1.86157209808317 -0.192176592163575 0 0
0.944372721552721 -1.28875035793604 0 0 0
0.664502535862093 -0.777895537236863 0 0 0
0.550792111406353 -0.388912105166096 -0.444621944894205 0.550004695910668 -0.611935902414269
0.797109191864657 0.19411713051862 -0.389981123986784 0.676161072351995 -0.693168212052123
1.01455395241248 0.336916187130416 -0.516619963411538 0.739453484897468 -0.772968940781553
1.01844635925137 0.485979850815123 -0.676631897372726 0.515770625128745 -0.721186622046441
0.644366581079116 0.896425191901044 -0.605129162998832 -0.0122125113261705 -0.844218246044684
0.0533207059392696 1.12320867420833 0 0.11207687904385 -0.695812773596931
-0.163325006744189 0.896456990444666 0.13534941808966 0 -0.469697631608463
-0.862896208592567 0.485943973977272 0.325421756334393 0 0
-1.17154207851063 -0.0957474794408889 0.34936735913952 0 0
-1.6089186725383 -1.10026910862566 0.356213495512765 0 0
1.19930821426606 -2.74944175809451 0.189162735785851 0.230991374608752 0.429543774993281
0.958391686648657 -1.98931734272075 -0.14696386552458 0.320512120295939 -0.0180955177672535
0.81721375937315 -1.33467307019839 -0.29014413595414 0.292904475167237 -0.152113176866987
0.617167784949464 -0.724842218481446 0 0 -0.152092711308452
-0.0340922263468231 -0.271879402273576 0 0 -0.592006145782909
-0.120770755598603 0.147131929302562 0 0 -0.563889985810379
0.371481291816656 0.22871291033083 -0.409020295160456 0.378371086892054 -0.826335581850876
0.0996478563935241 0.493013143939775 -0.392875692570604 0.168584850487499 -0.460756930360483
0.445120467043009 0.892385959587683 -0.541638689797675 0.129929853458234 -0.530212125721969
0.418281868652233 1.15901174833917 -0.456614427153558 -0.133812448322182 -0.40144056988215
0.0101664690872562 1.00327881210231 0 0 -0.44000101805591
-0.189825410056237 1.01221723021747 -0.116509608961006 0 -0.338898125912356
-0.911216553040068 0.105760905047693 0.064468052677581 0 0
-1.51945808482701 -1.5602231054851 0.242088293323701 0 0
1.53019553259571 -2.30196084208739 0.523567446277635 0.172078165958411 0.423968360358204
1.2278499091158 -1.89710587541252 0.0684109693900211 0.296638084010204 0.339542830249964
0.683828897210583 -1.29347200970744 0 0 0
0.939822767710984 -0.869563083972016 -0.0906046899048672 0.96147697856062 -0.0609578000739742
0.0889573465362396 -0.806631413654738 0 0 0
0.196359620878173 -0.597498835895915 0.0213865193386725 0.307791572634288 -0.620810598373259
-0.102460218419633 -0.0303936385777598 0 0 -0.855304431414073
0.0449248914370753 0.478931882189505 0 0.306089651538341 -0.678003743547964
0.429643929363917 0.841156089016168 -0.152616605894704 0.444877491315344 -0.794268697444901
0.326259706306125 1.02974148124886 -0.397348979520954 -0.0413015583260924 -0.341500562157405
-0.0786344405628155 1.08509499281899 0 -0.426374168783754 0
-0.100116094793739 1.02514702183775 -0.376718044229486 -0.0854189870491687 -0.347691343346677
-0.396631271637484 0.880117206885551 -0.408647381246201 0 0
-0.856932791052664 -0.238926694360298 -0.216540320221074 0 0
1.53744214869463 -2.079221205465 0.645866933915211 0.116803369181661 0.962563333387837
1.25865423802319 -1.90344537984559 0.266481840121106 0.352436590667507 0.534073748526064
0.72967562472891 -1.39754502292036 0.141249800604286 0.709786008720149 0.20028880840632
0.676660018225251 -1.2996313573984 0.0272698477580472 0.648306214792551 -0.194279912929035
0.730466775571045 -1.18877627113811 0 0.465056121662495 -0.549774459899291
0.5281586913676 -1.0508204716847 0.183054048468434 0.362943818304652 -0.773739574197052
0.0825682954254491 -0.631825602250081 0 0 -0.70221678465475
0.33274621680874 -0.0618876527819387 0 0.132057659713845 -1.01581343915982
0.541423065266627 0.539294390792641 0 0.184092999573816 -0.76228815476743
0.290227260509941 0.780093221676075 -0.481918639162229 -0.279502591088244 -0.465181063039436
0.0142264132508304 1.1568592923535 -0.674557618214013 -0.64629834377287 -0.238804703856158
-0.0385034197597524 1.47485285151497 -0.83999338082779 -0.82653344791082 -0.140163375184771
0.182806822419735 1.34621053821846 -1.04841715439765 -0.0400504829527103 -0.197320002866386
0.362102357236951 0.845014993744773 -1.09951694992001 0.62008828093253 -0.296792063313293
0.717397439896774 -1.59892782224703 0.661832071035298 0.0675645082265099 0.994873697670892
0.628977205522467 -1.46770039291873 0.335293422036293 0.375409059646799 0.438772951507445
0.693425348033804 -1.42682112548399 0.0343582985124436 0.408751622273077 -0.256447585237204
0.562375489368725 -1.67535678703458 0.217899724945821 0.362609175008784 -0.460555022696312
0.668286225681138 -1.69603999920896 0 0.329867438577292 -0.550256352219421
0.663749314612717 -1.57842600154336 0 0.322507009953336 -0.713338244509212
-0.0710788991527732 -1.25325171043985 0 0 0
0.461777378590283 -0.861432362332009 -0.0940269517729455 -0.00736315101052278 -0.848625863395103
-0.0165403594456402 -0.188456960387401 0 0 0
0.116394330513283 0.461153057804556 -0.663100313886192 -0.381750663658291 -0.574393178118103
0.20171189736743 1.04284953869037 -0.905076537706054 -0.527335860145429 -0.521666230576784
0.115484450005474 1.48440928138665 -1.07309070704869 -0.409048725740581 -0.271715931935428
-0.00761758573734523 1.5348155620525 -1.32126278113844 -0.274350602344031 -0.144728283047198
0.00309213276981184 1.45683386791119 -1.38427454422248 -0.213368635958659 -0.0356604406658706
0.223823777215048 -1.08154205586232 0.472171512397505 -0.05922354343396 0.876834730602315
0.184522909013108 -1.28076521356298 0.459583362487594 -0.066094078340968 0.307895071890549
0.441129791863036 -1.5280808813343 0.32024924131185 0.0397674119393251 -0.175724646280541
0.639806926262734 -1.88770021001003 0 0.0655493180001544 -0.223450106061435
0.848679209342184 -2.08032055142203 0 0.200923719890865 -0.526075931140744
0.491532285892784 -2.08752435509996 0 0 -0.608541327864488
0.190071261453933 -1.81742863480814 0 0 0
0.611205337706254 -1.48722562852547 -0.0260846215283412 -0.210346240537945 -1.06632580085232
0.490386468843981 -0.755270607450922 0 0 -0.376069946367709
0.488403828965198 -0.0187213156712187 -0.367652567907176 -0.231411294257769 -0.577274581370754
0.457211306873263 0.634971884603607 -0.659418719092392 -0.400098507170664 -0.61045345715191
0.260855023457646 0.974085506569727 -0.976905498827261 -0.272915619678579 -0.451380408787614
0.0590404903515827 1.24949067685877 -1.27925096804 -0.0766029056124843 -0.096654738988284
-0.0416932484889086 1.49074077176007 -1.53975106465987 0.149759827563718 0.207141670435428
-0.782865091415054 -0.955553768365728 0.60752492657147 0 0.123697017240484
-0.36210833730329 -1.00755393286002 0.586732894595915 0 -0.0571032953015519
0.412272817387205 -1.54499447047292 0 0 -0.0846456486940894
0.502878245182678 -2.13792350694634 0 0 -0.172447855787767
0.666836262152723 -2.23717474661092 0 0 -0.422605260334955
1.16789539449285 -2.3026967809815 0.0870000302596846 0 -0.672333450136726
1.12221996265926 -2.46585632284148 0.150643455899062 0.0635946914397494 -0.977039179422824
0.780981862291792 -1.89154050719345 0.0439161578755952 -0.110602469242723 -0.953815515442341
0.850325544806672 -1.32858800323637 0 -0.0350370420816654 -0.751246579260726
0.443586174186798 -0.60656814255318 -0.405435408316116 -0.212839226579281 -0.725532857812967
0.417941969512602 -0.0671247138768082 -0.655065533793816 -0.32748445878331 -0.713058713351846
0.295208170088004 0.435542269243689 -0.869832724927958 -0.213215491509736 -0.487598646735513
0.079208426129742 0.794517170623837 -1.21645219032779 -0.00380679516183844 -0.195977841452072
0.0240035551083576 1.00542663573956 -1.53723029228088 0.217013965576898 0.0670486149504053
-0.826878985791185 -0.798114711471213 0.70251092492681 0 0.238541015151614
-0.30515251371174 -0.97438231910559 0.564832644161126 0.397237369746232 -0.170887073072135
0.392225883097094 -1.52112695551091 0.285816508706455 0.370857569033002 -0.27586395564296
0.481992706677722 -2.0319389582498 0.237425640553931 0.397537566600511 -0.297367890605122
0.976544834143325 -2.09181998271668 0.149097942959342 0 -0.336832790436435
1.26560722270098 -2.0709857064703 0.0385426522997905 0 -0.446020149256025
1.08058706659225 -2.19821465427497 0 0 -0.471339652592902
1.0815381188391 -2.23660429826918 0 -0.025133459706085 -0.635249170862099
1.09545568009894 -1.81932313490864 0 0.036851841481902 -0.624064137005315
0.365547534659779 -1.20122083999024 -0.553317431272101 -0.334354213749187 -0.81568400464878
0.485425789766214 -0.815168019779385 -0.743370493940967 -0.213603689700291 -0.615259620455169
0.512762159210238 -0.320776266190783 -0.875860044559393 -0.0714197691698014 -0.475003942297934
0.143470261937492 0.205944371214659 -1.1423287580183 0.131653636365255 -0.262027650441993
-0.0224756355469762 0.548186673306409 -1.52495224599758 0.264585527650096 -0.0422172036946306
-0.448936661004383 -0.820037482629905 0.392237486637565 0 0.218296679466687
-0.212440052087908 -1.29563880102849 0.281886357099022 0 0
0.538728286288123 -1.45574793751016 -0.0492087432001258 0 -0.0870701478035018
0.947869735193621 -1.7061507987797 -0.372324429990047 0.631760643574834 -0.252714952832878
1.0401669378195 -1.73358794196568 -0.21310334793714 0 -0.152182408065968
0.980640591235152 -1.68099119862139 -0.0126883057811554 0 -0.106812664179509
1.17529441916581 -1.77009812677104 0 0 -0.207145196464195
1.19114900808375 -2.48772430601578 0 0.0625309321958681 -0.458356830882596
0.678393515367733 -2.1763865311795 -0.407156086046589 0.41628879240442 -0.567275888722458
0.625354501599238 -1.74605331869462 -0.433550262991533 0.140539086378724 -0.666871505596159
0.93276981577701 -1.42586207472321 -0.483258892388398 0.208482678160265 -0.547774442988313
0.895431996403177 -0.953496724063092 -0.667308058896595 0.393822074379117 -0.431875029506939
0.57908489624617 -0.441796621041981 -0.945293450045546 0.496822236531011 -0.243542547522272
0.00183198051154104 0.0158790254555405 -1.43706344840093 0.49866101023614 -0.14290469938944
-0.219520589882403 -0.858689065476229 0.216614478606688 0 0.229512004219585
0.379452202530512 -0.980657075420632 -0.203673554104829 0 0.0643900460427301
0.969550265555327 -1.02222956999693 -0.646885942575203 0.458806657904081 -0.140062794611799
0.651556738437786 -1.34051588956258 -0.225739874701711 0 0
0.63191586367616 -1.49457935659338 -0.0457301757002374 0 0
0.640103062966876 -1.29492335252066 -0.191541625905865 0 0.275851288325467
0.484201255108769 -1.71368178912597 -0.377990024984873 0.37384914333964 0.417417731375616
0.203231888747358 -2.56305832107508 -0.448996220576104 1.13832147361921 0.0629736809577661
0.370978296627012 -2.51383857443136 -0.629680621160282 1.01228758248313 -0.384374713670453
0.724400975549896 -2.15772134835275 -0.560104152653708 0.789743771422495 -0.464627395245822
1.46446551861107 -1.98121410079881 -0.201650609113589 0.728841530608284 -0.48917245396417
1.33990787418128 -1.52512619737522 -0.473357512415257 0.933305878688874 -0.433617870310577
0.954366221194522 -1.06387990590339 -0.874949323589172 0.940728916494559 -0.349256893551849
0.222964040311108 -0.597658974636999 -1.43979917834831 0.833833182603909 -0.348900411069809
