"(Intercept)" "X1" "X2" "X3" "X4"
-0.26378430854553 -3.3992992909076 2.51280098629929 0.494087060685143 -0.669396394583265
0.346704944754256 -3.28620114817059 1.68562393246284 0.719163228684949 -0.275222293926369
0.462526325609795 -2.99893186860137 1.37679277715292 0.660994011198408 -0.229931877821213
0.615242985697013 -2.69109946921529 1.07310745358655 0.59148114899201 -0.209685721735444
0.731932911396009 -2.38405007406401 0.691744463323431 0.409896221686666 -0.0722956619207316
0.996003440548684 -2.0071189494791 0.352220490957528 0.334262195889923 0.307480364733607
0.821450345801527 -1.53074253119485 0.220945742882989 0.190189233914054 0.794453573607409
0.39825049477841 -1.2965464104762 0.389807443381994 0.127041044534648 1.02480880481596
-0.111827466776506 -1.11252148641807 0.682813739885261 0.198509761503752 1.18887425037178
-0.606397546249913 -1.22935148241046 1.09990106687877 0.447284046345978 1.4836360566649
-0.735737858285405 -1.23632563477578 1.48624529163194 0.760208015960807 0.977849742847097
-0.797225408431956 -1.29827590022007 2.0017479108306 0.999389032563529 0.526536816389725
-0.893161845222333 -1.19860588981291 2.44043617240559 1.08032908330543 0.0409894251347069
-0.81385918032294 -1.20589483155351 2.90843354313272 1.40197789494842 -0.688538446496123
-0.178849348030238 -2.97731434852513 2.16150226272624 0.388263998091274 -0.745464347717373
0.243731846632333 -2.78353677529266 1.48999593753927 0.540005649075289 -0.507547778659219
0.323930017639149 -2.52157920941125 1.18424881768089 0.484757578493216 -0.453318910007166
0.383041381730339 -2.19779727226173 0.951763237496655 0.376889297257541 -0.533968127561113
0.605088337550769 -1.8895186243538 0.555558614794182 0.351285141543759 -0.460229099176172
0.62868314792142 -1.35694767703522 0.0540358963445494 0 -0.18302893806919
0.68238238695078 -1.05527342470357 -0.00130289156141367 0.328121625550018 0.267393770454655
0.418167987421129 -0.787902539474189 0.130498212343031 0.339673506202126 0.201232634450202
-0.112333721422753 -0.722951041784414 0.525315083051 0.563617786521983 0.649658162050498
-0.282809948250295 -0.814685188529825 0.815115547263253 0.75512599852165 0.422991876442496
-0.364068862759252 -0.855622525560254 1.26479980267729 0.97860825865735 0.0308463888662363
-0.462458529525032 -0.791502118992009 1.71900140946797 1.05842189699259 -0.241171243444384
-0.6085787862736 -0.778264723353028 2.12985426008171 1.09806189422165 -0.558518893935359
-0.720011420781821 -0.849870386811403 2.43958402535738 1.3093606840255 -0.780797268701365
-0.341659801143005 -2.80277523350367 1.75916993883929 0.18102031401582 -0.888734978551535
-0.015000593799481 -2.61386961272028 0.922138136155232 0.373334966123092 -0.885282617445557
0.171984433740529 -2.01964516348491 0.928531707999697 0.313217397991988 -0.674450454743492
0.172471301412209 -1.73540544159046 0.75501670414297 0.148505020839698 -0.815707998158842
0.287395624621937 -1.41729092171907 0.398081514020325 0 -0.883080091427976
0.766296207886293 -1.02164232536526 -0.0550338628433696 0.349740771273232 -0.358404794037467
0.619244895170456 -0.629295126298021 -0.212890450591693 0.501192785973068 -0.373507647673767
0.409656780569978 -0.33301160808331 -0.063181765603703 0.660466073049963 -0.280777633923435
0.274141959774467 -0.306633391130829 0.236433683988753 1.01462628284766 -0.357164145195259
0.141630751894472 -0.373397404554816 0.530106347981698 1.09890470244907 -0.728516717056836
0.00808233111707348 -0.326584715960047 0.954868864829941 1.01908618259199 -0.873965119567161
-0.204386718559675 -0.304379263019182 1.37267611803223 1.00224261014772 -1.00396733306075
-0.35702902859532 -0.470221496732987 1.8280675696969 1.0788497322409 -1.23459960491664
-0.780978022209599 -0.655600879878167 1.79981430876365 1.15965466971091 -0.622924731841235
-0.262245303026608 -2.33900301659411 1.62414086561195 -0.126924421660967 -0.852634339155486
-0.176899743293845 -2.06542159927354 1.20874638300037 -0.0460345037657235 -0.891622983751114
-0.144586061540022 -1.71813115009945 0.760332505235325 -0.0329164155818133 -0.903764456295862
0.0667889268608977 -1.24595426387012 0.449167166724761 -0.0132238611247434 -0.930512523209574
0.405232629127955 -0.870933930780628 0.0286113669834898 0 -0.763669674438611
0.735937124850758 -0.717350904730819 -0.326559663904534 0.378192652995856 -0.72136505745954
0.698924238208969 -0.229353883733294 -0.430473802958876 0.67983117453326 -0.89155415488772
0.6615105109309 0.0553213284342183 -0.307726789851526 0.701521389888152 -1.00528304186257
0.46144415359332 0.230660454463872 -0.185999277109208 0.684295706186015 -1.15045981671021
0.417142054958736 0.225350377893607 0.219893754443457 0.773942557161741 -1.29535292053768
0.122305474606395 0.135727829368922 0.693781868577895 0.813869925672407 -1.40080633404842
-0.316514973122339 0.0465238443857517 1.16848494686601 0.806737145884506 -1.45387386301381
-0.678634630734813 -0.189589527312492 1.05476822424649 0.749976368655222 -0.835810251067381
-0.88109771670377 -0.728671513671342 0.853195567318975 0.816854893886442 -0.23885285074116
-0.320974534948232 -2.23050682003907 1.27127458017061 0 -0.575420005533313
-0.260091970303652 -1.80202729477442 0.915352443818481 -0.264993766048262 -0.923001967843642
-0.260885387776914 -1.43573902750799 0.520431960249273 -0.329339900623154 -1.10019219773978
0.384980558810068 -0.902250387050716 0.198507929407541 -0.0241202321115938 -0.690600717967117
0.487706153996995 -0.561100791169845 -0.0909783643804216 0.1316227556795 -0.599547330877315
0.417469379962363 -0.264656431935547 -0.453780990381628 0.30344437828344 -0.919917825470086
0.462812599852655 0 0 0 -0.645973657190748
0.636743156494507 0.354318654106195 -0.48539897872746 0.309012653017553 -1.28540975693294
0.429725318742918 0.719684128399232 -0.298264597075755 0.247609996889283 -1.12674632034038
-0.117356476270282 0.745218960194441 0.382662106325473 0.723376271478324 -1.21208820413038
-0.118793487174899 0.648096520122279 0.663448473622905 0.644243697216981 -1.53052909937663
-0.106961414125777 0.393721477879943 0.993223073008178 0.492674478970059 -1.8524744905783
-0.652533527423162 0.0729884459217101 0.625771146689329 0.375592723023666 -0.963632479132138
-1.19591159678239 -0.848554245180153 0.432343831668716 0 -0.696815790915441
0.988514405889601 -1.28075044972322 1.04727172503421 0.0779228661586756 0
0.603743580102243 -1.49056922417682 0.399675461780657 0 0
-1.10807225019377 -2.08304740659508 -0.319366821764348 -0.310348722984636 -0.894507125292669
0.239259166695159 -0.997227194498032 -0.0501722606102386 0 -0.32680480535562
0.0615474013003159 -0.452891255553685 0 0 -0.452076435723803
0.152242237333323 -0.1142053075175 0 0.219988753721211 -0.910402244173417
0.197369379620995 0.182131515432982 -0.358358315166618 0 -1.20800682164152
0.311357397895946 0.67250936655347 -0.285162549996584 0.302779673670215 -1.21346474333829
0.337022925348249 0.854328732648985 -0.195200583731976 0.372483140075003 -1.07593138929465
0.427448042679367 1.05170139136314 -0.147183773693968 0.223477218850583 -1.11389427880011
0.230915542196514 0.975944885887855 0.391224219366261 0.631122722793674 -1.61278438960598
-0.16870543001555 0.716075138006938 0.258957481715957 0.54687828580721 -1.20890745802804
-0.86264013654494 0.125465567965193 0.311383592407882 0 -0.678266786948447
-1.344872617713 -0.958590879132188 0.164649650732186 0.74269796623236 0.0362067138434504
0.888309179585161 -1.11802212442 0.758368173240516 0 0.124340082626425
0.253233190876241 -1.74756590044025 0.758006335086371 1.22271619103955 0.928364662262698
-0.297049819150607 -1.08165886000828 0.533397472714679 0.699958672865444 0.137209027175076
-0.120959582094809 -0.807737994039252 0 0 -0.608682477181016
-0.237401986583567 -0.60614263451649 0 0 -0.677059552670094
0.184548194908531 -0.275394213961763 -0.417869620369325 0.403567279204864 -1.27142232560585
0.206881263869425 0.191693586824352 -0.179044537821354 0 -1.07097297496318
0.301112578538716 0.633487592157553 0 0 -0.776427708794417
0.261851114452047 0.940586630315005 0 0.206433700490739 -1.3354383600663
0.327728755264047 1.14738398744955 -0.296407543245148 0.0389516241437116 -0.647614153669639
-0.271860770224354 1.13031487754464 0 0 -0.470692760114055
-0.344702800300424 1.12988537616229 0 0 -0.397623464530534
-0.529406338317673 0.421914289123 0 0.458846916068255 -0.363078265806272
-0.890149243387928 -0.0789283602162857 0 0 -0.233323880873912
0.0495666384056036 -1.33461674432743 0 0 0
-0.190692312078027 -1.25539633273542 0 0 -0.342224922600477
-0.212763629365086 -1.38798520056873 0.434901404586414 0.778520810265196 0.28825725337159
0.110637042157381 -1.15752910589124 0 0 -0.739456062940735
0.062578772885548 -1.11992911569372 0 0 -0.845319229954159
0.661534072399233 -0.778734097521732 -0.24473534135618 0.358741186303535 -1.37378849743402
0.58255383343285 -0.285632099382858 0.107198378208189 0 -0.958033409384753
0.140470396297966 0.129465045194302 0 0 -0.782516167169154
0.268663974701168 0.553422732799015 0 -0.0186369005512925 -0.842756396114856
0.538585669262769 1.14661094642003 0.31347662231353 -0.034929075984645 -0.0760616608148255
-0.228809136412811 1.60098909654408 0 -0.30912056232062 -0.208257346935988
-0.412598292588154 0.934484755421393 0 0 -0.0671295562593269
-0.609537418203737 0.354973036685839 -0.478964195317303 0.720527691448889 -0.209783394780736
-0.546134789533966 0.576021418535826 0 0 0
-0.290468330242135 -1.5133085835463 0 0 0
-0.153526512134856 -1.37809069132875 0 0 -0.343156106791667
0.245468642989997 -1.35412992918264 0 0 -0.555644230041352
0.698955455921244 -1.26640555133663 -0.0602042724928518 -0.187978790564859 -0.839169222433463
1.06984363696755 -1.50842038517277 0.0763097736543206 -0.0683514216711142 -1.04860724841235
1.23236248603731 -1.54518854823124 0.406166172830672 0.177271055598436 -1.12645699296145
1.83812376871475 -0.958070626675582 0.676316164696609 0.354833826657706 -1.00949905764582
0.335514486829582 -0.558907029435754 0 0 -1.00678452657906
0.266200803931951 0.0391386589724347 0 0 -0.449114710862466
0.233077018011368 1.04610140309178 0 0 0
0.90857017049041 1.55216442955068 -0.116771875048466 0 -0.0632206528909523
-0.0586680996144238 0.966573824615191 0 0 0
-0.094935255775719 0.452033552624675 -0.769391554897103 0.465319525061843 -0.327565745444342
-0.332844579672314 -0.291938190636341 -0.973676499195164 1.13232816616724 0.246419708763399
-0.16463716275725 -1.29931431395227 0 0 0
0.509929879252612 -0.836160218557212 0.234269913752779 -0.49186679226686 0.0712671687604375
0.316010990155184 -1.48465501565753 0 -0.21565285780919 -0.508991231131662
0.547923904144097 -2.05824814009452 0.0835881283139808 -0.0965537823563252 -1.13454972015781
1.25309811215546 -2.23389021403212 0.331435891340207 0.306908504431079 -1.2851142721884
1.3015289149286 -2.09174399964328 0.524912108909693 0.14923829025672 -1.17924201108879
1.05343351819973 -1.49953944727585 0.366235525825586 0 -1.11768139275807
0.391377784214517 -1.11241866616385 0 0 -1.01610216212767
0.683120723554108 -0.631833277783891 0.187035897937173 0 -0.489139234551691
1.12255113399589 0.0280762765418815 0.103161536231108 0.00201749729383229 -0.656228421111626
1.38774253371347 0.766487842175817 0.179786015074939 0.168424709969835 0.135052403682952
1.17032215334334 0.868924050629115 0 0 0
1.12208275688678 0.447898328643238 0 0 0
1.03885353899074 -0.262795035060667 -0.78895435153674 1.03407856867839 0.258837504050873
-0.163303167502076 -0.94358092181927 0 0 0
0.286828038942047 -0.794491221445639 0.113446549404833 -0.516817720637805 -0.122275219701611
0.209658137566989 -1.52775517408101 0.552218284760146 -0.0769795570975737 -0.191248589017821
0.413434243013914 -2.23548689484843 0.405614698545191 0.000742005770868705 -0.783064309691387
0.477135950164865 -2.85258477016292 0.504347498707329 0.0405368259673268 -1.10451728874231
1.12919788846532 -2.45901773862267 0.505916375210572 0.168258795470759 -0.921256890479073
1.07249653868512 -1.81942883526212 0.397914385778664 0 -1.21550763987551
0.345911945588076 -1.50246623736999 0.111003167154529 -0.152248144967516 -1.18875665402139
0.333789547029935 -1.1493326711629 -0.0491332533632901 0 -0.636671218586721
0.290807253367697 -0.468717557053147 -0.344393097033961 -0.122638674228629 -0.500606623671125
1.40934875392532 -0.289941105520698 0 0.274776729135339 0.159543642088392
1.77498037738099 0.0992208143598555 0 0.355986980065261 0.476913338177265
2.04203260445746 -0.00966842266449986 0 0.227895372105905 0.294284640152954
2.00436617323261 -0.48357564221792 -0.274333842768495 1.34129494895446 0.697623825108788
0.281040401826877 -0.00205807556457524 -0.327624028655577 -0.611955255996122 0.001440406478638
0.375907050041154 -0.571638156498151 0.0582435637839325 -0.0994953577730304 0.121773472871093
0.621361995383075 -1.41834021078855 0.16346768911872 0.0780109659893298 -0.370060667415592
0.520424529972664 -2.1672512267727 0.151547001109422 0.398446559702192 -0.522363871421135
0.0529816383814002 -2.92185566998106 0.349104795689231 0.345110884417157 -0.268855733826672
0.959376526524422 -2.51471074978071 0.299961999844991 0.552630879839885 -0.38695661936086
1.20903088217475 -2.19025458969614 0.47525805173781 0.462289685542502 -0.385472657410073
0.373047490503295 -2.01819791270721 -0.0356388955954869 -0.0641619820417999 -0.832248357856041
0.300443153514145 -1.82387701431845 -0.191056648571298 -0.06463657228357 -0.52833294434027
0.646349942814456 -1.34640144497972 -0.225356897531378 -0.115518072285744 -0.310639509903455
1.37667604062531 -1.14508033445306 0 0.258617527845423 0.0329389464805156
1.88490749757654 -0.835822015610498 -0.118306729090089 0.565551824562917 0.606741916736403
2.54351160526455 -0.644846481185755 -0.0534047686525561 0.895787267740322 1.15240703024322
2.90430528310628 -0.842825322263879 0.158463411986485 1.21147398180384 1.14591822070287
0.345504752448068 0.0579627426561497 -0.445217182691849 -0.211068311705503 0.327959239679508
0.61531177610499 -0.530976065443113 -0.3156339128282 0.257643810007871 0.302197517001539
0.656444769033986 -1.37224755960608 -0.240658162893985 0.554986189632354 0.0897334044239045
-0.102745722375543 -2.45146273944795 0.0296421999438017 0.399791385990216 0.2727387001602
-0.0212264212496423 -2.53644169720997 0.073844313529193 0.540163458960826 0.279571697780545
0.488227164331898 -2.53506888833597 0.0562157187259125 0.672095086499573 0.425235919644517
1.07908323566162 -2.32708693457209 0.0195464952412554 0.459721670581017 0.0463675287369076
0.711355812331003 -2.34734281383845 -0.0833166445659674 0.0381913565648923 -0.342473461284261
0.511461498726664 -2.4448251491675 -0.645781753864476 0.299187776705468 0.529873623596893
0.933202589099535 -2.14014300514304 -0.515941300178222 0.0583812189544798 0.384864499153995
1.70183927857507 -2.00593724544986 0 0.326967166769089 0.150129511374444
2.23381595090735 -1.91110488114548 0 0.717303412751218 0.468078453296973
2.76973370145779 -1.83666485544455 0 0.959038210877166 0.761905795504035
3.14739001543452 -1.91078647744701 0 1.00690826144805 0.671190450562839
0.524767727075005 0.203225820986098 -0.432610377724005 0.61892973296661 1.06248965899437
0.138250130530736 -0.898781551944623 -0.238938008154679 0.710286414145777 0.643115947672287
-0.362035990038625 -1.82184505022059 -0.0243111115129002 0.651919820357928 0.68197287122389
-0.589599465026102 -2.3346550297004 -0.145633223552934 0.484506092475147 0.926772858868291
-0.534185871519704 -2.48222491286228 -0.123370934399702 0.537451818887507 0.939489128138947
0.0406823161575764 -2.4803633430834 -0.333472076608113 0.61109084334947 0.976906155420463
0.655289507718896 -2.46920924556555 -0.287048186192174 0.465354178728894 0.80046881037708
1.25545294050068 -2.77069464762791 0.0662862143200159 0 0.320558737374083
1.63639481513549 -2.94317216698656 -0.133866158671247 0 0.559587841984911
0.81355348772767 -2.77334859824719 -1.21046203021818 0.455164093099727 1.7592310767955
2.10475159831989 -2.6164600544136 0 0 0.510829037873529
2.54376379645792 -2.63058209911536 0 0.64461076004771 0.675186885411817
3.00303101081954 -2.63076682589065 0 1.06062934925899 0.848411296486174
3.42383228133321 -2.54427308024831 0 1.26979895004667 1.01874079726407
