"(Intercept)" "X1" "X2" "X3" "X4"
2.54247149785139 -2.79669072820626 -1.35586321468924 0 1.03340231697826
2.10862953266642 -2.87338035659021 -1.32356474039415 0 1.37225467621057
1.85116787234268 -2.60864304912223 -0.908187111858731 0 1.35368112572153
0.983256372581224 -2.57291796647745 -0.801864260183592 -0.577499193439391 0.959421668841124
0.471042099794871 -2.46713594042333 -0.324882687866084 -0.466575699938332 0.700254069225354
0.603724944946275 -2.11261071031484 0.127622324288813 -0.0860091721908874 0.854890967728673
0.836845159016996 -1.61586242552391 0 -0.168230824417795 0.820107432547
-0.0250004192017856 -1.85760629976649 -0.00830450011455148 0 0.321441562328099
-1.30043233610622 -2.24564548439785 1.32583826383586 1.0178828547136 3.50137421914396
-3.01661412838158 -2.84444345267276 1.10529215283607 0.602870924303765 1.06418042443345
-3.0250014528558 -2.44994528343848 1.7505394708996 -1.01027297044159 -1.13235864158509
-3.01656473065748 -1.84125319637284 2.81991861307633 1.17341191163713 3.05408660840099
-3.26467081728379 -1.44489041423188 3.34147716350607 1.518665652939 3.1509067043315
-3.53119359163384 -1.13272533198921 3.58380896614355 1.38244300220709 1.94030926213762
1.88028919626569 -2.69945836124254 -1.4896545511017 -0.308668179386669 0.702618885316749
1.535105748349 -2.48090843117606 -1.25131959628264 0.00589370785360394 0.614416155781796
1.54433554783565 -2.20111457406838 -0.826505962885755 0 0.928568569228683
1.32068722071446 -1.92315718416517 -0.456651428755914 0 0.838519963283382
0.818882950348904 -1.69341412194925 0 -0.0121186952374983 0.527286150186717
0.522012213690795 -1.49210868828859 0.135114041373449 0.109857695353918 0.597916140026602
0.660178099087332 -0.948499759884669 0.0377588229860558 0.0565057028398876 0.511834853941411
0.360942611693827 -0.515179488616817 0 -0.229224817032029 0.0427458014504101
-0.640433817200611 -0.924457172078767 0.307979472215184 0 0.76029234435782
-1.40518385542869 -1.34783989469592 0.585009745656269 -0.148374752681379 0.481012978603943
-1.61183255519803 -0.88098110364701 1.3755568495349 0.0980412420753149 1.08500731572263
-2.12191861833141 -0.738515875436988 2.05748594999998 0.656511525962013 1.53118602672349
-2.55227414225994 -0.394967390915301 2.34753082844432 0.818035723296825 1.37900505878993
-2.72884526410828 -0.334840786341676 2.54993642996368 1.26148293638198 1.51743730189403
1.35879660383874 -2.66407057117791 -1.08881959576249 -0.188102139885501 0.482890239597884
1.33264581894247 -2.12525725016469 -1.00507365454017 -0.092333619659478 0.289812665012288
0.861400672682813 -1.78052581313018 -0.706135747866666 -0.105025850728912 0.219875436958636
0.899038683059644 -1.39919889831223 -0.299241195105189 0 0.214215306791969
0.507401912547947 -1.17181387563911 0 -0.106937359096547 0.144317902441731
0.514303539529188 -0.863424900809604 0.0044304861761757 0.381785357693695 0.291613321600117
0.426508038756995 -0.351879906486626 -0.207615415621649 0.26705058702265 0.357378008434018
0.123669806232145 -0.00994277464691437 -0.193853252578605 0.0175562370910762 0.0114486767207434
-0.22386046856926 0.197043272636792 -0.468571910784017 -0.484145348926426 -0.371204674496416
-0.571478446003498 -0.149827131813473 0.389490773631634 0 0
-0.974925900281369 -0.178471337955905 0.914036677930216 0 0.335693318533055
-1.60560771888532 0.174797171652815 1.2343751527444 -0.333973472904492 0
-1.42597341824689 -0.0346579586237783 1.3304689212523 0 0.268697866418393
-1.13667926166701 -0.403125184901017 1.18892808554943 0 0
1.33523197056339 -2.45852446442562 -0.724346549246429 -0.017211355360687 0.592003220244019
0.801952828311828 -2.0310502393122 -0.57978466114948 -0.216005179484336 0.00783616794877165
0.159213753389119 -1.62423275922386 -0.473232116053987 -0.193929612967275 -0.335405245399314
0.455563974853666 -0.969492215501655 -0.274105460680477 0 -0.388692811291458
0.346171640886082 -0.567833627746689 0 -0.220456408728874 -0.509340697954931
0.612723637451681 -0.326313229601889 -0.246733659973372 0.301134955344529 -0.209210222428761
0.808082317287135 -0.0501677319812192 -0.369764617460246 0.575066085907148 -0.174506932104168
0.224737461227026 0.237760161402517 -0.284893719683744 0.622811506033973 -0.472965106586178
0.044376801919557 0.76046309424643 -0.405502219783422 0.137414494051376 -0.413656080922384
0.0911288898907046 0.753375443439414 -0.206534348714152 0.16312024159424 -0.294161530914101
-0.492935246101753 0.599821164639974 0.234665262587634 0 0
-0.850949297395978 0.636627778166514 0.628945367813265 0 0
-0.728168382101343 0.467441594666095 0.589050318283454 0 0
-0.790605967192047 0.151122187241238 0.515518428065229 0 0
1.83744940101065 -1.97413373732695 -0.269881230795897 0.213358380087226 0.967225499572745
0.794739422701081 -2.05845920104942 -0.433853126307704 -0.0515221296423109 -0.0699610381901691
0.58132460720217 -1.25448345878835 -0.343701656635037 0 -0.240713338834156
0.188791033438544 -0.67097283084341 -0.490847376756066 0 -0.539346132799927
0.541161915032649 -0.243221100225189 -0.143429768304825 0.616343879643836 -0.933393536992215
0.735567496133747 -0.0504691707091375 -0.466748391360779 0.620838340187297 -0.574094491633228
0.81980818906217 0.434505174608984 -0.613868555725684 0.792706667953291 -0.629970882714114
1.1063418190773 0.599295220139684 -0.455978931738423 0.292906143943071 0
0.659032098977846 1.08184838176372 -0.515720256018327 0.0476215301141822 -0.347301112631747
0.462850672708418 1.4649433823302 -0.438255262234379 -0.107843430855979 -0.469720635458973
0.244501533601258 1.41637823094251 -0.285085157209086 0 -0.491785842415155
-0.459033936584762 1.2236623411311 0.143984574160489 0 0
-0.57959461644642 0.949690010903298 0.160633224165509 0 0
-0.86099259889377 0.606173855725884 0.126437678057336 0 0
2.08466920972902 -1.67145933159628 0.0586082093369766 0.165761910362724 0.985805771848947
1.13374720813771 -1.55576712642962 -0.0651669152310846 0.278572496958198 0.514382838092124
0.878957221794794 -1.0662277494293 -0.325992958842059 0 0.0622972292998901
0.560830238569702 -0.302520505614079 -0.451014362664802 0.180976705203922 -0.445309993401455
0.75166536927274 0.073189183971694 -0.429574603448387 0.573535098375635 -0.869195573841304
0.512809972676301 0.268715228844117 -0.497192269372933 0.64738869133669 -0.74898029362945
0.584156146785265 0.544754851478905 0 0 -0.384385514354437
0.798401036310811 0.736419965938667 -0.575450004353752 0.139526632123481 -0.468876877171854
0.836413863032259 1.11156700763481 -0.732361327301137 0.296396783088499 -0.155089528814043
0.48640991252778 1.51812607548751 -0.778848846885946 0.0669221238259451 -0.0938184749061731
0.50337281424899 1.70607828334887 -0.765170673356532 0.0394986959705583 -0.299070221553292
0.587177624272636 1.69328784740724 -0.62252777678532 0.535504425943437 -0.810248765472908
-0.207322209419928 1.06967511891974 -0.276124065055051 1.41759349287319 -0.71664245662998
-1.29132942706828 0.0732623926100395 0.0956077041578301 0.401118284251787 0
1.9402619307122 -1.30566472771164 0.0108456920348599 0 0.75827483504288
1.09943371434344 -1.12807521289609 -0.0676956968338492 0 0.301146390977293
0.495550819200365 -0.99317907701048 -0.0234760759741096 0.453237516409749 0.251948479688554
0.17478572767086 -0.643127755318487 -0.153402526630849 0 -0.413321855219062
0.390588619265616 -0.492352315845045 0 0.215901385348189 -0.704821486418174
0.26333214051 -0.0757254513547086 -0.10732930280906 0 -0.594155386332984
0.608959046057815 0.475186515591374 0 0 0
0.436648340272409 0.829801072224684 0 0 0
0.434475679358011 0.988850698250774 0 0 0
0.554050266322769 1.32773053661576 -0.428101420004344 0.0826789328942285 0
0.691332097137649 1.72169130709609 -0.926264207729824 0.237572175908559 -0.641130739829874
0.379587109679281 1.86590621345708 -0.413130607290437 0.216444663913304 -0.565544673710441
0.0883819046227555 1.56942333059076 -0.506673866439015 0 -0.383586611393906
-0.900998544770364 1.13315271709892 0 0 0
1.48024578117859 -1.28850446296369 0.0364961700600778 0 0.526205746860419
0.585352188356999 -0.855652531372625 0 0 0
0.318756935961693 -1.00513151967336 -0.143336167711726 0 -0.167634881075516
0.256762145640635 -1.04894116836495 0 0 -0.62059294114403
0.293195543368506 -1.24267473612423 0.31785801089338 0.290118106061372 -1.09097299828499
1.45612902359177 -0.861058070286903 0.209062911201965 0.792101255470013 -0.986629235183495
1.09896196233535 -0.414462701835514 -0.0532984268239862 0.610756840992456 -0.938359043210107
0.324442533124342 0.152747775691508 -0.242948158702321 0 -0.92438863105571
0.50253470653348 0.566028580938708 -0.453171721963098 0 -0.892213083273935
0.93146065093239 1.13711196115099 -0.532122156841357 0.37313491722417 -0.758234412257548
0.512023159466122 1.70965014268438 -0.682272694676217 -0.202332062146437 -1.01888758810927
0.178064171750742 1.85855544198384 -0.517375490678656 0 -0.704057671828958
-0.127870407941822 1.49313104036051 -0.115448440674599 -0.408116423238391 -0.318391268453525
-0.429022626555205 0.969096820979215 -0.56854113037542 -0.98654118865086 0.604901587297755
1.03730172493125 -1.10264373763573 0.298312110015033 0.588686991621201 0.983890148686435
0.665971669397277 -1.16547950099365 0.0686491220326143 0.283296632077364 0.348926597346674
0.43815633822525 -1.27926525114511 0.0369895270033387 0.17840496458877 -0.244036190729072
0.261981040076818 -1.5899332442395 0.250626104707567 0 -0.576576040832058
0.406422164082036 -2.03600600692196 0.751422161779403 0.336050098052628 -0.993895966355046
1.91189660736449 -1.6276337302887 0.824583190960612 0.843997541253087 -1.01967168379086
0.792243943574007 -0.982515822261347 0 0 -1.04827834247554
0.554403433192412 -0.929932579298114 -0.102144549357068 0 -1.2786636444598
0.595588056375213 0.0525916496904016 -0.501099902208501 0.156858878625053 -0.814977373660518
0.0818909605105458 0.80079297327059 -0.732136694259071 -0.0907479172528405 -0.485143445735757
-0.12164632529451 1.48933728538402 -0.755032662858052 -0.325153852156222 -0.966634138782904
0.0205935198579921 1.99191266931163 -0.214295197705501 -0.524041795995211 -0.678263886829823
-0.592790606530866 0.864532277768241 -0.99128316296263 -0.901509778248911 -0.136159367975051
-0.85160783584981 0.076886669273445 -1.0558977027341 -1.10406752870349 0.462520621078207
0.268672909540919 -1.02025190625799 0 0 0
0.283572224389216 -0.969689750227522 0 0 0.00984829723497426
0.511193819290204 -1.44934191330862 0 0.0246643874202819 -0.107264946923813
0.387655904561175 -2.05275009545734 0.424435037194408 0.0921585907455676 -0.674610481979428
-0.00914741905850568 -2.5262765161349 0.556228726130742 0 -1.133860167885
0.773281051173898 -1.86359235141845 0 0 -1.26639646897236
1.21317584458681 -1.83482034321576 0.691026755219818 0 -1.17331112044156
0.701838276227392 -1.40863132810999 0.0267416420352709 -0.0872174889522555 -1.31773005715725
0.886598636897085 -0.408388824991182 -0.181683723844865 -0.06926634269127 -0.995279029644764
0.654638895545025 0.512795725605669 0.162245426097376 -0.346066462453605 -0.612525438734033
0.230057895681891 1.00238897761077 0.0161201739279936 -0.68302895113046 -0.875271957613746
-0.236651416618664 1.51496913233993 -0.429952041129637 -1.00130359945272 -0.728865312974617
-0.270855763216577 1.48001628517206 -0.258979371768162 -0.853872897736481 -0.366756911601428
-0.567953212396796 1.10318138375731 -0.436861837513485 -0.613997847096392 0.112707184937789
0.213201921679717 -0.584718711228457 0 0.0910779576095262 0.250146490524944
0.337934243206149 -1.05896549974152 0.176130258284598 0 0.094814300495043
0.586954165165228 -1.55526703169008 0.413484835357919 0 -0.194362894751323
0.641699597524958 -2.2709015272554 0.326327407757696 -0.00243781308324619 -0.597856387849533
0.166767712187423 -2.93799667661375 0.592045645251426 0.0268378195454727 -0.994537060951321
1.01259578202215 -2.18465601474357 0 0 -1.27827423171064
1.15766330239985 -2.19414756676714 0.435432914872589 0 -1.13296423787593
0.690156488530292 -2.14304777135382 0.109088688701768 0.0235276875711696 -1.4370307698619
0.511764664378309 -1.05787477655657 -0.359340178765154 -0.369787564184106 -1.41737012712802
0.115869504867646 -0.121181712602924 0 -0.553011423445684 -1.07944045067186
0.401921262109148 0.157980464034014 0.284945707108256 -0.76512621078166 -1.03676727989265
0.287043308906544 0.823351509814161 0.54603133179471 -1.20881200877777 -0.632204332796852
-0.305584934727875 1.21195989213469 0.200177311900791 -1.38093711743047 -0.360979573284056
-0.435677511461728 1.31330658089691 0.22890167950143 -1.40484460752051 0.0597330006338215
0.781044229642923 -0.249067847144696 -0.503682441980789 -0.118424158054112 0.328295398167544
0.838029580570319 -0.755718376551782 -0.335929534942541 0.10637956786374 -0.0754976301116139
1.01588224662617 -1.39319623864742 -0.140982733371863 0.25554167211175 -0.25912191861671
0.945307827620626 -2.10318326908723 -0.0129162238440002 0.287380489276387 -0.382772929605925
0.532745882996817 -2.65876866972138 0.227206231645807 0 -0.541937449019732
1.03904508814209 -2.35027738441837 0 0 -0.887691105812591
1.08488672188311 -2.42002125592511 0.100329364809758 0 -0.771183881979435
0.559728610384426 -2.65017109948854 -0.0579340166249693 0.119173592371599 -0.803154638250685
0.451759343971742 -1.56385913430177 -0.150330364430285 -0.39846154878442 -1.35626780317441
-0.219539695670866 -0.876133635099942 -0.455522759364673 -0.849967332743444 -1.39564682488689
-0.745116668312722 -0.280971103763777 -0.372584686900535 -1.17131289643536 -1.49789404373316
-1.56606841095161 0.282908259578045 -0.388256039346465 -1.80453895198322 -1.49718522135864
-0.467602514148578 0.299312756936205 0 -1.52922784652601 -0.515199424518999
-0.189311155618736 0.789746558246448 0.704616098956432 -1.98496414990555 0.0689846334660651
1.31082910863076 -0.0459898986726407 -0.880956334860053 -0.000343915873193926 0.391638576076911
1.44535150808482 -0.59406686867989 -0.811107587915049 0.175849631688297 0.155715687403534
1.81997545300968 -1.04503273678036 -0.867154828997564 0.412897385055021 -0.0221168142553623
0.989557145990091 -1.83792975129092 -0.326910101849672 0.199308421907391 -0.110330642329411
0.926541203160449 -2.09877025651211 -0.0257410355092536 0 -0.314467083478171
0.841836391605173 -2.41759389945524 0 0 -0.297059537341683
1.14398529089505 -2.612319948505 0 0 -0.269631098340231
0.948953081582861 -2.81482595261893 -0.207529808947648 0.104626429665032 0.125677438944968
0.145557785696913 -2.02356546677394 -0.478395894216465 -0.447793209787278 -0.687573179307445
-0.303038917433229 -1.558407419496 -0.196719207826467 -1.04316924599568 -1.5519819817703
-1.11001619583277 -1.04600456720701 -0.349018610994462 -1.5669108586641 -1.58660403401351
-2.17863154384978 -0.499761265078895 -0.426466554357745 -2.34271003864428 -1.63080056168152
-0.883357199965744 -0.396801939341666 0 -1.92391822898466 -0.732598422601876
-0.808634865280257 -0.10358088084854 0 -1.99157605182065 -0.329318122956174
2.1850474819035 0.42642226384629 -1.59664683918513 0.53516385583083 0.370450789367802
0.289200022857621 -1.11424554335582 0 0 0
0.526194339948032 -1.38741095803651 0 0 0
0.84671260777259 -1.58865349178363 0 0 0.05611600866421
0.939694519104626 -1.85781567634486 0 0 0.00293724914159656
0.71939800681967 -2.32239692111786 0 0 0.0989236145702162
1.0447800625004 -2.89443545357783 0 0 0.311804074385432
1.13334427317644 -2.88166436963254 0 0 0.19116516627714
0.457026985662214 -2.57303936888914 -0.15007492819474 -0.390633855530269 -0.411923931293992
-0.675269561016355 -2.09297323515864 -0.425135470823704 -1.16320491017849 -1.27614269973268
-1.24624699518848 -1.80140529172976 -0.229911586125274 -1.78796810116373 -1.71209347523563
-0.324588637430585 -1.44682767131962 0 -1.41493134601134 -0.845516127379231
-0.93124504696674 -1.12662026458266 0 -2.06987140279585 -0.774953629654142
-1.11140228503481 -0.775858386668937 0 -2.29490628076973 -0.516773511400848
