"(Intercept)" "X1" "X2" "X3" "X4"
1.91746811706482 -3.25023938552516 0 0.782328131887712 0.677093848894765
1.51432411581341 -2.8493322767366 0 0.490345506053078 0.843455185287225
0.648843005578828 -2.41383252815474 0.32460955616808 0.261821155703569 0.801270022197751
0.533302503779281 -2.22577289932633 0.439072750241604 0.000346401420704196 0.980829765969895
0.768404542235134 -2.41300297714014 0.350461105190961 0 0.599318730421847
0.307186950982613 -2.32863672623887 0.705932273778688 -0.134423303899988 -0.133804163709994
0.293742134042884 -2.03324784818166 0.561858658419863 -0.313168518976642 0.117133739626155
-0.232840925730994 -2.35956962930511 0.70511027099263 -0.0351265757079724 0.812947632031677
-0.452303426840113 -2.26124318956242 0.924314414859352 0.0554191257954482 0.978318771144353
-0.696180711598464 -2.23512544250505 1.15248005580587 0.0912563147457101 0.95005383137769
-0.711221565123202 -1.96474630524337 0.630842051619656 0 0
-1.06751410384103 -2.1484351008325 1.01593299521592 0 -0.0761509767881166
-1.41550489724817 -2.46091833467558 1.07979065822028 0 0
-1.83349834695121 -2.82422519861381 1.24456802521275 0 0
2.27161695693073 -3.31643232166218 -0.758524297421454 1.24837843246914 0.309267480341822
1.48638650643383 -2.42028688214871 0 0.396247486745515 0.481366930401097
0.305724971917058 -2.01771969044375 0.0555288492102729 -0.0240254178324163 0.323113389957675
0.527012922047791 -1.60483740838746 0.0697997203306216 -0.236869496254328 0.822598757341038
0.827855373574013 -1.63057039759667 0.201812956958701 0 0.61936814937135
0.646304493787649 -1.46349703067086 0.419824626235371 0 0
0.353538458885849 -1.32427789040766 0.280758684427154 0.0435021876227195 -0.0506804200527688
0.00512042429870459 -1.31821612225465 0.290129516931787 0.144951212589718 0.139080793435583
-0.329130227845029 -1.48470961658999 0.498014249567038 0.403195581347447 0.491482703206236
-0.497880281731336 -1.12060664452412 0.345446412430271 0 0
-0.571886163558459 -1.59104971572282 0.873062999198595 0.392637146541799 0.330239385071751
-0.981145193745827 -1.38849992139324 0.783543105552462 0 -0.117361106874315
-1.3686964259041 -1.74795229008859 0.792152009074151 0 0
-1.78838597425774 -2.20763335897928 0.869041638325091 0 0
2.39511299332573 -2.83153215573278 -0.564089415217083 0.9268070480701 0.1691243862423
1.24093198131027 -2.281131734384 0 0.224828972742769 0.129907608794454
0.132534821204955 -1.97680528377467 -0.289102193750921 -0.252916792643645 0.0957518133445797
0.145074749840799 -1.21514986664265 -0.251283670083058 -0.53057108624925 0.418549719536896
0.793571882627846 -1.04636238328789 -0.0607097324286884 0 0.252062946980989
0.577058693146375 -0.7516412123165 0.131373736102662 0 -0.162313590956719
0.438141100959189 -0.774860455873374 -0.0573647814456785 0.415420797469252 -0.321946336163801
0.203448072547931 -0.53385924598688 0.0497777989636779 0.469748580261356 -0.394202463384533
-0.495751954643448 -0.612905210924569 0.34795163139766 0.972354077365665 0.0268809044545653
-0.295086236592201 -0.556087375709272 0.160462277912633 0.529505315665478 -0.0198468719876793
-0.589748499389042 -0.487160822692081 0.351564836500866 0 -0.10328948869725
-0.982753019521949 -0.632093828468586 0.467025249397761 0 0
-1.41803911423431 -0.944654754901319 0.446312928419606 0 0
-1.77398210334043 -1.61079381514878 0.356453857191222 0 0
2.17210266462558 -2.07853564404869 -0.342377305788891 0.235880648157765 0.366218616972765
1.23074244018391 -1.89366064634516 -0.0287163019469975 0.00665549435087585 -0.0421757404159745
0.513666777058611 -1.53364711678349 0 -0.31209836911237 -0.0655025861435662
-0.100038717267679 -1.06476529939707 -0.348316450228832 -0.701580301085452 -0.0430606021050511
0.712742805103851 -0.556120104321973 0 0 -0.163543262964733
0.56970902827623 -0.198050336742444 0 0 -0.152064721397187
0.588195704261949 -0.113629566422023 -0.330133309658205 0.535992580987808 -0.403277688484481
0.310530290693277 0.0719088637214263 -0.184688988967939 0.858938477095943 -0.674338148946245
-0.144230183362396 0.410841632175165 -0.0566267054447589 1.0602984670588 -0.343909032410556
-0.144660737035086 0.452514065551599 0 0.323663844916904 0
-0.649211163473201 0.29936596107798 0.238074576328258 0 0
-0.946441695149393 0.163306683377963 0.284081658480171 0 0
-1.32443238891159 -0.324363353280788 0.267421884688459 0 0
-1.59060262384409 -0.932491761052513 0.138173434777214 0 0
2.72544999518129 -1.38268786047273 -0.228322643314688 -0.913413266218976 -0.099024586471254
1.8602841958323 -1.08905685304415 0 -0.468166924850668 -0.210373525166906
0.567248744029643 -1.22166021700856 0 -0.540021651681234 -0.3350858297512
0.780434976570833 -0.834509369259001 0 -0.266230139614307 0
0.102591257120441 -0.489473116387889 -0.284051527191194 -0.150364480378179 -0.676636093692572
0.437348259010837 -0.185859103164153 -0.424786220758661 0.0357358335770753 -0.322578515395422
0.852483971586649 0.171242405020203 -0.497564564779454 0 0.0406022868146449
0.676747797759053 0.414601200826752 -0.305932337906921 0 0
0.376430203359322 0.647012428115252 0 0 0
-0.111694959544806 0.882854388132348 0 0 0
-0.467517588967392 0.93606799885252 0 0 0
-0.840933396395893 0.753191422977673 0.142833096701151 0 0
-1.04392808105512 0.346113714627573 0.0384353951423548 0 0
-1.30705077075299 -0.358023230180277 -0.0955448726945755 0 0
1.39178095083405 -2.00113233649092 0 -0.480946892106801 0.362693526308508
0.867412731944267 -1.55664760508718 0 -0.675950620816669 -0.199698089743927
0.640144551784519 -1.09612539774204 0 -0.8186215036476 -0.357068852455333
0.422372572463975 -0.773835396888059 0 -0.615354790376109 -0.462719883016023
0.17263364341277 -0.448881650790266 -0.35524325300569 -0.202460896123257 -0.718470187010337
-0.0209869296752225 -0.159891510418557 -0.299223493891598 0.0136736188825561 -0.646631235797958
0.425280288041957 0.312133013026961 0 0 0
0.412903957447328 0.604424993647299 0 0 -0.283727741898476
0.345052875320417 0.969147955784289 0 0 0
0.0564386942496774 1.04802645229242 0 0 0
-0.332446112075625 0.400778846535379 0 0 0
0.112488172295116 1.41058805866124 -0.466832693941545 1.1472535495032 -0.435959779346115
-0.790719133296427 0.531196068745287 -0.168119675304061 0.350952290561672 0
-1.59622881431312 -0.455753812595393 -0.0433520837558913 0 0
1.5414965927674 -1.84364768282124 0 -0.543496088840147 0.671993777263823
1.10658179493493 -1.60998013117674 0 -0.704502654097711 0.211121715563158
0.836169252923356 -1.24254715050376 0 -0.719837238449254 -0.125757821482574
0.553350359651601 -0.891926459544497 -0.404685534998018 -0.564989650301742 -0.491676085156279
0.427268977183539 -0.633629576877597 -0.341237558033574 -0.139080564895881 -0.635438416617504
0.225582710069379 -0.506515504140046 -0.369391280688267 0.0736499523114862 -0.712011762896845
0.33408276024047 -0.019037807258933 0 0 -0.480050642803725
0.409265552326092 0.410121055919625 0 0 -0.387973365175602
0.288429102452837 0.895094782470271 0 0 0
0.123575624705828 1.11656611833847 0 0 0
-0.0662076439222982 1.04233141019697 0 0 0
-0.465130979890759 0.759127562365129 0 0 0
-0.103553893848842 0.914687972632106 -0.667127204630426 0.628212005714312 -0.271108343544017
-0.821809089588802 -0.221855229476984 -0.618381467412757 0.243483989666287 -0.0928860940747445
1.47009733587983 -1.59917817237445 0 -0.470937185164176 0.754532268157425
1.17823595120513 -1.56480442728865 0 -0.570643742916447 0.311498382742164
0.84134508498828 -1.46929173663216 0 -0.520716275218453 -0.12063080737925
0.609444818285007 -1.27409915151139 0 -0.258269339721853 -0.468512084644501
0.604405664336156 -0.952636029097276 0 -0.168153178696601 -0.693545098538012
0.401273603635783 -0.948989812808764 -0.0909914641484222 -0.0137456237185843 -0.754979232015219
0.379759062756498 -0.603388460772573 -0.133282342732217 0 -0.765165200357719
0.552630730130802 -0.319744517639357 -0.288835824368792 0.57084104821688 -0.76233035800423
0.418767352328316 0.50874018620819 -0.552482523566134 0.679971031956728 -0.662008762147563
0.336410141120066 1.15623924605352 -0.65931903281174 0.537711825256363 -0.575139526813678
0.019976065733338 1.32373848079941 -0.796381224057582 -0.0362999953166186 -0.454708442304584
-0.249151600311124 1.50373749861749 -0.72220904821452 -0.365060782729494 -0.253880582880254
0.0596085224946439 1.40216720606232 -0.855160024968533 0.11742542218122 -0.262670043792251
0.138637633171862 0.752807093856558 -0.860288113677578 0.0675111607689158 -0.134775514601013
1.26387142076469 -1.48244443828584 0 -0.403243955518321 0.683821898978276
0.896435904120552 -1.45775651401907 0 -0.350198577154855 0.0854586915457082
0.565989801825174 -1.49829003200292 0.35867456696722 -0.0617340301652078 -0.159419315879872
0.587519951008636 -1.64130243775382 0.264616204225541 -0.119129902250903 -0.549373478341695
0.693076143199739 -1.38625635705607 0.0869393092341529 -0.109056703374521 -0.7223025362126
0.350430180932619 -1.26932398781974 -0.0686376291896112 -0.100057845362642 -0.900137791790389
0.380772659008494 -1.24043346963538 0.0824031519920905 0 -0.796638424839113
0.569502684491339 -0.913708212644439 -0.241304049478346 0.385306397231274 -0.905226324074716
-0.0477093382916216 0.0626442577218371 -0.755322467156208 0.159774268371068 -0.722870722044893
-0.122375185944926 0.687526182524892 -0.96395883871598 0.114103065163717 -0.640969767805994
0.0455538727031982 0.917580434985873 -0.729375821769152 -0.251543713049742 -0.725537819506175
-0.309716876989806 1.22523851272174 -0.619085451493434 -0.612529619111437 -0.485749307834044
-0.394037328553962 0.791511334003438 -0.333287581983493 0 -0.290932223003401
-0.662153567216954 0.719489071311065 -0.352974501927193 0 0.0556634425922722
0.541091029390883 -1.15516367130289 0.214761410534814 0 0.533172459746638
0.539004836502731 -1.19949454925611 0.323204190637141 0.0535741746130223 0.213095153704273
0.308477157934214 -1.66047127913111 0.403196300977934 0 -0.303740346638591
0.443342093434389 -1.84897940108863 0.366500522578055 -0.322657388833756 -0.581271243667376
0.454620190722874 -1.68966468096773 0.105181414524653 -0.411629867993841 -0.793942639859086
0.316883769388263 -1.73820713259408 0.0432807025669852 -0.132841043015132 -0.951766366421748
0.661286130492483 -1.93255969372275 0.352008266356145 0.294975603261923 -1.07943324072426
0.527079331689455 -1.35586622154726 -0.0865011914334145 -0.100064492551241 -1.18676642197947
0.475220862133023 -0.404623713554057 -0.124089530782879 0 -0.686598826347866
0.633748244406689 0.0380037692190841 0 0 -0.465361776856886
0.613246107616288 0.28707344024173 0 0 -0.449872454083404
0.310891910757584 0.332621878145496 0 0 -0.443922628851456
-0.106308950779291 0.363569558165633 0 0 -0.295266683692102
-0.412168215533435 0.309892574192528 0 0 -0.144219244915908
0.563395492970286 -0.883420490231492 0.197799211097321 0.282993045623384 0.521447987737311
0.456642339813759 -1.31451913673245 0.278199311536829 0.0386760577268282 0.0964459476085466
0.302982146833029 -1.84506531747951 0.450975477310816 0 -0.277783353946401
0.495296925701678 -2.09670862952889 0.417890927384081 -0.308166230582837 -0.539993672130913
0.458334654369426 -2.05935029500078 0.258536550413386 -0.504212762084375 -0.909211926952731
1.27670437271249 -2.04430396414162 0.614748438313588 0.129128605475365 -0.874018763080557
0.802813854036054 -1.99159305904997 0.501868512774119 0 -0.927363505340591
0.573585002424556 -1.66279879240943 0.117167775279204 -0.154882197790181 -1.15784071059937
0.7665992545959 -0.868777575244363 0 0 -0.678035094667252
0.725416606632325 -0.470595580260522 0 0 -0.537419382669544
0.715443034958704 -0.328408241717789 0 0 -0.524544491423298
0.564984303838903 -0.106135568092657 0 0 -0.424579338259368
-0.143141675469553 0.216569332208016 -0.755825776832356 -0.0961887552718519 -0.162608102892119
-0.279294724959977 0.130385564893925 -0.839951322645096 0.194069478741289 0.0791086289700459
0.503319762053796 -0.913091241947779 0.0551852152621317 0.133042428349602 0.28341189183966
0.212499714917759 -1.55414217427733 0.378626465777936 0 -0.0686275649039144
0.195607092818308 -1.9451780771606 0.445846927636007 0 -0.339220410294116
0.0855779024417359 -2.43146843302149 0.407321576654962 0 -0.689114560303375
0.730281463712575 -2.29306770227024 0.378619183126813 -0.0608202322687534 -0.837569328055822
1.2708857986057 -2.13616112105141 0.637812755189544 0.282557799182825 -0.522506764669511
0.93445920977503 -2.13518247979532 0.545173302696744 0.019121548934641 -0.834338621568209
0.643181087232604 -1.99737804555153 0.32108005841713 0 -1.00116408379866
-0.0996172484971652 -1.44756497779726 -0.115777081809705 -0.70270878253235 -1.31950047891353
-0.209926043475842 -1.16518621776172 -0.461861006764426 -0.799128522199155 -1.2261002912371
0.358848740273081 -0.89775412491372 -0.46640441866689 0 -0.624440228844363
0.609718143809276 -0.779321189835504 0 0 -0.54156242177988
0.225708442516016 -0.626779931691838 -0.358202101160542 0 -0.350081021942888
-0.246164998630053 -0.503253524213705 -0.826774982993795 0.33122956555413 -0.0344697476882032
0.0551351370746629 -1.27863793702704 0.299902293897127 0 0.0849559598991174
0.089417682819414 -1.57470146959621 0.360063829415849 0 -0.147056964043613
0.0393153090958771 -1.93030601255898 0.388747999868955 0 -0.434746783284245
0.0280279707073556 -2.17058783895796 0.423773828362584 0 -0.658294368840048
0.425408729632818 -1.89109990407102 0.153169872108125 -0.0225591679246664 -0.3929208354178
0.656485690879374 -1.89015327858131 0.3680665709108 -0.113548031888087 -0.277719558329099
0.884013012165792 -1.96434619959211 0.49321419534045 -0.201446597009306 -0.553466459458391
0.483494283810162 -2.19270449960004 0.28571980772944 0 -0.861402976270983
0.210905525541603 -2.01024515025091 0.229304460473666 -0.623755232545264 -1.38985611877214
0.325086136564485 -1.80443572603408 -0.163737774257552 -0.587557377009653 -1.12448691523754
0.459009527377487 -1.87481577530588 -0.119618323327204 -0.325541464705056 -1.21923788017312
0.434711998484619 -1.32899424375177 -0.405054460991926 0 -0.51711134610168
0.27018276907459 -1.22961588486132 -0.435373052462983 0 -0.440071085627346
0.137151727702249 -1.13150532451717 -0.487694914914415 0 -0.318260528131747
-0.134842194154708 -1.43777440709233 0.359314206967691 0 -0.0644209224417871
-0.0875728807733325 -1.66130964009992 0.401552142981153 0 -0.28672218977382
-0.10094402577924 -1.84432135604439 0.394614147737162 0 -0.506138470476062
-0.155953244772988 -1.88048411918039 0.405714866543803 0 -0.605246241345597
0.169929251056725 -1.37065915045698 -0.0632378850061905 -0.31211298063341 -0.212835247748856
0.195844368774143 -1.63271525906596 0.120986285087876 -0.418228493593011 -0.172842504219738
0.364076505888474 -1.82291024872729 0.239874907601339 -0.442258474607376 -0.28197117759498
0.497691826134116 -2.05253426140701 0.451721513446762 -0.70495897459571 -0.88105949690659
0.480735679472143 -2.01538781010277 -0.110958551504615 0 -0.666171050127125
0.614834148885644 -2.24857470479863 0.0201275402455951 -0.416123994506441 -1.0786863040787
0.81627906518828 -2.41791476084376 0.105529147605014 -0.246218241258737 -1.22353925324379
0.351186670228998 -2.33665219389329 -0.150616540523583 -0.111366788500077 -1.31459761812179
0.470256316247841 -1.71907000999255 -0.382993910557913 0 -0.444644113255811
0.294461405929586 -1.60502543156003 -0.497748798253328 0 -0.345330061809505
