"(Intercept)" "X1" "X2" "X3" "X4"
1.61316600941799 -2.53188037441705 0 0 0.730010405846854
1.41408492730382 -2.4079945884086 0 0 0.587889024910958
1.22696197156158 -2.24205772070532 0 0 0.47901799303341
1.14278037269475 -1.97009839024625 0 0 0.368012381235398
1.01162164946854 -1.6630420803734 0 0 0.137486837826012
0.50747874546488 -1.81221404170438 0.340033662199421 -0.149784849024444 0.409287058236484
0.144981439444338 -1.83424766821214 0.508397816352675 -0.0501042113427817 0.540579077505379
-0.166868683310091 -1.84995944138672 0.685117940330244 0.0262174594725595 0.502676349744411
-0.423423243972458 -1.78979364751051 0.811213027444891 0.0421987202713664 0.441886157432453
-0.637433254401288 -1.76426997315161 0.944190799439595 0.0346099242093328 0.316120358437669
-0.878763218131929 -1.66048887827788 0.535586043559137 0 0
-1.1563573944074 -1.79408144701994 0.827146378565542 0 0
-1.4667165125384 -1.77096838718847 1.02684513707132 0 0
-1.75274700349605 -1.83136730100017 1.2190441595364 0 0
1.57092504484772 -2.33210852646302 0 0 0.658431200664685
1.36698504864062 -2.16388814742204 0 0 0.474581226904352
1.1955527690956 -1.96864997403152 0 0 0.365917326551275
1.10667863215722 -1.66433098357937 0 0 0.223926954785825
1.03067125034623 -1.30560552107783 0 0 0.0113196958171603
0.664620349088289 -1.22684583412209 0.1353808746802 -0.0342606485347361 0.00486104835216303
0.382702518007476 -1.11561233247025 0.244819712821637 0.0621960405544366 0.0181384007831806
0.0294242878453916 -1.13121154233368 0.43166938402989 0.175921132471859 0.0937388016772672
-0.238113831121291 -1.11638494115454 0.557240513901638 0.192838902760739 0.105436260315514
-0.44860044004872 -1.13121012780788 0.689051108133731 0.183517538622593 0.0379821502069309
-0.776773406487468 -1.08444242022174 0.535984938932243 0 0
-1.0416420975611 -1.22232283922857 0.786414748843772 0 0
-1.32168073787158 -1.3066804223119 0.976401296863972 0 0
-1.63703569963214 -1.43911956964057 1.14336659170221 0 0
1.57313576101034 -2.13859823837347 0 0 0.647763665322346
1.35281097885358 -1.92632427647652 0 0 0.382670421978038
1.18015432120523 -1.68825673281327 0 0 0.255220000552255
1.07631876812029 -1.38074786702284 0 0 0.122527311869265
0.994749125450328 -1.01692687733514 0 0 -0.0814905976501655
0.782709751645862 -0.80567166168069 -0.0668568793520071 0.172272890605189 -0.303680858793049
0.579617971138188 -0.518176773608182 -0.00118001469037887 0.171682176106078 -0.412829231425274
0.344233798471978 -0.423008573068411 0.0975410306482725 0.320297878696451 -0.347486782741021
0.0269016996270758 -0.474103402674576 0.285579171879988 0.378923916807867 -0.265870069485186
-0.274069717495282 -0.492680962154114 0.422543407692235 0.321682717022265 -0.245906851555352
-0.694179768707715 -0.503783528660422 0.525912792425782 0 0
-0.944174355992998 -0.663131979519522 0.693724111739423 0 0
-1.23077929552448 -0.86846300110768 0.840673233228293 0 0
-1.60960938318822 -1.07952428916437 0.960383236985191 0 0
1.60933494918165 -1.95785560142367 0 0 0.7238838621867
1.40202456599259 -1.715804535894 0 0 0.422095696375538
1.1987658496181 -1.44817451017799 0 0 0.194534284546495
1.07152871682526 -1.08225278039371 0 0 0
0.999773606446167 -0.845949335065212 -0.194130712511463 0.267645618091506 -0.23315000519592
0.875254828746307 -0.510995162842521 -0.25143587723784 0.3209562933819 -0.475470783908355
0.750973424091028 -0.15210385282856 -0.21641690757169 0.292210025400218 -0.623169715149807
0.61155968583229 0.0782855082984184 -0.183587434280958 0.364532582253854 -0.643620661673563
0.362298443472422 0.0897200984891529 -0.0330620714437252 0.464665982857615 -0.612803768120994
-0.177825460884916 0.0296777081690608 0.245820846652187 0.315091465240359 0
-0.585573749288387 0.0229227004803945 0.432107619574933 0 0
-0.866709198065991 -0.20527967187048 0.559077490997174 0 0
-1.19616173274283 -0.497102378531875 0.669463416923125 0 0
-1.58110715802228 -0.80705779375214 0.744184678841652 0 0
1.63517828580123 -1.81823761798694 0 0 0.800959950193876
1.42346447909151 -1.58661403875182 0 0 0.469927393992481
1.19328141869447 -1.3205963146772 0 0 0.178641725952563
1.01006878680013 -1.01498884998707 0 0 -0.0442609724520419
1.05059329768094 -0.619589105044251 0 0 0
0.803584658933433 -0.354382219245926 0 0 -0.348645422476071
0.73794235222175 -0.0244842182803087 0 0 -0.605808291308948
0.608290408890194 0.264245289677401 0 0 -0.591055747490396
0.538267613931712 0.463350965587036 -0.248915728745895 0.433336304908746 -0.795718293674974
0.0502378735194728 0.47931241676869 0 0 0
-0.428628404314237 0.397518999273918 0.300293804778967 0 0
-0.797414751361888 0.126411878367503 0.401426102934718 0 0
-1.17532188383415 -0.198229941251796 0.445909338229611 0 0
-1.60767233390548 -0.496810426881837 0.456057371279972 0 0
1.57507803846068 -1.63856939133252 0 0 0.853323138849157
1.39125755502793 -1.50555619104903 0 0 0.48808238614622
1.1662182347973 -1.30770007322808 0 0 0.136266239445747
0.932812374399976 -1.07483856739619 0 0 -0.169246663422538
0.716708947281386 -0.756810990679323 0 0 -0.428423023409351
0.558232169951917 -0.392498769917138 0 0 -0.716196408196582
0.592357232945953 -0.00903187498662796 0 0 -0.887660753138207
0.556284984183298 0.324660602113707 0 0 -0.82992421055973
0.546527649011377 0.536847082524171 0 0.16029744976027 -0.743916287494599
0.252893877991846 0.765822488275927 0 0 -0.704807677969141
-0.0356905363216863 0.472786392465056 0 0 -0.403315043208832
-0.592606716493223 0.460942050126117 0.208289274495246 0 -0.28422320632599
-0.993316952904297 0.0207389437686359 0.275917691313514 0 -0.16499866671399
-1.38545922773077 -0.488508589623438 0.296594134376684 0 -0.100992428014998
1.45901755386972 -1.4768009593515 0 0 0.889584675226556
1.26912127761451 -1.44025660499049 0 0 0.465085679240264
1.06608396280158 -1.34446888036614 0 0 0.0491865672299361
0.849925338598418 -1.17352182803789 0 0 -0.317374331285645
0.512200770437219 -0.85965301621722 0 0 -0.618628677005164
0.289283351259028 -0.462519807494703 0 0 -0.831331186030814
0.30810048880034 -0.0874133888624394 0 0 -1.0786182829763
0.363561075520898 0.263553555804704 0 0 -1.0975245780222
0.386293507387993 0.506502390072509 0 0 -0.944964620402196
0.249996672475977 0.68750732418982 0 0 -0.778438223867671
0.0299994085373015 0.71614178087245 0 0 -0.490868168535899
-0.220343731634621 0.607625994253259 0 0 -0.273139763854417
-0.651376846414186 0 0 0 0
-1.04706097343096 0 0 0 0
1.21030446928647 -1.40093451687316 0 0 0.774864628556999
1.07301123842941 -1.39532931681208 0 0 0.401570682502354
0.894800262810039 -1.38544889966094 0 0 -0.00192547025430776
0.657208464923176 -1.28305466944221 0 0 -0.443000519838314
0.477008698411372 -1.0877104970634 0 0 -0.730732977945911
0.346135420591502 -0.792659457270558 0 0 -0.81168749682594
0.259570624326502 -0.432850955338559 0 0 -0.88831321824479
0.235176597058866 -0.0469758967084728 0 0 -0.980860711884203
0.265804818654929 0.281006093751795 0 0 -0.916417871934319
0.341711116566129 0.496999009596022 0 0 -0.755753328850062
0.213816864138301 0.609330216850967 0 0 -0.491778890530976
-0.0844763112239365 0.504628023729452 0 0 -0.277756403114933
-0.316603703703138 0.393177963373655 0 0 -0.17098244902037
-0.694649264221128 0.164904556118683 0 0 0
0.956125260142687 -1.38492059736276 0 0 0.642868163581642
0.826908733292552 -1.39385379336896 0 0 0.30388156283733
0.629719781013108 -1.37390371787558 0 0 -0.0923138131324608
0.503160461107442 -1.37959059057509 0 0 -0.468443432383532
0.544827340120493 -1.34988898587409 0 0 -0.707330318080991
0.464277889893853 -1.21661296590267 0 0 -0.673040875817173
0.335244107325035 -0.901804214867087 0 0 -0.468375072343233
0.340069378370198 -0.481664106183781 0 0 -0.755852579255065
0.395787865172272 -0.0855452526147392 0 0 -0.763772255959718
0.44338932841617 0.212551729739464 0 0 -0.581018470369959
0.375539002385452 0.347351811056316 0 0 -0.41244400745091
0.0788679272547217 0.315517053635925 0 0 -0.198949715337611
-0.199953642479699 0.255772062189819 0 0 0
-0.364871986999034 0.187421965456083 0 0 0
0.779666653518647 -1.38553646368866 0 0 0.567927318602059
0.58290092674964 -1.36616035431965 0 0 0.203528434439604
0.452520503165207 -1.43135848918165 0 0 -0.11121568539682
0.471329523886884 -1.54334753416974 0 0 -0.391326562707918
0.599887268786565 -1.57801654142768 0 0 -0.567392843061238
0.655533313693344 -1.50940868270948 0 0 -0.604213066403367
0.496028497030275 -1.32705737892729 0 -0.13055092128967 -0.581771696213677
0.461713548829817 -0.935519465111342 0 0 -0.608273243223557
0.507100670469041 -0.511101110290746 0 0 -0.585907133838467
0.564897612518428 -0.148438663753138 0 0 -0.451520317089882
0.543600411585886 0.0545667016971718 0 0 -0.31932904138719
0.25896584219645 0.0461532482769793 0 0 0
0.125254373731661 0.0522042927885172 0 0 0
-0.0579640411543496 0.0310415467581193 0 0 0
0.617139027221146 -1.34209745748651 0 0 0.482735500826752
0.487068594924228 -1.38318735138992 0 0 0.191438433701688
0.461899110296599 -1.52532565116216 0 0 -0.0471344103034557
0.548563065975772 -1.6740630632523 0 0 -0.261804078904647
0.672723989130136 -1.76540695571706 0 0 -0.410604699218537
0.780822646889301 -1.75346245946972 0 0 -0.489292148613285
0.738577958534604 -1.63355662518094 0 0 -0.568480509222052
0.634803673390171 -1.40220729208691 0 0 -0.624064812697435
0.670897812485887 -0.986251225128411 0 0 -0.544081871958655
0.666448819483976 -0.587785441906807 0 0 -0.436688589068003
0.717417207386475 -0.333910414502074 0 0 -0.298606519087816
0.585476275173881 -0.226435296193691 0 0 0
0.406299290451678 -0.166473841939045 0 0 0
0.191570622160727 -0.132368641796272 0 0 0
0.527331627583655 -1.35372764843458 0 0 0.452453761764179
0.517355082406026 -1.43686558525426 0 0 0.240943620451603
0.575810706561321 -1.60350213731627 0 0 0.0391938342636375
0.675980708341516 -1.751098945336 0 0 -0.132677647292627
0.820530471946272 -1.82467959976422 0 0 -0.261901518629548
0.915041020688158 -1.79451479995802 0 0 -0.347987481354366
0.915549856401139 -1.76795553818648 0 0 -0.410088041233051
0.797767169958285 -1.67897446072562 0 0 -0.504711759176826
0.806242735352231 -1.45387307212049 0 0 -0.493139666636728
0.836812746835436 -1.10279034400062 0 0 -0.426879148688939
0.71813752430036 -0.818087660476431 -0.236631192466105 0 -0.316622861343473
0.841345007898035 -0.551962772199213 0 0 0
0.69113073340224 -0.416136165295645 0 0 0
0.445454522904398 -0.306110615840254 0 0 0
0.524180991629594 -1.43785840533093 0 0 0.482364650224962
0.590010460706103 -1.54552935901074 0 0 0.314039233790659
0.682664543878321 -1.68858332665294 0 0 0.129134307217208
0.808712782923614 -1.80378002474275 0 0 -0.0128645126994845
0.920624242322464 -1.86655281966385 0 0 -0.116622944888627
0.961379105458146 -1.98863553026573 0.213623502126501 0 -0.189810935876847
1.05204731628782 -1.83939111757848 0.132822100679494 0 -0.257633116469626
0.992722109443021 -1.69616650370948 0 0 -0.32455786216408
0.930917739426854 -1.73563488505626 0 0 -0.380125454585739
0.973619570849754 -1.54977470572099 0 0 -0.352988722720858
0.751818122339773 -1.31485470870514 -0.331528980085737 0 -0.312818473465516
0.73816968931019 -1.0750057250236 -0.395143009163582 0 -0.208577689212134
0.94075094316747 -0.691984433292715 0 0 0
0.700264819597896 -0.496076819896444 0 0 0
0.550723650356514 -1.56486229505596 0 0 0.533312169163915
0.656980278382411 -1.69016074706185 0 0 0.400166645667268
0.779049526067311 -1.79901603314898 0 0 0.246673474214538
0.869800962795797 -1.91609792069011 0 0 0.121060691899167
0.970811346768632 -1.93575933486642 0 0 -0.00235000728858639
0.965245181669925 -2.0160740991936 0.177156613446861 0 -0.0504590930167801
0.931229332253382 -2.01578928237854 -0.286268577554519 0.207826480409009 0.259595400038055
1.12635531666507 -1.66317373660252 0 0 -0.256819361695691
1.13353456903024 -1.68568365409124 0 0 -0.212926040181995
1.22785156475645 -1.69287566831031 0 0 0
1.24826955289124 -1.5276961825418 0 0 0
0.74013295570744 -1.51572987218733 -0.487450975083454 0 -0.211492898185622
1.14088377577134 -0.98340899802074 0 0 0
0.943957030641428 -0.718567666952502 0 0 0
