"(Intercept)" "X1" "X2" "X3" "X4"
2.61999503111108 -2.66080178682612 0 0 1.78390227000127
2.2431053805119 -2.54022657754201 0 0 1.35481926253261
1.92790558109359 -2.25664793191718 0 0 0.936692282774724
1.73278986194069 -1.8550950963206 0 0 0.598325647847507
1.58415642725772 -1.44057668101472 0 0 0.267100023784745
1.66976406678406 -1.1332260046055 0 0.20569134686546 0.190510786730411
1.02441880387065 -1.0794482093183 0.107280574470181 -0.10708790126231 0.195938376448215
1.22798776447415 -0.862129025048727 0 0.33474036959185 -0.076594922155651
0.911586125758467 -0.96958620887916 0 0.336142436599302 -0.101414396878189
0.704411141074837 -0.932216938501753 0 0.326253529107192 -0.191971847663282
0.491275164639657 -0.93001776680765 0 0.317507877333394 -0.292472970811523
-0.0476569624001184 -0.649116559489024 0 0 -0.445717720000258
-0.32365231919079 -0.628293132648545 0 0 -0.385194712425715
-0.491479126286979 -0.432828874514187 0 0 -0.469846685376704
2.59062362323186 -2.36013791731372 0 0 1.64673618425909
2.22516088198168 -2.25633422622436 0 0 1.27398576197566
1.8852657749451 -2.03593556193956 0 0 0.905927870774346
1.61899901513549 -1.62246331730724 0 0 0.455818125230882
1.66773943371824 -1.32099394344221 0 0.20077155447318 0.311920167084463
1.27360740839482 -1.00563612976764 -0.160252532451394 0.0556929869655121 -0.0391814923647198
1.0076776862472 -0.735221339098366 -0.0427554653083944 0.0311196355167557 -0.212678647811926
1.10773571357892 -0.541101669465494 0 0.350027885010638 -0.364474777277769
0.819890311734743 -0.590083422827983 0 0.362538075659865 -0.420465155401055
0.654500241333042 -0.568482910534153 0 0.381390678244685 -0.494189893628607
0.435095079716061 -0.558848684930279 0 0.353106403303638 -0.533700014788063
-0.109070258227437 -0.344186610172908 0 0 -0.47860334649799
-0.312924656252324 -0.273261137899486 0 0 -0.489230656142655
-0.492035969465278 -0.182076120570116 0 0 -0.494626293152996
2.55335638474747 -2.0601589618942 0 0 1.56592852816898
2.1743088246902 -1.93399300958721 0 0 1.12734133116438
1.8270930992188 -1.73795773193343 0 0 0.768738856257108
1.54069897411862 -1.38901550479206 0 0 0.370729716561297
1.47566710747886 -1.13444729646795 -0.241493438591476 0.226265800926348 0.0161625661985308
1.24043111133516 -0.780517945007024 -0.259472768923867 0.259801807058019 -0.331319393522366
1.00552524244623 -0.439079288461831 -0.167119133707098 0.217500245829938 -0.564086627958375
1.06954597515383 -0.203925513635659 0 0.385717764088656 -0.642899441431509
0.82484492025582 -0.22291996185933 0 0.452001922735421 -0.776447374777849
0.634012443798328 -0.181624666845718 0 0.454246563488323 -0.776090832703003
0.404987870874561 -0.167004791960072 0 0.40251528698928 -0.729354106456768
-0.115942691823012 0.0035326243496432 0 0 -0.549232613784006
-0.291405360481669 0.0404385358134596 0 0 -0.546097118030653
-0.474436184253933 0.130821450272766 0 0 -0.504755495050849
2.50319189787603 -1.82406850036949 0 0 1.57928400319003
2.13883655614879 -1.64490268490169 0 0 1.06019551057111
1.7661564734743 -1.43743557431397 0 0 0.625694410599215
1.45082274758529 -1.14305985405666 0 0 0.237459466217075
1.46910833020791 -0.900864462888542 -0.277188000210175 0.38193563583797 -0.134540957669086
1.17366793032529 -0.549693402868971 -0.360796295110702 0.407549794821571 -0.609419447840032
1.00831537074567 -0.172773680515261 -0.258961440629133 0.367110295184286 -0.871960477347869
0.877058766383591 0.0884093476050883 -0.143938235863725 0.376145299549099 -0.963109352556053
0.900863501747821 0.116372656416848 0 0.539771354157845 -1.07648026170742
0.656705121030956 0.19749366132011 0 0.524683404194032 -1.05198636911508
0.361798831530528 0.273240733645559 0 0.376976320224947 -0.87443282737342
-0.0800592024221937 0.345819843278164 0 0 -0.62547087616531
-0.258361041726328 0.33301561029187 0 0 -0.554691472254658
-0.433434886275727 0.359215802356062 0 0 -0.408923690319438
2.37485796417343 -1.79505383489272 0 0 1.61318478042799
2.03982140854628 -1.5496366542156 0 0 1.02441794876341
1.6743333138914 -1.32078444178952 0 0 0.507389292374335
1.38578720025846 -1.0126679102817 0 0 0.0414019140408568
1.5054097771567 -0.782793319082253 0 0.306020009127708 -0.368682934410618
0.895539126389912 -0.455000093528188 0 0 -0.748048414497274
1.09652950886363 -0.0535017065198083 0 0.277328889879495 -1.17976795098218
1.03455189651647 0.221181309529334 0 0.358729681198204 -1.2465374174806
0.85385247222919 0.409753964046548 0 0.468883932386334 -1.25990385099417
0.63462021758462 0.570766316486371 0 0.498393473127243 -1.26051437578052
0.0805853787824638 0.705365998467574 0 0 -0.830220221084814
-0.0426101217262414 0.67133342179478 0 0 -0.724581591098613
-0.17630299045227 0.622142961086795 0 0 -0.539481876636785
-0.378253993274063 0.569747190382572 0 0 -0.292395095541304
2.21995076420658 -1.59210013602767 0 0 1.59870939049364
1.92567061619462 -1.51621523142927 0 0 0.93403941861723
1.59211344133384 -1.30718340510354 0 0 0.325026578396656
1.53844366076093 -1.03464641913893 0 0.0918774740637726 -0.200946549979539
1.48655568965752 -0.759409762147167 0 0.249399785299759 -0.715363242974583
0.854734945022662 -0.457800897050741 0 0 -1.0794161371045
0.758454173245098 -0.0926835683951006 0 0 -1.38059149582283
0.941005875566111 0.326593559007154 0 0.223187076183698 -1.61278161830187
0.998159621699212 0.606151943865061 0 0.449445129055242 -1.66065891236728
0.592531150488368 0.825919471527182 0 0.412066347648729 -1.36832846834284
0.101723661219697 0.821934804891119 0 0 -0.940677547148708
0.0265308825854777 0.827953300727096 0 0 -0.757954974748809
-0.116064328655257 0.65824294859041 0 0 -0.48561248993459
-0.235641710008002 0.583428067093488 0 0 -0.24218008815921
2.3073685578713 -1.82682262900292 0 -0.364987895899737 1.67224243959563
1.97218042475905 -1.62429837172706 0 -0.268668139750351 0.886634447471365
1.70816681830357 -1.39702794480524 0 -0.129188815699648 0.23680551470046
1.48038411540014 -1.11639236684997 0 0.0160840967727751 -0.367959635709738
1.21454865366347 -0.78566990874019 0 0.168916270865999 -0.828580591690922
0.48740825213556 -0.501629443961954 0 0 -1.1408732214546
0.446141155550831 -0.160578654262829 0 0 -1.54925705135241
0.513149733217388 0.218839364701412 0 0 -1.60130234995241
0.529779053747881 0.495439969751981 0 0 -1.34222366249647
0.469880098863685 0.728662468416444 0 0.0830842719738229 -1.29991262495409
0.175978632527411 0.846115740723895 -0.199206868786558 0.0918010146513841 -1.13889356587715
0.0135686761911029 0.738613107419864 0 0 -0.610855807146946
-0.0306738965146953 0.634955362710949 0 0 -0.427561412943851
-0.111236706760841 0.398814124248366 0 0 -0.263560648878056
2.2230839742982 -1.88099910859872 0 -0.651017772877621 1.58515061153606
1.86006006871345 -1.6683920732291 0 -0.489697481329082 0.82466455131502
1.53962399273488 -1.48935731238443 0 -0.347807304142325 0.169037244778786
1.34229618873091 -1.27431839431775 0 -0.147831070780382 -0.343387628463739
0.945448422002881 -0.983053336684148 0 0.118818263062709 -0.750049941501928
0.344391007965885 -0.747078242293987 0 0 -0.871642640279614
0.231957334108484 -0.452596700545603 0 0 -1.21352944381898
0.268559523400657 -0.0714506349110959 0 0 -1.28294158688826
0.345107294780202 0.266784526237331 0 0 -1.28845530275818
0.522326766337435 0.551875997465103 0 0 -1.20174688568919
0.366346503613999 0.7369825245156 -0.193225417160715 0 -0.886773830161295
0.124931581132717 0.663044284433604 -0.279999044529777 0 -0.544608918825475
0.0595471376185963 0.367035757610941 -0.299449015944882 0 -0.336761151330257
-0.00474262482260137 -0.0484267958289392 -0.389898106262072 0 -0.127225687257579
1.96392557293765 -1.83379504121386 0 -0.793684684159096 1.45138804857134
1.62617745711572 -1.69031589309276 0 -0.638034226145356 0.795699820438455
1.31632490801937 -1.55257926554896 0 -0.468381592239869 0.201513353009883
1.03599272241232 -1.33249666869577 0 -0.15122638000255 -0.369432014357829
0.700499882341625 -1.23059572889048 0 0 -0.865234073379054
0.544557842917166 -1.15331552019191 0 0 -0.780833633828537
0.292938991422657 -0.928747016273326 0 0 -0.74111055333829
0.370591985794968 -0.494368800222684 0 0 -1.03475106393824
0.495774105632209 -0.0985794761518909 0 0 -1.03237275895908
0.594237956399319 0.237939670466951 0 0 -0.808641290982262
0.493401352465653 0.467649684673064 -0.291447105943162 0 -0.608236834214908
0.284501089058731 0.354707843128379 -0.508709081296878 0 -0.412864791963097
0.22830844134775 0.132461587780265 -0.4641123664715 0 -0.272738189065447
0.305340570523111 -0.283816647339372 -0.850640990357917 0.337927242141434 -0.136175823670685
1.65298386141094 -1.77879794270877 0 -0.840067618383341 1.36473889358072
1.34773904941372 -1.67621413400617 0 -0.662899197974408 0.773974533042832
1.00295515558856 -1.55311482604849 0 -0.424756391507825 0.178208826592347
0.584680115772782 -1.38351677055724 0 0 -0.518036356912094
1.06617360832787 -1.53345700704338 0.0897807651142246 -0.238663534390755 -0.588568227011911
1.13316415414731 -1.39630304980779 -0.0133734772963104 -0.194612121576086 -0.779255274847193
0.546986558371189 -1.38305545546998 0 0 -0.781840669811413
0.552363274916364 -1.02266941190441 0.067877652201967 0 -0.811124551122895
0.525668865886979 -0.573059941405406 0 0 -0.651497490170533
0.667079202830763 -0.174869695195146 0 0 -0.439065228391264
0.62897382947756 0.0920622478094409 -0.39116184302374 0 -0.305948459871528
0.432572470306615 -0.00594132849702077 -0.607352725410107 0 -0.132578145008085
0.361696583329585 -0.182424902718335 -0.684273508885159 0 -0.106379848503835
0.392082026911312 -0.338646598135771 -0.523229709663184 0 -0.0846724811903646
1.37388977630088 -1.75808838876655 0 -0.847701862910324 1.32773747705688
1.07546062333846 -1.64805671174277 0 -0.603515558171848 0.746146780142747
0.503127390147114 -1.3699062210673 0 0 -0.170695560191774
0.804840210155555 -1.71600448425941 -0.0376179024260007 -0.384924850122106 -0.154246762661256
1.06685539973549 -1.76447613307354 -0.0354333678474476 -0.37230392127637 -0.362005040416552
0.920935987530008 -1.55738396678678 0 0 -0.649465061417657
0.880799146832421 -1.58314632168251 0 0 -0.786952344101564
0.762315959658632 -1.57119880184005 -0.125930522094914 0 -0.645144113427553
0.775672199054434 -1.12676140834407 -0.211115447158142 0 -0.430780371801089
0.777918847150961 -0.682498546836621 0 0 -0.337499278022177
0.704408985770305 -0.369531889552492 -0.49112584537933 0 -0.152842618715139
0.624040976793147 -0.353400354297861 -0.683070247201929 0 0.0141321807903528
0.564109860373161 -0.548636440513302 -0.799146772860708 0 0.0516283830968218
0.500392401768763 -0.663435735056803 -0.831289448173529 0 0.0878964234762033
1.06987290683995 -1.66694690645514 0 -0.660450230745695 1.15468346687328
0.556365996372177 -1.28744877886918 0 0 0.0853847849158853
0.661406351032038 -1.78303767825338 -0.144437284366129 -0.514275706635006 0.251852127989749
0.859649274087651 -1.91350861110181 -0.214796979031891 -0.49080880935028 0.066528211586657
1.04159882338448 -1.99858937497934 -0.181645472929002 -0.443142932637624 -0.0852066165848693
1.00655849928039 -1.66297445871552 0 0 -0.510240867076095
1.05865470246881 -1.71247111548744 0 0 -0.542306750350408
0.930218454946093 -1.85157588263874 -0.360654581885174 0 -0.243282647255215
0.880218714626637 -1.6450876746842 -0.387364334200327 0 -0.222943853087863
0.847686381571439 -1.24117090421351 -0.464253159741916 0 -0.150777442364626
0.757118904174519 -0.951821779992607 -0.593805773784719 0 -0.0422814110475895
0.702694097233658 -0.810499262360161 -0.729748318860722 0 0.0967179300778518
0.696053209338081 -0.788741490005403 -0.766040471033504 0 0.191437058415182
0.584387607851315 -0.821218926810022 -0.875074954424677 0 0.293522977641751
0.750637831249946 -1.49056552127463 0 -0.309165365893527 0.885867357351381
0.460443555650112 -1.29803195974231 0 0 -0.0205625378199691
0.663197031390419 -2.05250603034471 -0.338134844259157 -0.720689415830846 0.449970273642298
0.775715861202042 -2.17906907267321 -0.361468321811576 -0.589227029207811 0.32198685140878
0.92221056175162 -2.23707076485056 -0.318129768868289 -0.472966075647206 0.184600968230924
1.07438256240973 -1.70108882107135 0 0 -0.407579871158623
1.13066081840728 -1.8085214104145 0 0 -0.296715391852745
1.11958888379438 -1.73443723130845 0 0 -0.428960013474569
0.900940734616817 -1.98819011342304 -0.529903361300841 0 -0.0252361867665453
0.826895137034176 -1.82830403801572 -0.66482121184713 0 0.0550563954175852
0.728980745812478 -1.55096383615871 -0.790307590692098 0 0.16692696713994
0.724363857046273 -1.34256741997524 -0.841613606336923 0 0.258316748926697
0.734188346687747 -1.17507546165604 -0.834769136806205 0 0.343801072043781
0.692893516969206 -1.04548340354096 -0.79865279178448 0 0.445042002998717
0.334638513108825 -1.20570376652566 0 0 0.00599355001916398
0.384190461049835 -1.3715273447758 0 0 -0.117913615167638
0.520483629270022 -2.3611408805019 -0.486903560900103 -0.798353991865256 0.623894526533217
0.648475648340771 -2.43240146015531 -0.504293200382917 -0.608151046881227 0.537762875825103
0.825492145621355 -2.48489326138016 -0.502799975108333 -0.499495003471265 0.44212722326192
1.10121422010268 -1.80518159818197 0 0 -0.315926170729704
1.21398739709551 -1.75405106532451 0 0 -0.346057625609955
1.23874840565197 -1.68686628833323 0 0 -0.384725928127281
1.23860571475731 -1.69090156915238 0 0 -0.336449270487927
0.821825107379445 -2.14111143416714 -0.759006091651718 0 0.188416837709457
0.716712280469876 -2.04708266263528 -0.925984233734075 0 0.315278686919019
0.736447022800372 -1.8349032183678 -0.945637472212421 0 0.427961610808368
0.680460686977605 -1.62299885545184 -1.02360997674193 0 0.566848790150237
0.669705732349428 -1.40513719318942 -0.984981496346138 0 0.697561349484043
