"(Intercept)" "X1" "X2" "X3" "X4"
1.57956901827441 -4.94642646933434 -1.34205074970318 2.1332150388906 0.270014623262163
1.01690388516509 -4.35875013223066 -0.822994068403442 1.43475841041481 0.61054230825568
0.810022494487966 -4.20323121651822 -0.74804496435286 0.907533567744279 1.20152018425959
0.862279176984825 -3.82125544776309 -0.234474979480043 0.51493572476722 1.41963208491076
0.617270894745342 -2.63842944069467 0.170649056727873 0 0.370725438101425
0.702189016488674 -2.35301363094535 0.455122316269074 0 0.0831742422330488
0.671248049568942 -2.21961145022715 0.609724842545985 0.148214472749408 0.355749837876056
0.0753260183717907 -2.28984797448547 0.529967835804759 0.235439841304113 0.478894066652264
-0.216854415386829 -2.33490980000669 0.462536168964538 0.296160964643295 0.176051251812712
-0.659540601497895 -2.27609644419268 0.683893976453707 0.4088351874467 0.00939491233456511
-0.796625945869127 -2.01256576749931 0.759525314104842 0.716201762209971 -0.660625582249055
-1.14583857814411 -1.68151111371902 1.05095561888764 0.869559949142528 -1.10344034662251
-1.60466551907582 -1.61736840319003 1.39739647360579 0.694831091168892 -1.35163444261365
-1.90165853969594 -1.93426442186658 1.72419164325053 0.646592778960955 -1.48455727736716
1.86979011351966 -4.4429304524426 -1.56669656723844 2.06412900002648 -0.372770850795151
0.560615750963569 -3.5055685711404 -0.238530693890704 0.905719350878296 -0.467926029107551
0.194014648053453 -3.07617372299162 -0.107233022374902 0.410342631562633 -0.0259331951520584
0.44659706900819 -2.84053769995471 0.02394269836237 0.153851091267629 0.544924838069632
0.661225314656146 -1.7862410936154 0 0 0.249833118714392
0.691335204988045 -1.46370377051437 0 0 -0.306297457146595
0.631686107303211 -1.17599689049368 0.445966854723768 0.100006550145811 -0.196540094699797
0.0903833891483584 -1.37128719208537 0.398710690871574 0.355852956850635 0.0339730500455577
-0.236247366107569 -1.38413744492673 0.288280257740301 0.382038533956157 -0.276555919672512
-0.411340871462772 -1.28633988363771 0.237904221630743 0.428612244410342 -0.643301347728024
-0.406330557202387 -1.10953679476883 0.532272750032588 0.686574625259287 -0.915402422043202
-0.752648892458254 -0.885534858906618 0.869942720327207 0.452729768320824 -1.1746351595781
-1.32220637079673 -1.01347442568242 1.28510935353066 0.320619200890375 -1.25449225265764
-1.76664825577375 -1.52305671381211 1.62174272869843 0.315590899130301 -1.24805016672084
1.54253833084269 -4.20159305564493 -1.57234685491104 1.61437248893873 -0.940385045560464
0.226336014476149 -3.42114045181292 -0.610976183403954 0.356140210917682 -0.960534192346194
-0.404370059009853 -2.43483216434837 0.0838741314736319 -0.0827393618332271 -1.07896212827358
-0.264685417523725 -1.85023795566061 0.277386904683572 -0.216346888732552 -0.424171650946141
0.37928641785025 -1.12776376248952 0 0 -0.196091389934822
0.547245090930533 -0.89336049041461 0.190524787037217 0.330946936063848 -0.906932629316607
0.550243229706478 -0.588800462138386 0.179067952256349 0.354128449407054 -0.699352229695762
0.4126301993698 -0.395699294550563 0.167605961962386 0.300069820962882 -0.675406549692778
-0.486654738132986 -0.478713006935522 -0.00980857173964219 0.461169102873034 -1.00906290978732
-0.196892559993201 -0.547096026205285 0.151050873657124 0.708341857776137 -1.03593207518666
-0.028937758808331 -0.243077505423913 0.343891120126615 0.356958377606511 -1.02505181137499
-0.571035443469131 -0.190198265073293 0.803154930633412 0.243885263637486 -1.09084336882825
-1.11797483267623 -0.4692081524186 1.06882349621058 0.215848588762129 -0.952605056711063
-1.30058676423203 -0.973414740097835 1.16420054694443 0.162164018635636 -0.927941254146846
1.56703166337938 -3.52574156159687 -1.2137344180569 1.00531118126881 -1.34559398825399
0.36087605845041 -2.96998981356409 -0.67283966536093 0.114908931061608 -0.957656193738951
-0.284180295382022 -2.0897048526412 -0.219242144524112 -0.253484124127688 -1.03750786175922
-0.637044205264117 -1.2419897424755 -0.120770111321174 -0.380939535616935 -1.20752418989589
0.247517031654157 -0.641428379151474 0 0 -0.498215120356356
0.298093518790853 -0.399628876552766 0.00375778419256704 0.46854833599329 -0.873675549965929
0.59695327803 -0.291086307573165 -0.0987478386337334 0.592891388950038 -1.13514420694011
0.529898240433055 -0.0714105220385398 0 0.351925992775775 -0.841001348599101
0.77184659258549 0.321228228664819 -0.459762529721286 0.251844184640976 -1.18150423641961
0.0314105418503512 0.172827165656756 0.153072828044687 0.598038798163078 -1.02999368007586
-0.443706080124833 0.487990342792981 0.550222244309611 0.575599552587733 -0.983876756569351
-0.461013867495794 0.336340903755639 0.77144595210385 0.333138099786957 -1.02581254219814
-0.680575223977482 -0.00586706486930861 0.898882531495894 0.115932538517253 -0.98734058829904
-0.994157921120674 -0.393202330042132 0.763340024451036 -0.134339770333485 -0.657308820062564
1.31633356170265 -2.62652759065478 -0.614505715923807 -0.0229223877856469 0.179211043873883
1.31898563383114 -1.88777985077467 -0.22128675129096 0 -0.14210280180573
0.851954311947539 -1.27729920802033 0 0 -0.553047185130749
0.107955680734792 -0.873243457220004 -0.308003744001679 0.161438151024605 -1.23336003771233
-0.103424260148627 -0.210697687518426 -0.142410367060193 0.429478083804903 -1.34221612682174
0.267164173177541 -0.342874457555953 -0.206830042867732 0.481211238237392 -0.895280189963307
0.424656502497432 0 0 0 0
0.503568892183549 -0.0153247712366603 -0.421455031061864 0.310110705112563 -1.20543150295885
0.901297192282065 0.315471483208453 -0.600946594422595 0.352384313917302 -0.952112890136953
0.0504518962284589 1.02984736337383 0 0.124829289655955 -0.909061018215236
-0.239719339290325 0.951764585751242 0.229145029943268 0.447469756188479 -0.952941069304412
0.0284995596630041 0.975304802837408 0.218886983524693 0 -0.665608416694593
-0.186292952203061 0.590328144106285 0.482056898854835 0.268592372946219 -0.849347740026393
-0.493051783350839 0.150414788232055 0.349556472762581 -0.0472695718845941 -0.52851636848472
1.9773840223008 -2.13808027816631 0.0464308026419854 0 0.889224334677229
1.43632071540121 -1.67905104455056 -0.0194310919337285 0 0.253262405833454
1.14807430907043 -1.13774998986899 0 0 -0.0284573086232366
0.337233668954066 -0.971023260781676 -0.308944525581544 0 -0.69735673725134
0.0831488132380187 -0.615489016940249 -0.361771666887597 0.55189608388239 -1.14505366787844
-0.0396145669316412 -0.267598092198883 -0.14975592868792 0.370611164329868 -0.919187610055717
0.0158747464278885 -0.115077118647998 0 0 -0.70458141258845
-0.122316423536999 0.213388954094359 0 0.218198319319583 -1.08323161459936
-0.0320526925534188 0.440817907502874 0 0.160010234009817 -0.824588381374287
0.00242270652393903 0.811073422521768 0 0.0988916552543408 -0.566934160153203
0.0285591194692082 1.30063905071822 0 -0.00289007296419686 -0.552334460401926
-0.0210028665545909 1.21732600282656 0.0175306513874809 0 -0.43169066481178
0.0219503411500805 1.10369841630923 -0.0919141372123538 0 -0.332343713101101
0.083321716961891 0.659189064394507 0.0649708041337348 0.136216290198714 -0.59804267260807
2.07520336170233 -1.68571955961449 0.180868189325945 -0.254484942479852 1.02042578894986
1.58847861363054 -1.19260945630557 -0.13956006397964 0 0.471810534199572
1.04783113691455 -1.20234912548347 -0.332677666655489 0 0.100090017815709
0.548581440589757 -1.16415054099729 0 0 -0.156344810921061
0.194406160273602 -0.994361673990163 0 0 -0.571028860649307
0.262487126036155 -0.563826583109476 -0.218781314911364 0.387663547556676 -0.735239202945636
-0.0439541886526348 -0.234995975090844 0 0 -0.617777107385536
0.065848955023574 0.0569474185476786 0 0 -0.563631263454573
0.0986009799833698 0.345296171293407 0 0 -0.546370760718788
0.00519330135035896 0.705298461409098 0 0 -0.387454063994605
-0.0112657395789547 0.955013597764376 0 0 -0.275203620834077
-0.255676238548239 0.938269007430307 0 0 0
-0.00889468068038925 1.09832699085943 -0.225665031298421 0 -0.238950290589448
-0.181956890543311 0.823915418859302 -0.329088340689057 0 -0.0355647577590637
1.19373387752322 -1.17695480829988 0.320080845988968 -0.190108302416566 0.753732904341055
1.01191318125949 -1.13816739990029 -0.0891024806026667 0.189295186917738 0.464238619132808
0.568643860300154 -1.14859590281415 0 0.271670453618189 -0.0680690720923171
0.350794617861437 -1.51412574355368 0 0 -0.383997633815921
0.222805103708701 -1.3681905535695 0 0 -0.726231680366943
0.0928363420893742 -0.963916990163926 -0.0845324474599802 0 -0.707878043617838
0.149445165939105 -0.625476216152788 0 0 -0.665409095544177
0.144075782803456 -0.221094245142143 0 0 -0.53419299181406
0.107678132692032 0.13449769452486 0 0 -0.656955870980896
0.0935804103425137 0.591183929295465 0 0 -0.53843605555857
-0.207206385712763 0.751842175708706 0 0 0
-0.174727165663267 0.825941685526655 0 0 0
0.0491317405793528 1.23242903326882 0 -0.379529034209422 -0.126131718462332
-0.190483211795753 0.700873212052471 0 0 0
0.730877557186929 -0.953151532739814 0.489248009181006 0.557767650266532 1.07736242508637
0.326895579065893 -1.16347070739709 0 0 -0.131787341167606
0.322686624754681 -1.41497449752038 0 0 -0.335657747295238
0.744858234308941 -1.51985279462422 -0.189995747419772 0.312755422642032 -0.695628467475069
0.743382690436249 -1.65237716681375 -0.362389506941002 0.444741039850406 -0.918395757601386
0.439034315324279 -1.66467457616245 0 0.123881861623362 -0.848052711428445
0.415360512610453 -1.13012261260005 0 0 -0.769598937847481
0.336628337484073 -0.645016551085773 0 0 -0.545080050029507
0.13095674503146 -0.157107406859988 0 0 -0.503034950894192
0.0611935680797815 0.304416166844496 0 0 0
0.0680706934193082 0.62749107573668 0 0 0
-0.189721128547483 0.629468576570899 0 0 0
-0.0872278014062246 0.89490020686772 -0.566410653021122 0 -0.153057724961059
0.204733812022055 0.506997949766104 0 0 -0.203223373019438
0.22104730241151 -0.860269035051223 0 0 0
0.0412791059320631 -1.22445709904326 0 0 -0.169570398094291
0.139858575711034 -1.69191588696206 0 0 -0.344439820295107
0.703011618981154 -2.11087959694768 0.0739239291415033 0.306775261565771 -0.957311261620672
0.94560143849636 -2.21378629047016 -0.0171846562077554 0.463320360311863 -1.18988065483083
0.558011577407662 -2.14240033036833 0 0 -0.813003251333525
0.613589928610573 -1.68429015573339 0 0 -0.56961788927902
0.282904534802469 -1.092227703178 -0.318574487091025 -0.236331395130138 -0.802259968209081
0.248692829689279 -0.679504615298429 0 0 -0.466672258854794
0.441060617635054 -0.0592690854095884 0 0 -0.225992991649979
0.598054204922145 0.325012168149789 0 0 0
0.162172545918258 0.488891194988705 -0.699658380881688 0.0696046446976752 -0.309764477442636
-0.0152667310856154 0.411109731212884 -0.492302207346719 0.127525453963668 -0.125155617320506
-0.0627240537225952 0.21309216512448 -0.244592117908725 0.111460270952231 0.145323777095206
0.0433620411056795 -0.85508443198328 0 0 0
-0.188346851394634 -1.0749039580283 0.54904158690895 0.126333562979727 0.0805115120756254
0.0622157436498044 -1.5811037850446 0.667281120124199 0.188869091365475 -0.145822972035756
0.372832723502826 -2.37542263270975 0.39547583488083 0.113646582860937 -0.649157154423326
0.601673685577692 -2.91845621715183 0.406026609661994 0.199360713765611 -1.03322908205106
1.12708128141931 -2.59473243500904 -0.0738246965101939 0.212312621657601 -0.883957357443828
0.853220504126965 -2.0563803484502 0 -0.173266409397266 -0.8732448258939
0.446740877338603 -1.66887143099012 -0.29376911520822 -0.349232022304931 -0.864825171808235
0.5483739393199 -1.21774816915909 0 0 -0.518987601704706
0.731892182688092 -0.668403881143567 0 0 -0.446739660504802
0.960432120341984 -0.327472005936592 0 0 -0.322203305386689
0.605767597415115 -0.178989218460174 -0.469277734308805 0.221452845468846 -0.40396494661231
0.53682604504144 -0.390200393205432 -0.619113354586281 0.805650755076527 -0.30269181042901
0.542526515597951 -0.569325946521438 -0.635647213885909 1.11845908392775 -0.12616864384193
-0.67629194432601 -0.489753655947716 0.554099332953182 0.229981878671613 0.1566108768468
-0.0452850400047266 -0.72529649195026 0.421511989739558 0.483266511037499 0.0662479775300858
0.386033324737706 -1.34430265941688 0.410459960932751 0.468834704638251 -0.26421859770931
0.543764392593507 -2.24056122195424 0.181717871995592 0.289585100291906 -0.330988211740842
0.45321461619666 -2.8532986618471 0.0111088387599045 0.757233517415939 -0.335682020450457
0.984454148262376 -2.669068548866 0 0 -0.792681222947397
1.10930339150957 -2.37640494388067 0 -0.187871991356914 -0.734067202229688
0.915794904594866 -2.19529467245193 0 0 -0.434521258911796
0.853684826061604 -1.7768483936963 0 0 -0.432992039046215
0.824663271137015 -1.36019326024739 0 -0.166444308333757 -0.840984470817006
0.84088044831054 -1.23798220412376 -0.325306186226622 -0.0236329706132937 -0.772406817181111
0.891923250572446 -1.11019217831425 -0.420582028827369 0.360843121563049 -0.638819795303659
0.883406759954549 -1.08474510716622 -0.523943756038422 0.920347730789081 -0.498868415875156
0.875884453164295 -1.18463995434676 -0.630897754160468 1.51817099226719 -0.323096172717048
-0.377786432265108 -0.176443184856815 0.410706253181802 0.616435566382471 0.258288334853662
0.449943685236907 -0.408799304176595 -0.018173278644666 0.844863863274878 0.0960503605130147
0.978462565917239 -1.0908793753827 -0.295455431571503 0.72185746713264 -0.086294113270575
1.10696131771448 -2.00489081993222 -0.362843222001614 0.591384496206025 -0.302794522163564
0.989945240956818 -2.53444300538919 -0.633398287161725 0.792541460969366 0.0297881454959013
0.923506543688838 -2.46644517213266 -0.138086292698243 0 0.0491875335538558
1.14592643185621 -2.62943643672989 0 -0.235097591724669 -0.411329095994933
1.14732337547535 -2.55205271801087 0 0 -0.714605393221804
1.06335395622173 -2.24282818794306 0 0 -0.547580862329371
1.01176417563368 -2.01360620314281 0 -0.0967685087411413 -0.92169855041241
1.1574493501869 -2.13690481513389 -0.310474772402725 0.104816783578435 -1.01735506526515
1.19338964629642 -2.00446825355816 -0.353714181465839 0.486730023243426 -0.911458347748633
1.23056320325402 -1.92895091697179 -0.504143041238562 0.956021408348614 -0.739994137253779
1.22227409508405 -1.87990510832828 -0.63131645173409 1.53324463347144 -0.593862206093577
0.869522423125075 0.330181593988003 -0.449054271475088 0.955235745546851 0.298246182129002
1.22887196494895 -0.256391039513526 -0.636108473999325 0.92196689132744 0.056996155981493
1.58090672325634 -1.06142610861186 -0.760281327170053 0.742041335983541 -0.157146981697798
1.72268585173559 -1.74175163273215 -0.872287341873383 0.83573961909102 -0.399269258921197
0.931278221732591 -2.20032018951303 -0.567529697052456 0.577439469566685 0.116837847258181
1.12844015942393 -2.18827987759664 0 0 -0.412308632338041
1.05488187724531 -2.42351537433233 0 0 0.0734570940416508
1.21572187686727 -2.89562949526691 0 0 -0.548427778796767
1.15690639199323 -2.58176904097484 0 0 -0.493558139871956
1.13677512759087 -2.38887948778547 0 0 -0.509050613255839
1.32875629772974 -2.91507226064967 -0.477153087169045 0.0982934823379627 -1.06668927099391
1.27322908141438 -2.76882908136683 -0.473432919681713 0.39295940900117 -1.08362659005604
1.43107481086082 -2.71342574435403 -0.426720091202582 0.843205167319224 -0.984182695372789
1.37773523942744 -2.43259950470204 -0.566322722135847 1.41368270871439 -0.764835043388607
