"(Intercept)" "X1" "X2" "X3" "X4"
2.59222774249301 -2.1497676446534 0 0 1.89236392996096
2.09085731117309 -2.30287493641782 0 0 1.30021300098353
1.69521853868701 -2.19370560382939 0 0 0.245760829666835
0.635191158984077 -2.28597866796425 0.0193890368983968 -0.556040749745106 0.440522083220533
0.279309560627002 -2.02603261172104 0.117103522104048 -0.648419280464205 -0.103443465252232
0.0554274606222522 -1.80213768037009 0.288874948519067 -0.613751473225055 -0.181692168882405
-0.06305739037619 -1.69945083639079 0.543380414930316 -0.400131941119769 0.115840800285875
-0.0962463072076652 -1.65934849580451 0.826043877615878 -0.152653932716028 0.363729573476738
-0.280653792674816 -1.65535734227552 0.936469983929055 -0.102511445333076 0.555127813243052
-0.409205728047191 -1.5520407933429 1.13755436074331 -0.120139894583762 0.368759730674237
-0.573868872796753 -1.45861270800369 1.42407228934096 -0.091078022424633 0.181834176878245
-0.843333874481891 -1.12259144355112 1.40632318263761 0 0
-1.04314317955523 -1.27832310390099 1.71388514415911 0 0
-1.39000440744763 -1.37751191223622 1.89728798934561 0 0
2.63079535045966 -1.7478396680443 0 0 1.78954776805463
2.1384160281628 -1.88552791872004 0 0 1.36782795896914
1.69760482200452 -1.83971699620306 0 0 0.60446882427552
0.811936117195522 -1.94378813200169 -0.10534220987977 -0.352610885634091 0.336395463701653
0.396915894844399 -1.66158972516861 -0.0878731255561897 -0.438265052474268 -0.288638606447548
0.200643109486229 -1.38368949744476 0.0151889806885953 -0.368990129280057 -0.360403029531532
0.183495990750552 -1.01170666183526 0.155032538710376 -0.274462328697936 -0.475653737113089
0.202620216503852 -1.00300459565662 0.39362659225744 0.0718593152779348 -0.149276943927114
-0.0798588471596341 -0.941621391346044 0.473105741546691 0.101372791887912 0.0623363245303468
-0.248252171353665 -0.861658083624607 0.697677124563861 0.0884387087573498 0.040103004174617
-0.446507820162299 -0.798741494372846 1.01491223283508 0.0810666847777961 -0.0673138219654219
-0.791158756159329 -0.630689282411653 1.1138129985751 0 0
-0.964165989742572 -0.845316612728366 1.4385628016587 0 0
-1.28623176579039 -1.19134111658794 1.68890659337156 0 0
2.6490638977718 -1.35098298459287 0 0 1.60860702016156
2.15835140851678 -1.4613958696653 0 0 1.19310695176239
1.70048506691864 -1.44805163828529 0 0 0.639425261873465
1.00482946109053 -1.57570751923634 -0.24409607624796 -0.149173752765471 0.247504882313646
0.600090776784061 -1.3063208314288 -0.283345417654043 -0.163630234422528 -0.360895774955415
0.344455129829542 -0.965288825088807 -0.261765226080351 -0.119751221987651 -0.605276418271394
0.366376827921681 -0.565549406242493 -0.112586151633465 -0.0191310435348475 -0.718354932314353
0.401164090588749 -0.35145371164222 -0.091247649838618 0.250184944227884 -0.62099463281519
0.151440032286262 -0.203680139549501 0.0326081203645958 0.291161523000821 -0.454229401235114
-0.0676452474446206 -0.189409781698981 0.255635819592635 0.274981189156649 -0.269194917629893
-0.362052343587192 -0.204720287832405 0.652091831742206 0.211809642616323 -0.269540688792689
-0.696755922399712 -0.205015348855838 0.80634608279109 0 0
-0.917167012700037 -0.579360457140777 1.12973892064272 0 0
-1.2937117543558 -1.05811935040225 1.33571274967821 0 0
2.55508162895377 -1.06278473637866 0 0 1.42470597187912
2.15773955643409 -1.06194573315502 0 0 1.00244266688734
1.71108744962671 -1.03571949520129 0 0 0.486735128854466
1.10624267574932 -1.1723011887829 -0.385242864929041 0.000443757712802615 0.0693302319494716
0.818594050950828 -0.926448699733149 -0.472838511398674 0.0835980981622304 -0.439844649998001
0.546874188332403 -0.528458583385495 -0.567482287806417 0.0692121971636045 -0.806890186274592
0.524805154229798 -0.112988342031575 -0.464838941458177 0.0724106268295474 -0.893223265775875
0.61824865318513 0.154734901962962 -0.438934229067093 0.26169666953652 -0.82180010453712
0.484557091767653 0.442374162450523 -0.324927568858597 0.319008603909528 -0.784656613592447
0.0738271712046854 0.55021463384744 -0.101426010549081 0.355881373460585 -0.529853441431909
-0.239134134425265 0.52539438724909 0.305731370777577 0.184129637586878 -0.44026467282654
-0.626627652906312 0.191128274450672 0.470633724394174 0 0
-0.97129992452993 -0.366782029895002 0.714971140789988 0 0
-1.29611633945307 -0.742483200490925 0.769642815056241 0 0
2.31446944066632 -0.743293734982394 0 0 1.1276617209405
1.99951660857408 -0.736775056918599 0 0 0.686890667225347
1.64383010128885 -0.722878834579509 0 0 0.294059865891937
1.16512600019951 -0.793830423234735 -0.469459607281102 0.152692874856001 -0.121923781561047
0.981321957206641 -0.617430049130818 -0.656737733162779 0.298597747768743 -0.488274774233879
0.554228421671382 -0.243145179322109 -0.687587631124035 0.0831008658747793 -0.762267895439944
0.668776990905758 0.0491800688592464 -0.504789757341914 0 -0.710887378163613
0.678483608649174 0.428732088286197 -0.648299855707527 0.247162287904728 -0.884022462161606
0.753055644752141 0.718436457629994 -0.478295666273464 0.280227794465847 -0.849477124314401
0.322802686813793 1.08907101971949 -0.230740175784542 0.184459276133936 -0.690463085902748
-0.0138378543839697 0.906706164960179 0.0464934393093909 0 -0.48183050127681
-0.367691319642188 0.42889553322925 0.314967926706477 0 -0.381823684610379
-0.663513397854601 -0.160691019460543 0.531919091850831 0 -0.281839505974767
-0.951070489465756 -0.849511563218756 0.664803860064853 0 -0.219927801933277
2.16091025386264 -1.29834754096563 0.154906231216057 0.0664788125589805 1.25154898926908
1.57074268771531 -1.15988483033173 -0.0862717949765724 0.0222789110534087 0.734746586904767
1.31320995245017 -0.83480992771293 -0.184091488903408 0 0.140959486306797
0.930384571706366 -0.698811085915252 -0.35769468088358 0 -0.276629587491626
0.676787303487816 -0.489748120712386 -0.385176692539104 0 -0.577327264801782
0.521786418528321 -0.274072235135204 0 0 -0.438408564435205
0.704603998225536 0.123334880390245 -0.861515086541886 0.266397050800398 -0.914551568674253
0.63156234092466 0.473643026518174 -0.679281813342879 0.0931219308753186 -0.884272355421316
0.807613195912261 0.781447952529833 -0.306712949554108 -0.00187248705922311 -0.774865889674807
0.460483653148662 1.0444643238823 -0.199421238883499 0 -0.589426625919308
0.15974262703246 1.02049818961782 0 0 -0.472428040021031
0.00974668204082497 0.939316318232833 0 0 -0.397453825535988
-0.954884378171119 0.00845232797222987 0.412466065287264 -0.248971153991229 -0.160574473184907
-1.05104117483773 -0.949999269934269 0.29549086848559 -0.0888998893557552 0
2.07839695782616 -0.985735627478943 0.0656542628909347 0 1.31391100916142
1.63791398559655 -0.979024153479197 -0.0619325374729466 0 0.677388481150053
1.26375270483299 -0.847404860790853 -0.166959339062928 0 0.158175537284594
0.876569567763903 -0.765458777461277 -0.341195353123164 0 -0.330230088602177
0.517730846135027 -0.615990480343253 0 0 -0.87349779265244
0.0932716236100299 -0.314249889478442 -0.325052691862717 0 -1.01424010930362
0.160802612424215 0.0387238985011354 -0.41000014422276 0 -0.826974289537699
0.54939607108369 0.408943509797131 -0.151193903722549 0.0682358883254747 -1.06821221142888
0.499514355677601 0.730198690143028 -0.147157224627126 0 -0.78642226957964
0.65577252403099 1.12657976132238 -0.159150561760344 -0.318968568504835 -0.706400306468111
0.66790702303682 1.3692384272869 -0.144056636270892 -0.41506011964848 -0.660024809573474
0.0683039436367481 0.87833134565639 0 0 -0.318119302224729
-0.252731731930185 0.460013111292549 0 0 -0.171851563463859
-0.662383394262628 -0.405706673761872 0 0 0
1.86203390905907 -0.798895610960009 -0.111889538238505 0 1.29838219903255
1.4745019469887 -0.867774084530652 -0.144746242084504 0 0.587007569406567
1.00617893144024 -1.00928000972208 -0.151606195548416 0 -0.0772939509564727
0.568714683970695 -1.09692783825866 0 0 -0.607172801024958
0.451895129264148 -0.872475408165143 0 0 -1.0969988743201
0.536794787000307 -0.780699322676292 -0.102483591411638 0 -1.11990989250455
0.665705380964339 -0.363002635687483 -0.117670626489929 0 -0.957396490300186
0.399082112923558 0.0828262848377264 0.0164290062934351 0 -0.598974705305457
0.310462998375988 0.525487957720916 0.143023790650465 0 -0.418886865911844
0.200714528016364 1.17705337716789 -0.160884721876139 0 0
0.459290757696575 1.28206184917018 -0.226261619772217 0 -0.21723696668186
0.256041866154918 1.11962999603978 -0.382808260696649 0.033851910381296 -0.00439828914380403
0.178651533387802 0.75925617035725 -0.439771361081093 0.220271962728818 -0.0297500323797215
0.0344688904159182 0.205154543372909 -0.64464652130331 0.48378612031071 -0.00842918853608409
1.36030604317889 -0.744548695179517 -0.225901539062259 0 0.923772690180624
0.981348039305916 -0.856497536032814 -0.174682286416045 0 0.259343287417493
0.653558557280388 -0.942928428582264 -0.179618972864986 0.300794767979195 -0.239982264136243
0.662265999672791 -1.18645753166939 0 0.200332956213238 -0.792329262764305
0.529209687436914 -1.30449432584799 0 -0.149148140758671 -1.17549861634605
0.769213470213149 -1.06756837783541 -0.260677921225549 -0.0339077224163213 -1.09956825259939
0.608056091593541 -0.565739575582284 -0.273423178779223 -0.0561030844167292 -0.841271813048691
0.395059342934342 -0.227817405419732 -0.0323198352627836 -0.0220005410644439 -0.527120732240761
0.0227581122576327 0.108517868859311 0 0 -0.30293488146956
0.0495135215498303 0.84672057939759 0 0 0
0.491155313142793 1.02643767784304 -0.0663764409382731 -0.299371803887511 -0.226460537562419
0.439827935173496 1.04693839748844 -0.401437881895643 0.186375632080506 -0.00630457751100562
0.139960697374281 0.884797543358313 -0.776671045087494 0.498842327330365 0.218856316126679
0.11226881930993 0.351821788713658 -0.874703008049461 0 0.134500735868745
0.698917757519686 -0.744992526161957 0 0 0.513209300976581
0.452929620632509 -0.793717488013957 0 0.198072994368444 0.179674730373992
0.483559519322381 -1.16102543936606 0 -0.00156732055198581 -0.329703569616682
0.649790189919496 -1.49313894922071 0 -0.102089447972264 -0.735262466149733
0.87366389622098 -1.59658277108616 0 -0.230371384915012 -1.05762688127251
0.834403888767259 -1.64093601554893 -0.0265051768639964 -0.217793295365347 -1.08064050142008
0.610540397115758 -1.48906082902332 0 0 -0.680397898363028
0.4807573053018 -0.937946418139429 0.246164183109456 -0.227762777267428 -0.809364452466537
0.326238571918737 -0.444510685583299 0 0 -0.512856793542285
0.616016791642555 0.176343249538024 0.122918774933974 0 -0.404924093586466
0.52117608418875 0.527053468252333 -0.144236287040903 -0.404806437448076 -0.460581794560731
0.524780167185135 0.493351233407518 -0.478226886462245 0.323053035414891 -0.27161263046224
0.199006960637153 0.483354837207523 -0.793182768002186 0 0.060099808228165
0.286157573721635 0.177409044502228 -0.980257850752687 0 0.266199260521732
0.274505469124153 -0.825073692293051 0 0 0.142266556650177
0.430944239652189 -0.978643645714264 0 -0.0640537186054545 0.111470654761025
0.579980459151226 -1.43183231073651 0 -0.323837704895821 -0.264503955215522
0.845596938571546 -1.79008833013544 0.0598620107006754 -0.42395716028847 -0.50896464097433
0.978959409660871 -1.93577690379929 0 -0.473787259282616 -0.842837130812939
1.2566408825178 -2.06037386960641 0.116650631654878 -0.212757104945987 -0.948694909102275
0.952725213718192 -2.08498103705537 0.452036259043139 -0.295147977412587 -0.952986359415143
0.601838477384994 -1.6219404811447 0.431004955060761 -0.345343331897736 -0.822571276479582
0.321156282150569 -0.941583268852216 0.201382500922939 -0.458004889652582 -0.797907679358478
0.491793749778748 -0.447126855881313 0.128482065244356 -0.402229613186027 -0.659559613447706
0.562950469069536 -0.215648855355449 0 -0.14537744804137 -0.58270949076196
0.450996243005653 -0.0502320516521951 -0.678357538137619 0.0624046369914707 -0.166680841583806
0.303159682396959 -0.0937852122881445 -0.999367114666741 0.0426365101276982 0.116687237615711
0.372482154492489 -0.385597460976201 -1.29269463340126 -0.0089632446917716 0.373983175388164
0.475284799176613 -0.877418496024198 0 -0.259480001004028 0.467225802521903
0.66260302434681 -1.3354199212335 0 -0.602485761432807 0.139698028802985
0.73642391967914 -1.66305680257002 0 -0.60438865705967 -0.229395397225214
1.04295101387998 -2.10075214136535 0.163474462527058 -0.80612869236242 -0.248698459964249
1.12989186338521 -2.15285476998024 0 -0.70990788574906 -0.705442472593836
1.25241978587994 -2.28917196076877 -0.00912007311702084 -0.181236107037064 -0.606316504747725
1.10032553654738 -2.29804185081062 0.258675550967948 -0.0946312695880226 -0.704078155766506
0.657386647685105 -2.0461953701602 0.289739251236137 -0.203220451804671 -0.693907053694762
0.468291286146198 -1.47643928935047 0.112672498541174 -0.37856297339638 -0.768310574044585
0.436308838042294 -1.0747693025047 -0.0511548470162076 -0.349362838709357 -0.804805456573958
0.603846714127488 -0.845345970707363 -0.34343045534679 -0.0772234406772044 -0.419996542719655
0.636998464900136 -0.779765706506916 -0.71101424723889 0.0190255572146694 -0.168214162238585
0.626076230808388 -0.770362662668481 -0.893847687941028 0 0.0393290727770128
0.66709914947235 -0.849290936874703 -1.15983940524378 0 0.1090038607298
0.842486723583547 -1.65013393717074 0.970063335246169 -1.32916943361898 1.21253001447558
0.999798055043994 -1.98009238746517 0.660590091174679 -1.35997016292874 0.728956303757408
1.12386230072472 -2.18127729299691 0.461308015799889 -1.26848095765889 0.346931024159
1.08652839111196 -2.23365961973945 0 -1.04694785991934 -0.332942699200688
1.22375261316717 -2.21135857711214 -0.441706981874357 -0.758772577540342 -0.547522285396969
1.1815663774456 -2.04918322430014 -0.428378710875428 -0.202008642690289 -0.426431715832283
1.01488024883606 -2.24396581002573 -0.19136420481619 0.118101630362449 -0.220347662936509
0.734640899053676 -2.33310382687629 -0.0133711696344888 -0.0373678814885303 -0.442455420236203
0.521544986540935 -1.92254573695591 -0.103529627663581 -0.111762555331781 -0.656057612333974
0.543370342653239 -1.63271349640439 -0.186737458548593 -0.125615803721655 -0.798850132412073
0.649740463842095 -1.4068329562726 -0.520684901857882 0.101174247276206 -0.49687066471915
0.575239946739286 -1.3703066212663 -0.909781455538641 0.0487129323008898 -0.265060714272797
0.530965456837385 -1.34529858412477 -1.24784515904508 0.100315945602998 0.0616678214616955
0.723838597381114 -1.35294400447772 -1.37135801596977 0 0.125734111098208
0.98214554895207 -2.11536179017833 1.0989103453062 -1.87896306115608 1.31807306092014
0.766940920539074 -1.83836069760551 0 -0.952222851518172 0.0550455105928805
1.03691204635552 -2.29280856131679 0 -1.34694998057436 -0.024447267513852
1.14461744710815 -2.47685838419285 0 -1.29925960926229 -0.221152557485205
1.09382678227218 -2.09212640145499 -0.916299753717827 -0.70279578044043 -0.344663506121457
1.03940503085691 -2.11354347861122 -0.675950337237414 -0.280346069019221 -0.155648213600671
1.0981192110436 -2.23814240035265 -0.51899691896861 0.0017024188134014 -0.0128478774726317
1.21202850836678 -2.6268018465429 0 -0.366303871367899 -0.605467810158382
0.54274385273704 -2.35738745703306 -0.374220652016744 0.150173536930527 -0.552094029330934
0.594375144571827 -2.04028299554505 -0.530312777618276 0.270627383745835 -0.549953809407609
0.578577542105126 -1.88983754594199 -0.733720695925086 0.308228031520654 -0.587394107971646
0.552069613386039 -1.88674869341046 -1.13706317245404 0.241402617908057 -0.352801316882654
0.483922396537438 -1.87502315351717 -1.47191826742682 0.190173400696063 -0.0587255792934758
0.515917181461234 -1.85407687313931 -1.73509564400749 0.283420483140724 0.282867216374069
