"(Intercept)" "X1" "X2" "X3" "X4"
0.954142347789266 -3.34785350175682 0 0 0.791963806287932
0.923342976983377 -3.06391513610115 0 0 0.732704222722363
0.944226575489741 -2.77495979636483 0 0 0.692323926609943
0.966754526034244 -2.53563058469944 0 0 0.670232185106382
0.883012554667225 -2.23240383323927 0 0 0.490081324107686
0.756249734427156 -1.91584245480471 0 0 0.198412664367332
0.419489416697968 -1.77380998080255 0.436639258466458 -0.0424958870390037 0.419033505552023
0.000747823422407899 -1.78794558540962 0.629769834420612 -0.00368323883685318 0.599645892521809
-0.414521078519846 -1.80370574732469 0.830022429514636 0.021030158849395 0.572415350287387
-0.806013978252867 -1.8019991243771 1.14873986720892 0.132914639353456 0.622465301144068
-1.06834600976559 -1.61470857457806 1.11955318791547 0 -0.0734570684312374
-1.37103804251024 -1.60351551485793 1.1655534559259 0 0
-1.63327648559791 -1.78646479723105 1.52110102881284 0 0
-1.85745029763787 -1.96133466357224 1.86843655044928 0 0
0.985477460934077 -2.67970004871911 0 0 0
0.873871596512312 -2.7255290869226 0 0 0.521624854634446
0.889938527541799 -2.36064396467711 0 0 0.460297703283548
0.852823984723564 -2.01999062071997 0 0 0.40690485275757
0.799002009371227 -1.6777419393763 0 0 0.215980023269793
0.714019895393436 -1.28112736235813 0 0 -0.0562510077413413
0.476126110514726 -1.00804836477784 0.218281553567898 0.0690737442993874 -0.0817191318514353
0.0959869412893261 -0.951310839117953 0.316941009004128 0.137725128594602 0.0409763238878471
-0.296138830057298 -1.01922391300681 0.512932157060106 0.158958028344045 0.113072644879534
-0.526341378315922 -1.10927080737478 0.720898254749462 0.221280948358791 0.13830675383743
-0.851493395602591 -1.0198687765854 0.89920661951361 0 -0.161982348448112
-1.19623992957063 -1.06929260086608 1.02275908278202 0 0
-1.45700508717554 -1.25822983151775 1.34128580038137 0 0
-1.68176868381116 -1.46420832151533 1.5965370193064 0 0
1.09325944703739 -2.63360596219818 0 0 0.478067860125693
0.948405454843113 -2.18420035155902 0 0 0
0.882661245380191 -1.86023751796701 0 0 0
0.867994856653692 -1.52659918613528 0 0 0.104942212246199
0.796775003981076 -1.08798076995967 0 0 -0.0337308582377555
0.677281392972275 -0.845052787743256 -0.0396393892807743 0.250143924364464 -0.379759891634932
0.507011791060489 -0.493689423269093 -0.0253880515266022 0.312149467040572 -0.470017095685679
0.292343454682911 -0.253929690230962 0.0369397070028629 0.299891132158438 -0.506482830463452
-0.103424258947145 -0.238144627345769 0.167146787736138 0.34579686890489 -0.441785998837207
-0.280130659325904 -0.443066752265126 0.366688642100325 0.400196269626058 -0.367422834794501
-0.613309827426732 -0.369940472385319 0.578906804440479 0 -0.333990942168193
-1.01804575176335 -0.552547754498867 0.789560925608855 0 0
-1.26627203064513 -0.748814278822775 1.0359426007363 0 0
-1.51652837343719 -1.01118559631232 1.21295548845233 0 0
1.35025466845284 -2.2632253325791 0 0 0.564372134421757
1.16181914693312 -1.77935257076685 0 0 0
0.98950505602629 -1.52695247803001 0 0 0
0.943856173875511 -1.1190075880987 0 0 0
0.789538513338516 -0.831319562029811 -0.274633500052417 0.280333562433411 -0.430373423423348
0.666092957184938 -0.461093869994983 -0.266539631273546 0.393512118016018 -0.573938064110489
0.608321460582572 -0.0969281075346432 -0.279517700100766 0.540298245106957 -0.729075230829507
0.548754937712176 0.170351938476264 -0.213154342317922 0.505783415256272 -0.895091980716625
0.273337185570081 0.384990608568642 -0.140339739846677 0.424301834093654 -0.826795423073479
-0.0257284583270496 0.284891453054986 0.123092440938827 0.448457733138978 -0.749169757216618
-0.588503872706407 0.150455443712922 0.432666009086288 0 0
-0.906436530024207 -0.0271537016180754 0.563011188014386 0 0
-1.12919303850425 -0.261944089909617 0.634050223097576 0 0
-1.51071518530484 -0.685084058637955 0.662360394139378 0 0
1.56606156152085 -1.88515417042233 0 0 0.64253647258925
1.28208627951499 -1.64826590200191 0 0 0.341816431065537
1.15068039587222 -1.20568816636505 0 0 0
0.930799854742079 -0.835484623517113 -0.140760323288297 0.182134823898486 -0.357979133574559
0.641570516147958 -0.562103575709675 -0.334850818071636 0.314940283813709 -0.6109720844179
0.597207809561013 -0.201686165454036 -0.424207431283729 0.451189349742936 -0.72122868936081
0.680400418676639 0.124617051783797 -0.43024529283416 0.465644079090205 -0.822143266652986
0.741093512563268 0.370414805281959 -0.391027391131129 0.502838033142183 -0.959083746873668
0.565012287509204 0.627990824852944 -0.327091520444328 0.41463777130256 -0.891248698733578
0.138725642090202 0.841004432954885 0 0 -0.535584981517404
-0.286050899786464 0.876347925806107 0.227067000575903 0 -0.438854601911262
-0.803351263997828 0.457290550980821 0.366281427657462 0 0
-1.10626004915075 0.0391742670662777 0.40762121927963 0 0
-1.40325615086567 -0.547296144440547 0.389194084932465 0 0
1.67715836834389 -1.55103747640093 0 0 0.742630212278927
1.39798425976532 -1.32463894418252 0 0 0.38576549294468
1.25404290062034 -1.16361339008412 -0.143922061084614 0.0510416074303089 0.0249291950670297
0.888515237407514 -0.856639792800326 -0.259093417411475 0.160281090210055 -0.462529373254735
0.397872403177535 -0.53737832683476 -0.265798725599264 0.229713107734371 -0.805031065530288
0.16685441728361 -0.183481191665671 0 0 -0.776072656854168
0.287187363840841 0.206787532658063 0 0 -1.02686593976809
0.519090265478387 0.472375194349318 0 0.225054852782724 -0.822304086215868
0.439037392557573 0.828294497793632 -0.232138179528171 0.261083692533928 -0.930201229822689
0.138638926759612 0.954582077396452 0 0 -0.620844558653572
-0.0798391072635663 1.06179987765014 0 0 -0.526552270402488
-0.392190870492041 0.925143287136418 0.0218042964267771 0 -0.335314759242708
-0.935311108660487 0.20688842585048 0.193183445339005 0 0
-1.31496385003855 -0.569280961029031 0.178671409030292 0 0
1.58027546405316 -1.40036561406216 0 0 0.867407581980227
1.3171824543284 -1.33465865072487 0 0 0.500489138224664
1.06708734952105 -1.24482599362871 0 0 0.115324040248405
0.676582190512887 -1.07438860523803 0 0 -0.382243319408626
0.449194374425455 -0.752346930187809 0 0.0708481864568961 -0.848914834679862
0.049531629815315 -0.42892837019832 0 0 -0.906920667534592
0.135706993616709 0.050890831167475 0 0 -1.03421838667062
0.262283726041273 0.472681159308035 0 0 -1.11809705130685
0.300428764592924 0.740633200295895 0 0 -0.900836232869045
0.176127534225469 0.925509986499501 0 0 -0.735756891967761
-0.0356190341146249 0.942603788637029 0 0 -0.469634789162234
-0.161279393788658 0.77553391314408 0 0 -0.258977926185887
-0.486424284701629 0.596942449844319 0 0 0
-0.944576128406609 -0.115861571120801 0 0 0
1.38705644121915 -1.3757288389273 0 0 0.927182911574786
1.15971451145989 -1.38074329812054 0 0 0.509971137750531
0.850758331334575 -1.35295005971514 0 0 -0.0227926600665678
0.486378485330213 -1.2853896730148 0 0 -0.53143946016346
0.346050346517034 -1.13532685211434 0 0 -0.816560317013842
0.234558749987579 -0.865128266226213 0 0 -0.634733557880637
0.367246658807534 -0.382798906246857 0.0599206761392613 0 -0.914292679059245
0.288320975384361 0.058606228697713 0 0 -1.01159142527232
0.204235337768395 0.430937943897481 0 0 -0.974261004311201
0.211168051387793 0.700123853576424 0 0 -0.743647900748343
0.019900290855188 0.772056469308546 0 0 -0.37882889951021
-0.127585371174144 0.671461067153661 0 0 -0.222019748961532
-0.408300701030973 0.472709168732015 0 0 0
-0.533518674273673 0.357135463446336 0 0 0
1.02305302847953 -1.27411296168014 0 0 0.775987549008229
0.694432284692974 -1.26397345433246 0 0 0.277847771644694
0.38785397166977 -1.39262268329985 0 0 -0.184947709891271
0.281066215553482 -1.57992175619134 0 0 -0.55102984754119
0.395977057839673 -1.55211891710932 0 0 -0.831242683562339
0.401717381156483 -1.34528002877531 0 0 -0.659096188584693
0.356780396684464 -0.953744375758869 0 0 -0.709951226219969
0.269942901542058 -0.461802361448659 0 0 -0.728247980159633
0.261440788321498 0.00248200568776244 0 0 -0.626858058708579
0.404102125571428 0.394002868762878 0 0 -0.529620401315592
0.227740336232447 0.570135614515948 0 0 -0.252223327643082
-0.181882952463726 0.431524756299608 0 0 0
-0.259370671322983 0.381642226119338 0 0 0
-0.35479097472264 0.278992372238305 0 0 0
0.457596167548547 -1.16088755542113 0 0 0.366064026341702
0.315330477089593 -1.18357057277668 0 0 0.0844234180669891
0.247206811038624 -1.43846407285157 0 0 -0.165438537988164
0.215433567332721 -1.75424473186085 0 0 -0.404863041694385
0.45422686159158 -1.81933258442609 0 0 -0.715022191830655
0.551463048026504 -1.79726188213709 0 0 -0.739697909230382
0.503234834373838 -1.47420159536476 0 0 -0.72731741954108
0.430335652651977 -1.00591375285227 0 0 -0.586420992129638
0.377574215138854 -0.479169970724406 0 0 -0.599710455734826
0.55923919619725 0.0172826956002683 0 0 -0.350110243639295
0.524364490586114 0.29181023874762 0 0 0
0.342997114771987 0.243160605385719 0 0 0
0.112912355167779 0.13181579668071 0 0 0
-0.0594777002525328 0.075310666196244 0 0 0
0.320487392836123 -0.971333863045768 0 0 0.315506970655963
0.320625155630107 -1.1937942134403 0 0 0.157355111691412
0.307075852140989 -1.54066778317249 0 0 -0.0496374967546205
0.356220813004299 -1.86897147249903 0 0 -0.272330214932356
0.547267579815129 -1.98380815927606 0 0 -0.472553462274442
0.998247459941443 -2.04838619485968 0.202842172898244 0 -0.615370267004667
0.842758894261683 -1.90421397099183 0.233264973950217 0 -0.732522039498214
0.758808577941916 -1.49263854250165 0.17785435345073 0 -0.706996191162984
0.560839454239028 -0.991460592982229 0 0 -0.516780447418806
0.756404167256854 -0.533628136137415 0 0 -0.480329487814205
0.805649973065998 -0.286706899358 0 0 0
0.761108355667897 -0.168774199705951 0 0 0
0.589053869619463 -0.170552986163309 0 0 0
0.300226312106128 -0.174797603821869 0 0 0
0.416008822839693 -0.962194942995414 0 0 0.416465766646204
0.357176061754527 -1.2825929846834 0 0 0.192824259206459
0.3301294034465 -1.64862064331465 0 0 -0.00100366850108523
0.528639235516615 -1.90481988390594 0 0 -0.147426999868866
0.751906422786531 -1.90031889003718 0 0 -0.334603153120598
1.043589320623 -2.08918967743483 0.156701817720377 0 -0.39485500465196
1.04134409864441 -2.07257555521578 0.155730623853029 0.0682530000429829 -0.394248162957795
0.827457965652735 -1.82938924192604 0 0 -0.469028356857778
0.764572952277708 -1.43891476107635 0 0 -0.518319403611874
0.873125758998401 -1.06919139673657 0 0 -0.397864560033935
1.02973452661184 -0.80674025628293 0 0 0
1.06079005368342 -0.690631374868721 0 0 0
0.941934731221267 -0.579567550057236 0 0 0
0.702170080425459 -0.48271981626717 0 0 0
0.454473661215342 -1.04921820892546 0 0 0.427361842842903
0.456056217924709 -1.35702115290301 0 0 0.226867600367002
0.562631298866198 -1.63222174527744 0 0 0.070273997919709
0.653424448170512 -1.83347221070273 0 0 -0.119622913599607
0.764427667291694 -2.04298128831446 0.202983688966313 0 -0.142054308213278
0.931641956969702 -1.90332894522048 -0.151373683510203 0.326239242300691 0.0686215772215483
0.826878817505714 -2.07057232407477 -0.195722672464292 0.390090389632577 0.151698903799718
0.879956445287339 -1.94613808841004 -0.196359403939338 0.234611882730463 -0.105943478236703
0.979552646680061 -1.8316132966515 0 0 -0.268200574725687
1.15668127663681 -1.47570173719989 0 0 0
1.21968851958873 -1.19745106816427 0 0 0
1.29868262718385 -1.12609001197353 0 0 0
1.25273767174553 -0.990202770384889 0 0 0
1.08438283533851 -0.836615335825573 0 0 0
0.540295899306956 -1.16161716701923 0 0 0.481665994366388
0.5875320491409 -1.40438785663814 0 0 0.27483991998092
0.638696997180059 -1.62357016045528 0 0 0.0715258638753089
0.699921472278201 -1.76172993600542 0 0 -0.117274427806241
0.761079319589377 -1.92930707912255 0.211135332799464 0 0.00960325142645583
0.915957297442106 -1.8024628518001 0.168744646887428 0 -0.0156029184749924
0.675389398879922 -1.88839132020356 -0.504659827600783 0.637999950052307 0.516593914797327
0.633020870786806 -1.98730850305489 -0.596822332278535 0.617665012039714 0.328888510421842
1.24645352515226 -1.87386544188002 0 0 0
1.31839546628038 -1.77822754099344 0 0 0
1.3998962716019 -1.57890756762181 0 0 0
1.45532050598172 -1.45067369319043 0 0 0
1.45769093475434 -1.32273228908726 0 0 0
1.3537066422354 -1.15047181605447 0 0 0
