"(Intercept)" "X1" "X2" "X3" "X4"
-0.0447839880255812 -4.14941475057502 0 0 0
-0.139022468753043 -3.92919069625503 0 0 0
0.0187169366593983 -3.49344725541495 0 0 0
0.572449427870736 -3.18439026951159 0 0 0.560683764289289
0.971793641627096 -2.69084127372326 0 0.209118596995024 0.475588445364651
1.04627423876669 -2.26576075611449 0.194533965575502 0.16575891540363 0.249657035815282
0.440540977725012 -1.90936299815169 0.394801353003234 -0.173661652276208 0.329042315945785
-0.0344925515449531 -1.83404874129604 0.693284780529642 -0.117282569821755 0.664876020148433
-0.380482681533819 -1.74701364993637 0.820356002793747 0.100318896183948 0.591847352334208
-0.619921602015957 -1.16526088820222 0.687319816597218 0 0
-0.93449504503169 -1.68870917053294 1.52948364260277 0.300941582679173 0.594149732391312
-1.34546042096202 -1.26188027129279 1.59684278537616 0 -0.1202860831753
-1.57499488666481 -1.30709328627653 1.96890150615942 0 -0.198136760502635
-1.81676970637266 -1.31726014973413 2.21110992283899 0 -0.224860594806095
0.125440931985082 -3.60430225137072 0 0 0
-0.0715009858097217 -3.44403219819593 0 0 0
0.0524255864633789 -2.97469956750481 0 0 0
0.287810600640531 -2.38657610048079 0 0 0
0.632589780359734 -1.93914320774988 0 0 0.244715764721742
0.738486977770854 -1.5039709176649 0.0629754618058841 0.296457033944574 0.039134220028162
0.385597666750057 -1.11772248881519 0.131209319651065 0.0749974490773708 -0.105909715403597
0.0412396918207239 -0.99203564790698 0.289178944864614 0.113978626599814 0.047048665551389
-0.203193882165217 -1.15432590018243 0.376217922998748 0.41669862663634 0.244374684719449
-0.443396389884768 -1.02529640616019 0.618440509348271 0.369640830533742 0.248357051218648
-0.556603148005892 -1.0542473306505 1.02904129000996 0.442769144783706 0.206767494778612
-1.04145822568607 -0.722950116052126 1.22518044562291 0 -0.202457251214275
-1.29764362943938 -0.780377983661691 1.53046722949275 0 -0.244811549651689
-1.62273590159933 -0.845948132563845 1.70420400632197 0 -0.225134961859792
0.468691970749444 -2.95822008644984 0 0 0
0.230704824297095 -2.75601506629586 0 0 0
0.288486487336253 -2.26758524736792 0 0 0
0.379994401093742 -1.74434309060364 0 0 0
0.554595708194736 -1.25584975305143 -0.0879512261490663 0.271294639023115 0
0.508588766655355 -0.92300225052715 -0.0883624786145461 0.369758706142062 -0.168859119575455
0.399488890020921 -0.546616575875947 -0.144947112746126 0.367180881926303 -0.239669571539316
0.274145608086868 -0.250781698573401 -0.152341810025354 0.303346868381155 -0.387602501683652
0.00889278705321047 -0.426179865230168 -0.0934437576693618 0.541721624958538 -0.204491848717589
-0.0990837158443725 -0.356496425950074 0.165411143930216 0.500863295335414 -0.119902837762182
-0.506247280592376 -0.113598358881516 0.426349995874577 0 -0.215278524008661
-0.783711488633545 -0.123851533443297 0.755005562029669 0 -0.252223362955748
-1.14842085082253 -0.269207911556439 0.966827102858158 0 -0.215343022818669
-1.52875253833691 -0.478355932773363 1.02026706497159 0 -0.19610989087107
1.00640744578219 -2.11456607047857 0 0 0
0.687745966507301 -2.04510389084855 0 0 0
0.686815989433821 -1.4576710403505 0 0 0
0.303260556219312 -1.20672915892572 0.0398107146312682 0.0601254714272609 0
0.410740253380863 -0.798301506326076 -0.197860096955656 0.26963061339218 0
0.553556822838164 -0.386387504210492 -0.326561234085303 0.436171383891153 -0.215580526429617
0.633972499430195 -0.0548099503385328 -0.410916164917534 0.566491092131644 -0.243486227649456
0.315015398080419 0.318214793685733 -0.546671584018449 0.532513076981976 -0.455424947093931
0.212431194645735 0.383272694134927 -0.504649967010379 0.554447576115372 -0.524602710706906
0.222723984293823 0.339704675148375 -0.229304519780493 0.572890321731642 -0.444985261739285
0.0187430197358465 0.308687370023895 0.11920046125521 0.58709571771503 -0.498745684910154
-0.358197143033626 0.261269014780738 0.470202254641151 0.668397031264164 -0.425946110964763
-1.28441461017106 0.18247413060341 0.477501317909252 0 0
-1.52166299474232 -0.401907999884637 0.380352125544903 0 0
1.34208955425687 -2.1345896427684 0.621031455019248 -0.675565387171219 0.388501953463355
0.903296217711892 -1.78894716229616 0.448173217132627 -0.567675798466774 0.0543346741066643
0.600174379699092 -1.32774132725959 0.260619167478293 -0.357310537639112 -0.164574953096175
0.440957038089285 -0.757670964830559 0.0115004832732668 -0.123922450620802 0
0.29558678425161 -0.378704805171413 -0.294754104174292 0.169974122193145 0
0.580861057272301 -0.0350497185517522 -0.389924493524442 0.318593528356803 0
0.78658288834483 0.242810202279203 -0.623104851222748 0.534039890955782 -0.311071075554636
0.405784647569143 0.638661407760756 -0.832446406718862 0.441212571346318 -0.366146469082327
0.264459950574622 0.952181101615167 -0.659664510633824 0.375055726456476 -0.481384839275318
0.172276646824213 1.06848618233433 -0.341858481073038 0.42442590869388 -0.631046724807049
-0.349539147744954 0.877319566766779 -0.103959021606676 0 0
-0.719620395213623 0.795727198785657 0.15714464621923 0 0
-0.992029536093817 0.473668633821037 0.233691139098644 0 0
-1.29015433569613 -0.353372966447655 0.004399442872535 0 0
0.991147001175768 -0.831435518226395 0 0 0
1.01102013393395 -0.821026839870701 0 0 0
1.10227343187261 -1.07667694446698 0.0649880510918069 -0.602155040472256 -0.402115584964959
0.988808622725625 -0.809625935096284 0.045853549820027 -0.235988331851344 -0.873863920515704
0.677712911281154 -0.646142783529006 -0.0324427786539553 -0.0713977576727856 -1.07915872865063
0.537272688500227 -0.169750530261215 0 0 0
0.543911197475707 0.152428965076824 -0.341359827167547 0 -1.02318804724225
0.648725218607429 0.462287486659095 -0.442572356443385 0.19802346088364 -1.29704596761233
0.183397043427952 1.18509228936118 -0.513980875644869 0.219182543717335 -0.395891161713643
0.218702896125808 1.27460071186157 -0.37117962179246 0 -0.492275135758144
0.357438808831512 1.22108697879466 -0.233068857310895 0.37858677580077 -0.753756223598352
-0.413471221502771 0.955970062721962 0 0 0
-0.659289750314102 0.752289211170706 0 0 0
-1.15286211810613 -0.321539315603648 0.0145794896615487 0 0
1.24374488873835 -1.27183946567564 0 -0.506850170675102 0.670303335137481
1.09482589626408 -1.20935795572298 0 -0.456338766998008 0.20808956062961
1.09875772229285 -1.05169503704855 0 -0.275635043399423 -0.227958834317865
1.1180941528162 -0.939323127281187 0 -0.0636172430030116 -0.726743189340481
0.928668098061765 -0.808064507806632 0 0 -1.0707122797414
0.408085683937108 -0.574640755448307 -0.323603381448581 -0.141930822032308 -0.94380721734121
0.912212624154967 -0.00626536002412691 -0.397381948301044 -0.024803698564898 -0.842071406461322
1.10007686851185 0.425572083042958 -0.338967727737599 0.2572586942455 -1.33693030561525
0.916098589061243 0.638553250185178 -0.27366702430526 0.0168473094412225 -0.986530398928383
0.73310514604676 1.24637175906528 -0.318778899429094 -0.28665478419137 -0.468123327262317
0.423502832004644 1.40365164981182 -0.161059182596703 0 -0.645240899270643
0.0332435869326231 1.05669049348403 0 0 -0.334811131343898
-0.441262162202195 0.742148423604368 0 0 0
-0.795862606795475 0.0394980882936672 0 0 0
0.794170967196486 -1.16100487536055 0 0 0.708493940182676
0.940607552454344 -1.13681146870255 0 0 0.351814187009153
0.864777479224933 -1.19142386292639 0 0 -0.241478909427784
0.772455320354325 -1.21896124385798 0 0 -0.883803695372044
1.02701938534697 -1.14447717380406 0 0 -1.32933760420618
0.864830700839814 -0.91172346406611 -0.108839865538404 0 -1.09143178643473
0.464335911008085 -0.426795803025415 -0.270152707858299 0 -1.09565224007639
0.89166487792007 0.105709044792461 -0.131079050985681 0 -1.23642850324795
1.08693739894333 0.463724621440877 -0.162766410038827 0 -1.06076609760735
1.30076868311699 1.07309073488729 0.222718790819315 -0.00655658094844168 -0.534539657789073
0.479470971177933 1.29854684449536 0.0390456828647888 0 -0.345450049594153
0.148774258137553 1.04414813818081 -0.0631443674577561 0 -0.230971524038543
-0.296491666367783 0.819966129614267 0 0 0
-0.635094222394569 0.18766406217917 0 0 0
0.944521494484467 -1.0928193758698 0 -0.56717357447212 0.702183619410134
0.476388201850685 -1.12281426840458 0 0 0.139284637942259
0.505831955931014 -1.29067525652937 0 0 -0.352592373480311
0.753285454566668 -1.4692259856261 0 0 -0.884077947173407
1.13797028836555 -1.42600624837637 0 0 -1.32536011211901
0.748932580825098 -1.46011482471892 0 0 -0.908293438468266
0.314358384698642 -1.22430019274903 0 0 -0.899918617773237
0.364015329185176 -0.546261744472653 0 0 -1.05142622458058
0.535899835391892 0.0916107459684505 0 0 -0.824318013774832
0.742340963773158 0.644608397153225 0.109742060631749 0 -0.528090658370166
0.545109925048373 1.15347371036958 0.16502894533879 -0.227824884872435 -0.403815363493467
0.212382264207444 0.922165193774603 0 -0.283035296535043 -0.514020147001418
0.0848175536559959 0.657589845513769 0 -0.14558584678235 -0.517864015345427
-0.0435349659325255 0.240987608681922 0 0 -0.468390836890813
0.613016201420211 -1.04485048593616 0 -0.275843042491642 0.700352447118241
0.335997132209799 -1.20447387689799 0.0662276865360916 -0.120904021708219 0.255776395537191
0.412670975724514 -1.48827963756989 0 0 -0.198562819475317
0.532402441357526 -1.83497080050776 0 0 -0.656264036058044
1.10190476017098 -1.83844780158562 0 0 -1.00601620835189
1.13596726513993 -1.85340393707635 0 -0.426019042359536 -1.12159077910515
0.8889920444695 -1.66824445897013 0.0434830225400688 -0.328169072417604 -1.29388005675696
0.549529797817534 -1.05446108084269 0 0 -1.17720872846089
0.516234532025025 -0.337843848090247 0 0 -0.760250612468546
0.585081891125226 0.261873109737861 0 0 -0.524288038874073
0.487653451605777 0.699831638504373 0 0 -0.463108643277436
0.246189610686022 0.66670309087782 -0.68792806541584 0.162182267778932 -0.315181648539546
-0.0266526750626473 0.631480184617361 0 0 -0.445656723968696
0.0472035632412696 0.126026360297806 -0.367104711524354 0 -0.203362923798206
0.490300301035298 -0.930445402129531 -0.278811845353956 0.0776819723986369 0.689215513124809
0.178780044932825 -1.37185175746957 0.152383638160004 0 0.345499490803778
0.323681170960158 -1.80174501566378 0.101126594632167 0 0.0667407618812053
0.571658305258936 -2.19421866478991 0 0 -0.28583846870185
1.16338195117786 -2.20642320911751 0 -0.352641265233253 -0.584950955195872
1.80535471970532 -2.21633305949672 0.0987094210796798 -0.411372196888132 -0.822884951838153
1.34349136624768 -1.96862126961083 0.286215164696243 -0.376157290462055 -1.23468830689023
1.01181810087634 -1.23970818245615 0 0 -1.09933524108811
0.661031134627023 -0.680840077545647 0 0 -0.863540302439674
0.832337359610064 -0.305766183771254 0.105713582989658 -0.322223197437127 -0.88905215860268
0.476955811513074 0.14699546804592 0 -0.0897587918883932 -0.661157709765736
0.365959721712483 0.384840818454973 0 0 -0.503894836521832
0.0346487185426382 0.418373420891704 0 0 -0.435466692163045
-0.158102771058789 0.326657931757215 0 0 -0.380014391731025
0.514658883494676 -1.09329838668005 -0.486886139059029 0.181574529761862 0.807951009830601
0.502878981085853 -1.5505453584942 -0.351698532035685 0.075869113309582 0.570556433644053
0.503588313432583 -1.98322522256621 -0.228586008402489 -0.00168191752815006 0.325921867883087
0.8039158408038 -2.51439495248641 -0.0354578049910504 -0.363501266494574 0.244228290244083
0.931693376744614 -2.40019235964491 0 0 -0.357606248561797
1.3701819634569 -2.3260302088338 -0.0408864805900415 0 -0.586307594565504
1.25875434571532 -2.03237907559735 0.0856668640776199 -0.00749728654368929 -0.669044864936828
0.90992953363396 -1.47253287087357 0.035033730108528 0.139787005287027 -0.671242066690399
0.555659545889284 -1.16679982156497 0 0 -0.677321259095566
0.399063808789379 -0.752549206128623 0 0 -0.711713756404954
0.406852396839537 -0.407900870791162 0 0 -0.632431144705635
0.270893239371671 -0.14498772898112 0 0 -0.548203222511062
0.272811917361366 -0.0569121402734698 0 0 -0.471616693379647
0.126154316413155 -0.423276835110649 -1.02073756915874 0 -0.12653310543276
0.472305848666807 -1.25289716555388 -0.792291840928168 0.432299594291561 0.84772599705773
0.505909205076479 -1.7160491950418 -0.593609024029895 0.326021419449115 0.682484559886832
0.569898618873935 -2.16343579903327 -0.288486282077383 0.106960213229216 0.547572467693891
0.564116745255405 -2.33642752405963 0 0 0.256823297536049
0.739096478955456 -2.47711243664809 0 0 0.0389408816921019
0.953310466631303 -2.30619433890702 -0.389411773327572 0.239999331903521 0.118028820441614
0.894979451135574 -2.05101246020315 -0.297550388474717 0.401693880248175 0.0815899266842146
0.694444696799488 -1.78038691032761 -0.0918213098927774 0.343313881502998 -0.270649010912728
0.284492076763151 -1.39849756207149 -0.00403510162700669 0.2619326248204 -0.562713098678094
0.112800901187411 -1.04852480258823 -0.00427025655870481 0.208844185901454 -0.591418414567936
0.127306742535723 -0.861528965000481 0 0 -0.660402879428692
0.154184767199271 -0.670137734003355 0 0 -0.610269356264787
0.160193640957721 -0.494710435685885 0 0 -0.500867884763659
0.0493619117792484 -0.760824730175346 -0.796818477832722 0 -0.266599025640412
0.337998713171661 -1.99887712742219 -0.459374205510334 0.145209711047043 1.43229003353805
0.315562986322185 -2.25388859134626 0 -0.224578318305659 1.06385707635155
0.24060636668024 -2.14921725126385 0 0 0.527353639643767
0.439466373994314 -2.31708650852314 0 0 0.447831444890155
0.567600262221947 -2.46435454408742 0 0 0.434381340611464
0.412584606214116 -2.42736518255436 -0.70664462325011 0.538931512346159 0.674629444572933
0.278707922455475 -2.11948714465462 -0.663117315268757 0.872568626663806 0.646209373958239
-0.014760511839795 -1.86432647829846 -0.4234994669325 0.882922602150703 0.180339612463984
-0.127251304869977 -1.70480303581272 -0.23990435243843 0.591934356809782 -0.316780740870301
-0.264571477175484 -1.39736616048928 -0.314493783668888 0.477160419426682 -0.435791191894975
-0.1897894884338 -1.26654220757945 -0.174236219441508 0 -0.517429761616085
0.0775615117450108 -1.12045517572142 0 0 -0.521574599315449
-0.0321524140995098 -0.929566411808569 0 0 -0.549439437086895
0.10573842311202 -0.755831472855814 0 0 -0.442762624290107
