"(Intercept)" "X1" "X2" "X3" "X4"
1.3233378359914 -1.4339546811133 0 0 0.568840312375221
1.26792951663377 -1.19133337035901 0 0 0
1.12527236984715 -1.36161467343289 0 0 0
0.920866987774847 -1.71227823365673 0 0 0
0.783770455783353 -2.18909212920926 0.409011478784607 0.0502225933026228 0.376686934492724
0.56625001021678 -2.02950670351071 0.449428926074646 0.000277656353209034 0.402011569512985
0.262997043035817 -1.92184484161846 0.570190907606778 -0.0111199918149693 0.429453724490022
0.0334372880236657 -1.82206111221561 0.709213456472166 0.0277851123220208 0.381667941741889
-0.26133213712059 -1.75237622844247 0.855669396743283 0.0773713514606988 0.390456688867003
-0.438454822556492 -1.66898731529916 1.01147159358566 0.138333275214686 0.384896554412464
-0.692869348614342 -1.23965104868454 0.803937508203397 0 0
-0.987044863988414 -1.21831508451244 0.973487985193854 0 0
-1.30966493737818 -1.10956222858388 1.18865827831545 0 0
-1.62816630774325 -1.06735223437109 1.42356705307994 0 0
1.22271856417982 -1.02048619108051 0 0 0
1.21705054731397 -1.08082579188567 0 0 0
1.14305942263099 -1.1360271560424 0 0 0
1.00202208920107 -1.24119755996058 0 0 0
0.810877587468522 -1.63588549443267 0.245712236845168 0.157435050071812 0.194571868024057
0.667439649513506 -1.39407009232008 0.206369161889085 0.136117690450649 0.131766988287094
0.406861359347792 -1.23304216309112 0.295367602070657 0.154253100685965 0.16275833890805
0.124848546275062 -1.12401375886218 0.396755672308762 0.184563381993334 0.137939472665978
-0.109468790049007 -1.0745942934309 0.496145624866982 0.235131385340149 0.132976772066061
-0.247181798981502 -1.02603377667105 0.628039219061986 0.300338013253379 0.121510891931615
-0.64496666974586 -0.714916297138025 0.630489349343015 0 0
-0.930226917789953 -0.725674540311197 0.841873512769014 0 0
-1.22532741579044 -0.693618188806022 1.04661024900814 0 0
-1.55152148429897 -0.711842574775036 1.26437016575516 0 0
0.714550262955818 -1.87310185782685 0.726438001621719 -0.721345350849922 0.835030250386289
1.17814224784909 -0.943484793674791 0 0 0
1.12082881510259 -1.00172756709475 0 0 0
1.09423484812765 -0.893547798370175 0 0 0
0.853176047632736 -0.999326228817877 0.0504564052174338 0 -0.0615540000136801
0.759226385753422 -0.843168769324696 -0.055016038020876 0.268458484972201 -0.0473663743059822
0.608927210766425 -0.584786934708139 -0.0399157321715709 0.299029253874743 -0.0960578653683111
0.326718031037363 -0.429503647122842 0.025746923682091 0.358764319044334 -0.0579942513399807
0.085481145715671 -0.387744914143034 0.103265138699722 0.417742723747319 -0.12039451799451
-0.0662004448057195 -0.381171811214637 0.221121691863828 0.421018352775089 -0.148353726277222
-0.559405915312737 -0.222330899107777 0.41688520631092 0 0
-0.831842820323733 -0.230222019733793 0.606651799441192 0 0
-1.15739930553955 -0.286519776528193 0.834516682761475 0 0
-1.46840731187984 -0.390833657098052 1.06763229134287 0 0
1.16293194903538 -1.25339157644858 0 -0.282758153292244 0.396937256897106
0.821832700685075 -1.59618058117858 0.491414066474069 -0.597335041741734 0.430366385064272
0.849365196124843 -1.42757405516228 0.331216158452468 -0.382014174793439 0.178690418836964
0.940069586711294 -1.20067689376569 0.1537454790243 -0.142954387768257 -0.030051042129788
1.01605622724952 -0.913433323370229 0.0133471990253428 0.0742365713868969 -0.172999232909057
0.878813852970312 -0.51551666591822 -0.140581844206633 0 -0.314060429539115
0.736540394534267 -0.138148129930679 -0.195568111971316 0 -0.408576911829381
0.51247052403386 0.117922528818952 -0.289915610185456 0.410876304287276 -0.210777711562221
0.0305490423697091 0.262760457213167 -0.116355708078038 0 0
-0.249772152415461 0.275476788331567 0.00896588903303645 0 0
-0.469211740688619 0.249005361406035 0.22720384406468 0 0
-0.750462054505542 0.163705947799475 0.437196148353845 0 0
-1.05600272422598 -0.0045871443638896 0.69534472029585 0 0
-1.39005175429008 -0.094309737252679 0.825549720550366 0 0
1.06053362489997 -1.20880072689907 0 -0.429882568930897 0.409160017970821
1.1650106930625 -1.15337901820813 0 -0.302814734320004 0.207848520265802
1.20190878610055 -1.04795923433862 0 -0.185766697491661 -0.00852212839686949
1.04636273218844 -1.06851411185773 0.0980416201655171 -0.230656476112546 -0.233085125466453
1.06029722824345 -0.841470152791545 -0.038180421077559 -0.05513815463782 -0.396208019926456
1.03798857953158 -0.483330022417996 -0.154691064127829 0 -0.440346078369467
0.957766237651103 -0.15006616242423 -0.231581587457572 0 -0.672144757920121
0.755675026123811 0.188357857765346 0 0 -0.549660057753805
0.345194637046043 0.621674177281405 -0.469696527776067 0.392362419032398 -0.334991253123587
-0.0706529046548141 0.608776252480254 -0.104880191231814 0 0
-0.367840633681399 0.575479585704978 0.0864435836345006 0 0
-0.668740781940252 0.435461702525172 0.316189547658828 0 0
-0.949094470803284 0.311085302681465 0.424304885488494 0 0
-1.27943409044364 0.145759497882795 0.548538682200741 0 0
1.01441035965957 -1.23492316205764 0 -0.593157049384802 0.48946303392024
1.13864738012094 -1.18631923104682 0 -0.427007101062355 0.167537981679151
1.20733012901546 -1.0880249351315 0 -0.282486705395584 -0.144484980196643
1.18207396032539 -0.972430225574862 0 -0.200429837218168 -0.444285603163278
1.12230396237226 -0.785030868849737 0 -0.143870645964782 -0.550805772382857
1.08967853006502 -0.535253666480225 0 0 -0.634318531648266
0.96519106553942 -0.209130320296178 0 0 -0.765099597968799
0.98656913766773 0.171953259714738 0 0 -0.922644976939464
0.802456244827452 0.444026035329752 0 0 -0.895645000500145
0.0590873063551067 0.688734250961625 0 0 0
-0.18627772785988 0.717869068716125 0 0 0
-0.370757427297478 0.52107460152314 0 0 0
-0.651832629215971 0.381986656631538 0 0 0
-1.05603904703466 0.396866522581171 0 0 0
0.950976665203479 -1.27122306159219 0 -0.781436827615637 0.621423775248973
1.10560447039556 -1.25345724604214 0 -0.590203474295445 0.18757178773749
1.1930701965181 -1.20181682602951 0 -0.383221715266412 -0.258571036330164
1.1852255282254 -1.09362782837331 0 -0.25364136923357 -0.59054247842211
1.12230848555955 -0.853276277779114 0 -0.272238532550061 -0.831321703268213
0.898708857071499 -0.562601286061744 0 -0.27193384637174 -0.921443625854909
0.540350429364499 -0.243512634874167 0 0 -0.887325553865399
0.646778931785921 0.204231844621511 0 0 -0.980645894039733
0.874569926542358 0.451324585857589 0 0 -1.18818454880419
0.677393263600373 0.669955994012949 0 0 -0.991787540844788
0.222045575484383 0.841779272193204 0 0 -0.512053556931982
0.0534221242206727 0.776891300313698 0 0.0792320722935483 -0.420398110237086
-0.563366952661621 0.626244389202201 0 0 0
-0.91192284519463 0.51119790222809 0 0 0
1.03800913391121 -1.33615898362501 0 -0.851348950521221 0.790958928866098
1.10479921802407 -1.31375240066192 0 -0.670363772146785 0.272216716415819
1.18691144411924 -1.28913883023811 0 -0.498902357905713 -0.29168672181458
1.23866639713796 -1.2208785319375 0 -0.344621016351023 -0.675953472621401
1.09968359809051 -1.07264566116133 0 -0.2394383631579 -0.851643225221909
0.988342022398021 -0.798896553129861 -0.024930211646079 -0.293070777746239 -0.898557277450845
0.664818742305756 -0.459981761588251 -0.182002933899155 -0.311477618722755 -0.900354357900443
0.533519130967079 -0.0682388695676269 -0.177372946409072 -0.348797346329037 -0.975964364500064
0.711610389403766 0.254267491490296 0 -0.221698293087021 -1.15171716059641
0.751463089069795 0.497002660791496 0 0 -0.9476061260161
0.423363606062212 0.668009504807752 0 0 -0.616370064036462
-0.0758664819584653 0.676733102412697 0 0 -0.266936785111383
-0.449021774425258 0.563124600258739 0 0 0
-0.748136961445206 0.537368076965058 0 0 0
1.03336412966225 -1.44158660792411 0 -0.841309980501813 0.895473093947248
1.06417426601009 -1.44607400483341 0 -0.69235870983814 0.390277484602263
1.12295830036545 -1.44274408441168 0 -0.496546296843525 -0.0828215175674351
1.02526810241969 -1.35414912555625 0 0 -0.571278187216603
1.15762515428632 -1.37236823809806 0 -0.339021723158926 -0.797883471456686
0.926989667906077 -1.23020252425476 0 -0.453067620879938 -0.790935168843377
0.663366333565222 -0.921728877650582 -0.0624338551672321 -0.375380931623061 -0.815256282726907
0.519872336808984 -0.513415707252862 -0.104358391908312 -0.353310295024572 -0.948433719870643
0.774686383097574 -0.0792475763349889 0 0 -1.01893069703405
0.741605081869679 0.271312080994182 0 0 -0.838227744241455
0.532477787034211 0.698498835374719 -0.218029814607568 0 -0.689760929560015
0.232763609834858 0.865637060408412 -0.160039223818684 -0.0458788213997154 -0.488270114029156
-0.378526696974737 0.464615496485148 0 0 0
-0.640204843308078 0.489742785151356 0 0 0
1.02544429578192 -1.65480247547827 0 -0.807646128326733 1.02294975201824
0.997426843736011 -1.6400985430786 0 -0.628656923401781 0.559690235745425
0.94749061552966 -1.64185086062139 0 -0.463229320168867 0.0748267559431436
0.986541878135697 -1.67587231809802 0 -0.372898671248278 -0.364786666623838
1.2270111594794 -1.68561707901452 0 -0.493886500580571 -0.622281783577288
1.24965811175513 -1.59798206396475 0 -0.542088361744869 -0.770986005871999
1.00616552994584 -1.346747669711 0.0269134358083019 -0.41413310342588 -0.795028162746302
0.772802260124334 -0.927172281503619 0.0430573936969766 -0.244730550784825 -0.847582392369571
0.725257428553046 -0.449733988692422 0 0 -0.803629575179622
0.544802356902632 0.075608557640457 -0.212062121955201 0 -0.830877997798668
0.522376343213428 0.275262396413971 0 0 -0.618461765039722
0.325075239518846 0.446484434643299 0 0 -0.545291195033553
0.0704307496838183 0.463888907516547 0 0 -0.461245952775864
-0.163007157582258 0.392862203214996 0 0 -0.392043876994033
0.863314679611868 -1.7824366568831 0 -0.528822311908193 1.10384094990215
0.806948441687503 -1.78904552615831 0 -0.378214418085063 0.668150525744802
0.646845282384956 -1.7899084458761 0 0 0.194722847811014
1.14502715708996 -2.05457060253145 0.0215953949104859 -0.557430633765717 0.0289932964404542
1.23785749367467 -2.00566986881311 0 -0.504966691575691 -0.37500223426551
1.36319907416312 -1.95259187520607 0 -0.577264499857043 -0.586433832762908
1.13839146039294 -1.75529815644057 0 -0.375660310390668 -0.672156137398647
0.861397563066833 -1.41990016047803 0 -0.243325162384619 -0.735622151828681
0.691931752372648 -0.825427289634267 0 0 -0.728148969097556
0.574640394621799 -0.396474111633265 0 0 -0.619792432377807
0.457352567321109 -0.0140001492886961 0 0 -0.603071535535162
0.306602903589323 0.203375851952898 0 0 -0.540350665365818
0.115124300620168 0.336533638186559 0 0 -0.484535141465081
-0.128033521243852 0.418182908925125 0 0 -0.374189513119441
0.664798271192277 -1.92372766148658 0 -0.317777870255399 1.14921305569265
0.480900764012762 -1.89286342953922 0 0 0.668709942071174
0.986974390892212 -2.24811294044376 -0.193328316566039 -0.558752310961192 0.593762449832571
1.15745702597378 -2.37125017796441 -0.104174706437839 -0.56392253465839 0.271793681213773
1.10573030367095 -2.31380601447325 0 -0.317348984688778 -0.0908097156908925
1.07111159973248 -2.21524933732395 0 0 -0.273822138590883
1.06598328929332 -1.9878654216754 0 0 -0.439759060431905
1.01243337803746 -1.70819914702665 0 -0.192777513929573 -0.550215608852035
0.672876126169351 -1.28696690606594 0 0 -0.673933861037001
0.515368061136067 -0.803125352445976 0 0 -0.653276104643031
0.364338654444912 -0.392946903952118 0 0 -0.575252998690539
0.235208656063072 -0.102017204706139 0 0 -0.508473031908448
0.0474518041961883 0.129615821704309 0 0 -0.484755029088552
-0.150704612577722 0.324632549128423 0 0 -0.412379203768066
0.26368104461883 -2.04638515134972 0 0 1.0412440724455
0.337960146224845 -2.21910423074482 0 0 0.793746656483371
0.88853554683664 -2.62859273866227 -0.294736910905449 -0.456762147306598 0.804774132267294
1.04314378403989 -2.74164360345252 -0.241512973088869 -0.497759768030084 0.517701804361725
0.77928847949358 -2.54440315842234 0 0 0.121904707526488
1.06128782625057 -2.52534245508201 0 -0.240598012346882 -0.0513281785111076
1.07125294476835 -2.33859655429224 0 -0.205178308772774 -0.12494659786076
0.83238838270149 -1.9188730480051 0 0.0228904939640298 -0.282497245448909
0.709532998798143 -1.68734084950374 0 -0.0651442144007226 -0.569982160769213
0.439710502209196 -1.28931377674131 0 0 -0.514739424570393
0.279891069845761 -0.85850550018948 0 0 -0.529653820258908
0.111328219446915 -0.465636584591793 0 -0.133167664426143 -0.5077909747161
-0.137079659637129 -0.0874217247755006 0 -0.111386633814493 -0.401849368152233
-0.214092456011022 0.144314781500942 0 0 -0.426889153382145
0.037537256767927 -2.51376951880261 0 0 1.14914123434978
0.136860037071021 -2.64378579033122 0 0 0.932984685528675
0.766005027273049 -3.00657034911958 -0.422264880692287 -0.360488864325299 1.00381126361781
0.899758941279767 -3.09105212843047 -0.467816144371757 -0.364588173745163 0.785203076159344
0.976022347842264 -3.04703444650753 -0.464761298782243 -0.234830346948164 0.618979630493849
0.953836954064396 -2.83034982049232 -0.400870937950534 -0.00772978004212794 0.474737508539165
0.860730614018712 -2.52848426599832 0 -0.0619728409312735 0.067484679651983
0.417760150187347 -1.98593302417489 -0.375725871993467 0.613301125767914 0.260916926877333
0.312056843520051 -1.70671939200514 -0.303670856590571 0.660129046123585 0.0642448009514596
0.426406740820475 -1.52717243435773 0 0 -0.34545324729114
0.231639600531001 -1.27209022566431 0 0 -0.425292064338896
0.0882086308936759 -0.900369508876787 0 -0.0869477039676741 -0.489359193297831
-0.258861120546372 -0.378491940555493 0 0.0583875575366313 -0.33703363828496
-0.40851973254089 -0.0704593092499213 0 -0.00775979548704091 -0.273294550848375
