"(Intercept)" "X1" "X2" "X3" "X4"
1.53351199740965 -3.80114508246408 0 0 1.38596698273532
1.28836017514789 -3.53588964970736 0 0 1.08194414941291
1.32285588712933 -3.07965076774227 0 0 0.879717884823422
1.46586884965964 -2.56183107309305 0 0 0.743028981143796
1.47958499600849 -2.06556885663459 0 0 0.519788233548468
1.30335371447183 -1.46949159325643 0 0 0.100006854352167
1.37698466553317 -1.18526236491671 0 0.228756527514563 0.088577972023312
0.273092588706071 -1.17634673168636 0.475092149815328 -0.390960933901432 0.292825666505504
0.962565217640707 -0.98083346338085 0 0.197673502229224 -0.124027200691095
0.848526898154237 -1.07475684566253 0 0.288635864189258 -0.185799257516471
0.621343516413874 -1.05896460558844 0 0.396957908110599 -0.228288741697233
0.302130946274273 -1.04358970723805 0 0.378846229722528 -0.284830145245344
-0.513664866978196 -0.860113987481544 0 0 -0.486116674290258
-0.875036243564728 -1.03177581738117 0 0 -0.355816479693217
1.5495439053334 -3.44443280657486 0 0 1.33177079267053
1.28703224771902 -3.16148890317886 0 0 0.957237906616984
1.27765522827347 -2.67156652944953 0 0 0.704228138102428
1.29074732710102 -2.10012188946991 0 0 0.448336761585117
1.30399576069365 -1.54009480099974 0 0 0.202371731529445
1.34535272314222 -1.12847847133079 0 0.222886220331684 -0.0084623795942939
1.1145395404669 -0.791802635795662 0 0.245812564713538 -0.278921698786756
0.972597119544923 -0.541736975862253 0 0.227682844310961 -0.417312694350935
0.795187722541549 -0.564209021061445 0 0.310603952947938 -0.490097173498583
0.711033166352914 -0.621923967770538 0 0.411409600280891 -0.456228324233569
0.497280158928566 -0.624389142464237 0 0.432382535608441 -0.456109546985342
-0.20525324787463 -0.369326507315644 0 0 -0.570997737325948
-0.530908511099981 -0.528338972607773 0 0 -0.515440178313894
-0.841390945833414 -0.392384284549563 0 0 -0.479110478747301
1.76125473857142 -2.95007064740734 0 0 1.31632639597738
1.41959584202973 -2.69269668256592 0 0 0.894061409051371
1.35221516542603 -2.22509788381173 0 0 0.583720658392698
1.30201207528651 -1.62907368327922 0 0 0.275197740140852
1.19985643256933 -1.06918446921446 0 0 -0.0317228672081053
1.24309793159967 -0.689436160685067 0 0.268068458001218 -0.306342287419923
1.09250335625962 -0.41630570576354 0 0.387408337399664 -0.575920292599206
1.02301848651008 -0.203487479951954 0 0.416070254851279 -0.757380685985014
0.755273923285782 -0.165914739946466 0 0.463621464376739 -0.818738847627205
0.62361186923591 -0.212804118592531 0 0.532746095512929 -0.727437848744381
0.404457889223758 -0.179352275196391 0 0.423659546638311 -0.699080187941236
-0.210413528895776 -0.0114483381119916 0 0 -0.63473732368981
-0.491561194730798 -0.127132057974346 0 0 -0.552164412998656
-0.763588605106676 0.015098725475632 0 0 -0.501775384831484
2.15843425774574 -2.33071933343248 0 0 1.43320766691124
1.66018338518714 -2.16203305080624 0 0 0.880589676786514
1.48829010419454 -1.69893345976047 0 0 0.510143700489644
1.29846253140306 -1.22646291805808 0 0 0.13730533697739
1.1532185328175 -0.868857609379099 -0.329732247579588 0.274509408393952 -0.33482894607646
1.07519361351935 -0.539220583849167 -0.355997161124197 0.429702436338829 -0.698270871306883
1.16285943025046 -0.129677945722383 0 0.5134425543134 -0.80896022468058
1.11469783780487 0.0947592092898596 0 0.515167455158779 -1.08289053211679
0.851979985764617 0.216043075821794 0 0.551749926253399 -1.14973840284818
0.588974828333151 0.232396383517767 0 0.555209236239745 -1.04354367744363
0.398711551378168 0.27766819531847 0 0.465690997774761 -0.992592383123211
-0.157883152092998 0.415262326374763 0 0 -0.73672571723907
-0.402024640508869 0.327231049012364 0 0 -0.587102050436767
-0.648986819137702 0.235925183106819 0 0 -0.375069868539787
2.41792996800136 -1.84186654746647 0 0 1.50492661238768
1.91879452176854 -1.62976094606063 0 0 0.893981064805616
1.52357808588183 -1.38784156411689 -0.0539298451105449 0 0.429242199575575
1.18743226899756 -0.918248244252269 0 0 0.040424588614747
1.04909199800526 -0.675902710358989 -0.344816565101998 0.398123150653535 -0.538318153652777
1.03531403795102 -0.339970283518512 -0.415487240531328 0.559543495706257 -1.00705141572021
1.09682044377318 0.0424451467624996 0 0.43482887947094 -1.02860729423084
1.04776792661298 0.290770833063936 0 0.511007202396742 -1.26821048040042
0.844213006394155 0.558186892432613 0 0.52238376809578 -1.34568096662692
0.550601001700176 0.682776328224208 0 0.533211479661286 -1.33855191693898
0.339207741396504 0.768403198107846 0 0.441376776874767 -1.23021976211641
-0.0706748880774129 0.79063200276593 0 0 -0.825488393421698
-0.23948611264511 0.714432276621175 0 0 -0.665391357268339
-0.47478189374935 0.374482999510023 0 0 -0.349171314798728
2.44161570181364 -1.58625542467424 0 0 1.49938308952052
1.91020448858449 -1.56085678048524 0.0599796833369049 0 0.923149080260307
1.50291065343341 -1.20976313964922 0 0 0.247629210799529
1.28541334593224 -0.976308801815919 0 -0.0160731736731437 -0.302918262657741
0.986979714760557 -0.623156714877421 0 0.137827769525424 -0.89126908630316
0.760945643947797 -0.384179423272363 0 0.262976409998133 -1.46826721577999
0.870740100527431 0.101489511666203 0 0.297519057031364 -1.66817074169363
1.02551816613389 0.459420048809587 0 0.478019639024488 -1.7730799472177
0.806771752853698 0.774739912099677 0 0.408879127565645 -1.45668766839701
0.624558571764003 1.01248974292463 0 0.497328297638885 -1.46442076803886
0.227667806671841 1.09832583415038 0 0.38155462650158 -1.22942440166178
0.0605962490193848 0.908470666852417 0 0.149731288633234 -0.901225976928895
-0.165039545091123 0.668735902271671 0 0 -0.51298624847123
-0.432875372570323 0.0569959075142169 0 0 -0.252911389425826
2.26330469312177 -1.37109691586076 0 0 1.56817859413916
1.85650966081297 -1.36745275237719 0 0 0.860706938115547
1.47776250773567 -1.26383960979105 0 0 0.122241342576652
1.12788354303581 -1.07516833152666 0 0 -0.545991227714574
0.977849970914082 -0.645239832278634 0 0.208778703356518 -1.04127505727671
0.343384173591835 -0.367823189551863 0 0.198150234339761 -1.4649892626217
0.162173124754772 -0.00867748894891893 0 0 -1.58051828252015
0.673353352010489 0.462768380091566 0 0.374126697686554 -1.93208207631262
0.866784855074322 0.825678480910171 0 0.456460373803157 -1.85651785824625
0.650210314848576 1.09079689041484 0 0.28930856683277 -1.47816580205443
0.375019523144561 1.18883629676802 0 0.221239779681067 -1.18434139466022
0.231609048015018 0.941780695046551 0 0.174005434112072 -1.01687111629089
0.00139184308556493 0.70822668792532 0 0 -0.433918077432777
-0.25207049297765 -0.0272184530667844 0 0 -0.260748155550094
2.32403033933091 -1.63057461785659 0 -0.392871117399617 1.70504984423006
1.55725328784536 -1.25439969461255 0 0 0.631360529491846
1.3060083573817 -1.27775868911793 0 0 -0.104289937469436
0.831070181880367 -1.23542318542207 0 0 -0.560990073134876
0.439631875457041 -1.07177856406549 0 0 -0.924427107818956
0.174975055967485 -0.844885821114084 0 0 -0.880575639561298
0.131835721428979 -0.397698829174444 0 0 -1.00911323932956
0.328088049773035 0.0801493661960266 0 0 -1.41193695854264
0.366794192074741 0.441398556193905 0 0 -1.43978001478935
0.327954345053198 0.772198406090947 0 0 -1.13228818337355
0.014600710112749 0.971598383336024 -0.237069122875915 -0.268121011058252 -0.900569626699844
0.057660859431293 0.841564241152426 -0.240062001736262 -0.380331045195358 -0.714291274570591
0.140830905679383 0.379609066724124 -0.356180983420155 0 -0.418248996409703
0.262533420944529 -0.271309559319585 -0.513517325260126 0.528072612650139 -0.312306180800883
2.17684687903982 -1.6607017694767 0 -0.640716413252821 1.66141499113389
1.28162002875275 -1.18098464817631 0 0 0.454988492959497
0.813997972344699 -1.31918901640899 0 -0.128449088134111 -0.0668797296586241
0.415212361274936 -1.4274972327475 0 0 -0.597618337543418
0.481274904177182 -1.52660195791902 0 0 -0.817847184714119
0.402670523841684 -1.37698045845323 0 0 -0.924213017909304
0.313431001713124 -0.924371494464262 0 0 -0.966038315498315
0.251746428830541 -0.486201027300106 0 0 -0.843405788769428
0.280656171035437 -0.0305310214733702 0 0 -0.792084123227313
0.493352107328198 0.412547502894266 0 0 -0.686541006568281
0.146142383354281 0.668744854949876 -0.277061784552149 0 -0.393586435782391
-0.0420954896926647 0.552470944055925 -0.506890385980433 -0.401355152064477 -0.397913602605628
0.177314995763594 0.0701789981779665 -0.467965468987018 0 -0.359650857338538
0.333054602891926 -0.334414777338624 -0.737736411110369 0.2532979292797 -0.141908002792127
1.32036838887951 -1.20497201651521 0 0 1.15552843282665
0.749448525065924 -1.18581996078956 0 0 0.359594365253316
0.280303619790378 -1.30857464074528 0 0 -0.273417332316623
0.320591236498434 -1.65381384949684 0.166683663446249 0 -0.442516132573753
0.641352118279763 -1.74145663197518 0.160006810026313 0 -0.752776890067889
0.862977105828355 -1.80973374975314 0.113982822164613 0 -0.953829458062552
0.541046815076189 -1.46471722368575 0 0 -1.03529497559605
0.606124744346993 -1.05811771438155 0.0795280992371094 0 -0.961458240201557
0.281465837664995 -0.618473349690245 0 0 -0.602135994760138
0.640674039980685 -0.0468218993249578 0 0 -0.312413794660183
0.588453278131811 0.296528864912149 -0.367864136924034 0 -0.113517999768179
0.356717597805388 0.236821478768361 -0.626496207540106 0 -0.185014759016001
0.347088394781966 -0.108508565515481 -0.702404525822038 0 -0.175543988521727
0.417254977620959 -0.575560174177952 -1.06010673663693 0.225975570399647 0.0253676865253886
0.86630519736594 -1.1113586407508 0 0 1.02870989765646
0.353362677677563 -1.16164388026248 0 0 0.355015394148906
0.207170481644679 -1.52613542648578 0.0605334247774064 0 0.101559238263104
0.361336043391187 -1.83115873995242 0.0391184515602613 0 -0.194634656371544
0.757796863691002 -1.82292707880903 0.0846913621685141 0 -0.57489776227321
1.27184014371193 -2.04640496367635 -0.0286269152213641 0 -0.654961955255298
1.09001447741246 -2.0499725996648 0.075822437375029 0 -0.902833243873963
0.866444951916085 -1.58621305678952 -0.0808487987088534 0 -0.801946475173349
0.498866254700804 -1.1487204494882 0 0 -0.589515953885408
0.911185393879238 -0.549513048125411 -0.355807745717542 0 -0.37416336223738
0.892894102951972 -0.285895178226451 0 0 0
0.638338444655462 -0.301771487806801 -0.802256987997304 0.0699044936632393 -0.0704956137567611
0.451986731163518 -0.449461425979061 -1.0850201859605 0.146886681863086 0.147647429265991
0.651547608893286 -0.60934008168067 -0.525194849039682 0 0
0.417911422025419 -1.01381179050791 0 0 0.914312125445407
0.204009679695197 -1.25182875635724 0 0 0.344751117733943
0.256677575670168 -1.63588337806469 0.00962007506459185 0 0.328028435938801
0.487669663537309 -1.88973630135197 -0.0521690543946641 0 0.0256635562899139
0.883715873296618 -1.96903619829827 -0.143086556004468 0 -0.21304319285432
1.16517333038343 -2.10942879617104 -0.124848054169136 0 -0.31029056585874
1.23740509182833 -2.27859239946635 -0.0768739682412354 0 -0.317924220634068
0.865069868400953 -2.14669895624866 -0.201098723775297 0 -0.475024236837963
0.788877367100568 -1.62172116714342 -0.418094385376367 0 -0.323360013008134
0.831008689366501 -1.18181852690826 -0.340639948602915 0 -0.37011623641005
1.11933800883056 -0.863977160084344 0 0 0
0.805556774828912 -0.964565168561483 -0.701135283177567 0 0.0130469085468049
1.00942375364372 -0.986467093411982 -0.502589783280875 0 0
0.966198752324451 -1.05387697231564 -0.555515354586234 0 0
0.223318977464745 -1.12955909097891 0 0 0.91950656281243
0.135674005085218 -1.35210880903726 0 0 0.355730705554965
0.277239609189732 -1.71094109633594 -0.0646369390029203 0 0.448487047371066
0.564296779173631 -1.89067738322482 -0.232552648832676 0 0.198984096253932
0.802374859016426 -1.89167723490515 -0.105200668679894 0 -0.0262024130931994
0.84213203434123 -2.19975474366014 -0.239012354664531 0 0.242663234552926
0.993448975940218 -2.38430771815777 -0.267687739507788 0 0.273740736875576
1.09320902821104 -2.15518296242078 0 0 -0.370419676864319
0.78677476990395 -2.16693712568742 -0.506332562698286 0 -0.15293363914888
0.723239016527617 -1.77450064049977 -0.58178548907822 0 -0.174773968102357
0.609678631120497 -1.68335667610265 -0.899732390930457 0.166115153039117 0.0716159453570741
1.24300256593827 -1.55504369012477 -0.470012113282727 0 0
1.23971469139813 -1.59145300026118 -0.642858441046314 0 0
1.21743155519821 -1.64361427787119 -0.790551285257613 0 0
0.0276266813980194 -1.27817395680767 0 0 0.768025803457621
0.0296028771720379 -1.57899313863481 -0.134922400197855 0 0.730163691790041
0.263912901501575 -1.78284621820314 -0.293526664399741 0 0.508980920087629
0.436128472853601 -1.7956262988187 0.0251712694354677 0 0.21390132584659
0.585760514067119 -1.94361192303633 -0.047496005367468 0 0.289255207555416
0.436375816321407 -2.31807762645152 -0.330534297495495 0 0.768056778087888
0.83809114897406 -2.3052622522833 -0.41369411565818 0 0.714281427551942
1.11918958444573 -1.83246815179802 0 0 -0.352713109723844
0.520696373620295 -2.44504435805748 -0.967804075488491 0.307239597875051 0.43410363316749
0.679714783726594 -2.24853582818625 -0.648322594159276 0 -0.16472066839074
0.774388889869655 -2.06751007695287 -0.665612519137372 0 -0.0806805954321666
1.35887206646109 -1.86328385696127 -0.331658640663051 0 0
1.47531960261601 -1.99815933298611 -0.481013258022713 0 0
1.43311827194522 -2.05484975355553 -0.710198864741685 0 0
