"(Intercept)" "X1" "X2" "X3" "X4"
-0.262137810416029 -3.85021500175117 -0.749079318359 0.286091782509879 0.712759884679574
0.377412525973732 -3.42546307287966 -0.853340798020999 0.508252165610576 0.903264178677135
0.70971898258028 -2.98336492321465 -0.704382895914642 0.510146805675811 1.0343356828022
-0.0933003173898288 -2.51949357156484 -0.138511847446816 0 0.382446923003078
0.0492724265366034 -2.10432008014438 0.0248880391498821 0 0.233617807764276
0.139207701516803 -1.73060294989615 0 0 0.0386604539381889
0.757111068186643 -1.20907284161388 0.337798981396613 0.096049014654991 0.547046865691889
0.121265436321502 -1.08024809944679 0.54809980711483 -0.100241106602189 0.649404706187373
-0.439230978589575 -0.959507156251292 0.872700597285581 0.0997643427840891 0.77546294990349
-0.821796185944256 -0.978833185241498 1.12212179434941 0.276359338795931 0.996123408846479
-0.948978797112028 -0.936410801911222 1.26203258268067 0.256600791355946 0.679979380313234
-1.33521594377606 -0.0847350813976113 1.00764112292867 0 0
-1.72193693318512 -0.125959465270866 1.06453220385311 0 0
-2.14504066038753 -0.210243991050801 1.26319772841436 0 0
-0.286581293801087 -3.67504408891935 -0.735987174131411 0.18569726757948 0.544104224383134
0.0561324825003195 -3.24093517343267 -0.717521638198395 0.33080801278373 0.517219298297552
0.426355893728772 -2.72160230757223 -0.510551587089648 0.378038624850687 0.50557949297763
0.642040975395395 -2.04352063654012 -0.296452335009704 0.279771756220094 0.528388264320022
0.35391040678396 -1.50803206346616 0 0 0.104768302644016
0.402260050448197 -1.02921902798018 0 0 -0.0555157644425595
0.445703434471681 -0.716045110755594 0.199073101582717 0.137066556564217 0.00721634166408956
0.120643496377618 -0.476240104879992 0.249331600823054 0.061758330909075 -0.1155884282981
-0.177677864998459 -0.503758488390419 0.457414083628028 0.2597738711933 0.280158510317392
-0.443546385320108 -0.573334470717983 0.679076719130095 0.427052717736845 0.449541646578134
-0.588993751702671 -0.548814939695083 0.874945459210969 0.383105347297398 0.217676463504621
-1.19741802141944 0.13716654565738 0.730069381683759 0 0
-1.66031097640737 0.100137079407915 0.806607029161247 0 0
-2.06795328536269 0.0490127104516238 0.923163758089176 0 0
0.0198333006215791 -3.4901891145224 -0.595197432479972 0.11671330843676 0.274624446871119
0.0563661149803523 -2.80901094905646 -0.363396241994998 0.199343675950135 -0.00868044634874388
0.144216531686242 -2.25040730864848 -0.266649905598423 0.128563404838963 -0.00573950374574235
0.559223357127829 -1.58608197359009 -0.165511030375331 0.0991850043149597 0.0530520943404503
0.702742294376068 -0.856971966714677 0 0 -0.0297503502819522
0.715892339902288 -0.653727341195567 0 0.327495892111616 -0.1132296503772
0.364077703588038 -0.345977292788825 0.0174356094432147 0.348150836145058 -0.50404865398155
0.256314169860835 0.0295032778899794 -0.0246173597249983 0.245998557862078 -0.685745093154794
-0.0356570596522774 0.0879019409493152 0.093963655853839 0.406313338669158 -0.540880482493415
-0.0960735946489912 -0.122127819566386 0.239476421507964 0.524572845681627 -0.0991842596245208
-0.268607906384381 -0.0908228671209966 0.448639256378521 0.418217844419245 -0.211954579798344
-1.11564101318554 0.296164519760304 0.512368772882897 0 0
-1.55121461468493 0.265031290511016 0.591267063661964 0 0
-1.94909885264666 0.222564618302059 0.617513308428393 0 0
0.179822385899468 -3.37365772020897 -0.658624508163295 -0.176991701455206 0.370367449294537
0.13764577745117 -2.65151752074083 -0.408745452054684 -0.156071788555751 0.0455059646222438
0.061857486144458 -1.90549264934425 -0.187791047482248 -0.158522349631891 -0.271271637683049
0.478818752937318 -1.06112391904714 -0.0693666722359158 -0.131505026856693 -0.313224630823743
0.830584049300118 -0.668941897276222 0 0.028640690325431 -0.198045379496304
0.524937722328283 -0.497486015074543 -0.134696191229318 0.234185816296418 -0.61902630035397
0.588707136029492 -0.0415283023521997 -0.133595635651805 0.595142296047446 -0.745929839210206
0.483556270939506 0.255075239533287 -0.167869958911621 0.527054572794836 -0.963705686220139
0.132735611532955 0.494089762013317 -0.160959907859321 0.489761982064941 -0.789608051123668
-0.153045509394962 0.422580305849001 0.0589657123519488 0.256305936763979 0
-0.534800945977671 0.469152174048596 0.15171351977491 0 0
-0.995687888032813 0.492801159184166 0.32070562657387 0 0
-1.33802775310512 0.433112043471889 0.348613802934595 0 0
-1.72313061619303 0.314476450742223 0.340111800083489 0 0
0.693969403361355 -3.10967566362236 -0.613759508414788 -0.452760349337983 0.451216403551216
0.35550185472841 -2.54747175317292 -0.52121424107767 -0.404263117877009 0.20584768157623
0.386906201890318 -1.69328138669562 -0.279638243358932 -0.36898667515706 -0.141862890564188
0.550512997543762 -0.788612882831809 -0.141240854770659 -0.151764394496151 -0.4341245180143
0.433216935719164 -0.368528159876092 0 -0.0458454369826179 -0.612669268447289
0.517506944370477 -0.0967211933801776 -0.22697532758429 0.40772971442497 -0.885204071720512
0.670611370618347 0.225590306166736 -0.260795489432413 0.633607852602423 -0.969054313165605
0.658629036476061 0.514242883771129 -0.312400499369535 0.623679758165592 -1.09605676190907
0.433738172611291 0.929274746970956 -0.322368501435785 0.335074882336424 -0.880634755003824
-0.0943830389363442 0.778014103498364 0 0 0
-0.480217939543398 0.845546101108049 0.0802873849033775 0 0
-0.784423532435193 0.757175708641388 0.0561454579057371 0 0
-1.06480485717281 0.549989423479682 0.127884189443332 0 0
-1.40117361456351 0.3108722769417 0.135142138066208 0 0
1.0255062484882 -3.03299185728032 0 -0.623263732962771 0.251300870226676
0.888214020319075 -2.42991570558031 0 -0.597279709151213 0.219029559689749
0.860664815600939 -1.59474074444501 0 -0.35763770216333 0.217527406717359
0.588279101560818 -0.910847046850989 0 -0.389450302866214 -0.240540942760195
0.063966491447702 -0.354069495848133 0 -0.0223367406856232 -0.999274684403251
0.0361596907813477 0.0655732860859264 0 0.345869195859816 -1.2319695893895
0.406574820133041 0.286329920304759 0 0.215202343542332 -0.810424825670877
0.564856497841672 0.709888264306975 -0.415368657811679 0.721086159158342 -0.943407002673076
0.488412689842098 1.11611002520744 -0.304901985983809 0.419655125653924 -0.838634118457857
-0.039674947862657 1.08796284778347 0 0 -0.344585677089861
-0.157302823673627 1.27242160443877 -0.383412638448937 0.611928115745325 -0.405406919495034
-0.537166398154807 0.720027535705449 0 0 0
-0.91566257618048 0.560810458682512 0 0 0
-1.28138372216739 0 0 0 0
2.02684871748568 -2.69170588052547 0 -1.04557543983318 0.866924127643174
1.892274247541 -2.28507726232488 0 -0.956651785162415 0.57695907239401
1.43584469658894 -1.77677389496644 0 -0.760284721966426 0.151393837707126
0.65341744152653 -1.15146609199319 0 -0.433216192701529 -0.45990716289835
0.0617146312178069 -0.700336995382124 0 -0.0975084089852444 -0.979940896020666
0.129071202184786 -0.159630565165446 -0.0663981952116527 0.267806797566995 -1.52808637899931
0.108915796107665 0.379144376719886 0 0.438312562409502 -1.25496977009859
0.323139584467658 0.619410255104762 0 0.292937928427505 -1.30170215570462
0.482622771857345 0.931699266088891 0 0.116642327130133 -1.13401470731885
0.240865271134183 1.29764332556783 -0.450764963998622 0.0396355515403609 -0.524055234120598
-0.294841196566917 0.486850934061992 0 0 0
-0.494365073752532 0.508173964639278 0 0 0
-0.843226428588179 0.273709157845112 0 0 0
-1.17439895189886 0.0221750375658961 0 0 0
2.34565251082331 -1.66394962405425 0 -0.781011646850359 1.62957429065637
2.12709873091943 -2.18945983496522 -0.497018260340777 -1.37635227073515 0.656948609341585
1.21716471213646 -2.08005867836263 0 -0.801295074327606 -0.256997131948739
0.608275364322635 -1.65525830929184 0.177161630331493 -0.652140883368892 -0.869076427109519
0.370933848346504 -1.1873873063351 0.144992547819442 -0.32832077132047 -1.16784608071446
0.53605212475489 -0.714766705381168 0 0.22952155870452 -1.20028215452978
0.413927798191093 -0.197346499322418 0.034356167380583 0.309732907276871 -0.72522752272428
0.237301930069931 0.046236160273545 0 0 -0.766502742169942
0.380393583003578 0.33112287485362 -0.230607999977283 0 -0.96898088587778
-0.0395718421808352 0.437695481332483 0 0 0
-0.257238205123362 0.534732693722132 0 0 0
-0.275975095842231 0.546818923871016 0 0 -0.243238690860386
-0.517540904221077 0.331254864718689 0 0 0
-0.695688013154121 0.192165330140811 0 0 0
2.07126165666857 -1.56569915044557 0 -0.746207357217418 1.73817202250818
1.21218028403698 -1.32982797222637 0 -0.332734798828274 0.847991948704514
0.188540596177466 -1.31641927607396 0 0 -0.240874460535736
0.632700013948711 -2.06811113462992 0.350520302815222 -0.511830090722147 -1.02099753575586
0.290932193838973 -1.92208398471929 0.450430207459495 0 -0.707660186477705
0.908698091778116 -1.55695910888986 0.366750057144741 0.228144663711057 -0.917245045991938
0.0471545457035716 -1.13459211399475 0.187826699470273 -0.115189307508471 -0.530255838398178
0.101586948653677 -0.812249629522771 -0.0747800101327022 -0.0970629081782393 -0.70703913327062
0.224833625974845 0.00595626211056585 -0.442503703914745 0.140386873225158 -0.520871883389977
0.308603930047019 0.12376504158735 0 0 0
0.108773131435421 0.23285333172574 0 0 0
0.278835007797272 0.448375446836502 -0.456249951268619 0 -0.350598015670555
0.0384550149780682 0.328868107217225 -0.249724829966954 0 -0.150585830911048
0.754387484270682 0.277394325642227 -0.910937476148988 0.868600073958808 -0.101594130820696
0.0746206638978202 -1.28916544513165 0 0 0.440509454580104
0.134514384602417 -1.12156802884495 0 0 0.179585941590351
0.192911678034521 -1.36540875206501 0 0 -0.0582685582429268
0.193194972650102 -1.81378391485263 0.297675184983229 0 -0.327572052870723
0.51707427632516 -2.47792128201725 0.589213472912343 -0.0703405579128004 -1.13628846399161
0.78833278994538 -2.09691289244482 0.547028911439745 0 -1.03274328978337
0.969879313393028 -1.69048649435324 0.62964075541709 0 -0.995019982511743
0.278430467826179 -1.48782023754903 0.235022529841686 -0.173361123423926 -0.79983172672316
0.573890944622006 -0.784823643179227 0.0172037979630205 0 -0.711288688684868
0.762093593746446 -0.122204479964657 0 0 -0.506302183118281
0.999591846119117 0.194365361742742 -0.351589584842652 0.426128402233408 -0.596679656061243
0.831982695792465 0.214379138948453 -0.527319077905824 0.260494614792523 -0.460603274784181
0.792894904677119 0.345523104525969 -0.650235527655016 0.418859437731859 -0.164796618939758
0.819177325940609 0.518194992820486 -0.754035568335747 0.622715996189903 0.13631966590298
-0.107588353890181 -1.07317119855707 0 0 0.318297002290273
0.756403023586386 -1.48566152034974 -0.175730224631743 -0.768879691884927 0.73045398321294
0.712526920322227 -1.85573305109116 -0.159691329600289 -0.459781292570146 0.197385883318403
0.677402707055595 -2.44857381877199 0.0854334112342689 -0.49997954333628 -0.638153398344064
0.483692261333904 -2.69246336491877 0.734416146795407 -0.247507940358744 -1.17244131577703
1.01751080532827 -2.29128314987607 1.0204763367553 -0.746537482313076 -1.28316186455331
1.16947182440441 -2.01975683219315 0.616315300402806 0 -0.982982763532417
1.00552159592407 -2.29521399102902 0.531717656556005 0 -0.794950358495875
0.478986234735889 -1.53124386473442 0.00844551771633281 -0.127718323324978 -0.882573495146252
0.891478752953389 -0.770894154542104 -0.0590192268203115 0 -0.665178881017551
1.03421802196629 -0.396613321138197 -0.342765236941578 0.383859766162739 -0.508213378260255
1.19955845923714 -0.17983107163881 -0.574413071414142 0.454652357849179 -0.41815058179194
0.907716631873598 -0.0655500789135861 -0.482932850035332 0 -0.240232352498953
1.18963547267901 0.0600762374401977 -0.833045438741879 0.778618304646105 0.0695593494030825
0.989432787714504 -1.53050788146394 -0.444883590422892 -1.31023553969453 1.40458465517033
0.995391019862572 -1.9997864052748 -0.406861812949914 -1.11278746790562 0.940659762230868
0.870334369125315 -2.34278880359196 -0.249113254250325 -0.654441394229554 0.261999402120996
0.466672555360099 -2.47225994852833 0.0895488218456591 0.0284957637456023 -0.318953384666852
0.11232872284303 -2.62872961196937 0.535687003856789 0.545666870164539 -0.643309298439474
0.738146905227711 -2.23423746938489 0.719382091087151 -0.200373495087386 -0.53188696318748
0.510701660101394 -2.13785827310506 0.418264949313271 -0.17640010081209 -0.467503379775486
0.44274063452752 -2.27848674689893 0.0853269098327302 -0.120497604777201 -0.588741532853794
0.638725144297587 -1.92245047029722 0.0741173026853953 -0.290032308531438 -0.811215102406948
0.757418796157157 -1.34496200116345 -0.0969367197764753 -0.192670992405592 -0.800745406835176
1.2053200428343 -1.06332854210008 -0.298742329334651 0.240268330487495 -0.510919747975017
1.34548546334785 -0.795963340377513 -0.508713976215228 0.520485486185784 -0.320647068239216
1.54398832396258 -0.624796980554025 -0.790644771398761 0.674399815387384 -0.199390125929882
1.21103948893658 -0.39518269164197 -0.541455139438026 0 -0.200349038518487
1.07006355715149 -1.76921059910303 -0.573390261074355 -1.32491092714743 1.66358441949494
1.02456043426196 -2.12089018946977 -0.551645733562987 -0.930436961959091 1.07744480026567
0.671570485604394 -2.06562405813681 -0.255510343893024 -0.145031280614968 0.389132445228436
0.550190428123156 -2.3165925924046 -0.0826852262801628 0.305082361579433 0.0480666190699854
0.100501123457683 -2.3877434874411 0.183378411963528 0.931753859816443 -0.222725287935688
0.553540294953386 -1.81088533217186 0.0312749253597255 0.593892625014889 0.167392813398637
0.468106097979316 -1.87223472488053 -0.0192173880397599 0.347982671306809 0.0462364975649006
0.698706097577743 -1.92332438166992 -0.168303796303793 0.218817464479501 0.101248123391367
0.802933194853124 -1.86005718842741 -0.322453659999469 0.076633951155014 -0.00743846251718168
0.706310707394996 -1.60696111466425 -0.247336642652638 -0.110480951512075 -0.535773081929857
1.36744805807025 -1.5577404819184 -0.159833327450105 0.196483846353622 -0.445683886941631
1.57379003508805 -1.34000627678076 -0.427055872879131 0.541055045829401 -0.284640592940463
1.75625995804784 -1.16596967464155 -0.731146046475386 0.756133889492467 -0.158366113316699
1.93447253613703 -1.00810564422016 -1.013843177431 0.918614079194763 -0.0459904143859589
1.22411979483381 -1.54567493769876 -0.873654337025967 -0.720271891964344 1.59135602245648
0.948552810703131 -1.61428726616774 -0.661511256539789 -0.250274578554413 0.945400239633969
0.861139315467139 -1.75765990319184 -0.527012168348809 0.163336933372355 0.508859319620412
0.702346165690971 -2.08539696614249 -0.36757035353317 0.531745452638418 0.235242963531879
0.0837520750748761 -1.91582919427555 -0.132987501474539 0.855894111902372 0.225543731742803
0.459901707217672 -1.33956896777945 -0.395143114650874 0.616307518599468 0.568447806847168
0.446124627032871 -1.44629333703266 -0.446057031083271 0.617109697581569 0.673241107593063
0.670739833228315 -1.59300117188725 -0.363212933552767 0.345390524939522 0.634252927767257
0.536104882150557 -1.74722646734675 -0.485880071293894 0.351189320308097 0.183242836633782
0.512358949478397 -1.53024303793946 -0.571823438472782 0.16992188800196 -0.116839619951827
1.25500960487005 -1.76826887718295 -0.334517020692972 0.0801441465158511 -0.190136022714973
1.90289396772233 -1.79930038259272 -0.280540523894387 0.519981913110171 -0.203752991500707
1.93972986341953 -1.58314198861622 -0.617005792707183 0.827228059345246 -0.136785154603517
2.16945410706413 -1.41465987383675 -0.851750565318037 1.02642896437163 0.0220778334106483
