"(Intercept)" "X1" "X2" "X3" "X4"
2.76459176660187 -1.84438394951565 0 0 1.08351670452195
2.13854066890081 -2.000314931619 0 0 0.868886671967181
1.81395193952733 -1.92255721178349 0 0 0.782638537821621
1.46991565602489 -2.01173176942614 0 0 0.900811194874799
1.07920754046748 -2.04005343830262 0 0 0.81751057471054
0.878230001656485 -1.91817987770256 0 0 0.712094846990231
0.416169061642062 -2.06931092908406 0.203838620893742 -0.0339156182175471 0.830166036265661
0.226217059466756 -1.99047904222139 0.507773417580928 0.240048692374122 0.574606921818528
-0.221631294978474 -1.95991257409902 0.936909069441382 0.501699430740632 0.600510279996259
-0.790144896094932 -1.7741342806984 1.47368124345921 0.990228037418032 1.20285333848033
-0.61405722096862 -1.37451349829572 1.6906762323524 1.11619065720509 0.535051320601092
-0.611360681167623 -1.32626710824464 2.19057164448652 1.31080325701062 0.198564466192289
-0.999968974572012 -1.41829460576675 2.72212279142165 1.00663141554696 0
-1.21592280480349 -1.47393298940473 3.16190595810941 1.13678799627317 0
3.00552150411026 -1.39923932918826 0 0 1.30429400069805
2.31085675883305 -1.6040238613049 0 0 0.95122737597356
1.79581078981895 -1.64183817447996 0 0 0.719423886696677
1.43472023495183 -1.58319738361139 0 0 0.643381690762031
1.07913844105149 -1.50803362183656 0 0 0.602968087955042
0.742581464338701 -1.34433484664844 0 0 0.40170165475273
0.683612144405054 -0.988004507567875 0 0 0.215640925232719
0.162974037884993 -1.18937922223652 0.266392943004203 0.236981968999973 0.143287033899375
-0.0821357346151142 -1.2582265854677 0.526058642883136 0.470322813826029 0.091117502694957
-0.233576509431828 -1.08432618134798 0.738252421868509 0.699595190201093 0.305128545068978
-0.233354114109711 -0.935238303073284 1.18869020446592 0.902163768905226 0.00409705672868179
-0.308451370891401 -0.886993546207841 1.68417605769007 1.08021372067533 -0.205341019012775
-0.879018198746382 -1.10257953074773 2.27036922470718 1.01206028501083 0
-1.08515716895969 -1.18684236646753 2.65456924302602 1.25005084900316 0
3.22586033246872 -0.985971735470484 0 0 1.4468342556123
2.54790194094081 -1.11537300148308 0 0 1.02507056390026
1.94596763386819 -1.19956725049737 0 0 0.700066478601244
1.52244679444102 -1.14645652850135 0 0 0.500351931622182
1.11344588305926 -1.09380180101509 0 0.0767113165337576 0.368845391411027
0.592639521284412 -0.959307842579842 -0.198944565952789 0.0838196702371494 0.0410759461305568
0.612602845547425 -0.62118614830287 0 0.179253018782925 -0.0338633965388464
0.548617946156336 -0.225788974508279 0 0.00573193101456844 -0.0650363747258152
0.0181654746270714 -0.550159168175165 0.131736537839901 0.406825723588866 -0.373729489398537
0.102976351986681 -0.5358322385541 0.3483119121003 0.51816009520478 -0.389709467508458
-0.0204289215961071 -0.516500923916024 0.775153575799046 0.715570590209069 -0.302578073962954
-0.57262008126803 -0.661309006218649 1.22867825456681 0.77730106715909 0
-0.800033537928188 -0.754773257226476 1.67301487350378 1.07059461093257 0
-1.03276410743269 -0.865948569132368 2.04134206809294 1.28908327297033 0
3.17300405596776 -0.80973484263352 0 0 1.48030173358664
2.74290534881676 -0.698540820468056 0 0 1.00816513382472
1.7116908223971 -0.909816866604238 -0.0312905458853078 -0.181575282801491 0.443524456200408
1.58891954747347 -0.746934636717506 0 0 0.41167322732265
1.11055868670236 -0.837015444363428 0 0.14164390425383 0.246573942884694
0.677175986443975 -0.656923701336972 -0.265325764321679 0.345057008082047 -0.214993310165164
0.667168740114784 -0.366492983153708 -0.253053782119365 0.480061922115337 -0.363187754141199
0.529378568899797 -0.0823391015131577 0 0.13660507461457 -0.308536643796611
0.457575319378296 0.30036390163988 -0.213541562288526 0.0844320300792448 -0.477181214593718
0.00353185830524791 0.201532167145633 0.269619406547553 0 -0.628359346222729
-0.332810565333009 -0.203881810420094 0.420609688021901 0.362565738301667 0
-0.577004250562205 -0.284245697495063 0.721068304760828 0.744506281957497 0
-0.895897786116955 -0.415293519030614 1.03744967822975 0.936697906527206 0
-1.24733301627894 -0.468302705293702 1.28612530419368 1.18344554809144 0
2.8131991138344 -0.907371234866052 0 0 1.44483509853052
2.3212906089124 -0.832599033558419 0 0 0.990776349520265
1.80735015636468 -0.782047419097597 0 0 0.545046802067729
1.1621584555813 -0.721354924065235 -0.085602008598661 0.0614004625141736 -0.100886728721289
0.691619830382317 -0.57158229298181 -0.223654166064925 0.256536647225558 -0.383210590505169
0.613409069248463 -0.349701815384528 -0.334901960378861 0.507470541847393 -0.469038803060062
0.564958841141776 -0.160347837154859 0 0.26430152662462 -0.350061240514837
0.602668136769495 0.316047997551425 -0.264773911530026 0.486105536190203 -0.628236555881323
0.499449271901148 0.600218927083156 -0.14287411485332 0.227066137978452 -0.646493458271158
0.243310662061149 0.919693574010171 0.048444486492612 -0.0912654349437811 -0.827749814100052
-0.251038757471792 0.847360599552327 0.260258639697284 0 -0.671727279079895
-0.382635373160406 0.552911862734281 0.30805398858448 0.537690311801506 -0.58312151194391
-0.519008784686854 0.106980059356411 0.314085217294123 1.01725475875612 -0.310468797240587
-0.530097409492878 -0.247164151104259 0.245261591721998 1.4636534297327 -0.106819764422645
2.45070163973173 -1.02537997926538 0 0 1.37198589486612
1.93269829426295 -0.997718777276957 0 0 0.916255059192966
1.38578182621809 -0.982769932126113 0 0 0.45240515382138
0.909050938267823 -0.927766002249545 0 0 0.0844942467362019
0.606265987188675 -0.509401889089243 -0.267879892404171 0.304353047446488 -0.421120312936142
0.15959448654796 -0.252999938753315 0 0 0
0.14031424098962 0.0855141440256029 0 0 0
0.547356236092994 0.61057470015712 -0.12691287426212 0.494031274733272 -0.865978421968215
0.422209769637052 0.934430304778716 0.0765993161216088 0.193212463119026 -0.680969023140324
-0.00596750371325556 1.01294022215687 0 0.0334235499821418 -0.58234545676861
-0.19443990233173 1.14612179730807 0 -0.0819809262723679 -0.518283255564316
-0.136534935571419 1.07795698663558 -0.0761233722307531 0.113390866266213 -0.543680957220815
-0.408014441678568 0.299480104070066 -0.150875858366924 0.819673824781012 -0.302086301141919
-0.517101510999159 -0.264856748924483 -0.258183456391259 1.25518383429674 -0.0769710174149811
2.2037763424181 -1.08961074339933 0 0 1.39342646554825
1.70373331608794 -1.07836949705759 0 0 0.911250521387772
1.17269716791118 -1.06799494895757 0 0 0.377240583095962
0.687171853442517 -1.04714611550354 0 -0.144568145689448 -0.0835845208986141
0.394141894532312 -0.68961690188026 0 -0.0409777731666325 -0.351885828723855
-0.0190243928689742 -0.282647211021934 -0.245850999289893 -0.0310514493039526 -0.710155854402209
0.0565952238171862 0.229362506736945 -0.0594812602267182 0 -0.785839478992556
0.519367580398472 0.611728505646064 0.126519331520433 0.249068322532146 -1.05540933104555
0.354551275515679 0.913279240049583 0.273315698768622 0.0690264538102376 -0.841550315400594
-0.260180434524193 1.0619022102578 0 0 -0.372138794354829
-0.294667159640963 1.02679695721138 0 0 -0.300354553996175
-0.116650669232363 1.03593674047551 -0.298336413378633 0.259058950582585 -0.349045959027736
-0.135141502492291 0.654856813349248 -0.454048092727798 0.44606971783389 -0.263366135219085
-0.386634472209663 -0.16230870519782 -0.549096593945247 1.01824773213739 -0.0656143693215845
1.83821321804371 -1.21144001281704 0 0 1.24004508457091
1.51813545873051 -1.25065031331379 0 0 0.855890800595852
0.946295541146364 -1.25459220820355 0 0 0.212164330279173
0.384121123803234 -1.2247165339947 0 -0.119394104564752 -0.167217576007471
0.555923066772521 -0.885303031560014 0.0282956212541899 -0.0125267297297621 -0.53176399175811
0.20179849674588 -0.705831271772805 -0.0142602224646502 0 -0.510363754211895
0.0699606634906447 -0.223469019884181 0.301781023469946 0 0
0.368682586358471 0.212126338887096 0.403938588074001 0.00906772428794503 -0.860949810394054
0.427465748953408 0.62496489830963 0.46714472831314 -0.0965959871441781 -0.688229921725914
-0.403736806856234 1.03793863541929 0 0 0
-0.422546147049263 0.921454995934398 0 0 0
-0.37215697383344 0.718939619864955 0 0 0
-0.107547064142373 0.500621262177197 -0.520512605977433 0.446857843659951 -0.168972457720897
-0.234366356285757 -0.0113439874512399 -0.619337184281525 0.902598984763021 -0.0913731903555578
1.46999501821946 -1.06127391776095 0.0247832458326367 0.0717514447612877 1.30670185334828
0.988197458849058 -1.23083365534599 0.175178428362765 -0.0751000466100699 0.632615998663325
0.445732249427359 -1.40915245033999 0 0 0
0.37437297403437 -1.43624858104815 0.214539204342683 0.0392732498037658 -0.261885216503524
0.492138091457589 -1.367686257647 0.167018838417407 -0.136456705608613 -0.465995701811882
0.412389597481219 -1.00265917527502 -0.0475298298883534 -0.0881053649366572 -0.535833415304184
-0.0910906748258301 -0.867019163689729 0.280901329607192 -0.372717554299132 0
0.13262956350742 -0.115647986771276 0.357842434996599 -0.0613600599678895 -0.466065376171828
0.0568929963152798 0.24831725793394 0.319489076625969 0 -0.177306917858289
0.344360676210387 0.716526291689434 0.457362653268985 -0.474635062575603 -0.315172393773714
0.220795076865551 0.892770097363028 0.0483617765164907 -0.595974376373364 -0.273317698011428
0.0108259984652947 0.653337412341882 -0.425734345260346 -0.174802477805346 -0.282788161075815
-0.145376616224153 0.172082754834901 -0.584565745666949 0.287969521869571 -0.172446180993346
-0.235966850932925 -0.284167121362437 -0.728727027983598 0.734100330808711 0.00151039496549236
0.946226357279668 -0.938146784407812 0.0374151212907358 0.186545329243207 0.784208489892689
0.427506211248753 -1.29324777287018 0 0 0
0.233925292098925 -1.54308270168005 0 0 0
0.143882353300242 -1.76914131599305 0 0 -0.259955511378892
0.591544781100685 -1.72909208638068 0.198954313588835 -0.216621103409628 -0.420550403317055
0.543004450096206 -1.46443323809118 0.114355756139599 -0.259063072739956 -0.515361370026384
0.224117264737152 -1.22943421502882 0.205022275812529 -0.403992537109024 -0.340282353761457
-0.0977151901681601 -0.898055481535293 0 0 0
0.17165875468683 -0.47936160452075 0.370213341615879 0 0
0.540979366726547 0.309923486110646 0.30989809333617 0 -0.16410713523605
0.494564540716154 0.797470237334346 0.295374447140935 0 0
0.141375027363888 0.275159991809895 -0.285587275065615 -0.691445104751972 -0.245843137889214
-0.00598819146536921 -0.239470070881642 -0.6747942150863 -0.056977027266049 -0.124949406803618
-0.117048245178568 -0.628393716438896 -0.887945374506186 0.525765171449902 0.0631552980976858
0.369049383297783 -1.22395978312743 0 0 0
0.225725215652599 -1.36168206464058 0 0 0
0.193873505439235 -1.70468209571683 0 0 0
0.236501792525384 -1.98816855816038 0 0 0
0.53071027949648 -1.96929636049183 0.311927685961084 0 -0.276317884987328
0.877770470677586 -1.86476324211817 0.35976878995499 0 -0.415368561463174
0.803388355353776 -1.73240840272426 0.288350151738232 0 -0.373845006817542
0.749458978596107 -1.41473524234652 0.232747461826268 0 -0.312380142800174
0.566167148266836 -1.44796203115495 -0.0531604375653672 0.174024191399653 -0.0382826094881568
0.460147352971944 -0.498063413355637 0.279579298003786 0 0
0.491327923268949 -0.12959242184181 -0.203702703977922 -0.435911244438214 -0.381774869182389
0.367893986617553 -0.145571462453908 -0.481463784837326 -0.747368015243137 -0.274356277405948
0.219862300568015 -0.518877976601462 -0.697988431825655 -0.50793810868715 -0.108405713819194
0.040970868935429 -0.866322026352658 -0.912743712139353 0.0503150008984979 0.0627431992130695
0.248089616834464 -1.20426509188324 0 0 0
0.213786822240695 -1.47743242629161 0 0 0
0.262563198802956 -1.81560084048175 0 0 0
0.374577769384341 -2.0349212895578 0 0 0
0.595880892496194 -2.08192760508357 0.231999765580569 -0.153816497752841 0
0.837298187354618 -1.81119429689844 0.332259283900353 -0.291675279731703 -0.268183424290674
0.942958337564206 -1.77679959695367 0.301847208827852 -0.251091169323023 0.0429603595191827
0.917311555826554 -1.73871695011661 0.250051642698919 0 -0.0326137457092361
0.379019855910337 -1.6666592045676 0 0 0
0.442296118303546 -1.20893276400352 0 0 0
0.507692881966547 -0.704309721620488 0 0 0
0.338408996932253 -0.761732046976788 -0.569403876175044 -0.797657443053682 -0.332193671465704
0.290544574592862 -0.911937362793589 -0.813988742642111 -0.877649993105566 -0.160136938129696
0.211281691568052 -1.13500246943019 -0.939996635367552 -0.336567709325863 0.0230456620848268
0.247814194590762 -1.28098655606336 0 0 0
0.286658307899223 -1.59289541087309 0 0 0
0.361181401854408 -1.86413965480426 0 0 0
0.467768057033184 -2.06956995794026 0 0 0
0.694929539301295 -1.97998418454355 0.067316577852552 0.0833955289518114 0
0.91091252144292 -1.47045190344543 0.22382755650328 -0.0722438100894772 -0.177489526011018
0.833641822195505 -1.56069134247461 0.0220618134641673 -0.0685038061520384 0.49313233540216
0.820088084891142 -1.86507215055882 0.0806530170998615 -0.288254745887108 0.383120912717943
0.57808582442887 -2.08521979566135 0 0 0
0.574862631871518 -1.91010051489515 0 0 0
0.548089409796925 -1.40085050784278 0 0 0
0.523084803934124 -0.97438553863463 0 0 0
0.19006203013771 -1.27659624665796 -0.840394176131106 -0.922230111185929 -0.222358737102253
0.151446533908592 -1.27531468886862 -0.943184859303223 -0.626894244816244 0.0262165523475592
0.30905587345736 -1.41366310259133 0 0 0
0.371905077170827 -1.67579010829476 0 0 0
0.45751867909714 -1.88883388966206 0 0 0
0.508769402663161 -2.04597546880981 0.167581421990772 0 0
0.901841235049147 -1.7133579687247 0.0312694674740302 0.0524962848385795 0
0.96213127325204 -1.19487414687528 -0.0228951338566261 0.298716117573186 -0.0129040658800828
0.821430870401838 -1.20826321918503 -0.193460682383154 0.204527397389441 0.718686796700191
0.532024338944243 -2.03175718048783 -0.0356371521405208 -0.0271643364139934 0.561419255059755
0.647664574392893 -2.06705145202252 0 0 0
0.682845771269349 -2.34980899685884 0 0 0
0.614262576386686 -2.09200087373986 0 0 0
0.532636476245842 -1.62822078922575 0 0 0
0.142971016776346 -1.80369234979333 -0.934079056965007 -0.908620148600466 -0.239356847890876
0.0495833790504544 -1.58180551415282 -1.00220017885811 -0.880158832184648 0.00023673591460456
