"(Intercept)" "X1" "X2" "X3" "X4"
2.09186045604877 -2.46272280260484 -0.370718621148397 0 1.07832224091393
1.66620714011602 -2.66382322646796 -0.424551066977845 0 1.21438524180024
1.56185526807376 -2.1334729969668 0 0 0.847324384823181
1.05832598170903 -2.48469845691527 0 0 0.981710366054555
0.891283252684991 -2.37279151949441 0 0 0.993610122672593
0.752400815981083 -2.26016334287759 0 0 0.763429338547943
0.587883278486995 -2.07023233855407 0 -0.0521423922184272 0.4107001190526
0.391159721134062 -2.1532829763337 0.261375889363543 0.477023440050269 0.92582982584853
-0.579165691414881 -1.80187769837374 0.887919374465232 0.809724847690128 1.65439415486997
-0.793012464210145 -1.3617950237551 1.2822395306236 0.875044817322599 1.17106333233055
-0.967358745154262 -1.12601479670267 1.66087153302301 1.36903259205561 0.35044186512161
-0.979018775582742 -0.895387512907975 2.16895307634705 1.66108563047405 -0.495555346091193
-0.456634857334904 -0.587909812778469 2.71437221065407 1.72980305421817 -1.17737577598258
-0.404613846116104 -0.647662972085932 3.15658992767522 2.0499968869032 -1.53163408141086
1.54282470842245 -2.50182162113591 -1.01566661529783 -0.158037205665719 0.960841729871177
0.773671345817739 -2.30748038548707 0.0691607252914119 -0.259686603262066 0
0.876514221203206 -1.70955831921638 0.51074730972769 0 0
1.05099406159611 -1.90647672948665 0 0 0.566548351693114
0.584758702309324 -1.88705878150065 0 -0.0795843162599275 0.472117953633328
0.610092759763617 -1.45535683777842 0 0 0.388397238634148
0.436658518462423 -1.14946842066312 -0.090322312802106 0.0807825391312114 0.150989443733492
0.357861970929732 -0.782893672147909 -0.00967325114516148 0.145457068177792 0.159185560669939
-0.193459063942673 -0.914494658284052 0.234443729860704 0.449533575832446 0.831061889285668
-0.180978279080475 -0.806864701432253 0.635133070838686 0.688844976836176 0.353302511263937
-0.271986973071591 -0.679088225120086 1.10446360517818 1.0557044038196 -0.443789938719063
-0.155888764198484 -0.255555309051961 1.66915655220882 1.13834040174103 -0.974020902144791
-1.22586227038654 -0.386019504087468 2.22253028327084 1.68434427006174 0
-1.65752341981831 -0.270153024041541 2.41475285831309 2.11174037686903 0
1.83184469518693 -2.25574972081965 -0.92725702695966 -0.110861833537055 0.913150193407329
0.922729207749962 -2.21282911449064 -0.205979251472903 -0.263981056148605 0
0.113122786105958 -1.81123876282282 0.120268581231543 -0.415617100894469 -0.46748198928713
0.37761911750108 -1.34183085094869 0.242865645910014 -0.250979646438188 -0.257693740205948
0.101520859224908 -1.32355908314284 -0.195520524771627 -0.134698000436569 -0.138911364504359
0.249021611476975 -0.824903995180833 -0.249073151241343 0.155676004467689 -0.0948481687031774
0.334410607381219 -0.459646843409165 -0.205686712061371 0.299515410009076 -0.143236108828763
0.168941608938297 -0.143380141990875 -0.152408338057901 0.26827683578142 -0.165047598880382
0.245942009828791 -0.0581906560718956 -0.189594787544121 0 0.00113176444603442
0.388005327563111 -0.466275803874509 0.0723484763054796 0.470627410437479 -0.223588866832652
0.362840017544604 -0.0807311294775564 0.665681786567792 0.608221524826383 -0.89692846358255
-0.852121573758337 0 1.13452561122356 1.14474390156621 0
-1.16216028408302 0 1.22243522879135 1.4983348885969 0
-0.208685516014898 -0.354187773860858 1.48810211098195 1.82775805190275 -0.69206843020674
1.97639808215835 -2.00439560687997 -0.763230602492417 -0.251164843772199 0.991171735422969
1.68619569467819 -1.66410791504926 -0.229236695216899 -0.321635101785088 0.699307760639132
0.857487888718987 -1.36336347339643 0.051604024741283 -0.2691411346334 0
0.231243798423965 -0.915225788062966 -0.00505914361289545 -0.269251948548155 -0.558003628784702
0.388493974764662 -0.789229846841765 -0.11433197951104 0.0282961390106133 -0.581149207227246
0.554842837616856 -0.396019642585757 0 0.165257950466856 -0.197295972477488
0.579313436197874 -0.175399119062294 -0.293044493140749 0.568185947469979 -0.326151145120641
0.455609429970082 0.0613973465131258 -0.43363831738088 0.622143642832738 -0.413766530564211
0.175464384710358 0.412531029107535 -0.23022437716482 0.286983466560295 -0.732592983992431
0.500373248285846 0.513774214154398 -0.0460991813339209 -0.162580850413143 -1.08913901146177
0.0925979645257613 0.409339910549679 0.390867968283868 0.189217801381215 -0.782110319631346
-0.354062684549712 0.281053944064899 0.525544011844811 0.752367055757924 -0.641385366625592
-0.279483424936635 0.0948497338819946 0.781037246296236 1.12421230032141 -0.60773637623794
-0.0671860213075785 -0.0407873056894726 0.908254853903071 1.41486540327109 -0.615375047322849
2.35395845938906 -1.48866858875585 -0.415792092028082 -0.229193438882966 1.34657337349382
1.70625937590862 -1.49059002526651 -0.0761821901318891 -0.3362959716144 0.857133236409161
1.14982349471087 -1.45478776692224 0.207737891927253 -0.51741905118928 0.256772259001676
0.810131231290405 -0.897758391965272 -0.041876674782804 -0.174465139309907 -0.2909599208909
0.379812567098 -0.52506475803868 -0.0822907158708254 0.202326666290921 -0.756228413682871
0.398292727637064 -0.212204126994372 -0.211032142452859 0.466560743224641 -0.683804064775378
0.560231109074093 0.164524358738559 -0.416694846866529 0.738685179971784 -0.722493583405874
0.722155078184865 0.404125325218542 -0.267152090211146 0.682299579309208 -0.436931122663485
0.195020257446093 0.56539976121331 0 -0.0722509165860757 0
0.376352790833567 1.12222303390351 0.175287093900425 -0.212230863486201 -1.24320795018746
-0.271204981499042 1.12831814946579 0.0677090648441887 0.0199924226803639 -0.934596716518243
-0.0812896393172982 0.707116933167157 -0.0814680527836262 0.182932732248949 -0.685995585358212
-0.277895041806688 0.42547161758966 0.253247099552243 0.689249343406825 -0.513006206106679
-0.0970957858841285 0.251030184315899 0.270419394064274 1.09962675615204 -0.268783879745485
2.42707177062823 -1.1417632901914 -0.158567658006902 -0.0490489160497153 1.55233628374267
1.81357450596021 -1.17358929891111 0.0800248707829529 -0.107024238906268 1.18978117017272
1.47681356921777 -0.886078666887877 0 -0.0863002241516444 0.515476718586432
0.895861442069613 -0.788521636183345 0 0 -0.0647226003188124
0.48104407060706 -0.465129457845796 -0.340132401962143 0.267822959858017 -0.697143121893812
0.0464388122719327 -0.0215449782572565 -0.380702286186385 0.430828432486161 -0.960843140331975
-0.0671786673199164 0.411555754097007 -0.306855034885783 0.370259734481016 -0.914850934908489
0.538797622667706 0.511554751270298 0 0.538986298631636 0
0.345061828269816 0.933438910488217 0 0.268897988402995 -0.69601287795507
0.247648689584801 1.66365396482026 0.174512065756995 0.00137118384190845 -1.02500081997236
-0.0379065999279086 1.1973044484576 0 0 -0.594550912042965
-0.234214718184982 0.989870393413004 0.0421235308938146 0.123468270225123 -0.337235064160452
-0.550907070618058 0.5652184710523 -0.129141490837767 0.286930388624258 0
-0.571863957063317 0.253070981679871 -0.208867723972882 0.605026174373613 0
2.34750519787263 -0.880242506692467 -0.12051645504998 -0.0806097463156968 1.44497284443332
1.69692448118573 -0.977699804804969 0.0685236485703559 -0.0543847129346748 1.06864026458974
1.09863665445781 -0.99265170660731 0 0 0.4046311177098
0.515937263712587 -0.894953467221147 0 0 -0.0858197249738644
0.227295469967967 -0.758820918759265 0 0.193106819077051 -0.437821214952395
0.312062838630379 -0.191114875648468 -0.360674465679232 0.399075377895535 -0.866005305401331
0.413344398106137 0.465855887102857 -0.0331196651344041 0.606963437075339 -1.11287511754314
0.884114157974655 0.711467660834033 -0.0893460585269895 0.796193881211498 -1.23224127942885
0.709679027849456 1.12848263597632 -0.0101382614509765 0.433981994035982 -0.948836837915576
0.325054569301471 1.69423045748627 0.170427784700511 0.0265004478491531 -0.437500087627946
-0.21261720636393 1.37013791183176 0 0.0171124327599812 -0.305057793879903
-0.526836081513482 0.970547397901612 0 -0.122535767896386 0
0.0475052416065863 0.736665251929348 -0.411379180790922 0.890109035301904 -0.364751793983545
-0.614773437324499 0.64282195397956 -0.187450781307188 0 0
2.00720242659826 -0.953688371973983 -0.0821099562743109 -0.042140540034783 1.41065777643292
1.30044488340419 -1.11386804077441 0 0 0.767898824933778
0.799773018753878 -1.11358708249709 0 0 0.134462894903738
0.393912226565782 -0.969556398518911 0 0.187331625065053 -0.404823387117791
-0.0365728322352112 -1.23571872288183 0 0 -0.210291377173225
0.768931720209203 -0.58092697785198 -0.155801248342996 0.403778704893958 -0.923659719133253
0.953114786064865 0.182896271654163 0.198725532332286 0.65497795364866 -1.40810366654208
0.601240303492314 0.454421000339254 0.376120050807236 0.377569686975513 -0.954387247520979
0.385472822856225 0.912631485992897 0.638899814027435 0 -0.257321046556214
-0.46015919528164 1.22261650129212 0 0 0
-0.379880509298292 1.3081025290336 -0.00299396323464394 -0.289932105406289 0
-0.0537908269874828 1.144872285325 -0.568265249353707 0.366225382929155 -0.255122511677264
-0.4437387904318 0.811860894157978 -0.335219275242493 0 0
-0.724059885004913 0.643626026568973 0 0 0
1.32017006808715 -0.952540103120588 0.0627237140645284 0.20720397437304 1.14386515371676
0.697141007367606 -1.0055023874369 0.224667231308749 0.328835454851658 0.420069916816034
0.404091836443016 -1.18984416620388 0.26758718821939 0.244382391379176 -0.197598168521913
0.354691134867901 -1.45250131220962 0.288909908220047 0.153718885109621 -0.403357507742924
0.44929866263174 -1.67165519947952 0.107727759054455 0.0324188592017743 -0.388202942180774
0.752629155427746 -1.1898176386264 0.0100233394242646 0.116163675746667 -0.659590795218532
0.63363273704282 -0.431817395752656 0.319274872164706 0.119777318974622 -1.18636456566014
-0.173149969992004 -0.159960088277415 0.254895519171593 -0.290290080957773 -0.493201220476003
-0.573508239556351 0.727893567219892 0.295366959256635 -0.631726175726867 -0.116942846131827
0.114663490976931 1.05539821101679 0.275086089063296 -0.681819472609944 -0.372182687835996
0.141975336068476 1.51597709990426 -0.301207070378337 -0.470026717785769 -0.408733837593323
-0.0621882403238503 1.06981721131025 -0.505706355832553 0 -0.180400389375
-0.276856594065694 0.27453136438637 -0.288856661191283 0 0
-0.679028983405859 0.142589021206433 0 0 0
0.320889526198694 -0.704328948327564 0.359553671261207 0.668495472448196 0.666889939095796
0.00841824098706108 -1.12049942272327 0.379777111534096 0 0.0647922087226323
0.131454074529223 -1.54632361358645 0.500111572440719 0 -0.087203303153751
0.168705842931648 -2.07302771020926 0 0 0
0.0572385423333004 -2.28480542986672 0 0 0
1.13554468028783 -1.82601874389127 0.119386907436448 0.0784782065851522 -0.52216582212222
1.07906068933304 -1.39916598772829 0.584555842614606 0 -0.858377036212309
1.02319319741145 -1.3460990391292 0.531642200152654 -0.0255896773193043 -0.639846823887734
0.752909389746705 -0.562738783620728 0.343080547345379 -0.0455772629451052 -0.430504737800445
0.638911406607142 0.417609836432201 0.034858499483343 -0.154040098097913 -0.483487609878906
0.833205231398088 0.855200689741199 -0.270658282043574 -0.244879112470567 -0.675500413868091
0.328430570346497 0.892658631477967 -0.485853366739022 0 -0.409778067140915
-0.156804833468421 0.622369696680485 0 0 0
0.0392044006608208 -0.297378143908296 -0.483071885732939 0 0
-0.0192577181410889 -0.899064387133169 0 0 0
0.104277002506283 -1.32390604638479 0 0 0
-0.016269178752307 -1.61589991244849 0.702658795771226 0.236369758253089 0.0348945864187483
0.230383870182048 -2.1459789613176 0 0 0
0.249301723511803 -2.42524007079697 0 0 0
1.03104754640649 -2.2735427959794 0.264592483678283 -0.144532764418407 -0.521657120722277
1.14844270901594 -1.82541186787655 0.467284795644594 0 -0.519346183435364
1.51895711100142 -2.72765224591436 0.317702087566103 0.650532536804124 -0.274677434697814
0.817537802184294 -1.58063593105554 -0.052088401532988 0.536814073488568 -0.0227256721720906
0.607285318714352 -0.625476275433108 -0.20963866335328 0.431911508904211 -0.0412878223719213
0.824287102540331 -0.155655234585347 -0.0850886865586932 0 -0.420004165618462
0.619923652713595 -0.289796615373699 -0.817709486337139 -0.987357026828327 -0.543394490230206
0.0933139870339445 -0.413962856859385 -1.10570410638312 -1.11299370120584 -0.148960616780048
-0.260608864137103 0.19467794474091 0 0 0
-0.228793880326708 -0.678937569049429 0.277520532362555 0.570159577902404 0
0.0453981747441693 -1.2292837942938 0 0.272788292652141 0
0.0986221495869316 -1.80019125490545 0 0.340708628228783 0
0.0239060936648611 -2.29330977052098 0.300865909536699 0.439876942328995 -0.147242379026435
0.323467651184346 -2.69159713151154 0.0146057825273947 0.440476908827107 -0.0642509739354385
0.930366752061065 -2.24163525920358 0.217895479369036 0 -0.11815364331931
1.14795388082693 -2.00206928839948 0.259216816677772 0 0.0571912882288806
0.961433425229232 -2.15526145167483 0.0128718099668919 0.125243459108517 0.231180487502086
0.63428500968359 -2.76063380333732 -0.4428119027655 0.515221269907963 0.217993597577868
0.606947120621834 -1.4994564707706 0 -0.0838057743901632 0
0.831929250736487 -0.84611218038329 0 0 0
0.677530474137927 -1.3040734383384 -1.05320397357541 -1.16876972429988 -0.463414340953117
0.107440935465228 -1.28443475518775 -1.47254129111099 -1.71942507670169 -0.329399311427426
0.0165765145105313 -1.59705980608937 -1.59554008196972 -1.34725258224914 0.0770491834991773
-0.157267226843571 -0.577313965396801 0.251107279634874 0.857795283637452 0
0.0615596077835048 -1.17725730215456 0 0.50741100862934 0
0.0920093965469478 -1.73055978586107 0 0.58806041561999 0
0.0716774733126736 -2.25552278960824 0 0.632846670787069 0
0.139017364729562 -2.59357794136039 -0.228682885380119 0.880901166975439 0.165982006505546
0.567815969925991 -2.23833531301078 -0.281487505303472 0.52194926660308 0.506265298581231
0.964226273763679 -1.8707645426586 -0.0542658107441282 0 0.668178640692989
0.920893786026368 -2.0629799469818 -0.203132111659724 -0.00847945909273009 0.579940080993073
0.726067401552765 -2.66108363254046 0 0.0787327151305113 -0.256336961745432
0.721678934229409 -1.8138545277299 0 0 0
0.932876685722499 -1.6000690747234 0 0 0
0.848967792133697 -1.06754118808651 0 0 0
0.444914858435876 -2.18277665103535 -1.54154482227275 -1.67946335600312 -0.362816261554038
0.240229439362218 -2.20555449500613 -1.74189208334058 -1.60148888688502 -0.109138603607874
0.0442356448776493 -0.581874931009579 0 0.665636102640438 0
0.0894311351490073 -1.08163926929834 0 0.711332968830216 0
0.0634732285777277 -1.55073912364737 0 0.768124965293873 0
-0.0223031511888845 -1.98636988769492 0 0.958330354453901 0
-0.0229969539094471 -2.26203118818386 -0.39325328870213 1.19006343512213 0.315355510487158
0.266816165450043 -1.85555526645028 -0.598618944503741 0.80527428795943 0.798707366404943
0.410632002242775 -1.42457291243263 -0.55517489471256 0.446680182921552 1.20718538553517
0.942626382667068 -1.83272050424531 -0.280322842719318 0.430986963669691 0.865037657013655
0.971448495094138 -2.70716384913392 0 -0.372671288797725 0
0.987687761470351 -2.68285329793389 0 -0.298485826720201 0
0.897979967777899 -2.31188633206534 0 0 0
0.916300380716614 -1.7232196520785 0 0 0
0.677107676395614 -2.83293181502193 -1.52671622050902 -1.65564771696279 -0.370219053469267
0.411797391841595 -2.85175222073004 -1.84758213521889 -1.79277356114779 -0.260365101522212
