"(Intercept)" "X1" "X2" "X3" "X4"
0.351740815666591 -4.1410223909308 0.297554267951159 0.335657591544797 0
0.546404790850473 -3.79044001120088 0.232442905488457 0.669059339086693 0.230560195683351
0.778476864723522 -3.26298548171329 0.272601809600172 0.475077742069741 0.45591330111114
0.826313757077145 -2.6476056832181 0.483038874483995 0.261000357527013 0.490680996875675
0.69440120030588 -2.06521439054549 0.703075385018142 0.0751820739087671 0.352202827793969
0.0852253264505493 -1.39404371321024 0.780097146816045 -0.487511434816003 0.329954400718363
-0.208227186402392 -1.43393209122288 0.930582540494458 -0.356659822556517 0.243899602325658
-0.51903592527826 -1.45662549645788 1.08039055426471 -0.252257304446589 0.406418890355949
-0.967690538369697 -1.42482183487925 1.28770185980185 -0.283402243085528 0.441516638735754
-1.56407752511027 -1.4019967327987 1.66845884267178 -0.390130586896269 0.544502888935783
-1.42663186701425 -1.14569756659191 1.46040470538984 0 -0.0239749312094598
-1.59514188155172 -1.25685339236068 1.52259973563146 0 -0.146207573125208
-1.74182301827461 -1.36177516478592 1.53546199804928 0 -0.258608692395197
-1.9972977881723 -1.47281671733022 1.62034622401223 0 -0.264488928986811
0.292370097928122 -4.01109001299372 0.035033287981121 0.466141257396792 0
0.0936475414202947 -3.73733193956706 -0.0425702050554244 0.595153955372037 -0.0457369658124424
0.386411738523892 -3.04887048672966 0.0578013697538581 0.433740311333631 0.0370387025174024
0.76133471415772 -2.24292554115052 0.180670840313743 0.280853260157807 0.168165461893248
0.705359625269981 -1.64817744234915 0.336359254429072 0.207050470228818 0.0146890205946404
0.373948927185357 -0.936119548336408 0.405682394398285 -0.0477123382182557 -0.0467740625043844
0.0115892058286262 -0.715190830772471 0.547490713759537 -0.216376507843939 -0.19120283309055
-0.255135334078817 -0.791640454675088 0.605644373668164 -0.0116220608623453 -0.0109904227217587
-0.723716056085103 -0.773536103779228 0.850769678151311 -0.128503679059059 0.0984854370406595
-1.07751979466089 -0.811771282912364 1.11058487619807 -0.198212919892116 0.125096563595538
-1.05403157401416 -0.6466755979768 1.01988831838849 0 -0.263591101195494
-1.28577837105671 -0.793788136914564 1.17227531172093 0 -0.319278397967133
-1.474644357882 -0.940861877535763 1.31356493201474 0 -0.354488001107955
-1.90333702393804 -1.12996917156592 1.15709031666598 0 0
0.333161038330891 -3.82659997295613 -0.176049829152376 0.532162371731739 0
0.0106831403482123 -3.46062143713694 -0.217822023811503 0.498057132447799 -0.177614076551641
0.228219254931768 -2.7020990155767 -0.0405337604785344 0.344712913422836 -0.250009379574299
0.737546074626874 -1.83552721333515 -0.0147025197991455 0.314783504808641 -0.28102679856785
0.794761286323559 -1.22506648560294 -0.0777764387846209 0.365234061105817 -0.250412710228917
0.603724037748084 -0.611867402021131 0.00132626794568939 0.382934230407327 -0.439039443523078
0.176883630662033 -0.211229023419903 0.164684938006419 0.140173938211187 -0.554053409079807
0.049515611322982 -0.158149094420089 0.183016796913984 0.208333871799984 -0.524926634776894
-0.396745477236927 -0.142630068526058 0.387692602489106 0.181468406500965 -0.374579697655433
-0.662664832039448 -0.205074258674277 0.605589405472911 0.0826458467233225 -0.373424207202143
-0.932657473026648 -0.254536694775958 0.816564195570747 0.0270199634336102 -0.498557832121338
-1.02040111795129 -0.292189249576434 0.867211845735091 0 -0.480604999891409
-1.19744218701334 -0.468476577096309 0.992549185402375 0 -0.425164905617996
-1.3038622691278 -0.757744266736598 0.990303630514732 0 -0.357624343732559
0.387643845826594 -3.64056291805729 -0.354738125875256 0.476450281400336 0
0.565748390215721 -2.91091975787609 -0.224493755856127 0.340223002734293 0
0.226476028932136 -2.39039246555954 -0.199196098916998 0.272651386735401 -0.345920122653572
0.497776383688137 -1.50211071950372 -0.137830249436627 0 -0.470930275653421
0.942902180343815 -0.826309500575302 -0.35457079957991 0.566448052773603 -0.625964275044869
0.817497797437316 -0.341158282483943 -0.388658812875135 0.749963546576049 -0.674874946368524
0.395374147419721 0.13183866307307 -0.218484804340733 0.532388424040812 -0.919738977168474
0.31359317405035 0.287497437112842 -0.129475701935562 0.294647294859535 -0.878064562903009
0.0581389782162801 0.372982202990349 -0.0176117983069653 0.458142823415076 -0.864360235837821
-0.369720593187845 0.36507889199154 0.217010013356091 0.366368797820027 -0.889042130869349
-0.620273293490733 0.322931843188421 0.467086444597011 0.292074696010891 -0.864620373123019
-0.782874668292844 0.221612161301057 0.609385323234793 0 -0.609841290053434
-0.876509241342033 -0.0243648701029546 0.646643038840285 0 -0.461669148877338
-0.946228900954566 -0.456222705004011 0.633044990397595 0 -0.190858989184177
0.613999468077414 -3.26063805789612 -0.444446004805758 0.296919206025012 0
0.459599751899301 -2.80331219894876 -0.41514869344406 0.271012005373157 -0.118411193622485
0.568030088003367 -1.99953588283769 -0.311709441530691 0 -0.304526642581578
0.98769169608324 -1.13401027885459 -0.254046797633411 0.434154147310508 -0.467691230768866
0.845391750582545 -0.575743237803778 -0.361250674501867 0.480473261219595 -0.636002209836971
0.804705042557844 -0.0283652662497953 -0.675929878412263 0.815058719085821 -0.900692979570423
0.511282234928464 0.396544655908716 -0.505624760963589 0.73713658167672 -1.08351434807996
0.424430253493879 0.548993286003992 -0.288922048836198 0.441509360397892 -1.14999247528397
0.177134507829851 0.700269498266157 -0.256377728561072 0.532737507003582 -1.2661875835957
-0.29236492911201 1.0144399880558 0.0184331221920657 0 -1.1389812924996
-0.482307787223516 0.917258302877809 0.276852974969317 0 -0.942671211080758
-0.571310061834618 0.70306992754046 0.369894819103399 0 -0.71561494753092
-0.605038451915193 0.313569694083891 0.405213812619153 0 -0.39289858585664
-0.679632000953792 -0.294661945830685 0.352843005576231 0 -0.0641093102091194
1.65190829340349 -2.74936128909559 -0.509994506869883 -0.102292853726473 0.474477686302845
1.60837862644113 -2.10550962409774 -0.344764599760552 -0.0339212587974622 0.220938236575415
1.53545332898717 -1.48761473942682 -0.228796228366659 0.155291357456779 -0.0920516983927606
1.19376673611093 -1.0308121934484 -0.238659120993991 0.310980967676322 -0.549396925790093
0.668871012649981 -0.564686130514331 -0.178940433477109 0.276803886673428 -0.79847147599472
-0.0302160733720174 -0.0072371242690716 0 0 -1.10111269529137
-0.0682315001815525 0.477846135727212 0 0 -1.35616932864968
0.364173669674755 0.70153751459423 -0.429782942507274 0.554954702836497 -1.62208087228776
0.424134475520897 0.903062320583724 -0.440263970523602 0.460757404824923 -1.51701888386643
0.0447329286363626 1.16907794870997 -0.217442770235135 0.487851306222597 -1.58076884412356
-0.220352872085917 1.26517535450434 0 0 -1.01896367202784
-0.172101845462956 1.00483419976026 0 0 -0.703608510212278
-0.382982894646836 0.376976921474137 0.206361124121995 0.0823915375381328 -0.342286847984915
-0.55543838537143 -0.186301708091087 0.254378684543575 0 -0.303821383105554
2.43498675450609 -2.48283040362293 -0.431158290091524 -0.558612446909727 1.04715790275754
2.13797617788847 -1.97217060579239 -0.368634394298301 -0.316716378986222 0.50860792118686
1.80113471602111 -1.52011564459051 -0.285341687452306 -0.0811782703043341 -0.0199764092983927
1.34401406020193 -1.13820142419892 -0.224865105585392 0.144827600167253 -0.552386825698511
0.50805440158366 -0.78895106994288 0 0.102370414610413 -0.901225489918419
0.0439304360145896 -0.250539316466252 0 0 -1.23883072143786
0.378302139731882 0.484005545557768 -0.359328543540061 0.588400419079662 -1.71820262234289
0.391206215139843 0.790335108493058 -0.229449691074363 0.630350106868049 -1.91292100916752
0.156082854475732 0.722418948529355 0 0 -1.15262666979877
-0.24873973258866 1.06952111257455 -0.36283055264504 0 -1.42747003431381
-0.117968535152601 1.00793692071422 0 0 -1.01301809082333
-0.023669152507137 0.923898176190594 0 0 -0.790488839814065
0.0625429766727196 0.575444088417913 0 0.275719731854647 -0.523542200892313
-0.0684721319758985 -0.169594236327519 0 0.273719663834173 -0.228562484905272
2.18637130810482 -2.20438488107489 0 -0.389526771293526 1.29293966694174
2.06543831997326 -2.02346463850783 0 -0.225278057909032 0.84588026289734
1.70565597169028 -1.7407176079295 0 -0.0542064975612563 0.185614820523628
1.0920505439791 -1.3984075538698 0 0.112713027708744 -0.451888012571987
0.626593044060664 -1.15523146591072 0 0.107691791966212 -0.911499490036921
0.344713201845705 -0.847838440445589 0 0 -1.0032429226734
0.316157923793945 -0.332774044555518 0 0 -0.972832342405555
0.184654852199324 0.0911919672229995 0 0 -1.33212777920374
0.0293469075127642 0.419806877359529 0 0 -1.28454986471542
0.10217841914325 0.63599941260503 0 0 -1.15069540392996
-0.0471145946961872 0.870849192128563 -0.319994418200851 0 -1.01101376598194
0.0510502362343871 0.792784695699167 -0.282121559637441 0.25948900238881 -0.83246504748113
0.126736128634958 0.475434444070357 0 0 -0.567200301132519
-0.0257254231611935 -0.218784348054752 0 0 -0.241039186745228
1.8806987984382 -1.9790461001497 0 -0.31753872735561 1.11883780263274
1.61044969122815 -1.86564386706488 0 -0.124186749798906 0.622792962287372
1.21157580809307 -1.74176722493257 0 0.0120835392254128 0.0758349498687165
0.92579684767935 -1.67665349311966 0 0.0651779229776942 -0.38799819014636
0.872536391571294 -1.51675595104013 0 0.00903180325596749 -0.752450650886525
0.605340473255227 -1.37901527383477 0 0 -0.763071448481929
0.427223338202162 -1.02393837288666 0 0 -0.660115513982983
0.306854008148999 -0.541971968951296 0 0 -0.965884859691529
0.208966530755288 -0.142996537119731 0 0 -1.01039194856743
0.32556276318812 0.27441201804149 0 0 -0.937319938882362
0.302597120552921 0.539361197660234 0 0 -0.730849904951556
0.214785057906319 0.436089899044006 0 0 -0.667022899926966
0.199882164366063 0.249137762268249 -0.349846590677363 0 -0.608667913677787
0.210512399760971 -0.176366944940169 0 0 -0.340812040241808
1.41044260181334 -1.78936112180907 0 0 0.762903009277823
0.963647428810745 -1.78838271983342 0 0 0.240708449014372
0.554339469071685 -1.85111069183099 0 0 -0.179014402479334
0.532405122224353 -1.9539269387675 0 0 -0.410659723323118
0.667992885113608 -1.93345072573166 0 0 -0.562633056233579
0.79584035519261 -1.74273867478119 0 -0.230482486387972 -0.77634590450934
0.753628245888894 -1.40039553027925 0 -0.113707439632107 -0.916965604553968
0.470680919991592 -1.09523805669337 0 0 -0.815629924810501
0.417717708187903 -0.597730668122809 0 0 -0.847879751222333
0.602713956834825 -0.165161993080436 0 0 -0.597512125198851
0.739027757258252 -0.0417783266191907 -0.334423638050953 0.347527977910482 -0.482540507830837
0.623466362025633 -0.168919644445503 -0.53437545669926 0.418634608591135 -0.441125803345844
0.59525279303407 -0.47188164955847 -0.737881408483008 0.854122047147491 -0.431058741418249
0.585305600927891 -0.761699702997361 -0.655589383932796 0.911300515218708 -0.274250585157277
1.09175081791294 -1.69967726737794 0 0 0.507470339575624
0.571326058648398 -1.76440597525451 0 0 0.016094778495827
0.472531264927935 -1.96046149297822 0 0 -0.0971351868777625
0.53562586539976 -2.13464322682155 0 0 -0.237133246084784
0.875115253426188 -2.08198824310723 0 0 -0.421926203145178
0.965166848526659 -2.07399210203934 0 0 -0.61360396344125
0.944356049313222 -1.86833083239332 0 -0.177779034535448 -0.849973657622511
0.753420896550798 -1.47904694789798 0 0 -0.884179779670785
0.646934860632763 -1.02680091817214 0 0 -0.767739439429653
0.785694874887626 -0.673111723968277 0 0 -0.535138278573967
0.943247307308734 -0.705746282545023 -0.317256103911002 0.316583362299524 -0.441561753285249
0.933501047586694 -0.962238392900387 -0.577921159926066 0.606686642509998 -0.42444795168977
0.939269970255738 -1.21809403460327 -0.833953500941505 0.922413242815262 -0.338872489031617
0.910493613921686 -1.509908586459 -1.02644403887604 1.26098352844498 -0.229648873351243
0.496603028432941 -1.71721983586511 0 0 0
0.651478321147597 -1.76302291318051 0 0 0.152761124226453
0.595232605353468 -2.04233731478551 0 0 0.0286762564976439
0.728332006274656 -2.21316217922361 0 0 -0.14702802016466
0.970668053134492 -2.223861926698 0 0 -0.261451981359283
1.1026572870559 -2.18985467307679 0 0 -0.445151168931046
1.1685214674564 -2.20302382743601 -0.0669289774483292 0 -0.556823271056695
0.953006465174368 -1.82033051649903 0 0 -0.720988940477961
0.756564643204752 -1.41331632768593 0 0 -0.63372669989414
1.05334145603253 -1.08523875531795 0 0 0
1.08085881564997 -1.45853457863957 -0.362341523872337 0.340987164083709 -0.565141365539958
1.21581377341203 -1.77248306376784 -0.578964749457513 0.716878765561481 -0.531249143453912
1.29957361816082 -2.03671088833805 -0.811210019579601 1.04965634278172 -0.464595092031351
1.26540142554342 -2.312076842581 -1.1170611622719 1.26008354539391 -0.350189015513859
0.502306004466015 -1.76606304757308 0 0 0
0.771023170308244 -1.83624341831529 0 0 0.196018460631498
0.71989062772384 -2.0154158865556 0 0 0
0.902890421434278 -2.12001753363918 0 0 0
1.09513893370692 -2.05480544223592 0 0 0
0.879987945443526 -2.13389109191298 -0.0515507245250415 0.298887327826096 -0.163833169725307
0.951016209801137 -2.14649863359078 -0.410854851955044 0.338732305236915 0.0953642551730799
1.03276269839171 -2.09748158204059 0 0 -0.457108192435392
0.884725364047513 -1.71316691896885 0 0 -0.517738903570318
1.24856315311946 -1.30825519848607 0 0 0
1.03976225269578 -1.96462936374194 -0.4483953302143 0.336158721830893 -0.626295103830882
1.42554252533863 -2.4625959557161 -0.615117194135361 0.79061977688477 -0.658677955100565
1.65587193725709 -2.84686660620114 -0.823597522576863 1.19753511650709 -0.626743423273055
1.68722749469795 -3.08307359015882 -1.0663241907625 1.47446796709803 -0.529064834652053
0.522368611664005 -1.75132956890373 0 0 0
0.66467342979913 -1.87273911299479 0 0 0
0.832671679637956 -1.98722573107297 0 0 0
0.972303471077196 -1.93661758187739 0 0 0
1.06778650196068 -1.90934707335056 0 0.0733448149654519 0
0.591902497633741 -1.93822124362296 -0.23776648458839 0.775942143795091 0.209192265921151
0.765629498183119 -1.89945107429136 -0.532406331083898 0.691025254492604 0.386303158522442
0.804746635300214 -1.99002453087689 -0.820157956255504 0.526864891840351 0.34348575620259
0.83696206845447 -1.98319523599578 -0.310219727005584 0 -0.438764570113162
0.752559544065012 -2.02472666788782 -0.6464281988094 0.237689158229281 -0.306751460428311
0.939609158997595 -2.26402906643483 -0.711602984715118 0.296620282500477 -0.447919854768163
1.2647854068085 -2.67996424574548 -0.763254651150819 0.648510900262853 -0.575091639241498
1.61770806254736 -3.12358757023176 -0.851847542598641 1.11632377176029 -0.618120843821838
1.88566127361949 -3.51195875082789 -0.995066678131298 1.58365470446554 -0.588941205295404
