"(Intercept)" "X1" "X2" "X3" "X4"
2.25521994282993 -2.31484297056405 0 0 0
1.97181920562799 -2.20020179009457 0 0 0
1.73198963899593 -2.05292634377744 0 0 0
0.971996801862783 -2.06106736571119 -0.620275843642937 -0.646977192373743 0.58296782816574
0.72542487884865 -1.94630743996665 -0.459516641882429 -0.541239302097753 0.82734473536876
0.848696599713488 -1.75750636989042 0 0 0.934128071196232
-0.209724008315469 -2.37835989014818 0.296383622754085 0.00741383095604989 1.68224107990377
-0.862284380517607 -2.35330744611534 0.739115011543778 -0.0621335937037679 1.6372085075901
-1.19521780648815 -2.22007679256585 1.12910086848713 -0.0232493102096857 1.72273436964927
-1.57795536192087 -2.05502188723763 1.57425265485606 0.123909667749876 1.90117678590316
-2.04149008318702 -1.61574220082651 1.91026944764102 0 0.891200630408957
-2.41094898412108 -1.48702103675731 2.31325592995157 0 0.524273434753292
-2.7042587007127 -1.41795144161697 2.71432372113823 0 0.271361334728236
-2.99833015826216 -1.24309115015265 2.81207555992372 0 0
2.43356339526454 -1.84328201831471 0 0 0
1.98410661577808 -1.83485489505142 0 0 0
1.67766815993009 -1.72552036451703 0 0 0
0.969211570947329 -1.72138021089593 -0.613304824981789 -0.475227336734976 0.378544410089176
0.747858620829345 -1.55970748612298 -0.427204175069443 -0.32572913089674 0.577008945801534
1.0051492551318 -1.12259964225227 0 0 0.660364390043559
0.584209332068371 -1.1700881533099 0 0.1691933599564 0.701885475879875
-0.554283411357959 -1.49027506505184 0.42738082414654 0.204323234279792 0.906902438925957
-0.936813322026625 -1.31781277966813 0.742648197994602 0.162679781012805 0.982211175408703
-1.13913981079466 -1.21321483077568 1.07347985289929 0.220780096796289 1.08188323409917
-1.46691566525943 -0.916289937128761 1.32648617335355 0 0.587408067495605
-1.79185120836318 -0.841000439355698 1.76231770933524 0 0.306132384918222
-2.19233483998391 -0.653509490528963 1.96746126442355 0 0
-2.44918402160546 -0.645139787184254 2.50636852719454 0 0
1.97231256564988 -1.94552634652245 0 0 0.189897410767142
1.8691667480225 -1.57406583736514 0 0 0
1.4920881516563 -1.4960272302469 0 0 0
1.25237572351024 -1.31610563718188 0 0 0
0.733115846134071 -1.18143850471177 -0.490298119928823 -0.157262266054785 0.201686724346006
0.705824643173274 -0.808115613555842 -0.38083691598972 -0.000189125846416275 0.0473066514826633
0.615581752011084 -0.382778552632601 -0.278584842419735 0.0155561725784447 0.147669211691082
-0.034396036956308 -0.572724137080079 0.0761147374548213 0.430384593785152 0.156735156463872
-0.518759189584467 -0.505721076495839 0.415662198677047 0.45871969502292 0.31542772327242
-0.575465603529784 -0.312448396025158 0.546291866652982 0 0.318974492704246
-0.924914435959602 -0.258823062162591 0.812423326936633 0 0.339193407143138
-1.31339203702512 -0.124332060032295 1.1282823517607 0 0
-1.68191369430148 -0.0807916131135164 1.53459351695459 0 0
-2.42045107763924 -0.438127212948893 1.98407865074315 1.44439052252984 0.817874213461669
2.06296768445988 -1.75316395735611 0 0 0.289091119108794
1.62435077053497 -1.5488678302907 0 0 0.207773656822786
1.32175942541795 -1.27181374191509 0 0 0.120599096302354
1.08700519481161 -1.05554635127854 0 0 0
1.02265497263299 -0.746313376625949 0 0 0
0.773158824510253 -0.428886211582115 -0.478952515119199 0.186866311171873 -0.222349897787327
0.86678671467074 0.0717566784886747 -0.490184849891206 0.0721145240696055 -0.160063833577787
0.758253798487972 0.378416620920544 -0.492605436671977 -0.0782831926953205 -0.028719941846598
0.366037194972236 0.348635515067485 0 0 0
-0.340300525885989 0.371749302489113 0.297843237865904 0 0
-0.622169008194341 0.400230097881436 0.494283456414301 0 0
-0.892309685937153 0.442299019772153 0.722170185013543 0 0
-1.5915713999041 0.0429093220006641 1.14721448490399 1.22407829169413 0.362615136442047
-2.24687549646725 -0.387048107472315 1.54891400634286 1.69826502480064 0.644952355742473
2.06883829123562 -1.58821005431984 0 0 0.447904036888
1.59488328777489 -1.38837862696068 0 0 0.353241374073185
1.16668681874947 -1.14498321873952 0 0 0.188791022249009
0.969517134630559 -0.780539991322765 0 0 0
0.786075871942818 -0.494304473505782 0 0 0
0.930913225936509 -0.163275462917799 -0.230065831152787 0 0
0.965114993836516 0.12622529369966 -0.434098918753749 0 0
0.886000767192265 0.564424814575432 -0.537826054196598 -0.14700493314399 0
0.657337226312758 0.630146592158907 0 0 0
0.288591705368518 0.732829198766262 0 0 0
-0.447508804626019 0.635429559028477 0.316064889601076 0.434872356418082 0
-0.830677106837145 0.495435607781675 0.496654324865839 0.953257665958152 -0.154118279546784
-1.45011811360008 0.115606914028029 0.835985213047029 1.16522396898962 0.145057948314828
-2.07535086046226 -0.293762929814697 1.17240280076347 1.53717942806091 0.536316726668936
1.996171803948 -1.40368937322477 0 0 0.681024259913355
1.57527213959827 -1.17871270882401 0 0 0.412299731353808
1.11717275991725 -1.03652621808324 0 0 0.273301777256287
0.765234641817408 -0.744283173542461 0 0 0.0072150308194674
0.381282865444833 -0.322885419772136 0 0 -0.244852853098686
0.600666343916798 -0.0724423819401415 0 0 -0.332913698234748
0.703893478486493 0.197584846089196 -0.477353537605828 -0.0447514502853891 -0.557446796332222
0.748373812611226 0.492912415351856 -0.433210444741579 0 -0.552406690643087
0.8246615992021 0.860675376530067 -0.625225434604714 -0.0331320446457382 -0.541683402983192
0.31908954769201 0.957686369253403 0 0 0
-0.0625498160350498 0.906241499458497 0 0 0
-0.769423599267724 0.689835674040613 0.286873511768635 0.739147986419249 -0.233029045967198
-1.3830618346053 0.315625706395837 0.578341949253982 0.867477876515215 0.145095766351419
-1.95632610732958 -0.05968240996321 0.868118040149779 1.01763138802694 0.647225239356901
1.73768293163971 -1.14975947641232 0 0 0.854978654582493
1.40120015243125 -1.14732095966612 0 0 0.564789130006633
1.05037755334309 -0.971727534109126 0 0 0.217321476046351
0.553561466109596 -0.795653490618006 0 0 -0.315144688452379
0.290191497390059 -0.556558359830025 0 0 -0.699294043182973
0.277254390793752 -0.255406909626908 0 0 -0.704207961426368
0.370770039237167 0.170086216797699 0 0 -0.765118452765527
0.557450374539226 0.505889318133467 -0.444514722766017 0 -1.11903240862617
0.516271386922964 0.788209414256737 -0.429771100273825 0 -0.963771937019663
0.444950445218892 1.09478379451449 -0.522111857439924 0 -0.759845556351231
0.283798935398153 1.37216503905044 -0.57186004210829 0 -0.663798471324695
-0.268866870664209 1.00143163316547 0 0 -0.263610366681836
-1.12497416194757 0.627680180989071 0.155366719442347 0.388450919851504 -0.0310317483715921
-1.68859617574803 0.149438604784332 0.506102660558129 0.630569845894952 0.41984438138032
1.39579291906679 -1.05593644724036 0 0 0.924101561354271
1.13956602621321 -1.10330926539569 0 0 0.416236248795464
0.873394730783848 -1.12868086592023 0 0.135721167003681 -0.0756824385234066
0.479229300021298 -1.09572301871754 0 0.235528473461506 -0.569941044948286
0.439216248804186 -0.976699149972079 0 0 -0.879895541282865
0.4900756442732 -0.722127629758292 0 0 -0.873751267041875
0.37559866120528 -0.197060215415059 -0.297045364291021 0 -0.888804301511879
0.414855080840808 0.222029973475072 -0.42348087998769 0 -1.03987132505419
0.401274763233142 0.577511868005593 -0.367819555182894 0 -0.916688459452379
0.396518462333735 0.814742658851772 -0.572286644051692 -0.200638764274593 -0.905036767005828
0.203380523611652 1.224373361284 -0.714889683639578 -0.358953156866525 -0.75244910101103
0.0772209411101586 1.51725310630315 -0.785630387636712 -0.327221307775054 -0.620065380868632
-0.553577512052364 1.1159171790118 0 0 -0.357190194089581
-1.19404023083517 0.589243616410307 0.0250189405280155 0.456292003504508 -0.0677280481281542
1.12463712975298 -1.06385458916686 0 0 0.887656636576249
0.750826454972009 -1.06158784140634 0 0 0.239494008502915
0.57968169309668 -1.18616893962909 0 0.158275690770893 -0.142504892528635
0.442883895220289 -1.43457745537862 0 0.189237134741393 -0.696665140164545
0.55875428855401 -1.39483034517372 0 0 -0.938753082579732
0.681249551401273 -1.24719435966536 0 0 -1.00801611389046
0.467135307709184 -0.803616275289784 -0.219123995586981 0 -0.924257040788649
0.34821317791401 -0.304584588690384 -0.287723233667787 -0.107293330911713 -0.761047601850949
0.453901327141754 0.0336719672141468 -0.425666119018885 -0.0841502268878174 -0.778406944395972
0.407266907584965 0.479759796476153 -0.473848601614942 -0.211115309998159 -0.807769200242864
0.355298528055417 0.955673815819511 -0.572289764598368 -0.387119887652236 -0.662626045969516
0.0988571714224691 1.32398444397473 -0.540655614498982 -0.473521117386422 -0.483160389005312
-0.130870083658488 1.53356518207808 -0.546418920179885 -0.473049634344421 -0.321715583308828
-0.746524103073729 1.12337605473611 0 0 -0.312219900561591
0.75136356714957 -0.989701532748663 0 0 0.58784950124861
0.640256426977293 -0.973905599373724 0 0.0357196250184502 0.309872656135923
0.590711996477263 -1.33573074689899 0 -0.0278897951502962 -0.13991633298651
0.538114957388946 -1.69729425895929 0 0.108830957471814 -0.53846422878051
0.964366324905582 -1.72229284594535 0 0.193545576524931 -0.880524186266256
0.856964397361792 -1.69549470144892 0 0 -0.728686915340695
0.591268242161264 -1.37091448927179 -0.103798382753876 -0.19656880627316 -0.995612517764278
0.576587182021698 -0.927890290027115 -0.106152261739327 -0.146554679984408 -0.920241334391521
0.467889257103231 -0.397418505997245 -0.278128178033854 -0.17854772129324 -0.860184026595998
0.429303155601927 0.0975028393174213 -0.376369836048049 -0.319628382870145 -0.730485747718864
0.279913235408625 0.57285469347899 -0.321193393084517 -0.622603041372598 -0.589673633406246
0.194593347495976 0.944933902628554 -0.275947133150134 -0.729523592382773 -0.407392594788108
0.0932791767418382 1.25371069183083 -0.223616458763619 -0.751470720172416 -0.188292592226001
-0.212651057727192 1.52612961337791 -0.295848788008495 -0.788165901713342 0.0360092560779354
0.677917482239358 -0.900040138557128 0 0 0.479865305777584
0.618648211552998 -1.07630865759539 0 0 0.162819807546134
0.63038543940119 -1.42519755442916 0 0 -0.107155333136392
0.689231884603557 -1.70355096658299 0 0 -0.445619726347477
0.991453648079801 -2.00016753633792 0 -0.0887716726359445 -0.589144531907094
1.15956313900404 -2.11574744514814 0 -0.0562646328326002 -0.660157392803497
0.96661731022369 -1.8434828661859 0 0 -0.731344059029363
0.87835266671846 -1.30455670103645 0 0 -0.720256723483726
0.613139378043799 -0.947353689673064 -0.226356929568868 -0.274497146430772 -0.893562930431673
0.26367379943171 -0.406865253696525 -0.265875728679509 -0.545354209088416 -0.90241399728528
0.217309323787492 0.0740601286896076 -0.153580421427856 -0.763532212145431 -0.699643400531408
0.185840444080269 0.461982630795906 -0.058285637605546 -0.931744284897211 -0.448609231022797
0.119824650287522 0.806005744603042 0.0108461024815708 -1.0015452871844 -0.197031345299414
0.0146460985946948 1.14941705990002 0.0683253569964191 -1.01912579239165 0.0927458768441008
0.935335013730765 -0.895737627544613 0 0 0.628362702373655
0.907410304042964 -1.19806436642792 0 0 0.368840818476532
0.832711148027899 -1.54165679204377 0 0 0.0139013619468126
1.10907195778025 -1.95145184224427 0 -0.287992348025853 -0.162168510144939
1.16313537853967 -2.1734531749505 0 -0.264752722674705 -0.387148334736615
1.0803882733473 -2.15344989443638 0 0 -0.5118549481564
1.02181594423279 -2.30127608250137 0 0 -0.472001435266423
0.978989217871386 -1.77803921362405 0 0 -0.637079515457919
0.558550060889084 -1.35206093940295 -0.154215200237045 -0.403677053128386 -0.886547350755147
0.399088653738529 -0.890102352140575 0 -0.497510166568479 -0.773925203377372
0.170506628798635 -0.415447174384939 0 -0.62554806609733 -0.70456775134697
0.0537083742770284 -0.105970783733251 0.0601264867943172 -1.14547362489551 -0.598817921781847
0.0964918307364343 0.291265922080165 0.164141101142142 -1.17574416252675 -0.248238810870557
-0.0260359777754486 0.681129075385978 0.214987522073885 -1.24581950191937 0.0450305462908653
0.980284786817043 -1.09087670995294 0 0 0.610903674286623
0.948177650393389 -1.35394194626619 0 0 0.315005168179965
1.32727709558946 -1.77612529805108 0 -0.426405022343562 0.326118383570144
1.25862544501714 -2.04732237947995 0 -0.399527666313388 0.0118781536914794
1.07225695434562 -1.96463464372159 0 0 -0.281994700534836
0.984996606580072 -2.30000150363564 0 0 -0.163183113050352
0.877568868908655 -2.56470986212744 0 0 -0.0377040370370789
0.882969184243329 -2.28463332390276 0 -0.12733277483794 -0.211544069337865
0.764355908159097 -1.84932450384501 0 -0.289867602036961 -0.642075941380134
0.473220470330606 -1.44765350600365 0 -0.402742818018862 -0.675073795653091
0.125796853563391 -1.04702091030994 0 -0.734380547164997 -0.688606570831957
-0.290983645010332 -0.698945627180347 -0.0399693776393042 -1.35236362162929 -0.711051108197722
-0.146806952701175 -0.254749524513913 0.136248379329933 -1.38664159098098 -0.369955471316865
-0.226269784148614 0.161450625713567 0.215562219537939 -1.47923923741156 -0.0980213140041125
1.49754726445226 -1.39138696596451 0 -0.545499046236413 1.0748983628299
1.47992681704694 -1.65185492926323 0 -0.513886100382852 0.744401510728379
1.36726876451153 -1.95517080035967 0 -0.497674359129497 0.420603524503599
1.03876472180303 -1.88629161443968 0 0 -0.00869728802525521
1.0227997452772 -2.09527304289343 0 0 0.0749802631003806
0.75568520887647 -2.46513377566525 0 0 0.269678450959668
0.861906822496299 -2.40698088297917 0 0 0.109913488464801
0.827119919979475 -2.61728942319857 0 0.117734005620626 0.226722138588461
0.920946140382281 -2.36136897178157 0 -0.0710350794717966 -0.219045505239758
0.588146891635445 -1.91545571295216 0 0 -0.434212938747135
0.27742175489508 -1.63222054476197 0 -0.587768433251485 -0.604524490731762
0.130943411659022 -1.18859857457842 0 -0.649373497811304 -0.513344702396978
-0.317708891016678 -0.822055492296225 0.0562921354949229 -1.47261418092902 -0.441334220828117
-0.392785578670811 -0.361992529599728 0.165807306200669 -1.63197133454836 -0.178347763026613
