"(Intercept)" "X1" "X2" "X3" "X4"
1.07943684565546 -1.72273980068926 0 0 0
0.922778047221928 -2.02891856113972 0 0 0
0.754840963529132 -2.46297513104359 0 0 0
0.738136186974914 -2.28821469591169 0 0 0
0.754878651512779 -2.30040067127172 0.308221347554916 0.00329907322504681 0.331402104509338
0.547559636666315 -2.10118547830495 0.404672775766089 -0.058785300718951 0.429553295345701
0.327747676953583 -1.95369675869773 0.542542804331415 -0.0195295111233099 0.464847681147603
-0.0213681005792428 -1.83927739095551 0.706039857899916 -0.0447736785233297 0.443746927972143
-0.335693795865713 -1.74854937271184 0.882437275272341 -0.0215801569638022 0.504960076275564
-0.534177525792942 -1.67020395765521 1.06244021674846 0.145988748298039 0.491693625070126
-0.794380759353348 -1.57365805923465 1.3160799283453 0.28170324619376 0.415885315230471
-0.918367116244896 -1.55913249818929 1.64456243662876 0.29003113561761 0.253177417401619
-1.43480127983652 -1.10475422623915 1.35251060628102 0 0
-1.7196614823979 -1.11185306592183 1.55026036128377 0 0
1.17498635845453 -1.32301717481396 0 0 0
0.948243334637467 -1.68669712557311 0 0 0
0.79659711983232 -1.95511357083444 0 0 0
0.71480716435673 -1.88472645562362 0 0 0
0.715573759961161 -1.77611261998273 0.186951664304342 0.136829571169693 0.183431468882484
0.626237237047079 -1.3978608754213 0.14033037732464 0.0885245646560148 0.0911483196747095
0.421008887735398 -1.20312784095404 0.256555706046263 0.12797633901168 0.121927398612032
0.0574005193905657 -1.13508670100076 0.395334039487222 0.177250202637595 0.137207777456484
-0.171862160115732 -1.05111247459478 0.497095855080556 0.208159209402276 0.171769396613754
-0.314679343038635 -1.03342488772567 0.630549158427795 0.33492951298112 0.182532882064539
-0.470933317922946 -1.01591505678807 0.922450304586845 0.359675566819946 0.100672869344023
-0.596662564924784 -1.01595375362286 1.27142520382602 0.374981887206777 -0.0273783168299143
-1.31971576711389 -0.633598708011599 1.06987433372442 0 0
-1.64923380338225 -0.663391490787963 1.27773309956608 0 0
1.19143272661339 -1.07171801346018 0 0 0
1.18622810229152 -1.10595907043636 0 0 0
1.01408864762301 -1.25604427030522 0 0 0
0.616923133725493 -1.7162104832953 0.224847876733542 0.0757411346740562 0.189478288671995
0.705208678335886 -1.30807659898142 0.0437128568445213 0.250461765812804 0.0599210255396818
0.688775319087951 -0.875143459514321 -0.0630092621994591 0.279991741750505 -0.070645261617934
0.592368795118003 -0.503547386258302 -0.084252204745513 0.271879522280493 -0.161480826674442
0.224295875922643 -0.409236126763519 0.0120842566628874 0.37180346456391 -0.145086236699679
-0.00137149444331303 -0.350056133024109 0.0746580470828758 0.423747873516743 -0.143318146868745
-0.0736977537677187 -0.40266169380518 0.169309344804179 0.444715031075861 -0.116985067354637
-0.204007338250127 -0.40263110119926 0.511340690866904 0.447257026725447 -0.176025917442673
-0.326134832278443 -0.426331527164495 0.857355389655179 0.445413954732124 -0.267880688268449
-1.19388048782518 -0.221657356110041 0.80220551513911 0 0
-1.53254809128881 -0.377297046630791 1.08632485967876 0 0
1.08191328274998 -1.19858021794723 0 -0.141420113678322 0
1.11801628937407 -1.16154344600306 0 -0.0466236377594307 0
0.903695473033322 -1.28676653804035 0.203025195887989 -0.0922172981940448 0
0.850045246347122 -1.07314319311944 0.0804124234166653 0.070673990606724 0
0.856045408600685 -0.921438479098307 -0.0586081071709687 0.169824886790539 -0.164123174289672
0.825428050834521 -0.494901295469295 -0.249461643184649 0.381223986797606 -0.222366162763323
0.748549960500928 -0.0766409221868661 -0.35786218531523 0.399292300102248 -0.285602478285155
0.514720164445711 0.185164639200362 -0.372907309862808 0.433298455739414 -0.267055785377519
0.191419806736995 0.311245156362598 -0.343194846562266 0.474674254310485 -0.302029070591167
0.0612562192059115 0.266485030598201 -0.115708792511977 0.465364573805357 -0.344872447656802
-0.333746926449037 0.333471939445017 0.210545858224901 0 -0.311674036604868
-0.57927658321855 0.291317330697763 0.494981558092926 0 -0.325889390282134
-1.08376239347009 0.0558857044977926 0.648048040810818 0 0
-1.41460459379221 -0.062728837678824 0.725920028632892 0 0
1.26104166071506 -1.53747097563639 0.436825834622443 -0.842522685898967 0.711121302124067
1.12552491844214 -1.40110048777887 0.372578703878996 -0.642057932725756 0.306550721807771
0.945830686666235 -1.25180457764281 0.264103448140762 -0.457981568120995 -0.0503747981927423
0.903283678729798 -1.05542701699984 0.0922063548382952 -0.237634456580828 -0.29242902390001
0.949770396348752 -0.812715472241552 -0.0499550489134857 -0.018404253115608 -0.430505279692885
0.935077922835596 -0.435185137400048 -0.195173106396664 0 -0.443995400311604
1.01660480760117 0 0 0 0
0.584127914479097 0.247507305360073 0 0 0
0.304991497636347 0.760905860075851 -0.569484369355182 0.377365713362333 -0.338710512138577
0.0415875379035651 0.782174633096867 -0.219341902294316 0 -0.378586586793235
-0.38836401174653 0.673769797248247 0.0601123733559186 0 0
-0.740306196282762 0.54058344073839 0.299726296202251 0 0
-0.961243677696029 0.259771588716781 0.442261254641075 0 0
-1.20845292695596 -0.0245341056308274 0.527823828983537 0 0
1.46479360828625 -1.40626209247232 0.21541986922263 -1.00258533251189 0.73727403478648
1.42150023911987 -1.26381222926423 0.167250047459823 -0.753997823696069 0.261109162060506
1.21139978398345 -1.10750084944396 0.146010213940547 -0.522096427296621 -0.246619176153785
1.09256761504215 -0.923362892061096 0.095392090908756 -0.2732439895185 -0.605865416527025
1.00715290546219 -0.734449041027502 0 -0.173797437786013 -0.700640780233105
0.960043109079602 -0.472262309147303 0 0 -0.673974590585789
0.929389494636639 -0.147684017998816 0 0 -0.756395092900136
0.859386872224524 0.23240982004316 0 0 -0.901569732783866
0.688331615278377 0.534044320529949 0 0 -0.775726979199348
0.26199289052895 0.992104480014319 -0.340456394790707 0.220957244056 -0.693335291642676
-0.175207584999585 0.79241867450654 0 0 0
-0.391088666698587 0.784708696254908 0 0 0
-0.778523623068556 0.51460459895472 0.203882880293873 0 0
-1.10327169392247 0.286383254936416 0.268247744525807 0 0
0.99486063782666 -1.26764397094707 0 -0.835180598909264 0.644882911755871
1.09860412469002 -1.22486296491987 0 -0.600592046999701 0.163967607163691
1.17899986725286 -1.13530800908364 0 -0.294064938038496 -0.267148260524974
1.21029685148685 -1.03788045767738 0 -0.171708940816377 -0.709982160747987
1.10806907504063 -0.82794381280456 0 -0.229975576110544 -0.908322019904907
0.705352810159219 -0.580463848608647 0 0 -0.797092521622702
0.436836797864817 -0.204935017867245 0 0 -0.714710100508016
0.629439552866859 0.24456106468094 0 0 -0.895492110635867
0.780547869432007 0.485396633466742 0 -0.0782948288657757 -1.2316494811662
0.635795555642105 0.775798338546088 0 0 -0.925081177543991
-0.168465095421311 0.85907677299642 0 0 0
-0.234210212221422 0.693169278670364 0 0 0
-0.476738528484933 0.738830979795081 0 0 0
-0.850578966568023 0.344069103321878 0 0 0
0.970828305337731 -1.28225064890294 0 -0.909808878707519 0.762965209942137
1.05040217898067 -1.25554034054299 0 -0.729714649102618 0.187365969788414
1.1398442716225 -1.24012121043786 0 -0.432755066039862 -0.325021550012373
1.21865576244617 -1.19546463806907 0 -0.232685457438374 -0.798245740055244
1.03587083171342 -1.08383870624942 0 0 -0.961090841973899
1.00118418339764 -0.797664867229719 -0.0380065234015052 -0.254133627116884 -0.934188147729057
0.473660712282002 -0.51282941225552 -0.238719944398875 0 -0.995791943840862
0.562487567968519 -0.0242799140571307 -0.212936438339037 -0.294228297747479 -1.02861077423554
0.812563357106423 0.368758697072344 -0.22278399995016 -0.101846995817378 -1.21822598862993
0.844126137314443 0.704382649499504 -0.172639208141407 -0.203512395076456 -1.00255143869155
0.58726670048732 0.988309244091126 -0.213904693898496 0 -0.68560755186462
-0.145997755696717 0.464105692119528 0 0 0
-0.413129489159776 0.61386933783882 0 0 0
-0.708602688396766 0.583808159029472 0 0 0
1.02919951059189 -1.33956501177754 0 -0.882307157791548 0.875351108849321
1.0042310741649 -1.3723854283929 0 -0.662232817711378 0.361790529567073
0.999150060385033 -1.39601245274025 0 -0.472972550102448 -0.199750544365906
1.09314875701657 -1.39039777637537 0 -0.248255916039836 -0.665929527168757
1.0956596406721 -1.41519571004961 0 0 -0.902909998311721
0.902754859085346 -1.25784539620308 0 -0.413165483233666 -0.874767027685654
0.599881503240542 -0.929427745660217 -0.0568633638221903 -0.35769250448336 -0.830343420694876
0.484174965286478 -0.485481972307355 -0.107119757744622 -0.26894384596965 -1.01682113751989
0.77642078727817 -0.0248688807518873 0 0 -1.03905626504996
0.691023695758161 0.45504402320705 -0.211260252342934 0 -0.861813891827764
0.527655014923129 0.839306793249963 -0.173747623187207 0 -0.651844703685957
0.153791554097274 0.875174151902897 -0.105435158709374 0 -0.48738332888399
0.0926914941991059 0.727762906689733 -0.175465211253964 0.302660558092528 -0.321998744754047
-0.500558224162167 0.545603772534985 0 0 -0.235605614883084
0.923368409211908 -1.4579680832478 0 -0.576842203398979 0.995645919452583
0.605868508764876 -1.40529735414111 0 0 0.436446221710182
0.671903355407262 -1.52640120489035 0 0 -0.0136256665764555
0.85985519664913 -1.66188525813533 0 0 -0.428353178905022
1.20669694822404 -1.7314282357591 0 -0.449499132474503 -0.712339224001278
1.24643746117482 -1.65210220839111 0 -0.540549856055925 -0.869285640962842
0.971041320765573 -1.41015201846671 0.037369768784676 -0.367158122145184 -0.861629055849904
0.690416889177107 -0.930267121458952 0.0690225763366784 -0.186861216567219 -0.882402181942739
0.618268425983952 -0.377863220054572 0 0 -0.853374477991395
0.633384867025036 0.0678301471428204 0 0 -0.661732816450741
0.522012720825021 0.361599838659752 0 0 -0.592327935682058
0.227403866123438 0.461016886965098 0 0 -0.452975880227949
-0.0246524982428553 0.470377517404487 0 0 -0.380180921475046
-0.248874414319561 0.417863472300486 0 0 -0.364665320237546
0.438377839051195 -1.45888631782673 0 0 0.875744924029124
0.477022652922026 -1.5774429290979 0 0 0.454637277640885
0.871307992031827 -1.90861463757001 -0.0819523088853558 -0.465083375172814 0.33912562142175
1.19891897453368 -2.05232611578226 -0.0322906053293305 -0.567898531993168 0.0320513126720485
1.42154127750038 -2.13590086350296 0.0417799538443695 -0.597692177831728 -0.314697149079778
1.38767219784808 -2.01406468543436 0 -0.561840906221633 -0.70505438156676
0.979854168133189 -1.80069156392558 0 0 -0.687674658043243
0.784581736719034 -1.3813310337598 0 0 -0.821815341394507
0.706083465810003 -0.77298424998381 0 0 -0.780444202279622
0.493599698809005 -0.288644506107174 0 0 -0.685131623841146
0.470353445589624 0.0564708694058912 0 0 -0.584117501018478
0.322208911172263 0.217569197617009 0 -0.293054611830377 -0.600921783045303
0.134042776453042 0.197884660912738 0 0 -0.41911783964963
0.000521022501696633 0.168872365077536 0 0 -0.399073310694771
0.36520906597743 -1.6322190631976 0 0 0.936362833827775
0.740710496941445 -2.0464611884948 -0.337790221327034 -0.414884672301821 0.875835571397323
0.917243198824438 -2.23612121541308 -0.285949832772184 -0.483170789466988 0.589168262065928
1.18737791538626 -2.4069808234248 -0.226754227090847 -0.585234558845458 0.310977351594777
1.45544049692243 -2.47535429795282 -0.0970611493656605 -0.632386699125186 0.00315364998105302
1.544435009221 -2.34034041631594 0.0208851914626737 -0.538944318772805 -0.315915554370552
1.16451355640292 -1.94504825173738 0 0 -0.573646486111065
0.943300520461972 -1.69457581122436 0 -0.150346987583458 -0.672632330739385
0.669599871565772 -1.24011795815072 0 0 -0.682945895286042
0.515406603503742 -0.846095955176577 0 0 -0.503186144952432
0.350569947101108 -0.398457625969246 0 0 -0.577773639312489
0.182811885052566 -0.373246232938009 -0.510594629959752 -0.075575227909215 -0.504790767340293
0.0882406258051382 0.0272749731124242 0 -0.245173899937114 -0.523425752761976
-0.116536680302205 0.123464251808117 0 0 -0.427252968371197
0.665213226074128 -2.2212356685856 -0.635445241064498 -0.382864420764488 1.35210415166669
0.703035148012961 -2.37856961374784 -0.619149066781245 -0.365929166343616 1.08891695171334
0.888606829256422 -2.58229431117716 -0.525904838658331 -0.474963528324472 0.835283169362869
1.10323204751422 -2.74892895714309 -0.430809225409775 -0.558251504167184 0.57530252301061
1.1996551039071 -2.8518936623646 -0.278945295001793 -0.531857861372011 0.292117087520317
1.22419556330184 -2.61538764477222 -0.220990853679549 -0.289069893856604 0.112766791193375
0.989149159577331 -2.13600509823081 -0.20957129157805 0.188316626283754 0.082245168463549
0.61343500596433 -1.72847381458862 -0.131507481130007 0.343969564529419 -0.114946487660859
0.510314036895276 -1.56497904953742 -0.0347933808991538 0.136519486030682 -0.525658166389598
0.344277086636701 -1.20557065549674 -0.0962243715033088 0.0951933870003773 -0.552199490973288
0.269065761375619 -0.877876224355155 0 0 -0.384170957007576
0.114478593640844 -0.491762617215858 0 0 -0.459440008035793
-0.0410454152966385 -0.247533891968226 0 -0.174490228508664 -0.499509355234188
-0.199543056742691 -0.0391027218235177 0 -0.194997518398847 -0.446750511638015
0.577714406222335 -2.56625099880364 -0.828078118714655 -0.36326292381751 1.56709451375389
0.654181719666522 -2.7601137476087 -0.847948687856814 -0.391834562345722 1.330743264582
0.696209802065039 -3.03984496322878 -0.745267185753383 -0.41352345329157 1.09989580308796
0.780945598938732 -3.23799195836151 -0.610254539070677 -0.44691194481406 0.862806741530962
0.833435500842552 -3.16012325596564 -0.558389413577093 -0.256160001874236 0.618949763341953
0.736184840234145 -2.8774234873005 -0.534752094397496 0.118184556861375 0.540540966280409
0.38056708333785 -2.30000628618394 -0.521036703555156 0.622008930382986 0.468338943169054
0.149225952608365 -1.88365379278852 -0.483378690434676 0.810943984263669 0.305132499360868
0.105784590200115 -1.67431696320594 -0.381233570720823 0.725774547304549 0.00941825040368861
0.0866723052540472 -1.59147151307693 -0.280971534169269 0.348375473639628 -0.392725841014123
-0.029289228601864 -1.31332200253826 -0.35599730544302 0.272872549813719 -0.420154265067512
0.0177875502666892 -0.883462630352257 0 0 -0.393852831888947
-0.103753166607575 -0.612637681471507 0 -0.134871972082809 -0.498950860246403
-0.374951520797367 -0.241069328749139 0 -0.0421161228891333 -0.369768244136345
