"(Intercept)" "X1" "X2" "X3" "X4"
1.67161442093549 -2.71973625550227 0 0 0.696258807002835
1.64528959780404 -2.49999557368682 0 0 0.757231433510199
1.63254662338059 -2.35187113426028 0 0 0.851633767386919
1.44915169889746 -2.27470513812245 0 0 0.81609789670486
1.05283273559491 -2.12903913235566 0 0 0.60672621706462
0.634044850235324 -2.07152269689167 0.192421836083167 0 0.512664315011835
0.0691943821792008 -2.3730411779278 0.637931374150218 0.0672342335327381 0.733794998170609
-0.17718016948577 -2.37017829833641 0.738294034231937 0.0731360202551262 0.602895766831071
-0.333292421758738 -2.25096166504893 0.755884777020911 0.00811519507388995 0.60308615409787
-0.489666833302822 -2.14262153086969 0.81191417543563 -0.117081078671677 0.487292632591065
-0.611260613329174 -2.31025640166439 0.969449227572011 -0.0286448882487192 0.326368511407167
-1.07463377678433 -2.26695127485998 0.499561760443246 0 0
-1.4051431386744 -2.36722756263464 0.698710908115005 0 0
-1.9950809798105 -2.22993878957927 1.14426985833614 0 0
1.68219503275592 -2.61387422834172 0 0.00275710194707764 0.832995551474007
1.69304276619361 -2.31573827704688 0 0.0570760278293376 0.801891082959185
1.47392988788804 -2.02848945884891 0 -0.0257516420740656 0.702239464421802
1.35270700744951 -1.73814388193313 0 0 0.554034380774154
1.11501922242894 -1.54618682281875 0 0 0.386600451695563
0.742397617337495 -1.47730186599547 0.117026851553801 0 0.308449948433749
0.220804280004154 -1.56261827313943 0.338349899152241 0.133339345161241 0.296972091360178
-0.025600646318151 -1.57031877311936 0.424305993174145 0.218719703443504 0.255109413114081
-0.222038590752141 -1.37217846200601 0.375532801385808 0.0928734976395114 0.369458447825049
-0.369007182113431 -1.45201712548041 0.532238288005335 0.10559928439739 0.25403178790923
-0.489952117810382 -1.60307505868 0.66175257162802 0.161708708871934 0.104524991434968
-0.997677829199193 -1.62257136403767 0.458345999501108 0 0
-1.34553230226779 -1.74594218119383 0.561478019474082 0 0
-1.93529609573647 -1.74453790817779 1.03055607548896 0 0
1.5397930814818 -2.3683229482565 0 -0.0675089286428542 0.622224492859786
1.57386671984537 -2.01877405953266 0 -0.0222499721857465 0.567289198551208
1.37198502762794 -1.68460648075806 0 -0.0839356181591678 0.517233591175124
1.30301178806974 -1.29499712408613 0 0 0.39641938510011
1.11822848791543 -1.04183935500468 0 0 0.233975149868479
0.891155620631836 -0.903826439972248 -0.00097693186470048 0 0.0477134602653863
0.647695195074732 -0.712581088030098 0.0534789159909914 0 0
0.33728688294362 -0.641724061894017 0.0373267393697078 0 0
0.0438063842313906 -0.672227899921143 0.0365016789443754 0.191524942835675 0.154321786378705
-0.250557109528492 -0.739931322931956 0.243832344945638 0.26253286686674 -0.000799268550377141
-0.559404520648207 -0.846042826692266 0.369503812333742 0.206703419752671 0
-0.965744479472964 -0.960833514835777 0.452536971455015 0 0
-1.42329455017083 -1.12102601482435 0.667087072323844 0 0
-1.95580720364709 -1.27075646293477 0.840187997802852 0 0
1.44668554887406 -2.18080108102915 0 -0.191149811155265 0.490257914912509
1.32704588690813 -1.78341185697681 0 -0.195042118734985 0.403745275496374
1.22455870881764 -1.41833826058176 0 -0.220154936526296 0.309052794990102
1.03783097729011 -1.07335902870332 0 -0.193194126542953 0.250867541587898
1.10500635699344 -0.819154131751966 -0.198834410100162 -0.0232916389078594 0.114478683454467
0.987948282545878 -0.496664116599926 -0.166496819797025 0 0
0.827400643544785 -0.276975250707715 -0.185104166325893 0 0
0.555588557832306 -0.155406394008646 -0.192656533764141 0 0
0.254526897000317 -0.140399248889634 0 0 0
-0.286571624514443 -0.157217571390146 0.0499399003123419 0 0
-0.681627399690493 -0.242169906936921 0.240705606580685 0 0
-1.04912053014161 -0.416903041450383 0.392057877440187 0 0
-1.48629684287576 -0.636582893680182 0.524396418954955 0 0
-2.04408723493303 -0.906427944965417 0.656196600600788 0 0
1.38732466812652 -2.10486907182858 0 -0.385270078226151 0.422472735620897
1.23102879537695 -1.71753295127259 0 -0.393251797079935 0.276436570258386
1.12903552462234 -1.30704867058054 0 -0.410846027884911 0.19025602077787
1.01247502970653 -0.916447846923937 -0.185498027613156 -0.363896516848422 0.0426347457172585
0.941486323478886 -0.630048222812936 -0.318493524164179 -0.218183152201304 0.0341063171817496
0.8487307519099 -0.36672814970979 -0.444656534957226 -0.0476626789476899 -0.112178139267505
0.876158155778652 -0.0230313636210784 -0.320295950563061 0 0
0.678545452261444 0.149937886008467 -0.365142692607564 0 -0.208681972580191
0.351734895997686 0.187640372771385 0 0 0
-0.121282841803087 0.233799497657421 -0.0338405399542244 0 0
-0.602143577048544 0.117495216452981 0.129338468393508 0 0
-1.0688316567634 -0.0617450116341395 0.27587679738416 0 0
-1.57059167225664 -0.325198658256299 0.384421261433121 0 0
-2.1557547656912 -0.480798192165543 0.394662102785698 0 0
1.40838846467658 -2.05190315364056 0 -0.509200453073592 0.43595928227784
1.23956394241807 -1.74402796505495 0 -0.535622031688972 0.237491065695888
1.05677071520388 -1.42067233456096 0 -0.564111591345796 0.0912207891338783
0.874911845223055 -1.0886365200845 0 -0.537007046790923 0
0.664978367496122 -0.658647271987401 -0.378988937398826 -0.438826173884045 -0.260859932798805
0.533396919327252 -0.354664349501299 -0.478231354623505 -0.330344473390135 -0.266197856124599
0.425115811461548 0.00938713514715739 -0.587773996339692 -0.175207445659719 -0.374540176512575
0.694462163917028 0.267824600533528 -0.431523972718232 0 -0.473488976288893
0.374798792262761 0.318573884415685 0 0 0
0.0468658943539759 0.39440423379208 0 0 0
-0.359212599778144 0 0 0 0
-0.861450347909455 0 0 0 0
-1.39235467430728 0 0 0 0
-1.94183051236223 0 0 0 0
1.4298807447424 -2.03409630885104 0 -0.636239893376845 0.476004689991486
1.2658041775706 -1.78548675802868 0 -0.643486723356668 0.231278641981267
1.06185309522783 -1.5275685435193 0 -0.641076888665051 0.000832728513938154
0.834986235542482 -1.19784214037066 0 -0.622482023250794 -0.148638790001477
0.631500621986843 -0.800032725088031 0 -0.510060554835797 -0.234889517467663
0.33878910151952 -0.459248464699094 0 -0.281972280587666 -0.453254715708949
0.206172851958943 -0.118171977104519 0 -0.167225375809447 -0.562016629546901
0.368632815419096 0.264991477289493 0 0 -0.411744261746073
0.256383916977192 0.579577368427587 -0.430604121782107 0.187223804937984 -0.651544334708025
0.249226900231467 0.786169327305868 -0.590457421409584 0.282601468133191 -0.638856144521194
-0.200418376755648 0.514286787499087 0 0 0
-0.581027204412759 0 0 0 0
-1.0655603870927 0 0 0 0
-1.55644419746842 0 0 0 0
1.4134233868909 -2.05320086454404 0 -0.85507862148553 0.45894784523769
1.24081944400947 -1.82833322353482 0 -0.789342232758974 0.206567319110689
1.05652686555004 -1.59889795839985 0 -0.67920506981525 -0.0423840146929505
0.821094221591819 -1.30282123613604 0 -0.590927476599318 -0.24561665115592
0.685456204740441 -1.01145926863157 -0.128596770766577 -0.333020188871735 -0.454601615471853
0.415552413120668 -0.716042552139426 -0.142502635890752 -0.223690598914425 -0.629847150856016
0.164539463734893 -0.464058837856798 -0.247051180775831 -0.153273178805047 -0.684946547775018
0.0685081526777741 -0.0155870435399675 -0.26949514643218 -0.158611641832859 -0.598451070866783
0.377934893447819 0.315824400478619 -0.277463839731765 0 -0.561418157155707
0.36078377813476 0.538492885046177 0 0 -0.33371778983323
0.061436852114577 0.742892377897863 -0.658620326537394 0.0838875612516883 -0.538117738501778
-0.263339592741478 0.46517733432305 0 0 -0.20101107076303
-0.663353311796928 0.315780185969778 0 0 -0.370825563139269
-1.17662640909706 0 0 0 0
1.26783655318652 -2.02265910330688 0 -0.869887579213255 0.370146385319335
1.08446916551423 -1.83126256376877 0 -0.767948083082657 0.127187182381197
0.892523709637303 -1.60480524632175 0 -0.64958882668775 -0.141145146185363
0.777805136986863 -1.45749210407073 0.0519536129778016 -0.454055531722461 -0.359349538077189
0.624276061336967 -1.21879192219747 0.0566211692867648 -0.304418685267403 -0.57057236738127
0.41734929163059 -1.07618737887594 -0.0415677345469254 -0.289833477651086 -0.705647148059469
0.178808091407288 -0.861521705913853 -0.208222114774382 -0.186919199865549 -0.773299961185513
0.356774201957234 -0.482635824711928 -0.1642113751872 0 -0.616736835302796
0.305840938987803 -0.00124173226795311 -0.425544267206923 0.152595291205647 -0.692076849386318
0.243950959518888 0.344082846564825 -0.500247095588328 -0.0730799938578675 -0.593499225898933
0.0206034339962706 0.613126678577786 -0.596302093806783 -0.280374573616479 -0.463381480872914
-0.0520651013717483 0.655314228740626 -0.684752196311955 -0.156666499708274 -0.40395930276564
-0.124573742610805 0.592132455818096 -0.725858187019063 -0.0220420649408812 -0.313204575718355
-0.830231902245633 0 0 0 0
1.05574645048121 -2.02352132712725 0 -0.767587623725642 0.225296255567317
0.859842103213338 -1.79417888189145 0 -0.599655702000758 -0.0421824394436191
0.719944001219649 -1.73719509059138 0.174239018369266 -0.594791609399485 -0.195257257271664
0.637195332252768 -1.54720873941173 0.246050297351363 -0.391758377901776 -0.407897395651727
0.62164275816976 -1.46766795490819 0.191106905044352 -0.401757108210047 -0.586484871744887
0.530631193841153 -1.30187891962071 0.0513755619593872 -0.402975417706707 -0.757230064582521
0.324914357073423 -1.15940485837019 -0.0763820046341926 -0.284036959385297 -0.855480185037155
0.260774428418145 -0.849358087505288 -0.206680642832096 -0.0435696501709275 -0.892152255116439
0.22029321752648 -0.398078015087883 -0.36334865988075 -0.0286035002182634 -0.789861684603283
0.227550889943119 -0.0310710783108818 -0.398056576944157 -0.183482605021325 -0.652517064097621
0.470385867578233 0.0285024733009361 0 0 -0.348349980067342
-0.0543367437561066 0.404127621722137 -0.568207349168186 -0.479433031140272 -0.357046886278925
-0.079833233253071 0.45108416003259 -0.679282897957829 -0.333436371730524 -0.252142548442281
-0.246936148041063 0.392627452598374 -0.760623339356353 -0.186894965438928 -0.0898873568579149
0.836961120759973 -1.99488369662721 0 -0.552108477902159 0.0229322604285252
0.6310614674376 -2.00148208165941 0.204885720475883 -0.740206298103207 -0.07021147359878
0.535776324503378 -1.80907222670866 0.328288013885505 -0.507999161182039 -0.270081958421053
0.554036885535523 -1.78173944017629 0.315927069894651 -0.540669642977082 -0.468121033780296
0.570760305148015 -1.71603465571403 0.27296848424254 -0.554124039900516 -0.618189706534398
0.535377360066284 -1.59740294671288 0.188323828147171 -0.539598051474602 -0.794418489916497
0.430543942616973 -1.405602437391 0.103104129060835 -0.496788597196024 -0.93452851739715
0.255257050820698 -1.09600022938446 -0.05633047967183 -0.35904606451623 -0.937321047938496
0.16358009996085 -0.793889241163515 -0.257289687006406 -0.286750335685379 -0.914850873494193
0.145892279862977 -0.453041551971317 -0.359618324055364 -0.339583715515299 -0.756631276257957
0.101868041347885 -0.214511742845987 -0.479112341570197 -0.407632408707106 -0.57090184362509
0.292465808272797 -0.208799965216503 -0.318221260561624 0 -0.356430728094583
0.165224031735273 -0.102933195052131 -0.33833499003264 0 -0.284554638070325
-0.133039125325888 0.19838484743729 -0.756865470785727 -0.404595816230556 -0.0782636471695237
0.559687709544601 -2.33346249538449 0.202903914020675 -0.867037826660318 0.00424194275488893
0.435227017061309 -2.1663150826471 0.287232459707828 -0.715235814780958 -0.195490543796627
0.425336320028272 -2.04279616195551 0.364660150568383 -0.615180653039648 -0.360125105750453
0.505248128050141 -2.01430667960011 0.361139673720239 -0.631156748112888 -0.510214543995484
0.542910441316528 -1.95392545828975 0.369063784196776 -0.667917236402818 -0.644655127808113
0.485349798859201 -1.8508801741694 0.339739595031182 -0.707744333859267 -0.822606390826766
0.510657626706605 -1.61945816741889 0.244872759853445 -0.632220452546412 -0.907411371763961
0.346175565519505 -1.24913128794411 0.0387905094141392 -0.667193158071305 -0.940999697036324
0.171603668023921 -1.12955564460088 -0.111033643640131 -0.585237779819943 -0.987812018951926
0.0659075617393305 -0.899717534966755 -0.317070518037593 -0.486208544180275 -0.866561847701395
0.394336778341454 -0.738783075113743 -0.327504211599736 0 -0.476497989048213
0.296608536772839 -0.608997534102807 -0.413133512724491 0 -0.385373596406497
0.18865259836606 -0.478104449773427 -0.450633181286701 0 -0.29936289855682
0.0753229786979845 -0.372363945488322 -0.433231908255815 0 -0.246089107770804
0.318459499756413 -2.53897017085001 0.29128496425018 -0.88812842353399 -0.145889195211927
0.245009545844638 -2.35380729482359 0.371913295558976 -0.746055606386457 -0.27897392037836
0.3188744873775 -2.29113547068504 0.380184916860752 -0.72230018114832 -0.43841543010444
0.389075272685986 -2.2718155339056 0.412286116381919 -0.730106290869435 -0.55801498911979
0.422083384993821 -2.20538956799829 0.456188144421687 -0.78584470867423 -0.682062410961094
0.42745060402573 -2.06262535571153 0.436961030067569 -0.821251000722446 -0.798926228753655
0.473274679699741 -1.78053445656465 0.22974131138439 -0.646362519531747 -0.720769062114341
0.409910447993574 -1.43473321155193 0.0624118497959052 -0.81669752399628 -0.89666657176009
0.287012773656491 -1.36153342553652 -0.0247862873994801 -0.82463787354964 -1.00206933667233
0.159344808124588 -1.31044009652037 -0.209871120723799 -0.600936403527424 -0.947095364697619
0.33953922056186 -1.16165552968 -0.388516151033256 0 -0.504763199655775
0.231711026864371 -0.993135647151314 -0.50305496680618 0 -0.403300892485048
0.16164697489483 -0.841706768131528 -0.532028258644768 0 -0.316454500734009
0.103009717092332 -0.685445748391277 -0.480867434914932 0 -0.256712543871156
0.122392745810365 -2.75255180190423 0.406961794424455 -0.935380529430111 -0.201938104898489
0.0842041209028848 -2.63088107167505 0.467018697819982 -0.863966618585703 -0.357201803204471
0.195105203004773 -2.59553619110937 0.443624198326388 -0.825896321688874 -0.485284819588555
0.245071005623794 -2.55935379803369 0.47748837128858 -0.827372280853164 -0.588849491690702
0.277082271185932 -2.45892741300017 0.50214866423916 -0.876932287295022 -0.704101261994781
0.324889792025689 -2.27601533832584 0.454157112999601 -0.880239033295885 -0.772533432341835
0.416606253835812 -1.91603968638417 0.0629709531600311 -0.571625958798373 -0.544047674682212
0.400339458147617 -1.72592738413834 -0.0962312024167422 -0.563959183683368 -0.618469314010967
0.314087224943063 -1.58264747259004 -0.0301597992744935 -0.926334986538099 -0.962696221316982
0.253307425948403 -1.60633665853389 -0.15373516719157 -0.736920411687326 -0.95640110469985
0.126457411664555 -1.54062282114804 -0.410753280731668 -0.413377812080586 -0.774553044752894
0.250954452020114 -1.33746189825212 -0.458030004473767 0 -0.415791104319069
0.115555674250442 -1.19285864049868 -0.594892175033872 0 -0.322356309654549
0.0727030557831696 -1.02063376827775 -0.572176482946303 0 -0.2547769370714
