"(Intercept)" "X1" "X2" "X3" "X4"
1.55022120298663 -3.62922949521391 0.769517889430532 0.181101244709716 1.52318826398504
1.25297529984974 -3.47078033195035 0.590115416154755 0.145402967249602 1.12752960472879
1.29935972836145 -3.03389821812456 0.429041273925429 0.22144622922473 0.801854718356992
1.34411428345257 -2.51313770500223 0.358518586701277 0.28327722349214 0.502141410877301
1.01109551597929 -2.25756448632474 0.268273036970236 0.10988972209737 0.32842201265157
0.31895007251968 -2.0776384336472 0.309221538829002 -0.239889036595974 0.2446407384287
-0.29872267039996 -1.85835685200446 0.499765772703982 -0.472621716583584 0.218432047801107
-1.10076296097586 -1.89099877513189 0.94098075134131 -0.64903249342437 0.467195202328758
-1.32385931658368 -1.95272594330614 1.1689552848946 -0.538122462857678 0.583168189856423
-1.44970620637139 -1.99286729471797 1.43377127134333 -0.27275381784101 0.730597964692927
-1.589625616645 -1.98627764411181 1.69325293314686 -0.000476773280983146 0.835997465109748
-1.77814223914021 -1.94734758726823 1.93613562334711 0.224618307609356 0.918396040976961
-1.9439480633993 -1.56979496611345 1.37146650281266 0 0
-2.66057552292097 -1.10159081973691 1.46782563181006 0 0
1.54989192248004 -3.33771206200296 0.700942164939055 0.228890522380227 1.3305474158136
1.2641035462002 -3.15167802641355 0.508762949068508 0.20570322256872 0.982300322113842
1.26950961167978 -2.72007926006957 0.321337157049811 0.278103427454048 0.640339504287398
1.23581654530485 -2.23122848088683 0.153515838747513 0.333785794659909 0.273663123287689
1.1574498444464 -1.76004529286188 0.0468118183801617 0.323744881326773 0.0403536125907132
0.829301945341087 -1.45364617935717 0.00970129954267917 0.220217371018448 -0.145480296822655
0.103435555762613 -1.227090472288 0.21486760965913 -0.0664453841930817 -0.195076468692854
-0.604366694892386 -1.15199150140347 0.464461016072015 -0.172868746731084 -0.0902190228424185
-0.933960909255711 -1.22955852389953 0.736605307767284 -0.122733995173203 0.0107141800427281
-1.08923293553633 -1.28710169260894 1.03551971935753 0.0361351445583758 0.216210573013558
-1.23697529696509 -1.29949449791171 1.29068862006791 0.248956481005502 0.328313957147469
-1.43852330669083 -1.28157803152244 1.5119625353239 0.43784440350892 0.514204468568518
-1.79917935144085 -1.00247540582612 1.17680648006221 0 0
-2.33853983558541 -0.887546770813151 1.34016580672561 0 0
1.6415827110057 -2.97877162250834 0.612349413951918 0.209910990850312 1.23090376943949
1.36215325587951 -2.76627738208363 0.410372697474394 0.245146202760713 0.901884176007519
1.39572277833264 -2.33478710294901 0.188866028244733 0.331215374240722 0.566367535552715
1.34022090536888 -1.86016724913848 -0.0493927971047771 0.436381574034375 0.153625486163175
1.1565265343233 -1.40139206130957 -0.203104975985742 0.472400392126896 -0.224780175647352
1.01536498273009 -1.03042067491106 -0.251901403427901 0.516154654335371 -0.45855240303986
0.577216658920654 -0.695969473544468 -0.127756416064744 0.431398924994539 -0.588621886148815
0.00861928764638611 -0.525293388974283 0.0188734564168904 0.311731426867519 -0.585646742436272
-0.461125304110185 -0.440134593639323 0.276781346740889 0.23151017551089 -0.530294246554713
-0.693117223332743 -0.613165466269279 0.632243668578579 0.320140581511203 -0.303869810312416
-0.869935076875824 -0.656868289459935 0.892976683825082 0.47582138760836 -0.123846002404128
-1.11129547746929 -0.643167149145244 1.06496942350027 0.548453311510894 0.189014646192571
-1.45710413288309 -0.613093957159175 1.31802337484475 0.642536463839322 0.39487597181725
-1.72899512923435 -0.838993565557998 1.5828860386342 0.785112218099167 0.692976420139502
1.71996070455735 -2.64089642261003 0.571189599773954 0.15843660326546 1.15267754170763
1.62314069698375 -2.28477776690183 0.328958228962533 0.250575036677634 0.828046049137775
1.51992222342133 -1.93259979400874 0.0794713950400836 0.37485281211739 0.496817908757497
1.57495278337928 -1.48185097094018 -0.168757334082078 0.536216186829689 0.127400011838105
1.38311379197418 -1.09357761332857 -0.389972708799199 0.677467954362562 -0.353794979187062
1.08828112421077 -0.631434666685542 -0.49119843778679 0.748828860783879 -0.683590593605843
0.934644221602995 -0.271772773244663 -0.496300286886975 0.82730244716037 -0.916732829860039
0.769502057753338 0.0658216463311427 -0.455474582655219 0.591374828767838 -1.00262775623122
0.274802637850627 0.166965849526974 -0.282337691010812 0.582376434658136 -1.04127892170557
-0.320968646528965 0.0426852442951028 0.255841774376838 0.532378760186063 -0.767319760912208
-0.62035970829781 0.0423649209518212 0.563698644899162 0.597454808531204 -0.580992480389795
-0.908043889151312 0.0623517328251463 0.686348085875768 0.642467100448161 -0.220265957175876
-1.22505967921791 -0.0917490494360922 1.01920433930503 0.816837133488479 0.188929107516123
-1.5748073593134 -0.435272157784069 1.35513823957115 0.918627755680363 0.737074012555988
1.75930033217139 -2.37585508193837 0.562244801784987 0.123985247475099 1.10296433100876
1.65909004092519 -1.98222177675964 0.26921653383898 0.195746333372526 0.741341903557487
1.60074236774474 -1.55120073498362 0.00444728459712194 0.342415480595783 0.395984315024831
1.56868799044897 -1.15019361529981 -0.258193024806177 0.558620809538278 0.0196597073118985
1.47822547200521 -0.850186131876527 -0.498798060836311 0.73903293297444 -0.403324926707141
1.17404545650664 -0.343329266965543 -0.619802758976425 0.771129824320423 -0.804121885550915
1.15858248313027 0.0872415199620024 -0.766983526410503 0.783371389112392 -1.05058333677395
1.16076592259081 0.306789239555534 -0.859890773502368 0.708488886715869 -1.2449327864128
0.897934081900032 0.561312337323516 -0.734976192725064 0.627811909611321 -1.39537649506996
0.19275253937111 0.703237628531607 -0.299858157343321 0.622175644551912 -1.19687754304551
-0.320060272504723 0.702827716764395 0.0816722417751214 0.699467663896707 -0.877548556542122
-0.551348280969448 0.52726139564019 0.410431456646548 0.86310483263384 -0.449690728723703
-0.991026390265525 0.107753416679054 0.849201696461281 0.744783544118091 0.248020451150901
-1.4546546287907 -0.271767711846064 1.19044412117907 0.739374118881138 1.06753620310126
1.77486387663054 -2.18615267477233 0.527422087977498 0.0469849780843037 1.05486408132583
1.63496379791896 -1.79693750534073 0.230228644113205 0.129922394426586 0.648367542890925
1.5307709671179 -1.38163464140762 -0.0557584232716907 0.255637744106472 0.230131252391288
1.42094272304525 -1.04017166096366 -0.278266087462429 0.377448775467765 -0.225172795770442
1.27301746658539 -0.725206869691237 -0.44395114124508 0.531832120626012 -0.641052393083207
0.772499311279404 -0.239022902158136 -0.392827567376772 0.438514814020659 -0.959926367854796
0.860883121895423 0.203891704148583 -0.723206831928721 0.483430884448854 -1.34605654788338
0.886615675646903 0.52543575804247 -0.760196897098255 0.508705194041995 -1.37857762337545
0.733595782258326 0.799271239619184 -0.655404677803786 0.378222171258365 -1.20094952606749
0.732147767068914 1.00356975335469 -0.714814562034595 0.624225500986502 -1.38435673146588
0.345724218646284 0.958114116031633 -0.342234975566427 0.761671184740641 -1.04715235287322
-0.141905820479384 0.465797085396489 0 0 -0.365525391506255
-0.83356338631866 0.136694064954085 0.683096909627809 0.388216140570115 0.360070953311774
-1.36965732191859 -0.216768409553666 0.961910021665541 0.393731216164939 1.05560532305369
1.81834090029653 -1.94707916318851 0.480474964234299 -0.00745392212216491 1.1270361312187
1.78614146204107 -1.65570707718472 0.335186299527406 0.118818393360285 0.782541859967871
1.64406301777399 -1.29977048490349 0.074912921628775 0.149301268262637 0.309080936354859
1.28155656207324 -0.87902585028758 -0.198087996929031 0.177295861071713 -0.384024748400947
1.05713135098666 -0.521104655928208 -0.288192958958261 0.36096621203815 -0.929032309251318
0.549601512084408 -0.361359767200132 -0.259567764853757 0.261035661920258 -1.11402377130572
0.544592669244388 0.0335654684541528 0 0 -1.26482765606032
0.737889378201976 0.421414989490506 0 0 -1.4160259188076
0.758962099023902 0.732944509375237 0 0.0823440875466529 -1.18208495274027
0.67840643654589 0.784001746091134 -0.614194543009003 0.0829237879844032 -1.06709161929954
0.407793094828075 0.846586820729963 -0.285013795890769 0 -0.746467316920599
0.0464711371459942 0.603019859944467 0 0 -0.303260538214938
-0.288199106076518 0 0 0 0
-0.692239410488159 0 0 0 0
1.19778391689734 -1.21658811078967 0 0 0.788124300405188
1.66371524833168 -1.48302800394955 0.190848080635431 0.00125253344593405 0.582874752941845
1.2102815486429 -1.2874314014659 0.00845067702740146 0.0392053183069284 -0.098551478580733
0.703820651538991 -1.08895309693411 -0.0830277507783052 0.116953341052031 -0.730487278278228
1.04777445291877 -0.78003816012774 -0.121128542119094 0.272165479998228 -1.13014231746733
1.0785876214996 -0.715986440516809 -0.209295786383577 0.319480879640618 -1.29775657706865
0.362522401131333 -0.575483208861432 -0.304441284936292 0 -1.14888362169737
0.681335367533656 -0.0576050755024551 -0.286396823830105 0 -1.21406856177803
0.726018284621345 0.147685246075199 -0.214192652394575 -0.055146475161504 -0.982707707304958
0.687009940330411 0.530071427750551 -0.26529731995791 -0.212767347442259 -0.756595493923101
0.497946943248964 0.590633158789053 0 0 -0.502707510225831
0.350443818014293 0.640607043648957 0 0 -0.309766606333768
0.0430531924200314 0.443945201526609 0 0 -0.0344429740081107
-0.324235124006387 0 0 0 0
0.993751895880208 -1.16506520373118 0 -0.223940396123585 0.765689286087085
0.873182850300488 -1.12940459982244 0 -0.217144350382353 0.208015102542516
0.778532772479534 -1.08738224131788 0 -0.0997931187454549 -0.269454827593758
0.781532608788539 -1.17546939740771 0.126622863755306 0.0366530278198974 -0.742538599536588
1.08325943349042 -1.15794422210307 0.0162875017234788 0.158513094076144 -1.14197874502293
1.14157576033604 -1.09219061926204 -0.184283218807693 0.205909750607727 -1.28393591746829
0.389157879229574 -1.16412911588161 0 0 -0.790815815386537
0.42546612294991 -0.662458873140353 0 0 -0.786959309067624
0.567664096926331 -0.265586701041592 -0.319481263323668 -0.138480990978654 -0.896542250082553
0.639136283654871 0.143815275233488 0 -0.321094234104472 -0.624854151966497
0.72977881338607 0.412750283132266 0 -0.226716885393844 -0.423322747516072
0.682869524643546 0.475884867903612 0 0 -0.194906176224612
0.593783059359252 0.476840396847057 0 0 -0.0156445388889001
0.347037344496398 0.49640672179588 0 -0.0312853345097855 0.333358320866023
0.423733281958953 -0.95260103414755 0 -0.231650266184873 0.447768004510625
0.562013772943113 -0.959122745098067 0.193560481015321 -0.0984748161119446 0.162796524533501
0.693177567595812 -1.11780510300233 0.271226713015853 -0.22132721509582 -0.311326295472214
0.875111170674672 -1.29628864475745 0.285798053788417 -0.225313617382886 -0.703867658366827
0.960621093410337 -1.42361505040511 0 -0.261759568368047 -1.0149307854224
1.10533946391339 -1.48740008006049 0 -0.2075656719032 -0.977764972068374
0.677466427707518 -1.56511278193354 0 0 -0.633696844654699
0.474129246333458 -1.21669393812302 0 0 -0.729380463953896
0.453791634510607 -0.638038822980061 -0.290342440072205 -0.0831635344743186 -0.744817138323122
0.710437176665234 -0.223627854096247 0 -0.246643333786747 -0.494740334111564
0.802295170064193 0.140673404475808 0 -0.360020511804509 -0.293961450249303
0.972309519273634 0.248204655130689 0 0 -0.0286691663628087
1.0026122624791 0.395931819516915 0 0 0.189883347182412
0.856710837063888 0.263118501971406 0 0 0.225671824421398
-0.135927456755006 -0.852243776472815 0 0 0.0904916000610716
0.319047940767077 -0.899974676115966 0.215737708341794 0 -0.0683880558289013
0.724082854041276 -1.06853941489832 0.163107254580005 -0.166343582274202 -0.430978954468557
1.03436411918063 -1.33176751493817 0.244900661338279 -0.218184848065673 -0.794386057462458
1.01321172308766 -1.76907210489445 0.183023463730601 0 -0.798796073499688
1.14055869672462 -1.68832093022172 0 0 -0.821279945740064
1.12464306913021 -1.63505627459402 0 0 -0.770376544438462
0.701014078282194 -1.63347643163996 0 0 -0.583998861365808
0.656103785702053 -1.12779678703374 -0.232070950999374 -0.17671136936834 -0.743998431183141
0.786139315190073 -0.657638810348014 0 -0.211131849849158 -0.458695842704384
0.966213754060041 -0.308707125255513 0 0 -0.121965834608095
1.1098033099997 -0.0351583259849294 0 0 0.119349179534202
1.17622550208858 0.200421106844999 0 0 0.379991349438853
1.12839618375356 0.303743067902658 0 0 0.53469856302697
-0.0576730900228127 -0.770340975779792 0.134323189446547 0 0.238891889334934
0.584929869918927 -0.760028884270249 -0.12834944830027 0.0526072873122048 -0.161545094957854
0.853911597067929 -1.05270391542319 -0.00684123167620398 0.112284293891816 -0.530828007416304
1.07155906614218 -1.42512173098155 0.0456019752430197 -0.0827354517429262 -0.737168187782274
1.16060943057853 -1.82217690144569 0.0389009378711403 -0.165339540994405 -0.661996619698373
1.46258475928006 -1.81316392459197 0.0806610346774952 -0.0847639805473044 -0.55859544587345
1.27998781218177 -1.73745317750574 0.159808270368986 -0.122905928208598 -0.676608976636012
1.30101534406231 -1.45068117736124 0 -0.235668655145851 -0.827269366778754
0.673398241640709 -1.49169793835926 -0.275478552056426 -0.232009069270166 -0.628434074719867
1.04832588653723 -1.1601766964308 0 -0.140498988865566 -0.389394471446956
1.05483777508291 -0.744818382096369 0 -0.263184913266184 -0.188956148241918
1.19818967461629 -0.433954495961672 0 0 0.08583238972522
1.2818710018745 -0.104349216616232 0 0 0.44640124285323
1.28306851949626 0.161238757109555 0 0 0.726278278641967
0.475441203749495 -0.513842259981052 -0.318489621946962 0.171147640780455 0.171095433586559
0.7197746148789 -0.71335067447745 -0.28812683614778 0.296167916320414 -0.178053439157991
1.03948632195859 -0.944815345009626 -0.31780601845612 0.257328294614175 -0.486904274872345
0.98466338995913 -1.43517872470174 -0.303035893355219 0.158315818053596 -0.47811797006115
1.0618619509 -1.65789986359036 -0.350352602358555 0.108417300079571 -0.388053022605004
1.17799005933924 -1.6691199342551 -0.320763955747234 0.191528571561818 -0.167408122150285
0.857198729403135 -1.75617032823779 -0.135019388609115 0.314456249973571 -0.167084405184997
1.10153214462402 -1.5406306481263 0 -0.0450336383086618 -0.38880600842816
1.22589778780149 -1.48259677146408 0 -0.216477693448946 -0.523403105192057
1.16280587827395 -1.59836112450838 0 0 -0.276735085459851
1.26470528806139 -1.27755851214823 0 0 -0.183898687015435
1.319148524713 -0.860054917568101 0 -0.225340858240945 0.0676942335142686
1.36893784290451 -0.549287759706979 0 0 0.16906734840132
1.36269525700424 -0.237961215679824 0 0 0.551834606402535
0.619088194185451 -0.442641803977015 -0.497829070872957 0.386642343659731 0.158126882558784
0.912247164918594 -0.612649424009461 -0.61447346205576 0.416061355360623 -0.0980919106081876
1.02915321859894 -0.937335348144316 -0.653505270242622 0.325446612802587 -0.22428416687141
0.917414096613038 -1.31881843672423 -0.568322604372125 0.291106716453996 -0.212639124057563
0.816427505369601 -1.53449879224329 -0.604077688899828 0.360051821876526 0.011313939237514
0.752861387413306 -1.62597035228001 -0.582110781581057 0.451232027087104 0.285119955154292
0.637305792411452 -1.69403335689091 0 0.372307719529731 0.0869619160818368
0.732842916899516 -1.6319314532409 0 0.312128670836546 0.0706461731726572
0.932361448968821 -1.62187351716371 0 0.17660501969729 -0.0520722893275465
1.20535653632295 -1.54301791568381 0 -0.205191393800155 -0.272135125137884
1.25593081656822 -1.52562831440992 0 0 -0.181487346911954
1.49084790490248 -1.36709838456467 0 0 -0.0646383951068674
1.5309199076142 -0.92953450906526 0 0 0.0691950666958135
1.4659058798744 -0.586926977813198 0 0 0.341188636686052
