"(Intercept)" "X1" "X2" "X3" "X4"
-0.959200106421577 -5.09445183780819 0 0 0
-0.739040736242398 -4.4612833132061 0 0 0
-0.36431532932613 -3.99326560373458 0 0 0.309975083696516
0.351545925782216 -3.13766153636596 0.202392572467374 0.0500617694993904 0.561845507502939
0.765945903014918 -2.56374529674254 0.315454385186182 0.135974236568398 0.38064009414935
0.917184173959037 -2.19790723762737 0.372466666343122 0.210682403975886 0.133251829855712
-0.274634722435843 -1.91579111940752 0.623635745597341 -0.553979910723062 0.411355259357061
-1.06566497954826 -1.70637206965135 0.920809250180918 -0.699677839136971 0.443439313546181
-1.58457825978329 -1.70738638008897 1.2725011945901 -0.412492821375155 0.495188685642019
-1.91616878277281 -1.70268271543972 1.72424996455282 0.000228309941820018 0.803035515001317
-1.97964618510116 -1.75402706201595 1.96201754490627 0.314239910324152 0.854869847073554
-2.08994716075514 -1.78602538516051 2.21984804893364 0.68642299724686 1.05913944871298
-2.31851786056479 -1.73229627556025 2.49711746974179 0.974593297794621 1.31098711897782
-2.70191411191457 -1.56657077158543 2.7327569585688 1.24500348501138 1.61385183849837
-0.552298394746152 -4.5634273926476 0 0 0
-0.325612241173668 -3.92848905582016 0 0 0
-0.0992720145714544 -3.30022073809294 0 0 0
0.245517467615407 -2.7067981148896 0.0709799654708032 0 0.212954350427272
0.619707148259875 -1.98280489261026 0.116527235264677 0.166434220343164 0.0752019905699876
0.804477598326137 -1.54902954994792 0.128145819295159 0.291654023786432 -0.0909866583744547
0.119419490589046 -1.23335452707314 0.198426489180553 0.0245611451591915 -0.0493231535693532
-0.516613777107354 -0.980098746776016 0.412776812359561 -0.253809548926745 -0.187056087060467
-1.15263400393729 -0.948921271072528 0.681405478024083 -0.0544162859637073 -0.233417310852988
-1.34443836059087 -1.06815258281124 1.10841938302556 0.144553174483385 0.162576346275577
-1.41169790235164 -1.15605418795914 1.40730815492108 0.518318805459971 0.208235434608926
-1.68287343793953 -1.09736209324051 1.71303070417243 0.76222430742559 0.518289595678389
-2.09953941859592 -0.874763210643872 2.06534293719422 1.01784585907224 0.875325288932605
-2.52525275406472 -0.709843039500055 2.31473471823567 1.36573056202557 1.48769826448049
-0.0385146893664226 -3.86722978459245 0 0 0
0.0763674697071314 -3.40867060718432 0 0 0
0.299930257178696 -2.72010659836871 0 0 0
0.308324014086579 -2.0260245556003 -0.0275970224692087 0 -0.141799448904342
0.643075771544384 -1.45445562250028 -0.155915373573236 0.254244338063158 -0.288758530987221
0.757819044316863 -0.929560490532493 -0.187856629370177 0.473809431685593 -0.417911166031887
0.223773464912732 -0.720197589492726 -0.111238250416784 0.488154199389506 -0.484325540764697
0.208937694373838 -0.366593589530429 -0.0972576889345776 0.287935169172307 -0.747618070449058
-0.501425073114265 -0.306375005804532 0.179828318025002 0.273703758171092 -0.709213532763474
-0.828714563511451 -0.460857052101594 0.586122604982015 0.378586746102198 -0.559345506844284
-1.04476887513743 -0.48819122227766 0.967735246100762 0.543047991572174 -0.554137634299617
-1.46023541679182 -0.272591470816999 1.29699243630554 0.786123352326394 0.0283175362511256
-1.80511150162448 -0.162072475879598 1.60710416611395 1.17456377327662 0.860381169915291
-2.0567928860267 -0.0985396812022562 1.83444285536932 1.45964376061476 1.51490257546235
0.641370152741787 -3.32817673181795 0 0 0.542378933901562
0.714643585391559 -2.85431442274592 0 0 0.398287903258633
0.665152810476897 -2.12386312638049 0 0 0
0.507895076226899 -1.43223514625821 -0.0282373001422612 0 -0.249138644702727
1.17681790439184 -1.06756399652238 -0.508845663489904 0.633178361035103 -0.45430690949977
0.959783171798358 -0.557146125565456 -0.55435120677061 0.850767111546935 -0.782444809717765
0.520028876821557 -0.223242099987634 -0.432937458417844 1.03627686519167 -0.867289660551375
0.76326411364832 0.0784570632231004 -0.542691543149674 0.779608028575221 -1.14168041337813
0.430632360826597 0.351719130203705 -0.467586193026724 0.515552429918582 -1.38390169411936
-0.383893582072025 0.156828478526296 0.248489016810677 0.532076698377991 -1.14246059482807
-0.714486483447093 0.206691380266992 0.621088467967486 0.605314555223266 -0.912700130853682
-0.903576367245807 0.282472372130877 0.889247802048044 0.938184332392514 -0.227738370203809
-1.13621700317616 0.353469182933908 1.0622808408819 1.14276678594699 0.576499642520661
-1.42345243790124 0.210999514115933 1.29256196971659 1.2988417117726 1.00981257330475
1.48883720923582 -2.63597436719554 0.3276127734427 0.0514161412883503 0.811451947412604
1.46834415374971 -2.15388436576062 0.186548679789577 0.215750474710547 0.623672146122633
1.4011845316396 -1.63398826077786 -0.0667162932498362 0.378178716662536 0.228057530611951
1.30928671844095 -1.13494873018792 -0.263452552255855 0.412179173810615 -0.106827558988558
0.984849081400159 -0.613217670972784 -0.476931537670828 0.587314465276468 -0.603492635530857
0.963229407449686 -0.118252116607321 -0.768007897001466 1.01410966994106 -1.01582713201428
0.787993508652707 0.273044766089777 -0.886680980585371 1.21464895678674 -1.33787509696643
1.06712789788342 0.371204182787319 -0.876427498583354 0.846163313297162 -1.48265358044458
0.782700806515271 0.74718412411608 -0.63431738808758 0.537157902006194 -1.41321741639164
0.107069264215227 1.01141711668989 0 0 -0.876640187777472
-0.0482931534541545 1.07555963451453 0 0 -0.9954306415934
-0.331210798936829 0.87316981999249 0.377333081828271 0.819446517471598 -0.598404202825735
-0.561362428547284 0.746978764249709 0.613398703768606 0.93074883488162 0.0683588847014857
-1.13764235685476 0.0648977501540468 0.906790071594929 1.16926481440658 0.75103362003459
1.69107461470963 -2.31198440362875 0.567338053333889 0.0683758148211188 0.929104936227571
1.40719808070381 -1.86336250878114 0.0143772018635541 0.0247146158757058 0.313480863348532
1.6145112747845 -1.39175475428993 -0.203691727445381 0.303984463020475 0.306469346635084
1.41587068724924 -0.854132426343968 -0.496973504619854 0.566732950179366 -0.239027138625455
0.692445548194464 -0.36817517292981 -0.493669009332881 0.560073633864377 -0.953071227304153
0.0900145208774034 0.295605329862764 -0.419712311418497 0.420608512555579 -1.09383217850971
-0.0354379090921358 0.709151554337406 -0.507450540447775 0.36377155569833 -1.11387807516575
0.924219793147189 0.553283489345211 -0.788480515721831 0.722787804527311 -1.51036985150567
0.497931100742494 1.11527148046691 -0.598854837054296 0.754328746425407 -1.47176971069371
0.417909946237501 1.39388415965859 -0.593420871827384 0.214552908340304 -1.1125740710684
0.122312934086635 1.25657491053059 0 0.321094373472246 -0.961605507685324
0.147038715539587 1.17733789073673 0 0.426666255946901 -0.802677475020758
-0.384716327246936 0.877630268884237 0 0 -0.245704605487236
-1.13554629073265 -0.314152772660045 0.667366795461911 0.734816294586796 0.775371036046992
1.41024384621698 -1.98178563133106 0.541725966867082 0 0.517391200072556
1.38428088582144 -1.85263508819998 0.317704876958236 0.253022044240268 0.551134073627648
1.05206638263328 -1.28041448027491 0.043771944416711 0 0.13507472501011
0.630941727853981 -0.806893582876603 -0.104885096422762 0.269919845290975 -0.366764986067017
0.633459382582908 -0.566888502884084 -0.202409917057104 0.312528918364445 -0.978549101777829
0.582082125483376 -0.156522725529873 -0.315463334275389 0.371370391955938 -1.19288796398358
0.538534212126395 0.338873625512303 -0.382829429487961 0.430039846306169 -1.16699907761243
0.982773777115238 0.385459819778061 -0.444323200656045 0.586756387668894 -1.36227407634245
0.451926719525942 0.531487185842501 -0.472318538138998 0.381041401712288 -0.18876239154338
0.441987899228793 1.07867013202989 -0.606752961797911 0.155770178702799 -0.427804334120547
0.407567668840518 1.1130627764901 0 0 -0.709306046475411
0.332370796202111 0.994541468344239 -0.132442196709172 0 -0.467279437436572
-0.002634250101635 0.83800258897515 0 0 -0.0615449532617557
-0.653933080596185 0.141261995535779 0 0.289229414286624 0.526357405816598
1.49704377061721 -1.60557722478826 0.384308946716776 0 0.836609284888796
1.24929619106071 -1.52660716290264 0.437195267943679 0.29482249660088 0.513716650676265
0.688083609186322 -1.241524028588 0.303685160170508 0.307364330911157 -0.0476394406393003
0.382303939586332 -1.07587543529532 -0.0614269432462247 0.283238666744624 -0.664430642297682
0.829311209193376 -0.897623124878639 -0.0539573697570164 0.289800831963464 -1.09457418551695
0.618664927377492 -1.03444144044897 -0.105902625212471 0.354552108630106 -1.23345335016073
0.734222905677562 -0.712317375177246 -0.151638873971543 0.468996913351506 -1.02938925745694
0.413703405882119 -0.0732579039361498 0 0 -0.780734787790901
1.12732749430442 0.268855095253304 -0.322015378687007 0.266701045275376 -1.11311869045083
0.116369720421846 0.709819019689322 0 -0.554758351315831 -0.319143949957932
0.864332536511305 0.948416026948151 -0.422804264695403 -0.491449979955586 -0.927223505826
0.385937213097514 0.818829665094924 0 0 -0.374885202323189
0.526854059324015 1.02181888886972 -0.295240172313799 0.0635670578265076 -0.156160651071119
-0.21379372558996 0.523437511797981 0 0.239041300106659 0.571860600412579
0.946384564533603 -1.45184875168319 0.527671162992824 0.374465964896922 0.82254167583533
0.792191152324131 -1.26284130523024 0.373595572195277 0.429429340650685 0.307761435736186
0.651147264780852 -1.23601649371656 0.229370978346377 0.178592682397775 -0.285132771814273
0.440964777502995 -1.51464455363092 0.370871421999589 0.0328342943212886 -0.799597858606088
0.799331156470021 -1.47257946051271 0.249330247883664 0 -1.1623390271121
0.906441239288562 -1.35776028341937 0 0 -1.18697575572705
0.193308048514073 -1.38875488655062 0 0 -0.946714000734811
0.246710722297906 -0.823232240581788 0 0 -0.804786393240392
0.461606408269535 -0.27260146086362 -0.340318735704391 0.0499108589489873 -0.594415118707201
0.409159416392753 0.241468135168589 0 0 0
1.22859061479511 0.721560524647535 0.0184808822812404 -0.383136481089734 -0.278416797753698
0.484327883060764 0.76004344628402 0 -0.440451617782418 -0.200237131969779
0.38371237876 0.534737842481699 0 0 0.0189914295326565
0.164723172060547 0.548934686724368 0 -0.252169755146886 0.374739065900499
0.507374264085743 -1.1281976476327 0.539808431603736 0.111123014478932 0.794450656684076
0.618703464867496 -0.91826933659924 0 -0.325028868906139 -0.0072435687238173
0.680926439655034 -1.1586104546687 0.315331623828186 -0.206851109354092 -0.309490046606599
1.08257212107379 -1.31480608478493 0.488172123574806 0 -0.928888419866929
1.43681408973425 -1.23280348260705 0 0 -1.48094826462831
0.942984579622661 -1.80995756309233 0 0 -1.09282967941998
0.332118244224108 -1.91092492688032 0 0 -0.743245268728739
0.479541448577549 -1.43222114499112 -0.126844520930403 0.0272144966723882 -1.09856460343087
0.341407353836044 -0.728255340525685 -0.425254951246849 -0.109615550188635 -0.75102019449219
0.697158409086374 -0.16249438858002 0 0 -0.243334404051503
0.776942820850226 0.279637506302484 0 0 0.117444157203322
0.882608138929114 0.34770662395658 0 0 0
0.830716720361309 0.274204856364916 0 0 0
0.650769902142703 0.465619917512836 0 -0.378980910071823 0.214446941690044
0.0627787714872081 -0.715630294758021 0 -0.109163278962447 0.260940822128745
0.376303641246148 -0.910601105280227 0.106221037364357 -0.0351542794438895 -0.212930226282723
0.737657937060978 -1.20388465017816 0.350252413566353 0.00423664792380212 -0.749569381903867
1.11466863923631 -1.40931395043356 0.54931416608559 -0.143823034375906 -1.00753567205445
1.31233789516531 -1.79416935710797 0.467642323963302 -0.197443916727282 -1.13228740339432
1.61992756790924 -1.91894883175956 0.446274239752353 -0.212233902152894 -1.05608482016859
0.675964359028315 -2.34674247099698 0.34922282553314 -0.231861194370076 -1.1027874401174
0.717862218723873 -1.79889162416091 0.105636047378036 -0.287850982410597 -1.18550093481443
0.271081918413069 -1.21214058010642 -0.354655164777569 -0.327785818994162 -0.9048735011343
0.844988028460792 -0.693497587765496 0 0 -0.396344605509887
0.979685779119599 -0.279774920193721 0 0 -0.0630496884933047
1.11583443605224 -0.0641255991599975 0 0 0.116645047023987
1.27754281956398 0.014405985384924 0 0 0.164118558376395
1.27372704036609 -0.0335240749306615 0 0 0
0.166809105730277 -0.34368568165314 -0.241738463761989 0.0867819894992511 -0.0172075257568191
0.452598048873413 -0.805077878301739 -0.127443729691745 0.207790589442261 -0.327523820763679
0.771344970991271 -1.19986359261882 0.0329281243145386 0.363835141610728 -0.686301516197841
0.860379225244923 -1.72245090567642 0.102877733562146 0.258768340395146 -0.83866556166295
1.08603860153256 -1.79867476709591 0.0791296481689398 -0.0336555781004164 -0.816708261118948
1.44802673549481 -1.82626091366983 0.0964446598945608 -0.00385726282359933 -0.721263523042557
1.13994941638466 -1.93559638531534 0.132932759501152 0.038993818124097 -0.70567916310553
0.356536567288224 -2.03493228068315 -0.165356234331203 -0.301744206268777 -0.988811021710852
0.228194741631328 -1.36892564373617 -0.53180743524386 -0.414057027789078 -0.971737322521549
0.911208754568961 -1.17855693847179 0 0 -0.601149220801122
0.931707935633168 -0.778426685119653 0 -0.30900029811801 -0.391016504002613
1.15435217125891 -0.54413295299533 0 -0.243289335669543 -0.0963658211901409
1.56901306442592 -0.557811377593668 0 0 0.0886312803832015
1.68097046677013 -0.506970781226655 0 0 0
0.426860960411678 -0.0603134371508596 -0.653283092316316 0.128348430245608 -0.0176114685572189
0.755001776470209 -0.493865868071679 -0.530270914888844 0.316395472072824 -0.337745603029894
1.065968888269 -1.08084805555992 -0.45656540352319 0.296144929165019 -0.546149485173659
0.768196211371599 -1.62255408009716 -0.101710291026651 0 -0.527678489557026
0.790596499801552 -1.82045608558925 0 0 -0.554908039785175
0.856754983790471 -1.78891866421279 -0.176059965438221 0.427917611500127 -0.248890946279514
0.732141001437542 -1.85089699026325 -0.113755881948791 0.576027371067638 -0.0822758060988586
0.78665134732853 -1.89240539639867 0 0.23260862756972 -0.47744954980147
0.270649722500041 -1.63499767520777 -0.559174682774715 -0.158453069678397 -0.535836949951211
0.711867162523972 -1.39655554444449 -0.479478824909013 -0.235173553177227 -0.293976551417527
1.05650833973433 -1.28063380513178 0 -0.240078343434511 -0.3982383358531
1.19786443462667 -1.00295272461206 0 -0.150655896143025 -0.181903398282899
1.52929094297788 -0.80124751907729 0 -0.239988103761504 0.0591537269417355
1.96286073790623 -0.963861491564015 0 0 0
0.810269402332759 0.0832277732207222 -1.00770208417409 0.132736865724437 0.0577169094931677
1.09859359263702 -0.405300914898668 -0.975997721733283 0.129539093450201 -0.150107267370199
1.1776850397085 -0.988369113309603 -0.965923758064953 -0.065127330473085 -0.216746395212276
0.804270695057652 -1.54224460952154 -0.682145350606398 -0.0945580409798731 -0.0169363599517285
0.580587143344558 -1.72331238903805 0 0 -0.241961621085614
0.440578036311512 -1.58404665659962 -0.403676903053296 0.891572342433356 0.150100854774804
0.286121653422846 -1.77385256288333 -0.472241515327186 0.897163971074581 0.525516775133515
0.163034801909718 -1.84934594632045 0 0.852560142597326 0.24165473209336
0.169206654952138 -1.76779510367179 -0.620389116635481 0.627005630610666 -0.0521481450173497
0.937908473966396 -1.59673203818199 -0.597332527126647 0.16771731694748 0.0547432237646934
1.03653577790589 -1.67458284343685 0 -0.123057040742219 -0.369624512364774
1.38318483241165 -1.46229999959621 0 -0.202577307853235 -0.130294521100474
1.57497394871931 -1.20431678962874 0 -0.24125242777446 0.0658947100243682
1.91748585702909 -1.08064733090849 0 0 0.134170109237883
