"(Intercept)" "X1" "X2" "X3" "X4"
0.735820445822373 -2.2738852411253 1.18905517228507 0 0.360787246830632
0.759307773938184 -2.09382199933007 1.09422555698235 0 0.16226804981661
0.783724465857845 -1.92619562086161 0.912645179243162 0 0.0244005002603109
0.799711984365544 -1.7900343278933 0.682922302611055 0 -0.0565021392448436
0.837053703945326 -1.55636621240988 0.457779775083434 0 -0.0838593469625762
0.766629352912439 -1.2693763253307 0 0 0.0624684183505767
0.892448289075125 -1.49441055367627 0.395037912073304 0.622926985785472 0.522603791662049
0.614002104663089 -1.36120634383114 0.500658966768404 0.679447371734752 0.464757000012274
0.306030380331768 -1.20788571411455 0.650999753966262 0.72663045350361 0.373196048843308
-0.0388115763754757 -1.08274482366363 0.830408446307725 0.714959168900485 0.236912166336859
-0.263083693247923 -0.903645512181677 1.02740740371974 0.649530150269886 -0.134085569785371
-0.454649839256405 -0.72471766112216 1.14268999235982 0.549661128486834 -0.550628280761206
-1.05721126934227 -0.244120769191506 0.863072955682783 0 -0.311660412998426
-1.27061749875979 -0.146502551579628 0.951893373336342 0 -0.301038002888357
0.598620376330425 -2.19743865925862 0.862132693717797 0 0
0.606478315454289 -2.01695493493697 0.991948731595804 0 0.0564597734438596
0.677043823514889 -1.7709868857757 0.818322187963332 0 -0.0665628087296608
0.727920220776605 -1.55481984090617 0.608088557961894 0 -0.179088733974036
0.772048235881814 -1.32585464900101 0.345420072114964 0 -0.213286772073035
0.783974334425205 -1.04648634463201 0.207674742790524 0 -0.293269122680729
0.91409081945775 -1.04048445470895 0.194019982778719 0.569350127650433 0.105838705478695
0.655036053856759 -0.933120067331905 0.300221766599587 0.647539620764347 0.103999891277222
0.346503225533659 -0.796580732613877 0.458162392153837 0.677872571761596 0.0323832715186406
0.0605585230799578 -0.690163934259541 0.653236127424775 0.664075064850659 -0.181307866360999
-0.147428926721767 -0.530205517283028 0.837102458243475 0.576028291689192 -0.528349128528298
-0.669657066110496 -0.12950367228365 0.677376407762835 0 -0.49069695720647
-0.863478487742376 -0.0690445073670611 0.793312369154494 0 -0.639930730261974
-1.12786181090466 0.0171880885312681 0.839288528047938 0 -0.522316626115351
0.558401620749407 -2.11395571639284 0.902907352655221 0 0.242462119789743
0.640873171595648 -1.85289055617083 0.726356484754 0 0
0.69589300323654 -1.59514066267456 0.615368067674496 0 0
0.676783801091641 -1.33961336964996 0.461515955542756 0 -0.203469658624181
0.735954015414243 -1.06509529526419 0.25841004523696 0 -0.332529562304183
0.750467960397371 -0.814768374158312 0.0378560158009683 0 -0.371341011105373
0.696892593860601 -0.52277536753941 0 0 -0.362168443582036
0.685757896453091 -0.509455581448803 0.101272073803047 0.565985960223105 -0.262738343753499
0.391168710772359 -0.382124429161794 0.257439767052806 0.600130138007279 -0.348564865445221
0.119659712273696 -0.276771735357062 0.487255572088707 0.601088935329909 -0.558851428994242
-0.331244737976073 0.108199640102245 0.421228318362312 0 -0.677153755811253
-0.581771008820999 0.0894497595649764 0.596835383954396 0 -0.691949882247953
-0.837401841296801 0.128649522558003 0.675827226100017 0 -0.688255263346674
-1.16161965903963 0.215669307949509 0.655922113242249 0 -0.481457776326662
0.547803931171128 -2.01268988567139 0.720218474541183 0 0.363076676713445
0.513134150357484 -1.82438390786018 0.598033168612008 0 0.101532326376259
0.568447032498128 -1.52261190798199 0.476681877039219 0 -0.0610736734218973
0.619537058068716 -1.22341095976158 0.290169951604101 0 -0.146573470274338
0.723260524591048 -0.902477282206934 0.0631198482625048 0 -0.29732946488458
0.808805775406249 -0.64324699892094 0 0 -0.248520931751238
0.714205761121235 -0.312389577630634 0 0 -0.491384657182896
0.588118940048505 0.0198716655647769 -0.119477432895378 0 -0.75912016455834
0.443190331154378 0.0278892995770165 0.037925550481138 0.469755254527529 -0.767742752763985
0.212717946760452 0.131690367040904 0.27258230022262 0.513679455717827 -0.955855291911549
-0.321910111069266 0.375604653581768 0.318788485624393 0 -0.720234420378354
-0.608535387164825 0.328990890289643 0.454976823352315 0 -0.67319028993528
-0.928951784145463 0.341434404089146 0.460726705515746 0 -0.511819730788771
-1.22272897793301 0.39266465003228 0.42025243947879 0 -0.386979003339465
0.613610203455412 -1.87420918693314 0.596899947275514 0 0.50447640485763
0.542006713232825 -1.73679070203107 0.428875338185637 0 0.215959287690108
0.533784934949786 -1.49202975344208 0.277332284362704 0 -0.00200661295199397
0.583513600242213 -1.20378263212182 0.100530807183875 0 -0.145839543468673
0.681321766575641 -0.949290654389582 0 0 -0.145455860150673
0.73081955830401 -0.573928378101483 0 0 -0.450540982980157
0.720680374905748 -0.160394648952023 0 0 -0.719302894074728
0.567437242058422 0.227188814200748 -0.236286313201189 0 -1.01007765935816
0.3503024214717 0.47156480379523 -0.15681676288305 0 -1.01587813230305
0.00241437979755414 0.620892109332703 0.035461389699909 0 -0.857968661504715
-0.355575895889113 0.620763707557781 0.186846460125853 0 -0.692281227031447
-0.660852993334645 0.560682134327175 0.266145344799918 0 -0.552875637567588
-0.904916039516698 0.524985944803736 0.278620733857731 0 -0.422897016313623
-1.15214936817141 0.49268868558557 0.26007162181069 0 -0.296891992817546
0.766165545654314 -1.65299251324191 0.522234221061058 0 0.688693814652535
0.666013806993501 -1.62714736716376 0.285925767375861 0 0.360097712420018
0.608765160846064 -1.49551830066764 0.0932596050810677 0 0.0879877309382141
0.673740261053206 -1.30867701712401 0 0 -0.0956747016133786
0.510015328105821 -0.94832460623677 0 0 -0.409178553276156
0.38083583741338 -0.436891146039792 0 0 -0.891150109506041
0.403930750480647 0.00583603942083075 0 0 -1.0248076016116
0.510915606602047 0.304615882712964 0 0 -0.972181849420799
0.401340483037096 0.529451372097738 0 0 -0.929026565825825
0.0797219022115363 0.740195428836609 0 0 -0.704174513421655
-0.376575022916156 0.762627592379733 0.0439054390544707 0 -0.625840214623504
-0.695606408687369 0.533927963018431 0.194754824427561 0.322483386253307 -0.627213356963585
-0.848441340598227 0.298898189531513 0.269227138052351 0.350672457646711 -0.394826446578068
-0.985955873941465 0.138851249459171 0.322731455712524 0.491461197224 -0.00717417599939947
0.833588376563495 -1.52243466540261 0.509004496298267 0 0.930929975782673
0.681086567691226 -1.53880862224208 0 0 0.490749587800178
0.625925514596131 -1.54915574621418 0 0 0.134808203697845
0.536284836712225 -1.35539211104764 0 0 -0.25845338294698
0.0650376196607428 -0.79290338881329 0 0 -0.811435601227838
0.0518558708426796 -0.397852530083857 0 0 -0.887930331401474
0.216919714431542 0.0537282387175517 0 0 -1.15832277430332
0.328136214283503 0.36820761031348 0 0 -1.22873256172235
0.237092006997432 0.527277575299255 0 -0.231506637590675 -1.00399598033823
0.175170557705019 0.685329744243095 0 0 -0.777120884473258
-0.158762703042177 0.67721337211265 0 0 -0.487133428563072
-0.504223932533861 0.716894604454763 -0.165069564866594 0.161998581609283 -0.561612684630538
-0.710544480871994 0.646438166952491 -0.00776152021703415 0 -0.112730369254763
-0.823588428658692 0.199793301688611 0.00362389231117851 0.43967727970059 0.127702197666619
0.373972727168947 -1.56206174779586 0 0 0.680868682736301
0.4363217596278 -1.6132406213318 0 0 0.387940894124251
0.368826345877723 -1.58372157919765 0 0 -0.0567757794964681
0.0541483486175779 -1.26809283870871 0 0 -0.7257050169039
0.205673077224496 -1.16945144468133 -0.0298419529847576 0 -0.886790243926369
0.36809516129192 -0.809641524878013 -0.116738250512104 0 -0.981664398780864
0.324518454134947 -0.236194289715193 -0.189805090596874 0 -1.09283931946283
0.269707153771923 0.0974533697184969 0 0 -0.881142023598856
0.161897704429273 0.400076133245691 0 -0.331462291694338 -1.08032544504246
0.305333669660213 0.574067384435955 0 0 -0.830319240659345
0.100954482567494 0.85420925833149 0 0 -0.500816792166511
-0.0736935534219429 0.911679504494752 -0.493410979795091 0.161393825141832 -0.498897002095207
-0.35027156341493 0.627524043083238 -0.415849819789205 0.281330822765153 -0.0872510069906
-0.517183306231147 0.330109299534622 -0.350675572663486 0.4718289569671 0.274743138462497
0.104943142682278 -1.65609374927802 0 0 0.56421756216698
0.185447145718088 -1.52432928070053 0 0 0.15762577102449
0.0803106191139347 -1.37197276470906 0 0 -0.479913121510555
0.190335220135871 -1.59413282761853 0 0 -0.707780219523392
0.668915505276966 -1.59481658549374 0.00128804773187957 0.198804087697426 -0.993118134258874
0.68367361859086 -1.24767070268259 -0.00510587573784441 0 -1.0030161333845
0.490219380566784 -0.802932629682527 0 0 -0.738189980882756
0.268010912975287 -0.348970728026208 0 -0.216938436885668 -0.694745083931556
0.258650579567835 0.0181569636016719 -0.11363595132362 -0.246937001543364 -0.929434014202335
0.474302715235983 0.344292326980272 0 0 -0.616694343239625
0.581323238398284 0.65549076718899 0 0 -0.396960770284953
0.246254334748571 0.600354581879043 0 0 -0.177795995304946
0.184776907252337 0.750848460580554 -0.727581457707451 0.274128793772227 3.86962749019314e-05
-0.143471878275749 0.477421131408633 -0.620761429523527 0.395885656069147 0.48129015778674
0.082492031847778 -1.44602042670809 0 0 0.467259221452409
0.0298167832365338 -1.1776522099776 0 0 -0.150920121368834
0.113709463335754 -1.55673164272426 0 0 -0.34581479491661
0.365412793580022 -1.87511176843872 0 -0.00911579901691261 -0.604455737575234
0.844193976596581 -1.98184097110526 0.107538295532383 0.0880462508714205 -0.862977683218106
0.969393877103219 -1.67749005431717 0.155801757025685 -0.104694590295234 -0.9782353630335
0.657777288017045 -1.37132142889337 0 0 -0.537541496472905
0.557482281190635 -0.839309444041786 0 0 -0.785756456132743
0.496393442769177 -0.423751705893699 0 0 -0.582818987728581
0.851615414293261 -0.0494483951685923 0 0 -0.357958910396734
1.17649896112019 0.324980356515176 0 0 -0.0996907761165459
1.05819199300062 0.541915736587512 0 0 0.110335062493856
0.81808359402434 0.577849419744505 0 0 0.346720774915063
0.44345213001586 0.451701976889437 0 0 0.551135259805725
-0.0152092592929536 -1.01753760849182 0 0 0.100432946992498
0.247573224314455 -1.26011775017702 0 -0.299921505289256 0.0508189248003306
0.342002778508025 -1.68408311367259 0 -0.150004033337021 -0.215878507986488
0.324262934086818 -2.10484858278314 0 0 -0.400403155601226
0.885752759688366 -2.3090433261083 0.207256280286837 -0.0716538099561431 -0.613437101066121
1.16095620515821 -2.06984977547036 0.292150364354935 -0.206305703080423 -0.734739120762643
0.848855288504159 -1.76373518965931 0 0 -0.753230396340075
0.6516241062329 -1.40760702792534 0.0401054345080506 0 -0.892481722361346
0.739159001635829 -1.06791338477131 0 0 -0.616887535697018
0.915945232279363 -0.66199937786978 0 0 -0.209330834775433
1.41141799983092 -0.213344832007806 0 0 0.14925671746424
1.63940636886296 0.0939278724427705 0 0 0.462434405269302
1.39842860813816 0.346547491860707 0 0 0.628677467994449
1.07921096807851 0.461041352500359 0 0 0.927865139205959
0.111702790609923 -1.24361437820844 0 0 0.393244919414021
0.184283525585015 -1.55968648133769 0 0 0.205283608423235
0.291859567349322 -1.93134327282012 0 0 -0.0183487648370635
0.50660114805618 -2.22912942422395 0 0 -0.261992893122905
0.810652173991089 -2.29239237109873 0 0 -0.523602311473781
1.14841109881021 -2.23356373705186 0.324181807364453 0 -0.585687052289184
1.01585482064423 -1.92532916469938 0 0 -0.712470578018549
0.920008200802452 -1.83043123857426 0 0 -0.723975679726834
0.938340734831297 -1.63885185377918 -0.0986603883011112 0 -0.440796350722842
1.26703313082218 -1.36694601711631 0 0 -0.110726593075742
1.52528859485342 -0.911806176028995 0 0 0.24070700908208
1.97475076368036 -0.47712674843458 0 0 0.752304740949537
1.87167150933097 -0.0686874806367208 0 0 0.943903296797518
1.60463352653569 0.227287732643448 0 0 1.19613926549502
0.16291746496438 -1.55007052076268 0 0 0.4231507856542
0.284494132273921 -1.80634949710648 0 0 0.237963842427767
0.44732372087587 -2.1024392418611 0 0 0.0562964599390287
0.743811350775665 -2.28093235508992 0 0 -0.375382185617152
1.01051884088985 -2.26239498228172 0.264745792089773 0 -0.490457318897207
0.965546480496977 -2.34883556255853 0.309000788395868 0 -0.3895099766048
0.835607462072137 -2.33085781414836 -0.13139114118358 0.144959231139489 0.187795150719448
1.05470835075563 -2.04538754662545 0 0 -0.580953235701109
1.22752403853962 -2.10212225936487 0 0 -0.387082309383682
1.54758929923997 -1.95580497986695 0 0 0.00261750674443419
1.78082041688733 -1.59619054747741 0 0 0.384318459614726
2.1556048749155 -1.0775813738852 0 0 0.885946986068994
2.31436196271846 -0.581742321229159 0 0 1.24833992556175
2.09810401620541 -0.104959716103574 0 0 1.38825685522076
0.298840369919458 -1.84627275308501 0 0 0.378978584632518
0.461469574735809 -2.03339662427879 0 0 0.0942189713799001
0.714769898846379 -2.17889335228361 0 0 -0.301863639958887
0.870477883298439 -2.29844169023071 0.188060098338822 0 -0.350173755442474
0.868826936692353 -2.47225436158304 0.305820474095105 0 -0.254440873354222
0.947182938032556 -2.29012256273707 0.245620524018533 0 -0.34103880702417
0.580716378338493 -2.47005120938071 -0.46670692835183 0.46092380849456 0.756668299260689
0.520642932408619 -2.65988215527618 -0.662628971744852 0.290163749248795 0.776435955065543
1.22001531678339 -2.3854427306873 0 0 -0.307956248322165
1.57345691535834 -2.3594111352115 0 0 0.0169811391249342
1.88624066758732 -2.14172812558499 0 0 0.401761726371414
2.20829491853262 -1.67827023741598 0 0 0.850085302233891
2.62127520535883 -1.14229197801773 0 0 1.49852925468532
2.45467437074409 -0.536338611588374 0 0 1.5866106237354
