"(Intercept)" "X1" "X2" "X3" "X4"
1.97965064534037 -2.22595788202391 0.427688041115839 -0.416305342862187 1.32640447852402
2.02503295212789 -1.7940435337262 0 0 0.728791302964145
1.74025863979256 -1.90347755492531 0 0 0.6582446645894
1.54438907445786 -1.71183096641854 0 0 0.484540720320926
1.37829540061598 -1.40893851929752 0 0 0.232907172352103
1.44198661058829 -1.41572245319804 0 0.284681431047376 0.207146167508215
0.479421135732646 -1.59163605033682 0.330014195523349 0.0235919042513933 0.271782259683414
-0.0840424712688058 -1.58903580567999 0.52007976610293 -0.0345563268709117 0.134726339617911
-0.381831758146695 -1.54895206444841 0.656282011836243 -0.0195411019195996 0.0768347648975042
-0.473835279286156 -1.49245263149628 0.686814498830407 0.061172040844898 0.0303653909598787
-0.522505398307114 -0.94824105812971 0 0 0
-0.88492270386501 -0.988317055962524 0 0 0
-1.43480353396137 -1.30150517174359 0.331714288883647 0 0
-1.77313984693578 -1.29546302710581 0.545327552445846 0 0
1.88654354658319 -2.0195051644723 0.379301524963345 -0.530238799659413 1.21251876133731
1.78205427259537 -1.94616807218569 0.285441758150585 -0.305765496447897 0.941209280818959
1.6898306423869 -1.86302379823452 0.174704883280968 -0.0871491137015407 0.705817607663145
1.56495251511581 -1.31632796246242 0 0 0.347013751797812
1.36327308760676 -1.08498773275559 0 0 0.140260787606382
1.31144043144626 -1.09482487282382 -0.0501773285011869 0.22349490738046 -0.0390867455776145
0.793927931766098 -0.977435464847842 0.0867883831474247 0.246763177128861 -0.147007333744924
0.12008821997952 -0.930603954244525 0.300115788275478 0.172950721729235 -0.234504810165532
-0.133732848305541 -0.949296291197896 0.428233476840382 0.237786124904757 -0.247485531054239
-0.246057958442561 -0.926455643437546 0.463549797326328 0.277453186148091 -0.260633677708388
-0.48022022958741 -0.610662672481719 0 0 0
-0.821168927020772 -0.627678214582646 0 0 0
-1.3064660937316 -0.913545001476299 0.389740144460592 0 0
-1.65245401154382 -0.917715976056392 0.394772870404422 0 0
1.77371715381117 -1.81692513767579 0.308120175222552 -0.661117612243762 1.06767397621408
1.69156289205499 -1.70757777422608 0.22577592460043 -0.400970086779923 0.792947001335554
1.63883249084472 -1.56542825038729 0.123769222211521 -0.13991940732438 0.545850416782907
1.56689753582236 -1.38012239666317 0.0229182442132991 0.0680553355436292 0.307547954127011
1.44847544347611 -1.10134446178665 -0.0784043695949064 0.223032704281039 0.0270969967048775
1.31773729573778 -0.751830568611511 -0.147597099914201 0.323552519948746 -0.254706252953925
1.14537906508987 -0.431563039515217 -0.166329880848407 0.37820027614021 -0.492720268232478
0.645707564544639 -0.314714281596887 -0.0119708230647617 0.441909379706981 -0.521624500148789
0.59509072309716 -0.258549090920351 0 0.504059551258027 -0.589510444900049
-0.129799401109883 -0.0804794704755384 0 0 0
-0.458726669792131 -0.184915598009294 0 0 0
-0.772968372237043 -0.200450133923495 0 0 0
-1.19103413807469 -0.129866521900498 0 0 0
-1.66124220109428 -0.322439664553759 0.154473083126421 0 0
1.94824935206359 -1.28800934909138 0 -0.426778363033032 0.796264654458963
1.67975925787144 -1.50029234853998 0.175455261365284 -0.473967241196806 0.659314069639975
1.57482149461892 -1.32611859142752 0.0704495947114609 -0.214392132369624 0.375506910504262
1.5282579393074 -1.0964560072876 -0.0289277762367839 0.0641697603486887 0.106203644683878
1.4615838727627 -0.826411227525103 -0.128653144413902 0.275955017824399 -0.148487746455261
1.28331271935617 -0.534984166856121 -0.220092753499989 0.366103771137216 -0.369896163659898
0.932016822153427 -0.0617371126859833 0 0 -0.420627347599713
0.643676715734777 0.169150803667448 0 0 -0.530916388183819
0.646005364367195 0.0892964240157444 0 0.48033455660245 -0.46936118571742
0.192582197810639 0.0978787555558275 0 0.432133576012842 0
-0.41892859602043 0.307023391056881 0 0 0
-0.728118038132712 0.198476069898841 0 0 0
-1.13660322225019 0.149205968752338 0 0 0
-1.62746391171713 -0.0820704677059574 0.169104537733498 0 0
1.88981284949417 -1.30070542239559 0 -0.620301210479123 0.858293483361957
1.77227238411814 -1.18161504044707 0 -0.409642593864131 0.496093460579284
1.49375192822408 -1.16495213127646 0.0553476567514783 -0.311577189603059 0.15327309610621
1.3714364247217 -0.936244577848165 -0.0619692614077336 -0.00075934557846824 -0.137645579875611
1.24456137120696 -0.717716579518702 -0.137164526188733 0.170310016691689 -0.378523136715731
1.01137381255391 -0.284497376959196 0 0 -0.303981428120016
0.840443320492404 0.0395929854258929 0 0 -0.593663848018082
0.587777430670364 0.372030623648286 0 0 -0.803299182830261
0.715870351632258 0.44363811622296 0 0.506141347305423 -0.991260082789955
0.408055529156118 0.559091755831512 0 0.466764476585314 -0.716365822814656
-0.235517527318357 0.522207963783447 0 0.237184410373081 0
-0.728664628729991 0.547866180305019 0 0 0
-0.890020844380269 0.391505437812142 0.303470447304681 0.066232509429557 -0.436810399158885
-1.17427435789355 0.120665387097353 0.361219375040572 -0.0543896471806522 -0.358393868150086
1.80569844238292 -1.38035203249219 0 -0.789904114870284 0.878354613929442
1.65008933357496 -1.19242906438516 0 -0.591301481914037 0.417927908778176
1.463238207079 -1.12850591311176 -0.022525288129323 -0.502620390567896 -0.0566680277050165
1.3373731249259 -0.924659633310431 0 -0.249243324118088 -0.370476080523225
0.994112452602673 -0.764370570770787 0 -0.136674653801144 -0.623898817707391
0.521930096878438 -0.47205731038606 0 -0.130611753675977 -0.928192889735689
0.425250754486724 0.0420318676569694 0 0 -0.989398269988758
0.387873829998257 0.479515655971851 0 0 -1.11618081145187
0.542795573465675 0.677387406979236 0 0.334048171826925 -1.1133408619347
0.281419341735185 0.938024445233663 0 0.288857834252142 -1.03034159091942
0.0167850240443172 1.03878116400279 0 0.240147465728022 -0.764086798085167
-0.609897787260534 0.968814052604286 0.157054968123694 0.0750619744648817 -0.568470095827855
-1.00928885390855 0.637584813067152 0.253570237990861 -0.171153584719515 -0.46197414009933
-1.3362668911347 0.155634503705371 0.314789379453012 -0.360448031730542 -0.414806132169026
1.61224152348705 -1.38071612095252 0 -0.845751172601394 0.854469075564154
1.53158634611504 -1.34794763560648 0 -0.715441965707633 0.371826783905076
1.31093888196412 -1.2218154711182 0 -0.545967048962481 -0.137205059577829
1.09128862203086 -1.07256896278908 0 -0.358157106823176 -0.577365045315059
0.656592034534246 -0.834659850249935 0 -0.181289891014883 -0.827406843144478
0.00249504422295491 -0.45343671419639 0 -0.132191765415612 -0.936437449882126
-0.156320879003146 -0.0555149578018065 0 0 -1.19072758391152
0.00182620289070348 0.401898984892841 0 0 -1.37773575713426
0.146341196120158 0.776359553707378 0 0 -1.27823276043404
0.10960075202444 0.948596188234597 0 0 -0.957874780489144
-0.0261590043875964 1.05708004955277 0 0 -0.702857024494051
-0.207007180343075 0.938247056234607 0 0 -0.526966376005067
-0.743700151954897 0.543532870604242 0 0 0
-1.11574729052158 0.259838397488626 0 0 0
1.39569549117872 -1.36618598607883 0 -0.871997446014346 0.764280718277425
1.22842364677258 -1.3539889695244 0 -0.773839495814211 0.258997410756352
1.08217073405464 -1.34408933466878 0 -0.553640637060354 -0.125810618455888
0.803883859513261 -1.26707352692612 0 -0.338925417346268 -0.495416851302479
0.411603920873745 -1.09366993983131 0 -0.140399828607299 -0.727367888044355
-0.0481790888580235 -0.86724804828846 0 0 -0.608155600533197
-0.308624771430418 -0.4401158400469 0 0 -0.67690430807079
-0.193835571579901 0.0414016843780894 0 0 -0.917501740791674
-0.0163600081504521 0.485807677903663 0 0 -1.00042664231007
0.223442138980848 0.733949805393301 0 0 -0.89469297804308
0.209557396307179 0.918932280567803 0 0 -0.654871741425999
-0.0810486407913808 0.726717580749541 0 0 -0.431752585470591
-0.313469301728545 0.481308475103485 0 0 -0.371065956936699
-0.77288619874996 0.189361090374297 0 0 0
1.06717704104286 -1.37347181939357 0 -0.827124370415216 0.61240044818481
0.879617550840369 -1.3796669514585 0 -0.591120904504807 0.242012729248237
0.613763052168704 -1.42565020359558 0 -0.368139699998147 -0.115955125543481
0.513565041907709 -1.52535937658037 0 -0.266582360479991 -0.445635160204981
0.446038015816451 -1.57140228865999 0 -0.160213554275018 -0.613571492418832
0.129617053863465 -1.43666627044695 0 0 -0.514111678146079
-0.0697731985216896 -1.07840853050006 0 0 -0.591511939209329
-0.0420304871921164 -0.559188079565334 0 0 -0.635676405602309
0.0408947755012851 0.0450728221560754 0 0 -0.494309446004983
0.333153198063343 0.463007180758727 -0.112814003331596 0 -0.425061693555804
0.0671007052699807 0.54105247123908 0 0 0
-0.079757913054251 0.485062125161097 0 0 0
-0.324846960456238 0.352656145851472 0 0 0
-0.570573121886423 0.246101718923521 0 0 0
0.79513224937624 -1.35836832963214 0 -0.463044986229248 0.574469540427716
0.519391086881228 -1.38502522102957 0 -0.282419368116015 0.206571322066865
0.145576483204921 -1.54700601335892 0 0 -0.133980159999931
0.288713582842808 -1.89536538840991 0 -0.306203047829065 -0.323992884949911
0.300274164712766 -2.00310745344485 0 -0.267611489105159 -0.539007829298469
0.309035322811562 -1.94113881616676 0 0 -0.518912244395742
0.160209367767542 -1.6611146957276 0 0 -0.493952676346788
0.174163035211663 -1.19304714564289 0 0 -0.516572601732092
0.166986337058889 -0.604839039864542 0 0 -0.348934497757053
0.388407364969507 -0.0468110237291007 0 0 0
0.427636014878487 0.262419462650443 -0.248296001458969 0 0
0.33261079558699 0.182064255454456 -0.503179993485232 -0.0361124143856025 0
0.161423185937892 8.02861357269373e-06 -0.646927417265024 0.03190345492794 0
0.374344280759409 -0.435992355507105 -0.86286679455264 0.722351006031469 -0.311296245571972
0.487123220392116 -1.36993644422988 0 0 0.451417151447254
0.259977955050616 -1.48362779093559 0 0 0.236440587529023
0.187229116947565 -1.80092395349662 0 0 0.0227162438193411
0.281199040796255 -2.07761328743476 0 0 -0.17788822812605
0.424013452597785 -2.1899527766952 0 0 -0.370829003353936
0.898415675897193 -2.31177724768655 0.149043208542269 -0.247997334089282 -0.308505106612197
0.967487776977004 -2.20686739352828 0.306809302563495 -0.255452834792594 -0.380466919159508
0.702102504118663 -1.78682403978649 0.159797981828969 -0.240902905192326 -0.404406981502699
0.602173903861654 -1.24710740348513 -0.128775134062305 -0.0534583632473798 -0.22741320240142
0.586543359030737 -0.610842285984056 0 0 0
0.688594715898286 -0.221500404319804 0 0 0
0.595893675218442 -0.356184014914182 -0.572263939502691 0.129101124928616 0
0.48453553160546 -0.498191828539306 -0.73015615640333 0.195515657692415 0
0.300653045623098 -0.585766065288592 -0.926890959225831 0.0804900554308239 0
0.443520842140766 -1.54795243462332 0 0 0.561237514047596
0.313116687291917 -1.73105113049428 0 0 0.380161323470601
0.357552400768581 -2.01147415917582 0 0 0.207685391984283
0.445850090723735 -2.24776659899843 0 0 0.0370888634282794
0.521970107164626 -2.38841905956843 0 0 -0.144928658149897
0.959062840105463 -2.46908983831839 0.0937445423563477 -0.0689645768346972 0.0458483655354219
1.19539308263533 -2.30412403178423 0.191335373162411 0.17513498909815 0.07823624873688
0.7867804614027 -2.18614118744042 -0.0235658494578291 -0.0834321616139499 -0.057630421611643
0.495890155162541 -1.74280605912594 -0.207506247709944 -0.0410954373985819 -0.139531015131162
0.718415323878514 -1.18886184828191 0 0 0
0.60350624562121 -1.04988491998378 -0.327607123257518 0.27992424946276 -0.300804650418121
0.83164257487199 -1.06237065841661 -0.521137670527679 0.630030769816035 -0.314647841798708
0.989464563049637 -1.2802541763888 -0.713671180804896 0.978430929160812 -0.349402863794938
0.62205137949037 -1.08171589203577 -0.864149140289779 0.345650353012135 0
0.484255924472299 -1.76990509976684 0 0 0.719662143501191
0.474979415841229 -1.9667444216323 0 0 0.558481025023832
0.528487307145941 -2.1948855993121 0 0 0.410289626188938
0.579000058455997 -2.39970899684287 0 0 0.265884056931486
0.739050683404512 -2.36184659604479 0 0 0.0651879568503382
0.605713168035184 -2.4447671286282 -0.163693777243678 0.380891368149666 0.487036667599793
0.656773423133278 -2.25060086007303 -0.340522945808154 0.677075513930907 0.675734456401526
0.811003246526646 -2.20008057010014 -0.304268927681043 0.413474842643996 0.462973235006523
0.383764481063144 -2.23713767858122 -0.264088690507013 0.116466501598915 -0.0662872747895319
0.802691090430781 -1.72773761121169 0 0 0
0.708867870116018 -1.75172862334649 -0.588596479106796 0.402807610602031 0
0.749662535274742 -1.68244435216018 -0.560928687498273 0.799730597610352 -0.386712653434924
0.965075430107634 -1.67432044255453 -0.686108879140289 1.21457235184508 -0.385111545403399
0.832153665755317 -1.44556650649378 -0.974275069376653 0.768184033495055 0
0.553653447182707 -2.01572082485853 0 0 0.878693005404411
0.618608064133954 -2.19166019212385 0 0 0.741414251300013
0.630956565008972 -2.37854630220049 0 0 0.561748129570211
0.671247545102832 -2.48918618902536 0 0 0.438683617441951
0.869966109239627 -2.33888378622305 0 0 0.229528772136958
0.105030505088265 -2.44315688042534 -0.551595241212258 0.859413236696628 0.964098699553888
0.123114831579969 -2.147107082842 -0.822585374840832 1.16671813748103 1.12790555326282
0.115136279389575 -2.17951260588466 -0.691182977331479 0.960014295696786 0.761239474519484
0.198356869703324 -2.4899524326673 -0.497759570010497 0.538453705305633 0.194911566852723
0.687394336960371 -2.49787697535693 -0.461739385202749 0.168642110508829 0
0.557656841850372 -2.37700623753162 -0.817015562821854 0.52411979858106 0
0.7107175734805 -2.23889572201639 -0.96842495280505 0.656719625848944 0
0.920967424416692 -1.97015665282794 -0.936956098959276 0.876931433492484 0
0.815709632052424 -1.74040879029587 -1.10502299440889 0.783100984334484 0
