"(Intercept)" "X1" "X2" "X3" "X4"
2.56112312693242 -0.996835694367971 0 0 0.729029442124438
2.02852139370536 -1.66277480470872 -0.123841447850217 0 0.272653199233473
1.08113111895487 -1.78641406244286 0.26513741362645 -0.586268523836838 0.433554336307233
0.789345471194249 -1.72731046275241 0.27124910863059 -0.559084603450119 0.0589881944727658
0.541105716018854 -1.64275982697649 0.272509692076077 -0.52318395995609 -0.220758420645653
0.255930745277848 -1.56311202640543 0.365470435981674 -0.473339615555918 -0.188609731662506
0.0151118212254055 -1.50971398722042 0.565094376654606 -0.348298434486187 -0.0187369704765741
-0.0943756452227207 -1.37416145538545 0.721539549092381 -0.202208422313782 0.0493621032104386
-0.226911530705547 -1.24749504133494 0.862874013758787 -0.102061532400109 -0.0056634989798382
-0.449312984168643 -1.16528974282372 1.01638365121886 -0.0646780278325795 -0.0118413205505195
-0.49844843775361 -0.878395855462417 1.03535066861544 0 0
-0.731963493765223 -0.911753010370715 1.21917293077505 0 0
-0.986360571446784 -1.07174432687752 1.39330609189111 0 0
-1.27651607117768 -1.24118003367596 1.50222830585244 0 0
2.44788651602642 -0.829989297166138 0 0 1.01637132569876
2.00706813710872 -1.4567602227362 -0.133576292667014 0 0.487320709212784
1.23181078828286 -1.57618133491893 0.119421995750917 -0.407533591908007 0.436711255162326
0.936218659250547 -1.45542840400735 0.089696100772219 -0.395621861581177 0.0573002551892504
0.664468434986126 -1.32825007741446 0.0793251206015333 -0.373821896034775 -0.292514339182914
0.436621501651214 -1.06875601428866 -0.00859413038704176 -0.412181357465472 -0.659563524524049
0.269668700105658 -0.952170908401417 0.16339153171748 -0.241251788131577 -0.452475499052266
0.185488140842439 -0.829186129789003 0.357424910635964 -0.0611481883464911 -0.294938931566108
0.0412819579240231 -0.750656729985726 0.508901686653792 0.0668131606647528 -0.220014836176489
-0.244603992235167 -0.683925505359644 0.661988113093651 0.0597099056758178 -0.174682304341501
-0.441935739032434 -0.515701372578998 0.799920407899344 0 0
-0.65072777818194 -0.657207762327293 1.00452074532224 0 0
-0.930576996329525 -0.864645033853875 1.17080148616303 0 0
-1.22291496426605 -1.10633491701584 1.31643204853156 0 0
2.31022190305441 -1.11305462008986 -0.0170061021454529 0 1.60325228405118
2.02405218502538 -1.15642067452858 -0.124441241781833 0 0.81910369777102
1.44804597712815 -1.33584119467278 -0.0190050739768618 -0.186831590558626 0.4842903930558
1.11350436249206 -1.2121853795962 -0.0750566552176486 -0.177544900066492 0.0316388158065002
0.82107839125024 -1.01804213773639 -0.1334195577319 -0.194006260443289 -0.361595349248668
0.538201508564867 -0.769859175035787 -0.2521544317459 -0.237369783377404 -0.744303087065066
0.46833627596522 -0.433856628314487 -0.223840041557106 -0.167141448836085 -0.823074268169914
0.41495455259418 -0.2651158058872 -0.0408005966198374 0.0240276433796676 -0.651320535702966
0.255271957092734 -0.220289050631238 0.105290269788072 0.209482090142635 -0.439177570700346
-0.0621796428709111 -0.124928814569156 0.31142119548271 0.173432608182832 -0.361523488922208
-0.387010857506763 -0.119407922396289 0.562369032777567 0 0
-0.603500953533864 -0.376009222550561 0.790177150929272 0 0
-0.895233838798588 -0.650712031799891 0.978136504619167 0 0
-1.18328334093983 -0.982552600446437 1.15361023426545 0 0
2.27367109804258 -1.09745891595455 0.0794832832550677 0 1.65429452649263
1.97051335222434 -1.00635336898125 -0.102196364031361 0 1.01429026192185
1.62032880201667 -1.00388433338459 -0.203908685222358 0 0.300716247930014
1.26370822283495 -0.981169278794035 -0.250216831729329 0.0322105016858407 0.0283305481402324
1.00366666489777 -0.763424392578115 -0.322211289682657 0.0153567535624193 -0.367099610920945
0.653396993953674 -0.472485917908839 -0.426178559804064 -0.0923906698795071 -0.73605027146673
0.57333114345743 -0.125992098015676 -0.413352277139172 -0.054355638871613 -0.859831821281323
0.532858924747206 0.209017185464589 -0.371055121635373 0.019781376520422 -0.896532833738047
0.456015644504306 0.355226557965623 -0.220484286760352 0.230582053595418 -0.701250526974673
0.139248057663731 0.389983962268778 0.0672793279636078 0.242571614229391 -0.542633957090784
-0.334844212953738 0.244288091910418 0.340352472679877 0 0
-0.584877518399886 -0.0846565209094429 0.561384677378154 0 0
-0.884319841647699 -0.42519758271972 0.713736477392139 0 0
-1.19352267648493 -0.798897130165453 0.835321416940157 0 0
2.20101683416366 -1.01331858302113 0.0666254578238737 0 1.53045732499369
1.92486980990719 -0.958308330735218 -0.0120802867096073 0 1.05587265102366
1.60750134802394 -0.841565401730765 -0.137541527325168 0 0.524976801233751
1.30656165621864 -0.723000114551053 -0.250291034412952 0 0.0192589626107857
1.01726698240689 -0.590015826739928 -0.329919491134225 0 -0.323377955807623
0.736460031889707 -0.280732584563073 -0.474771651292396 0.00199490889846077 -0.655319152701678
0.542965477476642 0.0923053591547274 -0.483354351181202 -0.0646746710800789 -0.891887886145787
0.696933911306151 0.333971845213623 -0.362080522742232 0 -0.838053776584662
0.657806055398513 0.616666045262274 -0.178331955338912 0 -0.817164560894539
0.423544492266302 0.769031788796756 -0.0107351001563908 0 -0.62786647438448
-0.0189344287956846 0.587063510753758 0.153648466942926 0 -0.432304523730635
-0.335137039541087 0.236792040043627 0.380301263814021 0 -0.370255637591869
-0.664577383635506 -0.215509262781797 0.540333393905541 0 -0.278039224316838
-0.958481770702391 -0.650440355557995 0.660509595842645 0 -0.208441025291992
2.03697657499086 -0.897842323914871 -0.0303605459318191 0 1.33208440026107
1.79838931432251 -0.923638281355782 -0.0522691901402874 0 0.86411643256096
1.48946419111199 -0.848001810934284 -0.164202151855568 0 0.395552603863276
1.23304089339743 -0.691001918739431 -0.246723880258114 0 -0.0393133894717755
1.0205586365653 -0.531807784621256 -0.262077819441493 0 -0.379037692201939
0.832223691799123 -0.346805939271227 0 0 -0.704892143042073
0.528368425125926 0.00191935976584623 0 -0.311189136595384 -0.885295324733313
0.786295906184763 0.31550453645458 -0.478389128789119 0.0172610611089326 -1.00620737997827
0.619807219540041 0.644596484599357 -0.245135325180289 0 -0.891988334364547
0.517926042703266 0.909885148832768 0 0 -0.867070074621832
0.36401455094275 1.0206130077535 0 0 -0.736773228712748
-0.0547825557177622 0.63093058063085 0.0877372209644106 0 -0.436638571115398
-0.492159882923257 0.185376248503853 0.211134932937663 0 -0.305623922086837
-0.831065894035303 -0.449499161193087 0.319590655755157 0 -0.228548863033438
1.80415817050809 -0.832648489039554 -0.110041327088231 0 1.15606919860231
1.5547834167202 -0.854162008978486 -0.194662394562986 0 0.614521813508726
1.2882955937573 -0.888749041886536 -0.245298985403716 0 0.0886307650895331
1.01870963625428 -0.871768934089987 0 0 -0.368403151748307
0.711220651482626 -0.677971706437877 0 0 -0.699130146906496
0.406027157919564 -0.376380860169375 0 0 -0.982598634506025
0.615472221357518 -0.114878307340361 -0.358048693794716 -0.0718121063111509 -1.04119991597821
0.563594645705112 0.266074833852498 -0.237187367860589 -0.119297110962623 -0.881602954162335
0.476799794944334 0.618704614631155 -0.0888811439493119 -0.222601013560303 -0.752470072661776
0.47638389608886 0.927652814912006 -0.0385112517846895 -0.31092263051564 -0.627261110824857
0.315482302165755 0.951341469192669 0 0 -0.621971739321232
0.148191272999762 0.885667820640367 0 0 -0.397289443930973
-0.125333918162703 0.579596536222438 0 0 -0.203795107511603
-0.517930306377474 -0.0561942156301836 0 0 -0.203261547626419
1.27965251107155 -0.88359439361818 -0.223691784712583 0 0.756885643153063
1.24629868322602 -0.890923657544399 -0.288976784129014 0 0.347737714700696
1.02402152032438 -0.973010824604275 -0.209703837471178 0 -0.129984825205263
0.856065542738552 -1.02975927042186 0 0 -0.589615766554589
0.571352108726714 -0.905959271215556 0 0 -0.931484707002432
0.382269528475008 -0.697281141566101 0 0 -1.00969685088077
0.422087642021917 -0.387157481307277 -0.115009614055488 0 -0.865274275974298
0.333253448646317 0.0571470453342936 -0.067149672664688 0 -0.694216418088853
0.420014809042249 0.376553530948535 0.0495271880591992 0 -0.649663375787309
0.601739155617543 0.727249356157416 -0.0291402947723135 0 -0.659173878014362
0.48270965997756 0.994973271058379 -0.221178940058629 0 -0.468738146640012
0.220281891321762 1.09225021927527 -0.341203976786883 -0.188888652431311 -0.121278844109687
0.242570210987436 0.831790036764773 -0.496339516834802 0.157243437510176 -0.0799710875875474
0.26589649640979 0.509859138256939 -0.65502978006921 0.519294358757353 -0.0161649208631783
0.900653347353928 -0.930005185958052 0 0 0.528153397146962
0.792723681996104 -1.04361740770918 0 0 0.14189459949875
0.672957657849157 -1.14362266891031 0 0 -0.2780172873562
0.754159667749673 -1.19839314906767 0 -0.0976484715796679 -0.710374856265826
0.787660935842419 -1.1405992663535 0 -0.193348409918581 -1.09332666653653
0.439326752029264 -1.24848527549804 0 0 -0.733912044128127
0.442790819524967 -0.678907417536399 -0.177671348369877 -0.181079926028062 -0.777274105596124
0.388245766713597 -0.433745068077885 0 0 -0.605109586202402
0.204074059327847 0.0625172763299485 0 0 -0.411608683691601
0.337293459212569 0.614180546823205 0 0 -0.283601223067519
0.355145541611713 0.946361175075445 -0.175658276466593 0 -0.0832148165656532
0.223515346630077 0.830025197827975 -0.395959663514467 0.00793637589653986 0.00622178621269728
0.102024364770061 0.686289474763131 -0.590289726922551 0.224266456227555 0.179353097747865
0.00310755985737615 0.585981033103241 -0.768662608612167 0.365215576517583 0.304242549553895
0.572161277106253 -1.06055279146829 0 0 0.184058473781399
0.636342806874079 -1.15295189271926 0 -0.139774669338259 0.0059754574619889
0.674981216911348 -1.31539659674486 0 -0.261494703775392 -0.334899595364113
0.784275095480591 -1.42961434451711 0 -0.324734635367768 -0.717304434256503
0.873896599306211 -1.49960349798282 0 -0.378536363206781 -0.976799919123555
0.630689179873969 -1.50120116217152 0 -0.410704838502093 -0.988464178567203
0.617497207231322 -1.22229370296039 -0.0268019729338534 -0.259270926008795 -0.885960904570891
0.524543516353492 -0.974296323904034 0 0 -0.612384417379405
0.375487375825011 -0.440481613330127 0 0 -0.554884942297826
0.551736937848928 0.0554270444321215 0 0 -0.384324839432784
0.538488088916519 0.337242310916525 -0.0839098424766784 -0.211566837192599 -0.238482705978469
0.417361388825998 0.457698987584223 -0.413475843806062 -0.0244358609121594 -0.054995791104052
0.244156958870067 0.50659675773664 -0.73878170528637 0.254525366814581 0.237368105785625
0.0861216724183359 0.400682734641169 -0.973586738819346 0.5316808215031 0.452318241752904
0.582982813171112 -1.2343800603886 0 -0.362928168495987 0.220063071176288
0.606432118612111 -1.42624885789045 0 -0.545784615728755 -0.000782772111401872
0.721689554294997 -1.53824927218108 0 -0.535110809515157 -0.309330261148102
0.872174936525538 -1.77561490318185 0 -0.697472728720815 -0.596139314895944
1.00402354975528 -1.84109728242937 0 -0.620192696153266 -0.827379503107193
0.87855273595065 -1.79478215480735 0 -0.530205038894667 -0.996962755663086
0.650212374223111 -1.84245443108971 0 -0.334232883630159 -0.729664297613163
0.585926120050099 -1.51264120782411 0.276905104481082 -0.306267482784559 -0.823515796727814
0.591557412093004 -1.01308530502634 0.150778443775315 0 -0.644250240746279
0.603126101220126 -0.535107643443066 0.0404398749227426 -0.374516897198315 -0.623370418996147
0.571293333534051 -0.251623281102362 -0.161136774329823 -0.215235928496608 -0.336534084362319
0.495794157639958 -0.0770349298598289 -0.472294107859871 0.0137676798455693 -0.0628924939417901
0.378401616155127 0.00858451089924155 -0.784422479558179 0.244069230741034 0.225464176274593
0.202425832397229 0.0986884100001413 -1.05898072860131 0.415761453454986 0.493149268949201
0.543853491620838 -1.53377231996594 0 -0.753505503416422 0.183985695689044
0.64362071676145 -1.70929588861162 0 -0.891242907559304 0.0400856277089705
0.851771455773257 -1.96098924955382 0 -1.03192568732393 -0.203338484515158
1.03369539760549 -2.08506746196621 0 -0.971018768645887 -0.451347639625778
1.13318128542513 -2.13899969760263 0 -0.851374933375694 -0.704439005550817
1.18382381651797 -2.16983120163135 0.0066447268802163 -0.650926187363005 -0.851198057361852
1.07569769882089 -2.13329121833842 0.159420436577771 -0.470348889220398 -0.68881022822
0.736687919544112 -1.9716091609671 0.189919929410365 -0.248969220637188 -0.659716699488348
0.585227733384528 -1.48633771870061 0.0546201737377419 -0.272687464178374 -0.678770944977761
0.611207056864062 -1.1160790753824 -0.0532715562089922 -0.32024744290065 -0.732612961566529
0.619349112242897 -0.831147611161607 -0.303360851191478 -0.101810540211964 -0.431628682386784
0.572487829361064 -0.639040053655328 -0.567204306852114 0.117486984286213 -0.116066874401178
0.506646247347353 -0.521750548305745 -0.860753338502135 0.318920686219658 0.182334047849732
0.371126724286815 -0.407906390216803 -1.12814266890932 0.476928273162773 0.446526099889423
0.526260909695607 -1.87315465010774 0 -1.09957816084983 0.158076679459328
0.744108843003222 -2.05646140247191 0 -1.28577061303724 0.0971536349167624
1.00653692194732 -2.32793053524506 0 -1.36131722706266 -0.101613085076296
1.14550344188509 -2.42501038321988 0 -1.24055359775563 -0.327203344008304
1.1795417197973 -2.50603640065559 -0.178944348349365 -1.08564792211763 -0.642850003954178
1.21982795059341 -2.44399576764288 -0.112206631035642 -0.803727999368363 -0.718246791317759
1.18378679728809 -2.27583792639886 -0.0866136779369247 -0.38962311981026 -0.465227443267657
0.988225650147086 -2.18104013900633 -0.00630941730939651 -0.189863522281966 -0.486204855285082
0.648863326351718 -1.96848203675477 -0.113648007498934 -0.119447868882526 -0.638101728432888
0.622706802121476 -1.61724390980139 -0.296590444682332 -0.0705095004506102 -0.596255417115038
0.64331740042616 -1.36952988271489 -0.467947469181575 0.081808177623264 -0.500793942474259
0.631713428410035 -1.17338449521468 -0.725350312523099 0.264273333157703 -0.216921725567714
0.618311538236485 -1.03877094012664 -0.981500982564787 0.452872080927861 0.0902637508479498
0.531413992293918 -0.913422298144002 -1.22762026451292 0.603178565653453 0.368089533694777
0.511726820427285 -2.28841814611476 0 -1.48796315849164 0.111423190667212
0.811219300379416 -2.53021181044688 0 -1.72826465901625 0.134652400312797
1.01203629623562 -2.77587092286645 0 -1.57916884961665 -0.0797875797787183
1.02525566381187 -2.74092946056297 0 -1.22792212635039 -0.44071072922837
1.14944156228309 -2.8295184191873 -0.291026217553904 -1.19111287664735 -0.571532428548281
1.25464124365864 -2.71880152817226 -0.327339006855042 -0.85876076248626 -0.518905517674855
1.21558162546186 -2.41645318639482 -0.37753573815824 -0.329664210046315 -0.266596439311764
1.19196975674241 -2.3902439225505 0 -0.433296649182825 -0.566368241425981
0.68550123403719 -2.3911640011768 -0.337989110835229 0.0583706137533229 -0.548998444090546
0.497185743215929 -2.05666066564202 -0.622808350251694 0.118842665381285 -0.554392408582374
0.613740667870167 -1.83371692319174 -0.778755305590308 0.33403975687395 -0.402451982413764
0.639379464820531 -1.65344925456063 -0.95908443342895 0.484941650385188 -0.23207170442275
0.654956440191112 -1.50478660302067 -1.12786875068247 0.624871523142658 0.0178914330078243
0.626957313509593 -1.36240876822754 -1.31073068746636 0.77856806137345 0.329565773248283
