"(Intercept)" "X1" "X2" "X3" "X4"
-1.17088028677382 -5.42575522254331 0 0 0
-0.273634949537322 -5.92583035147944 -0.982568132716309 1.03006407873542 0.761408314650458
-0.187780599357011 -5.25549390950895 -0.788419068822717 0.773676255478955 0.832827929002049
0.139272159437834 -4.45257020400631 -0.667070756320501 0.634440622854828 0.87059208739583
0.275933305230389 -3.39134825417243 0 0.182498912084735 0.315270405434989
0.976070548424087 -2.26157411886066 0.145035267344127 0.200250020157299 0.115232025741573
0.78583925566653 -1.9065023983368 0.178505154840739 -0.0816274909960121 0.186127151378295
0.290689613315119 -1.7993862523288 0.443719611877525 0.0124066472844895 0.451993699223196
-0.274747322584577 -1.43337287310097 0.466289680958713 0 0
-0.719655400193679 -1.18787535297357 0.674319135521374 0 0
-1.01201648779058 -1.87249779630461 1.71810013889187 0.279234115402703 0.765108024561264
-1.10265808900267 -2.02780597740383 2.42842476640582 0.388188066300102 0.807575913160712
-1.71658417378878 -1.23032849461106 1.89769353272277 0 -0.217128296315999
-2.02243337970746 -1.53807410339663 2.27351958646904 0 -0.240530990798688
-0.737932701477522 -4.64620487868935 0 0 0
-0.336038992532058 -4.97956397787978 -0.744372463341804 0.782789544053037 0.351867582515454
-0.417725577540314 -4.38952940918648 -0.569520670278906 0.478673224290189 0.247252686618321
-0.1024195261476 -3.50837935580179 -0.300253049736964 0.294210707266919 0.277783447758522
-0.00133397927531836 -2.41685166068671 0 0 0.108198297799662
0.7625318867918 -1.49560281319989 -0.0146992835997573 0.412929601102814 -0.0456434135739722
0.480895329329677 -1.09244390964287 0.0258168462063393 0.196112941606853 -0.0900314615057705
0.206741916434772 -0.823153613732427 0.0435056462593393 0.147966219301197 -0.332887992810652
-0.112950911240916 -0.818732055966109 0.143618269724257 0.290734883585818 0
-0.550201041593348 -0.573007525513091 0.529504383539761 0 0
-0.593778202841672 -1.27022691725013 1.17775015237888 0.618281805420957 0.309910028529949
-0.595188544953516 -1.21680227991265 1.67129898437735 0.566584987773882 0.185194684038267
-1.41798219474036 -0.796805049041286 1.41956565026901 0 -0.272005595659891
-1.7951704330553 -1.17995970904734 1.6273897569407 0 -0.263942430932196
-0.197110143561574 -3.87246753495783 0 0 0
-0.105293949417148 -3.24363520904095 0 0 0
-0.200087531796886 -3.04671386806912 -0.132373188083577 0.262291013565619 -0.25329623827176
-0.230663348204108 -2.50212366591956 0.0362168233759659 -0.0144193024298909 -0.313739466911369
0.304803782553661 -1.31775779449625 -0.0738701936840281 0.177776114520718 -0.107583570683993
0.414836078980591 -0.789709670101556 -0.172817047556293 0.465592870168211 -0.12025138283402
0.178270480102177 -0.475034069266822 -0.266849235529908 0.534699614436108 -0.258621546181227
0.221616124264253 -0.228982527141219 -0.24965342211334 0.375380210045501 -0.434476647077288
0.0112283347578402 -0.257498387162005 -0.177056128315033 0.464823829879051 -0.379579148186164
-0.139544262074578 -0.369864154312631 0.194103840777385 0.581786712443094 -0.153561540380913
-0.188137281242711 -0.38434132115531 0.530459140675499 0.681848756632637 -0.232211034885391
-1.02074604467797 0.141090939489364 0.748950437023419 0 -0.280806123408845
-1.42849219474351 -0.16536850302424 0.694907625203987 0 -0.272901864226065
-0.967899016883706 -0.881805522471487 0.810774938783644 0.277850406513754 0.0864915819252584
0.542686169229061 -2.87535192769533 0 0 0
0.239704587196943 -2.57145184951922 0 0 0
0.224374933270543 -1.92245271779822 0 0 0
0.298137991690328 -1.11188084130212 0 0 0
-0.130757896727366 -0.723988569090181 -0.25402930147601 -0.0888128384869953 -0.377870606604474
0.505635964188851 -0.357351366004543 -0.375331127198422 0.475568786093546 -0.194010507834808
0.465920201313097 -0.0301643244089771 -0.458933581404183 0.696490142582299 -0.396165633696756
0.0513410428833738 0.323772158833061 -0.731173773532411 0.606931370049001 -0.503765477230292
0.0651513005684995 0.501911893950498 -0.579484620072713 0.460463597213964 -0.689379306544952
0.280960029591322 0.376841564452702 -0.249036516653854 0.598453527907391 -0.486930919025284
-0.132891750746066 0.474739383663356 0.166293808349182 0.667784972266484 -0.590484456143637
-0.808058173185776 0.614294088687027 0.484163144654439 0 -0.316143146308034
-0.67429983168517 0.0486144363322994 0.505131635160425 0.452816785876857 -0.262488576304833
-0.612664187163291 -0.414740626089561 0.182957480088831 0.211005694069413 -0.214994922043603
1.06555246152458 -2.11187767611418 0 0 0
0.782097864657709 -1.75817563477433 0 0 0
0.606416240817447 -1.26965697732976 0 0 0
-0.0938623052436189 -0.88203449034147 -0.0972192028422851 -0.433259562795464 -0.580619730784926
-0.153236156063969 -0.278595824463672 -0.337786164809163 0.0430502509440453 -0.629107486161181
0.385014871708296 0.150477290604361 -0.513037718161529 0.542730519107675 -0.535178703622197
0.877961749540492 0.317958751611067 -0.780728053017175 0.773562245951163 -0.299435368061904
0.0853317003630793 0.899662269351084 -1.04644435287914 0.593626806320606 -0.286940392300492
0.0532012339658275 1.08701764701764 -0.628058256187342 0.465522687237149 -0.555406373633784
0.437199930153607 1.02504377434261 -0.498209459995812 0.430444337611044 -0.678293826358615
0.255737280932087 1.00712376024668 -0.318926723120298 0.635866040475546 -0.734997310190818
-0.535596629733641 0.874560402211824 0 0 0
-1.01003567844481 0.52725279279619 0.174174954320902 0 0
-1.12623510548239 -0.160357633306137 -0.165089423588483 0 0
1.46899680869744 -1.09345427037194 0 0 0
1.16905828999114 -1.50008574289584 0.171232663787748 -0.729762358827574 0
0.31045725799973 -1.28872338979105 -0.184498006288935 -0.938171576273475 -0.772972042289807
0.666130374905434 -0.725157323527278 -0.104533481169325 -0.310531802801368 -0.810336363360278
0.686396787143286 -0.506088353351957 -0.0680901605566513 0.151361770142258 -1.09035796286617
0.408920539099642 -0.156812938460699 -0.422258474580211 0.138594903031868 -1.05184506202033
0.305380841603396 0.348357455512967 -0.475488302588551 0 -0.875272662810098
0.376462824923522 0.788464470193057 -0.770207317467044 0.47880442430222 -0.574191677052873
0.162397598577259 1.31107736724201 -0.494828769128847 0.31448122068955 -0.386650006459229
0.423303792597075 1.50347689444169 -0.409230730817683 0.0992744591153663 -0.605001632294713
0.398100765954051 1.53497111499924 -0.231120603842198 0.650853949327301 -0.96779266826871
0.353613381541636 1.41600176020447 -0.118990151656601 0.582540122106502 -0.936041436961312
-0.658451836432673 0.7997299464468 0 0 0
-1.01255343720067 -0.036160755800565 -0.0737560098154264 0 0
1.05568938915083 -0.962086350528098 0 0 0
0.80205448188551 -0.762967007338164 0 0 0
0.847270775215699 -0.974650994807113 0 0 -0.0910803002981481
0.907550994228586 -0.891468105165267 0 0 -0.662113449534873
1.05930739715638 -0.798562875502004 0 0 -1.17167790959033
0.288067238693598 -0.606741315545536 -0.431788460639227 0 -0.95272573503098
0.63528404119958 0.136128617253629 -0.465686609690179 -0.00535898912951051 -0.94791664990873
1.22635331410472 0.47426336256735 -0.309204963231954 0.220261728813623 -1.25202896167063
1.08010697156489 0.733420054775483 -0.425337733389234 0.0886324479139985 -0.667159236361022
0.64631425043901 1.27299605345138 -0.475050783926098 0 -0.428846240594624
0.464132035012162 1.60054559655911 -0.179436256525567 0 -0.484614792567137
0.295559460321343 1.37901204369225 0 0 -0.646576084846458
-0.181129726255455 0.924737288324102 0 0 -0.253942352044936
-0.622631984131506 0.395610755323059 0 0 0
1.29949180837562 -1.21331414860319 0 -0.496825568278589 0.571421808061799
0.895610438103204 -1.14863764932034 0 0 0.267205856029628
0.602590137661769 -1.12364027727151 0 0 -0.314527321341878
0.750373634277967 -1.19545326929277 0 0 -0.883836332570772
0.855053398251506 -1.23958570519328 0 0 -1.41102682616922
0.685715365460878 -0.909881028612643 -0.170155074375636 0 -1.16116811534755
0.57599174101063 -0.312522472240994 -0.199455840008951 0 -1.14762195660299
0.790411433925893 0.148511693922261 -0.0862349111470106 0 -1.16762888662602
1.14168906324482 0.471620630632257 -0.066583930493697 0 -0.765350067827823
1.40584755520303 1.14266587214271 0.238900629255883 -0.0050798812710542 -0.471836919104447
0.883089735522056 1.70352931238498 0.514882237918712 -0.176179964872797 -0.237592226984333
-0.163555821903163 1.13678205505697 0 0 0
0.0063649689886893 0.597280187195444 0 0 -0.412429231658437
-0.564853935777591 0.0680531745791686 0 0 0
0.823650987236881 -0.983619322714242 0 -0.466972197596931 0.554751784258825
0.241426081714972 -1.10619125912831 0.222930464044908 -0.0353626926530197 0.147816629913179
0.107605222756874 -1.4874804540936 0.284812681639593 -0.121624334695221 -0.246451183314948
0.473430801360813 -1.62041917566521 0 0 -0.943278406795699
0.959180644508021 -1.49940288840704 0 0 -1.47045608328994
0.730702191838551 -1.46886723511804 0 0 -1.15800741008557
0.315596917003171 -1.26743455549678 0 0 -1.17012208020211
0.478623033683566 -0.571940553752902 0 0 -1.30479937756982
0.361763324675646 0.060859149353612 0 0 -0.603406156379277
-0.0227285180017535 1.29831782719219 -0.254653510775701 0.0353893794385216 -0.247925139189952
0.740882971040766 1.38215320367802 0.106176388517594 -0.0586079477173259 -0.301613273627009
0.158963773555849 1.21502410860258 -0.273443625773962 0 -0.159484361894201
0.0903805486047862 0.375597075525824 0 0 -0.483442016095974
-0.236909619225661 -0.342094548207046 0 0 -0.331223350765891
-0.0341309477655203 -0.825474034731494 0.241777181430704 0 0.389153612862296
0.254293052495087 -1.14272870922072 0 0 0.139376611043904
0.315660465639328 -1.52718434059618 0 0 -0.228345536174967
0.514995583660035 -1.8414537819142 0 0 -0.746756759523868
1.16544448001222 -1.88131476031082 0 0 -1.20359947669562
1.19394265131433 -1.89442158834786 0 -0.353497315703348 -1.37286632430237
0.695837660998776 -1.74626189570306 0 0 -1.09000867207825
0.665883568847649 -1.03164412463338 0 0 -1.2598913299252
0.546616333736816 -0.36900781546797 0 0 -0.733266908205515
0.727347839132611 0.323401454125809 0 0 -0.621606589456977
0.632973379157612 0.64948221392375 -0.619559680383941 -0.0820164053819038 -0.477631783511726
0.292230611176824 0.671336870686283 -1.03825017062433 0.544575771461525 -0.332390417643196
0.168771331704418 0.324000587100114 -1.59297142360931 0.365215009515394 0.213938163608543
0.311289047005932 -0.125320538768383 -0.629422529497554 0 -0.191905578572056
0.0928615400580952 -0.970691777069248 0.152590145858194 0 0.71702026670111
0.238789265566315 -1.31468381467386 0 0 0.318224341683179
0.410080628502574 -1.75805413502775 0.218147882057423 0 0.0244035505266363
0.409655793990502 -2.3216025619022 0.123090167961148 -0.267138262248548 -0.179383963762814
1.04673639052492 -2.33160433339778 0 0 -0.791714001514852
1.49153914025411 -2.24577081527572 0.0421648794483149 0 -1.32000832522355
1.44212593781373 -1.89645866241207 0.268941237119157 -0.199166230555822 -1.5018173857169
1.10725952513051 -1.35953472579405 0.219898750180579 -0.155401903056971 -1.26206136530858
0.605528661188083 -0.703029684749123 0 0 -0.86015644637098
0.62114613577945 -0.128882042185144 0 -0.185300914272384 -0.893236954145419
0.533427672445887 0.0687018821118423 0 -0.00932886351220431 -0.707210993667883
0.189646917457764 0.535683713708369 0 0 -0.563768385737391
0.105898944306435 -0.158367194567122 -1.52561845429089 0.196035847698371 -0.00154469060245072
0.220389006551484 -0.796674707705747 -2.00226547514078 -0.111560990785726 0.416398495742338
0.0506569758703794 -1.14198876787845 0.101461589225358 0 0.776070916772374
0.551278748696408 -1.39494918247517 -0.531767758863647 0.165694528440036 0.428485904513078
0.521910734214938 -1.90849099012287 -0.320588028944177 0.128914425343272 0.198178183696539
0.477387733455023 -2.40397228446982 -0.0431946224814887 0.0110014671464071 0.0487764571923597
0.917368642750291 -2.60045000200083 0.0828577426818186 0 -0.382112769897696
1.16747666246857 -2.33089858302392 -0.0796841020723188 0.0833628885711522 -0.61229564181745
1.16165043406986 -2.02842500567177 -0.0669435170613062 0.119114916378949 -0.800855158989531
0.973489670378067 -1.49716742860236 0.0199680766485571 0.115733418989149 -0.789556179716479
0.657593814517166 -1.15032932614369 0.328467534777267 0 -0.866619459830296
0.608229112847702 -0.777342475352734 0.260518587327591 -0.151862399881208 -0.942243202707353
0.3293914401176 -0.373490765720798 0 0 -0.718759731974037
0.256994212129619 -0.119081475905555 0 0 -0.592790113273672
0.0316304483064099 -0.178034914550717 -0.543632937614954 0 -0.37460000764737
0.400202886295938 -1.29427335932657 -1.95033410382006 -0.252291755968549 0.0183455725889071
0.696136723994308 -1.06466049654209 -0.928062878856285 0.363870239932534 0.850474501456353
0.573946084108359 -1.40232609112357 -0.912417413100552 0.573581232637334 0.467884256690101
0.450347857506911 -1.86333287783721 -0.603501636396147 0.526619440524919 0.292292558397449
0.382270077263537 -2.41629346157202 -0.214630685230964 0.299636558126097 0.239869114731888
0.735175160798547 -2.48625107370325 -0.0398476751572159 0 0.0545259031988639
0.729982679458443 -2.27219557624383 -0.29079048365988 0.380857531304838 0.0653365532695801
0.824662235568422 -2.0425195370153 -0.304122466009048 0.453504425965893 -0.0789714252107296
0.473585070540155 -1.59712934307707 -0.20802154013412 0.509881761225382 -0.313562890895942
0.182879897608272 -1.38020695987638 0.0650408825004481 0.342100727112568 -0.574428611448331
0.189631841087314 -1.19592866715057 0 0 -0.565696548145717
0.141707301223257 -0.886207586165231 0 0 -0.764741959080638
0.171743057059754 -0.650653429892612 0 0 -0.615128539508186
0.148043532051451 -0.466464200497858 0 0 -0.50300734699903
0.0205287702857366 -0.7563526400974 -0.775377944546967 0 -0.289535067230989
0.449013569525274 -1.01575141256476 -1.46657083972307 1.10966746896718 0.621117892194323
0.425075817107213 -1.3875652582433 -1.25644562999951 1.04959833357889 0.453006319815479
0.451164391669931 -1.89362807023007 -0.555524967878207 0.640637240990598 0.532260967516215
0.2916914584834 -2.39567329740146 0 0 0.596578945121929
0.482732947507303 -2.290369013317 0 0 0.280524552094414
0.309201663329864 -2.16558782752207 -0.595873465484224 0.741421453117031 0.567112966710042
0.150725420759883 -2.07313422643393 -0.640446191367851 0.947283073068903 0.523552107003184
-0.00565938827990561 -1.93761961564281 -0.321024055748905 0.857221109322852 0.0448169141132393
0.235494339463508 -1.90738576828978 0 0 -0.681907616201528
-0.358496036433661 -1.3776041747181 -0.175523952289959 0.477534170114127 -0.454412248969849
0.0229617803609029 -1.39352498382487 0 0 -0.695452807614919
0.0777755054038917 -1.14936779959822 0 0 -0.623838139360422
0.0620740702488352 -0.925986564398354 0 0 -0.526106790741081
0.0256073624551494 -0.771301330495544 0 0 -0.458924332741956
