"(Intercept)" "X1" "X2" "X3" "X4"
0.218108366039036 -2.97153766801801 0 0 0.23152533321746
0.238649445134042 -2.36234338702804 0 0 0
0.0983217418585504 -2.2305688839098 0 0 0
-0.0104269321138318 -2.21015286608156 0.343725695909218 -0.325688116884768 0.376892197478402
0.146603457641361 -2.09822933249104 0 0 0.0448647498927509
0.287529276129135 -1.72313836564307 0 0 -0.151749699896299
0.419459831745414 -1.08975454425153 0.451811010266741 -0.427068155004135 0.100707505574457
-0.231133079186875 -1.2865852587304 0.834028599531027 0.0571423805596004 0.434484849091142
-0.617714131978927 -1.367519688919 1.22388337090545 0.802033535282636 0.779898913243101
-0.715306556087902 -1.602704936044 1.37700226023425 1.08884904355785 0.790135872983039
-0.6624048722405 -1.70728581561806 1.97143950007963 1.37028916783174 1.10709376926609
-0.97375679795253 -1.72689199089703 2.83822013507824 1.92244299816277 2.06186940997744
-1.46456465339734 -1.74383871925697 3.36910638981395 2.2556231762438 2.81538121005794
-1.30762016783637 -2.17111065242844 3.28313959190704 2.41281397848038 2.7592857155803
0.520361621268607 -3.76554139878022 -1.16445731125965 0.485685646223172 1.03866403307243
0.769857160823562 -1.86789289385287 0 0 0
0.402705298762379 -1.94399973227007 0 0 0
0.18086261878373 -1.82704693361703 0.22688301335346 -0.187962396603205 -0.00547624158470743
0.300930506194359 -1.52735296962651 0.117721885647778 0 0.0601530216609818
0.225680305375351 -1.21457530970618 0.190067539402303 -0.351279117091281 -0.0239912329067842
0.143139150234011 -0.695119365939924 0.294509083336631 -0.267494121873409 -0.279598164615554
0.0246618064861533 -0.213052242933228 0.187386954486863 -0.274735335856719 -0.793441369604687
-0.27845757000915 -0.639433589763849 0.500915017774439 0.45373822782575 0.0122010397851445
-0.406192089060742 -1.05551122080285 0.836446389045444 0.90147631184441 0.220045475144072
-0.665091412490182 -0.949221481833163 1.5692130477779 1.1008730761099 0.56667478707719
-0.869215900161972 -0.898534347503278 2.11331633856319 1.58471461200836 1.30505692583564
-0.948231137318405 -1.02132617838648 2.39794065359736 2.03010159074543 2.15735685110972
-1.00729522728915 -1.7839427734893 2.31002944645705 2.04045001354396 2.41659784070597
0.00434414221528079 -3.73519391045585 -0.625699279777489 0.0126251708502789 1.18872443688531
0.249246064068652 -2.97723005954941 -0.385889132519356 0.176417335489474 0.316201315866957
0.504173939221308 -1.8255247684098 0 0 0
0.341681394807911 -1.49683920770945 0.0528323153767329 0.00024919079945796 -0.360075799533164
0.113643710378203 -1.07353791221097 -0.0279637750641359 -0.234677130159922 -0.443148302439534
-0.0627614319271449 -0.783787086208169 -0.00751915280835028 -0.284504991006419 -0.433498624013816
0.00967079907183492 -0.237251916318672 0.0320441857985709 0.00176644445784598 -0.756330937230277
-0.241171829935786 0.226209416274755 0.0923342100148225 -0.0018059236516367 -1.06163941573283
0.0206010005275531 0.198884227329492 -0.162051500450977 0.164030188772804 -0.89387621874733
-0.0206785958343689 -0.150619324880616 0.326467374114295 0.598627024330749 -0.376890173704428
-0.34488856663281 -0.212942994807418 0.910787922644141 0.904400393768763 -0.0184747335524216
-0.554403991339879 -0.00577344990341176 1.18226441987239 1.02447689180697 0.263631592856677
-0.825498498356183 -0.533354562829361 1.30076446932935 1.16454584428083 0.975057084042521
-1.06987285271755 -1.42030581880131 1.23829616373042 1.13433944769562 1.43906058848939
0.693884795090237 -2.82719897743722 0 0.428230263769992 0.66392083822106
0.746838976123779 -2.29248549972153 0 0.226441845330278 0.388930459533036
0.498496247176369 -1.86699356960832 0 0 -0.0750949219358504
0.642100855459696 -1.14741007676297 0 0.182523968058011 -0.345945620967747
0.568325046574551 -0.800143924119594 -0.444799535737549 0.153671425986825 -0.63985810970099
0.23800557097909 -0.34491983713987 -0.313420539678571 0.347656753141451 -0.917690594719788
0.434800689067971 0.00524900660675119 -0.229277507240281 0.698093343147321 -1.10275143130208
0.0107089928530412 0.573605400982832 -0.0878964429713112 0.585450396094868 -1.20240062251306
0.0619681505364361 0.867761294113894 -0.235213325045391 0.377991348294816 -1.33414255662223
0.184846221270691 1.06982941123389 -0.207843204723753 0.405233948773813 -1.38337593329309
0.220701100647714 0.991394897081169 0.00741593175029598 0.580763599022028 -1.08618621678269
-0.883637719471024 0.689198418196922 0.516163724475808 0 -0.366853281348373
-1.05716547996692 -0.0822327766711011 0.390181302056732 0 -0.27673667860364
-1.31264774096424 -1.10594533959505 0.227465912506274 0 -0.213727679557971
0.751908696791408 -2.56079272720745 0 0.464622295053314 0.666025493670221
0.863744175900198 -2.01378569816339 0 0.329404270527359 0.35624087504686
0.763734884905774 -1.60977246124933 0 0 -0.0715900783523679
0.800881089936049 -1.13512128265019 0 0.363999472508547 -0.464771282938082
0.598460779803071 -0.577356322087861 -0.541583568293949 0.538129429967579 -1.00136597745538
0.476670968631278 0.0367694790531981 -0.513706354447058 0.93668297233191 -1.30865209473494
0.760436910677857 0.324717585872957 -0.359061306755987 1.30082565881472 -1.24750527755146
0.516612741583726 0.779106066992512 -0.391404888435269 1.21471006868651 -1.10455529826793
0.392010638088218 1.16374248848842 -0.451481051925806 0.522360770705061 -1.19731072524768
0.169962261289594 1.51434254174482 -0.222073440801116 0.343602612157542 -1.28420874988314
0.458557563640527 1.52633744224483 -0.334700875065053 0.364001937828995 -1.29061540512456
0.314101249561862 1.61499917282078 -0.417331649294924 0.390019350982427 -1.07149846834882
-0.211042315950251 0.790534516130442 -0.699850588745868 0.562987510461758 -0.725245696441506
-0.883510236944056 -0.377884360168024 -0.546544859651747 0 -0.257019543697917
0.875022704660881 -2.09642346478037 0 0.432868104445199 0.725129533248645
1.22585595493389 -1.3167512789337 0 0 0.392097346672967
1.25134524886759 -0.998336744578204 -0.220977747481503 0.587642732374655 0.0331148904478057
1.14044408842894 -0.753058315975365 -0.350973208078312 0.6548380244681 -0.500056819524464
0.542782724325054 -0.435700075188963 -0.326685473796575 0.478211819147106 -1.1012291720388
0.0710579193455862 0.278610438703293 -0.313907466052814 0.728746808772754 -1.53887995790359
0.0556578654101682 0.875800838493386 -0.323063253495231 1.1457033088062 -1.47734260274781
0.446093874047593 1.11541503536396 -0.205458026742157 1.19209660042419 -1.11709005171749
0.647988053438374 1.23988681070145 -0.380687712583657 0.705062725929743 -0.979345852290824
0.278544877459256 1.6667046466086 0 0.30916081251356 -0.903758910922089
0.246235516486083 1.62709162560085 -0.249822521540347 0 -0.752494928176245
0.040941491922107 1.67510394919916 0.209523846549731 0.125200770699882 -0.578986024359627
-0.114145218760508 1.16199574110164 -0.44102260299977 0.167558482593009 -0.45470601976301
-0.397146816789371 0.4502654712332 -0.95990889083471 0.301589834926651 -0.196187430147835
1.27481461502173 -1.39874821547373 0 0 0.759122472330838
1.25053872254888 -0.984442913178414 0 0 0.444667381386649
1.69162718835925 -0.637951552498063 0.12730336940467 0.250378741285732 0.128428121251678
0.910140117795826 -0.911850910982755 0 0.303959807886994 -0.605153065754578
0.575391923910171 -0.695299414607149 0 0.141917762011954 -1.15962594191629
0.466325453316482 -0.152386288521543 0 0.397091114888999 -1.46388200055311
0.766519585169667 0.778214355653908 0 1.06270936841328 -1.36100120282678
0.407703100778449 1.31651046683134 0.200504869831424 1.01288125461117 -1.19486611396508
0.752061050514674 1.42406983969109 -0.221658354071296 0.814631740663174 -1.19669537724087
0.370772556010729 1.93881298400384 -0.387551353973107 0.256290616000619 -0.310233228156675
0.0478836862651113 2.05871018105731 -0.164527401423173 -0.0969008374199798 -0.254575837751131
0.0377141149021278 1.87800352485803 0.178373570669076 -0.102636117344449 -0.238457843304592
-0.309541979250656 1.15144847099178 -0.189803442947723 -0.0244047824163155 -0.108931911111146
-0.992785969712968 0.0399754477154988 -0.512328140585595 0.0514225174741967 0.187284297971601
1.20723017676203 -1.33423570891794 0 0 0.72299587042265
1.0971535454057 -1.39496891019824 0 0 0.336437387440455
0.84830865162345 -1.22427892617155 0 0 -0.211369068098441
0.766634140217798 -1.103375435031 0 0.24686242075821 -0.765296719447873
0.857974969781476 -1.01571772469132 0 0.141104339330156 -1.29607099053525
1.01325950530456 -0.575845087164031 0 0.372293499170457 -1.40741401583015
0.903501619534003 0.258911927848152 0 0.805188647285146 -1.40848492336585
0.654490235669273 0.618109996953281 0.16942861070756 0.729533686497149 -1.43804306355531
0.991474350077709 1.36006044187417 0.418413926691887 0.632194944158651 -1.02974250382499
-0.00665806735628119 1.55885977504434 -0.130261204111369 -0.0813708447385365 -0.417208813153697
-0.274312319011057 1.67591295780718 0 -0.256729693365292 0
-0.359028317559625 1.34861780962426 -0.108248270593646 -0.37942439622625 0.131535011893615
0.0334927628786938 1.26571314103617 -0.544550995523018 0.0495719150418262 -0.239481632940828
-0.736713045125995 0.0469667072338693 -0.897971496796118 0.115859580954323 -0.0798893117683877
1.21631523596576 -1.24499469594245 0.28937101515127 0 0.907009224699637
1.00815824961238 -0.891188185180849 0.622289691522123 0.563803019723596 0.789382155452211
0.664605060800726 -1.1543999552598 0.345030747893893 0.591992070258439 0.0638573973288675
0.57091882443105 -1.5012146255482 0.196953522608861 -0.0493233232275237 -0.832475444089355
1.0825581049738 -1.47016068263323 -0.000941610100554331 0.107710052945809 -1.38924244825277
1.74945785611573 -0.982191127070271 0.119872648832017 0.272724128834323 -1.29339362184596
1.84129549507717 -0.213971220369143 0.311391108068222 0.766493612945768 -0.971520052677194
0.359673538866573 -0.374164468769763 0.278329024812147 0 -0.999613534566256
0.343184690183179 0.467717227890805 0.225362338659786 0.18758932048028 -0.758698753496073
0.375539090766569 0.990366213774002 0.177026201957683 0 -0.410895580658937
0.22103902880945 1.12672593096868 -0.21179949079999 0.137023231832222 -0.302011629238036
-0.144401282466356 0.705779681116921 -0.200005731127036 -0.0179545645508318 -0.111128704292798
-0.441577418554292 0.278062760397426 -0.324036400136635 -0.340071377995297 -0.0219839669035864
-0.13178544499197 0.204901979167895 -0.8896719439243 0 -0.189718685897352
0.681106418316719 -1.40421370982608 0.319531584122764 0 0.614228218623199
0.358115240959604 -1.1549360970182 0.515245893543251 0.452787484584668 0.576997082527003
0.646810773972671 -1.18265824678028 0.269113158532354 -0.235988360933358 -0.165012626449537
0.547841933223819 -1.75357156344937 0.144967963484005 -0.0881294417890819 -0.546022812094793
0.832308283334842 -2.18506125154294 0 -0.309728713285143 -1.02277053939618
1.67574971725107 -1.77476569108943 -0.0840813745226313 -0.0850332164397848 -0.97040238565004
1.15896625808891 -1.05957932383888 0 0.111099092031907 -0.888460479863797
1.71409185788374 -0.603874185536538 -0.0692261726751722 0.465833043367984 -0.510477180094787
0.877797914394584 -0.202686782373758 0.341894511810917 0 -0.453405818947348
1.01943652903842 0.480676278121204 0.165103915523475 0.138654046938229 -0.348749090814574
0.612188315325533 0.681996915231616 -0.37220033794983 0.0131241167001734 -0.522507689071969
0.246054172556226 0.471581475999721 -0.611630577575188 0.32611595889338 -0.127506175546843
-0.118667070096067 -0.283165990898244 -0.551393479309353 0.363111807506238 -0.180031038376272
-0.138744140340246 -1.28548072295362 -0.867787341499192 0.474529398497848 -0.644144443647421
0.19308318150873 -1.08286137376949 0.780030188460047 0.297891656137935 1.05103758189695
0.32017100219051 -1.0561829825145 0 0 0.0384029150121417
0.625717150385021 -1.49273712170028 0.208338600872487 -0.298749745833567 -0.118046059810319
0.621829517577501 -2.09826036548355 0.149322487751008 -0.0291379425832803 -0.418381931232334
0.910924004360758 -2.53439617200663 -0.00772432157729691 0.00345168215897698 -0.772002172786065
1.86819248992276 -2.44883412443147 -0.122565341043348 -0.367293566903723 -0.602316901476081
1.59163146666015 -1.88553851821525 0.0959013787419077 0.0443380751640824 -0.744524889726726
0.909194315179379 -1.62770314614029 0.144239405634053 0 -0.942222185890506
1.16565198786587 -0.86724018809252 0.29129159259706 0.0815761743224369 -0.852517345693369
0.807006803494957 -0.172796168744782 0.235666459109846 0.0749638515376408 -0.649736392677896
0.704350633044432 -0.215451127181379 -0.372167705287239 0.292589374536225 -0.495059566322225
0.232878657640883 0.00653565910951995 -0.802117574110488 0.505050423483248 -0.0823992428279737
0.222691870980755 -0.0896949183462258 -1.08237572975191 0.836011517274055 0.345940372251911
0.314932353589629 -1.10940152698427 -0.810304549283084 1.38900580899865 -0.0163975878064396
0.18131539385752 -1.42535870830524 0 0 0
0.64709274895191 -1.1533513093239 0.11520435075996 -0.430629008378569 0.188298518476277
0.610437664145449 -1.75378563837202 0.0396885986057369 -0.129552212689879 -0.0889123399341323
0.714630300430887 -2.29976769877093 -0.14623919305644 0.230143855098618 -0.299266313721959
0.914851350687393 -2.7316096869693 -0.326154380952493 0.521037632779525 -0.462157666351272
1.15211561501821 -2.66903062338584 -0.0233170652792874 -0.124209006008715 -0.522862207493726
1.4559400525751 -2.49783898264912 -0.057094666840468 -0.313300990253896 -0.541033889697741
0.792748392344656 -2.05456152161348 0 -0.329540683239387 -0.830403201665018
0.954514779430755 -1.57746045104495 0.213637210401704 -0.135217622916192 -1.15028663426595
0.675365588224234 -1.01385379641347 0.0771670671390415 -0.0517087317595362 -0.950349785552965
0.489161192999844 -0.951796383173992 -0.425727931937165 0.207711066046733 -0.614630721768974
0.182016404605951 -0.728001756094391 -0.853821222327466 0.700684976386937 -0.157974837096433
0.245998262985439 -0.73750166085918 -1.06969824486493 1.31009425273233 0.325935418346274
0.660385203552912 -1.19749914994159 -1.09765562717576 2.12524883956966 0.47715472358614
0.414054428602889 -0.910649798918403 0 -0.0931965695567777 0.323608458351129
0.605446941647479 -1.46605980133531 0.0221874835161112 -0.20655895948021 0.257745723139868
0.734362582600645 -1.85403710865984 -0.288593492151805 0.230886301070379 -0.0260251884657693
0.891335030099517 -2.34647409707934 -0.536023128983207 0.600556341236195 -0.192697061827829
0.827372722272878 -2.4213733743314 0.0737495670105398 0 -0.0819367247251085
0.66475859183538 -2.45278931812086 0.116251516511804 0 -0.138436739537747
1.38834316797601 -2.78185814600141 -0.182024488478344 -0.365016896080376 -0.33030012827594
1.40416885718187 -2.43209273300198 -0.175952884860136 -0.403884953954947 -0.577792836835638
1.19525751230965 -2.02149776522174 -0.31084107280537 0 -0.437281130898758
0.565983264913558 -1.72522912377422 -0.104363786684278 -0.317733035348803 -1.10912451951179
0.409235205399666 -1.67231813833955 -0.450684140438114 0.135949611366622 -0.760137094774333
0.263835800693655 -1.56333250590487 -0.916838154078121 0.790349102014882 -0.225926986186567
0.174532084254257 -1.45795028528571 -1.26835497877683 1.31270233246462 0.264158197933635
0.343799183151437 -1.48267527520822 -1.45988334313309 2.06916368317263 0.67251468183267
0.524685088172571 -1.38417057667929 0.242656106647555 -0.44067576460429 0.755863649501333
0.676578241598178 -1.64092180000649 -0.167751867363199 0.0301026061247276 0.373786419076442
0.893908662845331 -1.85266083462685 -0.707278281299411 0.62497464296808 0.0836100032546422
0.547262952381409 -2.04908755902075 -0.201805361614842 0.766853306514846 0.00186701548686615
0.774378414710552 -2.13948189643374 0 0 0
0.761265955696687 -2.09325270314745 0 0 0
0.713837000474405 -2.44792842916631 -0.0392312484117422 0 0.184983465025281
1.57552043515415 -2.35024779705221 -0.415039045467374 -0.152291832250389 0
1.12125280654487 -2.31568517013456 -0.574051815796422 -0.198509432574539 -0.614595695654681
0.741519435642495 -1.88609716048121 -0.753838226138943 0 -0.29507282375724
0.426821606922268 -2.16536604260946 -0.701449937757993 -0.0114965880120625 -0.554577810731783
0.406426077515565 -2.41438123284873 -0.913848364765043 0.571193218555834 -0.468254460846797
0.182539468686405 -2.24659743706426 -1.34738313308203 1.43352364632726 0.182101994001212
0.127696755271513 -2.22093223546595 -1.73981044683205 1.90706114194828 0.614769926878986
