"(Intercept)" "X1" "X2" "X3" "X4"
0.656104937698752 -4.0578374637641 -0.926482836777206 0.0686052495967283 0
0.960394177293067 -3.383894176389 -0.413260188080521 0.0835307228165083 0
0.655993633456847 -3.46800347360963 -0.191517265948625 0.119578820994005 1.09091372254408
0.884176072310992 -2.88354360487346 0.0533578342578563 -0.0236822894330891 1.03021466770521
1.16679134265168 -2.41531816027123 0.255632790263017 0.0457037930998124 0.684773394347737
1.16253732792978 -2.10387257072974 0.331343805810433 0.062076678761087 0.304478832722912
0.827889255195777 -1.91939094973329 0.36356768851365 -0.0843836193940792 0.230483314910474
0.411324166514128 -1.76806329539539 0.533914222669526 -0.117063652069685 0.316686644691764
-0.162629518355256 -1.77644892500703 0.880291394499296 -0.147357615748091 0.707240792371715
-0.390725968359657 -1.76682296685678 0.993112528515982 0 0.379349239987739
-0.913567335317346 -1.7902084791597 1.38625351798813 0 0.279769665897616
-1.37625917362902 -1.80149514720538 1.7400086124673 0 0.0424827456861406
-1.65984527228998 -1.82608912171134 1.96948361973568 0 -0.200330194174566
-2.26432751880776 -1.81895760206939 1.86212565794448 0 0
1.73630643029671 -2.89780782989816 -0.474551626362115 0 0
0.531975711911857 -3.23282537885319 -0.664102762927514 0.106889292342797 0
0.216902057700373 -3.42805988540222 -0.423736983118178 0.447819607901785 0.647498875228582
0.602874391636449 -2.47333491180246 -0.0627737692435555 0.133937645510557 0.584119462279246
0.855058928473465 -1.91597497120207 0.117063983663466 0.181364894239204 0.351980649257035
0.780264258223193 -1.52956110258333 0.254299520436275 0.20320485054167 -0.0696159313422629
0.797531537119873 -1.125807406016 0.154413952961152 0.194366563771877 -0.0105807779690393
0.266973347175021 -0.906524660355596 0.320427171025356 0.0634135578695653 -0.026111274974029
-0.128600408639981 -0.906340560459634 0.523614553513723 0.0014250031508395 0.107943851436492
-0.300278444000557 -0.95617659110952 0.674822266446429 0 0.0419919002828971
-0.762637369559461 -1.06552956469446 1.07986110873667 0 -0.0268321546914097
-1.0933148648916 -1.08799238871956 1.3661673376443 0 -0.195879695899958
-1.4742920457287 -1.18288401772352 1.66768666041378 0 -0.353653444459589
-2.20844456431837 -1.34325156565535 1.55323498659001 0 0
1.74112757218769 -2.64564835424973 -0.517251081207124 0 0
0.993126067446522 -2.48892267317335 -0.507785586053505 0.107110420238683 0
0.0150133851718648 -2.48718280393462 -0.337739095428199 0.118554684416396 -0.251482015440974
0.369001410140139 -2.11317130041613 -0.18872743833087 0.25234878731239 -0.054647000780934
0.695119865666906 -1.37941974526159 -0.174971858722607 0.280116728962254 0.0422318724090775
0.901177122661587 -0.985173154294847 -0.105054113270229 0.449096132563346 -0.300480146289528
0.747268615639092 -0.531844881927054 -0.124023906664012 0.38803301409927 -0.395991807207141
0.435478845310961 -0.270067825164407 0.0211111522752067 0.315819282062761 -0.438685063895741
-0.156850315919026 -0.0747336392916006 0.244705510774673 0.23026257663746 -0.400247545090032
-0.326836622904257 -0.372891673520794 0.494063693885533 0.300201719374123 -0.385081725835137
-0.498941776961285 -0.387168496604843 0.747023482676752 0 -0.272023849960812
-0.858169540363486 -0.504822561838912 1.075980389685 0 -0.376154668765368
-1.60118337716435 -0.74102666657914 1.02605678334576 0 0
-2.07304592310469 -1.01936932711212 1.10611489903812 0 0
1.879287878057 -2.32499169246897 -0.305029153616584 0 0
1.53332045318389 -1.89782854906159 -0.267525521602734 0 0
1.23636433474746 -1.35407898443599 0 0 0
0.771890490494143 -1.17410065935684 -0.285354262451994 0.242809687125058 0
0.79798718859815 -0.923448239150674 -0.425395791578686 0.5231949268771 -0.357762853822211
0.804676326596706 -0.402613537005636 -0.29393543883633 0.534459911098319 -0.402828030823986
0.823830872636892 -0.0900397481027954 -0.313943763819773 0.575479368133868 -0.610339423130972
0.758686817940025 0.198286704659315 -0.280759245951789 0.517095150161373 -0.719349182092328
0.443420038625149 0.353246987832523 -0.184572677355412 0.457285859829374 -0.786914256725838
0.0439617967082177 0.503669952777629 0.0567554206955126 0.337691871314688 -0.732143056592926
-0.366712293415568 0.166366110997016 0.454438557010905 0 -0.40785100214246
-0.751069549235918 -0.0581658078220528 0.755306112460283 0 -0.416107088920474
-1.42702971123693 -0.439170016711712 0.687220304715759 0 0
-1.96288596078541 -0.897435318292099 0.803369725654619 0 0
1.39387809067579 -2.55045638967974 -0.253605084373487 0.419760945473574 0.154014994492155
1.4301314390037 -1.72486144333765 0 0 0
1.04001837616532 -1.28083967440342 0 0 0
0.724355038067893 -0.750412798491774 0 0 0
0.739309609329772 -0.51938446694521 -0.395127871018322 0.558295777141492 -0.359208654591432
0.845252817919615 -0.0395218426534987 -0.489349539451779 0.7084485735542 -0.551977451782362
1.05527147066402 0.266344930968243 -0.588525615542066 0.664646532268831 -0.588697257529962
1.11879700187944 0.40687873369095 -0.601774186137245 0.556835829753146 -0.681315057703763
0.807977607935937 0.665868933717081 -0.596765638737397 0.32908993200724 -0.794606743015403
0.205665944858587 0.840269143528677 0 0.131908465199715 -0.648941404349029
-0.0483979897122741 0.861237337003696 0.153224414768642 0 -0.549890053523523
-0.98096587186163 0.146529754550506 0.453845825468115 0 0
-1.33507052921786 -0.386482755350272 0.478709684684223 0 0
-1.66831098482512 -0.896360045340267 0.458202660911823 0 0
1.92609659996185 -2.20264073471199 -0.0615951806080779 0 0.275794826142513
1.45568252871429 -1.79869411809347 -0.164185352690106 0 0.222217051697159
1.08125238767414 -1.30122221021011 0 0 0.166584989745485
0.695073780385042 -0.814216854570436 0 0 -0.154389272058797
0.0884500907905002 -0.398740377972139 0 0 -0.403134246216495
0.147094350613106 0.0256910817751312 0 0 0
0.746556481647032 0.195039370864668 -0.428531077953708 0.533475166078351 -0.801294330434358
0.633808298412078 0.482398656973999 -0.519831135614287 0.379433348358056 -0.710243771091844
0.58850302101842 0.810633647803906 -0.54002673517367 0.148835746218839 -0.562183267283327
0.282060624255594 1.0120364041075 -0.389262802321416 0.151383721091721 -0.597566633813454
-0.111529054287825 1.00766366665793 -0.147052167866408 0.165757444474647 -0.534885650253787
-0.660422462799733 0.601129985060194 0.0303084429022804 -0.0397003346488947 0
-1.11200747517148 -0.091960889512985 0.206951866974178 0 0
-1.69752430397681 -0.943744128675394 0.389270788732397 -0.639130932087591 0
1.78273170302941 -2.39405903268349 0.43033173351017 0.0323581872960169 0.93270292612514
1.48908801977824 -1.63643078673674 0 0 0.480803541460772
1.18553575006163 -1.45461883708118 0 0 0.264386294270289
0.820009426889014 -1.06412557510901 0 0.235729638584918 -0.202477572453222
0.38928681387624 -0.794610706902823 0 0.353800511979065 -0.504090298346753
-0.0980884566947359 -0.523179629519268 0 0 -0.433103506602173
-0.0704610492598858 -0.007507718423505 0 0 -0.665830860056219
0.26741478948564 0.53033240619348 0 0.291934992568801 -0.895979266282429
0.614923146788456 0.683368273744113 0 0.184371963216615 -0.823079237152098
0.412288824229597 0.951870303326602 -0.469983518696205 -0.215510184584506 -0.434773698995589
-0.0223611902761076 0.920525299747895 0 -0.319422429303621 -0.289232439223676
-0.0383549575554794 1.01416521106002 -0.545999130892381 -0.10723788636204 -0.365159504108711
0.139543864179055 1.01900579946441 -0.723460099155394 0.100269512140826 -0.385675069388795
-1.22131934997123 0 0 0 0
1.64239934937764 -1.62025789037818 0 0 0.558739492259652
1.25739237944727 -1.73828304663471 0 0 0.452228505248969
0.96695543406138 -1.65155271756611 0 0.232024643526723 0.165728685777191
0.850008651305651 -1.24802847059096 -5.02855952661321e-05 0.713760550519498 -0.277450902345623
0.658425336121984 -1.221584407857 0 0.398284461181854 -0.566980126618509
0.0475884802545224 -1.00729944932702 0 0 0
-0.165582714042234 -0.568330346253956 0 0 0
-0.109496292498106 0.037270637254108 0 0 0
0.465701056164483 0.26286722945518 -0.310463952273916 0.0709214210538603 -0.749513955242226
0.406504034818587 0.68417238207567 -0.451975990943682 -0.227876619258157 -0.563578353681823
0.01942756269629 1.04898638081839 -0.710775349785369 -0.616006042427999 -0.283354595119583
-0.150200314058412 0.895514818419174 -0.490625962967921 0 0
0.193299109418552 1.25643431488677 -1.08160895016325 -0.0116683388186301 -0.269404399677184
0.374114595267571 0.795047457223241 -1.10868974839472 0.561307561074581 -0.408381104375559
1.19281234892635 -1.42264021086481 0 0.12164406890096 0.822414432385946
0.892483538150074 -1.50198106927261 0 0.170833559962191 0.404415877090894
0.759202576166038 -1.43528569518614 0.190070311287097 0.41423143735408 0.0165686606625891
0.640516147172288 -1.69115068481404 0 0.218701017833943 -0.184183310227373
0.826467835569132 -1.61210507732775 0.047749038762856 0.418584903932293 -0.603199789718786
0.598369558554616 -1.51128129810551 0 0.269135779620964 -0.632995129251037
-0.00374066186573509 -1.13905665826616 0 0 0
-0.0481436478386141 -0.667881246402681 0 0 0
0.0242204343021399 -0.107907896122667 0 0 0
0.22472689060125 0.412505804200628 -0.544588784183153 -0.255326954691447 -0.424900233944697
0.0648272899787657 0.959041320726107 -0.822374154515834 -0.448958959963882 -0.314652100735112
-0.0195877545825949 1.22486601119496 -1.01264235904113 -0.552338574860644 -0.231516662191911
0.019602077824732 1.25046032047667 -1.11185941924834 -0.366001506508064 -0.19701352097008
0.208469630057603 0.973106493167229 -1.36061532768151 0.386099861019423 -0.17643250029097
0.628203728416847 -1.39410663726539 0 0.0362858579715542 0.571102014325033
0.402713776405112 -1.38472453281581 0.30972528055462 0.0539112652409399 0.405973900908672
0.45376544856304 -1.61090673460485 0.285706233547817 0.0689018856543713 0.0431477204895187
0.600356292526516 -1.88035954444282 0 0.0109930597912186 -0.18925373429872
1.08542040840906 -1.87190930659088 0 0.206527388779591 -0.453259992070657
0.545511939145341 -1.96493459059118 0 0 -0.49258102682866
0.263648330977111 -1.70893143905372 0 0 0
0.531808084408277 -1.38368716046286 -0.0296025628445779 -0.125919524945523 -0.896889591639972
0.476841975586973 -0.719203624532085 0 0 -0.426320899539892
0.332971006325215 -0.0951782920531532 -0.41082949547921 -0.210018122659932 -0.472355418015474
0.281681143528378 0.535030203035519 -0.661199643287804 -0.306719945417337 -0.381344239735181
0.269462948449281 0.91900408212936 -0.911135609785461 -0.22767899385736 -0.335845560366644
0.0753125347535102 1.28424363710623 -1.20959637095238 -0.0370376057847703 -0.0749297414326031
-0.0190613951181113 1.30572538843101 -1.52769360820856 0.139854859310238 -0.0909550886469221
0.29068545132119 -1.08872283993662 0 -0.00119001972956657 0.399837543843833
0.175029932364269 -1.40950976863648 0 0 0
0.313585255013603 -1.70135610129545 0 0 0
0.514369130761108 -2.01505359424811 0 0 -0.166319383491869
0.714887397694137 -2.08635513857288 0 0 -0.397253477985238
1.05307726787553 -2.08943831286564 0.0466525257721114 0 -0.523241354057545
0.759617839640268 -2.12248787182154 0 0 -0.448961327380408
0.608037971220225 -1.7351718831681 0 0 0
0.556461107968275 -1.19466165840589 -0.248979000212672 -0.0941063144813537 -0.72887415730773
0.417611429309549 -0.620418747964415 -0.405661272196044 -0.123700921496072 -0.662820723553109
0.531942511726547 -0.111944414905289 -0.512913998796228 0 -0.455907309686393
0.257701756985853 0.353520156059038 -0.883077596915633 -0.188383941158376 -0.442638662490144
0.131661255969275 0.745430383807988 -1.14222046638066 0.0055869600004135 -0.161996883138981
-0.0472304087591631 1.09734506295066 -1.42589065572989 0.208033051300332 0.097365487799743
-0.0667595793176302 -1.26345127269364 0 0 0
0.121670979763597 -1.36863883922193 0 0 0
0.327383863730569 -1.71866488588075 0 0 0
0.669666090303443 -1.97367028939871 0.168536113592341 0 -0.174408247377901
0.953967678051105 -2.01897754533645 0.137406004313758 0 -0.254979102559585
1.3479609496767 -2.00767757581589 0.0143761198472704 -0.232000926475074 -0.357970563318886
1.07497730787006 -2.15895844548966 0 0 -0.378832630130118
0.960240598197711 -2.09344916204899 0 0 0
1.02111614944496 -1.61982834386268 0 0 0
0.456047474331639 -1.24248693304333 -0.447259273659415 -0.00159058465426332 -0.801136698109004
0.279430782655188 -0.700835216236662 -0.683984180904378 -0.138813615274158 -0.72095190994582
0.208387350185996 -0.270038450735267 -0.903120143724724 -0.0457741093190625 -0.554513397824211
0.125293082294272 0.123723385036699 -1.16538617265716 0.074102819561917 -0.343062750713605
0.00451266775538132 0.48696119902072 -1.44098433775626 0.227675646759508 -0.127406851063332
-0.00354613003681016 -1.16323696601218 0 0 0
0.192061950780196 -1.39325462478736 0 0 0
0.50346461384978 -1.63179747572019 0.164370374052526 0 0.00222807876741755
0.827347499486454 -1.82161532790343 -0.0325995940684632 0 -0.134100858711327
0.999327739975804 -1.80037588285081 -0.0310815128917149 0 -0.139747860224095
0.987448634867342 -1.77996825395286 0.0877479331882503 0 -0.103342992082732
1.20991413290594 -1.66109920460379 0 0 -0.176385330320103
1.28324392154076 -2.38328711186674 0 0 -0.296074265006724
1.33306285741811 -2.07450969203702 0 0 0
0.593986352696236 -1.84511423469437 -0.557044609174719 0.252495775558103 -0.690638283728601
0.379896141978411 -1.31542246670973 -0.737143648638406 0.150853026193393 -0.694676645360588
0.24332716705876 -0.893121657920333 -0.955437014526672 0.171806589323799 -0.647878004118355
0.102432153782032 -0.477092870099132 -1.22650029944403 0.243342066449059 -0.521309904942968
0.0319220070072131 -0.105646676197258 -1.49076502821706 0.340994595631658 -0.357238794375313
0.0960823795348184 -1.29654789654152 0 0 0
0.274880890144566 -1.3628738768221 0.173176141046838 0 0.122606438931278
0.617128514268654 -1.5748666624173 -0.0447248679799077 0 0.0274454094294263
0.840529739212147 -1.52858091948985 -0.310759818763196 0 -0.0849871419395758
0.75405910898272 -1.48823113963909 -0.0626607669069037 0 -0.0630333102692735
0.741523499691269 -1.66349271982409 0.092270574764926 0 0.175763384388774
0.980126249293186 -1.57211928950841 0.0461507972440784 0 0.227457679635169
1.14156223342362 -2.06939550221714 0 -0.127398329993738 -0.119142569195435
1.1587564563858 -2.77006623342894 -0.352179855212975 0.55931603475992 -0.435680779915534
0.770007603097367 -2.3497616606094 -0.576132135215334 0.655289541606943 -0.568415054622236
0.560420161709581 -1.86762744243218 -0.800565105927154 0.608502054511793 -0.559868440220841
0.234724973952254 -1.45181020604851 -1.09048600797481 0.479851337733649 -0.663286964014713
0.0932028417254903 -1.06916268583844 -1.31163370366744 0.442299284685683 -0.65994647583591
0.0534074463147608 -0.690780664264917 -1.53095283283759 0.498565395603782 -0.53529557435875
