"(Intercept)" "X1" "X2" "X3" "X4"
-0.242361403046405 -4.36013242652089 0 0 0
-0.267916764573758 -4.08015702105101 0 0 0
-0.0765583572576411 -3.60736043651821 0 0 0
0.54880569186638 -3.33704271920177 0 0 0.62735406874309
0.948576194622924 -2.74540410325605 0 0.230874025778479 0.46663832008746
1.18549371420248 -2.26647885414703 0.160252940480089 0.232489078076479 0.263308361512026
0.479005104975748 -1.89243247431221 0.366232366266423 -0.180357867247508 0.295430758873092
-0.00827637735435154 -1.83221952632366 0.672850421266499 -0.11034546287272 0.651932069890918
0.0422303455217864 -1.47169493062914 0.441429249453985 0.253051863067261 0
-0.646016017139907 -1.19280025194524 0.690274185754817 0 0
-0.956081546976973 -1.69589368314411 1.54836878736355 0.29708686377663 0.610757433021768
-1.34837046934256 -1.25712479918333 1.59812851057698 0 -0.124141023133092
-1.58193343180328 -1.31821154344519 1.99217483333894 0 -0.199413643274685
-1.81651301526461 -1.37448253050374 2.28487662959307 0 -0.238584557547281
-0.0482004259954894 -3.78222859892882 0 0 0
-0.206836509542412 -3.58627775246814 0 0 0
-0.0709245412008281 -3.11086685696762 0 0 0
0.262099946779614 -2.6070656805141 0 0 0.253015336801559
0.579975000632206 -1.97679961230307 0 0 0.234565634257765
0.837876144892078 -1.46255657733317 0.0439464906821809 0.361009112949945 0.0497786884031596
0.3915954111334 -1.12065636947815 0.120896659815362 0.0833236733792802 -0.101618367839196
0.0592599275264163 -0.967493071641024 0.261080266997981 0.109928417905729 0.00894765148699914
-0.213922890248772 -1.1519442632698 0.373229994722214 0.432804497603594 0.258007472331205
-0.448728315224682 -1.02538943182851 0.617135150423809 0.375175800724903 0.242728679500394
-0.558793980858437 -1.06706647096142 1.0413356287127 0.455617219554794 0.216257489996709
-1.03877224728664 -0.709429709335611 1.21550289641894 0 -0.209697134560051
-1.30422149350814 -0.79062615434193 1.51891270397827 0 -0.246613354767073
-1.64130218135514 -0.905940610131127 1.70229479948211 0 -0.225884091285736
0.287738544807099 -3.17763082795529 0 0 0
0.0561697522518069 -2.94290985481094 0 0 0
0.20342961080579 -2.35458381219669 0 0 0
0.325424092095248 -1.7961300318653 0 0 0
0.367823207433982 -1.38549813424982 -0.0667466788603595 0.163104735083673 -0.0420705223558353
0.51029153595853 -0.907601439649937 -0.0884171570093921 0.404267391507088 -0.192485222069272
0.350609952733895 -0.549641973328582 -0.142778058700118 0.377409795526038 -0.25999320653396
0.271882518107003 -0.248455760473739 -0.1637143021644 0.310900749942333 -0.392712102825634
0.0135483883764481 -0.405103382609711 -0.103313472461662 0.531736757939265 -0.223811558253086
-0.100492012292253 -0.356339131906269 0.164877024942513 0.507875594225441 -0.121230189057892
-0.509284290040038 -0.10119809702974 0.427182094733544 0 -0.221423946273544
-0.782216687629163 -0.114696098438258 0.751651203846257 0 -0.255037481680342
-1.14633428358667 -0.301528314113022 0.947067594774261 0 -0.237206651623975
-1.57159283392613 -0.565166679995343 0.935837968120244 0 -0.225869970247559
0.70718944825682 -2.54518647966347 0 0 0
0.517370025620182 -2.23076646329646 0 0 0
0.399742104395294 -1.71698785738387 0.236160355333037 0 0
0.344509680902579 -1.11477698391429 0.0415340316932373 0 0
0.409694538875322 -0.767959796875908 -0.19795942127089 0.266427574562763 0
0.549313499397326 -0.381272544443265 -0.33081560565944 0.439711053023284 -0.214770195918024
0.617665945189412 -0.0524745307728679 -0.41650556305531 0.580519905149192 -0.255693401813803
0.292177063244407 0.315254943224838 -0.563932461029851 0.542352120910419 -0.458831029361383
0.202653601045317 0.377448687244056 -0.511053296002169 0.549493548356407 -0.523537054698938
0.232933390198634 0.352044683892031 -0.232831883320264 0.581889157551114 -0.456624508882142
0.0118870166988266 0.32353752238651 0.11999990978065 0.598845790120985 -0.512629963185877
-0.363784785199274 0.27239108073938 0.473719281233022 0.665138108588299 -0.426570887238381
-1.10585690229199 0.149464320560409 0.472702367757831 0 -0.241325411989966
-1.53893882359398 -0.376093027019574 0.373236667849386 0 0
1.2833525131368 -2.20322669265922 0.607365747392436 -0.683247084764045 0.356734158060526
1.02778762085789 -1.35094337526476 0 0 0
0.667222860945974 -1.27697313206177 0.210597049891399 -0.201907245476419 0
0.385912876572722 -0.745390324637186 0.000977171180983811 -0.126024485540899 0
0.17646473666685 -0.322778602748696 -0.302406646606848 0.152563779488589 0
0.550710238738675 -0.0138639353130897 -0.428688879055917 0.381522850046639 0
0.791159087393599 0.253863591389513 -0.63935604654711 0.560676822373413 -0.309536732679805
0.380146677289569 0.661713415347042 -0.857325365426632 0.457912984867957 -0.362887180002654
0.256441815146505 0.97132954667728 -0.662761573635097 0.367023995951206 -0.496530274989185
0.166507541128994 1.09446917582123 -0.337317742983486 0.439393601703431 -0.66201487686834
-0.32527415537235 0.882942679776677 -0.125423764314672 0 0
-0.713101276514218 0.807877979351387 0.146181960195962 0 0
-1.01580251097828 0.460056835264542 0.212702319379379 0 0
-1.25150457614648 -0.323721149429087 -0.0163190863515685 0 0
1.05090376541517 -0.849440074036402 0 0 0
1.04078632081227 -0.827549519602173 0 0 0
1.05271528874121 -1.0887108298387 0.0533173302036468 -0.629735866024233 -0.427057835646286
0.978953254882053 -0.793310794569494 0.0379055113563146 -0.233745717885265 -0.910931924367502
0.665489650985515 -0.634374325532509 -0.038032795278792 -0.0543710192866019 -1.08410344176064
0.529027492884792 -0.142507152429014 0 0 0
0.516658547465956 0.170118576103785 -0.366322606569244 0 -1.01819768610766
0.646445639859672 0.4729120502009 -0.471041690848889 0.211366356159103 -1.26302197797292
0.185498354355777 1.20052261823194 -0.516687056591198 0.224604921198513 -0.388492057713717
0.245614635926113 1.29801136270581 -0.384426943292385 0 -0.49938287689595
0.371366859653956 1.24160156152777 -0.223252168567047 0.405906797432427 -0.786971831528696
-0.408777520508503 0.925918587582034 0 0 0
-0.671050599146358 0.74386803887503 0 0 0
-1.14247663407207 -0.281044601863451 0.0258119947276662 0 0
1.26472297284401 -1.27186153110089 0 -0.490238777972637 0.625484495006993
1.0953891296881 -1.20569777618791 0 -0.444137647690694 0.209017067522422
1.09300669898624 -1.05038295434148 0 -0.288896482262685 -0.222894544324558
1.09463893992132 -0.924767796898281 0 -0.0507006269864525 -0.698885925619421
0.911059423368167 -0.805144407293083 0 0 -1.08891675549761
0.362087028604955 -0.590387629110663 -0.328154941163046 -0.150059420951342 -0.953869222216693
0.936304726843356 0.0209912579480094 -0.404283118618844 -0.00298703364206574 -0.82460692920849
1.10852014987318 0.428502464051639 -0.339046081292827 0.253347201573534 -1.33138024786697
0.941067300050505 0.640945778487847 -0.287648359417844 0.0232049319555811 -0.964254704683716
0.786741480053522 1.25423284777469 -0.327847068551807 -0.292937493551166 -0.456641543389769
0.436817320054738 1.43992618796636 -0.155600515664973 0 -0.63742358389765
0.0539784196043661 1.10060095864281 0 0 -0.360377043571054
-0.431101743685062 0.778934926011155 0 0 0
-0.789193103451326 0.0370968465049587 0 0 0
0.908354036482906 -1.13563339444319 0 0 0.757495149857072
0.96139402568831 -1.12640575668459 0 0 0.357721474158506
0.859022593185562 -1.19223568966612 0 0 -0.241987243274737
0.749629802260212 -1.21033058684628 0 0 -0.914755460573559
0.992936606587514 -1.17409200277821 0 0 -1.38677855543838
0.859653103852496 -0.907666293359869 -0.130366413557379 0 -1.09765146327411
0.452408772180269 -0.382484978136517 -0.25740380667047 0 -1.10117279837904
0.893780106690985 0.108053476715077 -0.128822250673235 0 -1.2312430950962
1.09885336574647 0.464109338874109 -0.152197400979369 0 -1.03986526703558
1.34327233638067 1.08922259217308 0.228002558155501 0.0112750017313275 -0.535482135952175
0.4748437193222 1.31479826636477 0.074532928775862 0 -0.31216176572359
-0.0703662397171739 0.65176466626218 0 0 0
0.0176912861732027 0.690051664288634 0 0 -0.429922456448044
-0.650687715376463 0.0841150284657194 0 0 0
0.926469989898202 -1.06160432824441 0 -0.575550846716964 0.67360793743428
0.447360061457939 -1.10653361224589 0 0 0.105783252295065
0.440448680881245 -1.30880256933449 0.217687746545143 0 -0.337158224863132
0.738951420441727 -1.48385051901977 0 0 -0.875312825168737
1.12342486768577 -1.4339015466493 0 0 -1.34728845728486
0.740016505094803 -1.47104949358224 0 0 -0.935980245994125
0.284793914430444 -1.24993610086629 0 0 -0.976639936083535
0.36242863911852 -0.550341079107975 0 0 -1.06035684966633
0.503971787824792 0.0955130022595772 0 0 -0.790514224935923
0.845997866659982 0.712747910472884 0.207105645988027 0 -0.486847955809429
0.561482694283231 1.17443315582269 0.185838203615966 -0.234308348165403 -0.392311559330354
0.186520376277388 0.939894783795525 0 -0.292294893293234 -0.509116703217453
0.0612100035416866 0.436031651526388 -0.285431925441962 0.359276775185296 -0.144023414031809
-0.0437015206124678 0.18193074046168 0 0 -0.467047933585036
0.118750230789117 -0.952403108246276 0 0 0.355682455199409
0.340026936251848 -1.20472665234652 0.0677652051211126 -0.126584980664385 0.261155045425283
0.397211638059243 -1.47108707453909 0 0 -0.212050311923066
0.512180091206522 -1.84465313579241 0 0 -0.664665809460446
1.11508749894892 -1.84578177112365 0 0 -1.02759337784412
1.13765220986914 -1.87547966667501 0 -0.405463617332661 -1.14177314038135
0.582890301434878 -1.70546610004321 0 -0.342378720581808 -0.931377073455447
0.554906765714837 -1.05409996951954 0 0 -1.21075588640834
0.520328670412418 -0.341969927523756 0 0 -0.755444953852718
0.597635527714122 0.276142294448434 0 0 -0.539906618567311
0.500787050307498 0.717063475254036 0 0 -0.462441553195967
0.256854317567138 0.66917267280942 -0.714720928464189 0.200304654782627 -0.315047379637886
0.0344229639673637 0.608984492767924 0 0 -0.465833365989026
0.0471509058511155 -0.026684341687637 -0.699347146865729 0 0.000836604003431755
0.520777715125709 -0.930460525779197 -0.287441038906948 0.0646904290415708 0.705825024977051
0.190141724421509 -1.37587639327562 0.168032945043793 0 0.376154536896653
0.328187516944134 -1.7979928189093 0.104163516365899 0 0.068306203140527
0.50705661222541 -2.24595700297972 0 0 -0.324301831777404
1.16529421949074 -2.2231794946801 0 -0.34394957479197 -0.596007836398193
1.50502051821872 -2.18881807499411 -0.00640742356570537 0 -1.03055146689028
1.42758049379385 -1.9411857998867 0.338013715090534 -0.345237153291123 -1.28909349517935
1.05585758705815 -1.18959592824325 0 0 -1.09822790398997
0.651819960925842 -0.673715215337657 0 0 -0.891353419073226
0.837557759333005 -0.301778872523577 0.110556035924289 -0.3214936923048 -0.886408233899002
0.48100132039092 0.142496202876819 0 -0.0811715599173135 -0.664796091133434
0.336809621591139 0.423828734320607 0 0 -0.489066766141482
0.0382543304610726 0.426010308772142 0 0 -0.445171334276057
-0.0913709619151548 0.289902601568427 0 0 -0.400947288938609
0.0129145192672375 -1.15988837270638 0.138863666047922 0 0.674555172095189
0.186633000625333 -1.5985552386101 0.116308475794949 0 0.498147904443148
0.48617870896804 -1.96332419326661 -0.243196703915722 0.034695446329033 0.303003233593304
0.740934432320324 -2.49048992298206 -0.0388455039387066 -0.302131463142092 0.213085931348928
0.944462441672832 -2.40238904095973 0 0 -0.402782884463651
1.38425352447396 -2.33263679071622 -0.0448055616855708 0 -0.601031193457497
1.2335452059763 -2.03370040008878 0.0639808288060342 0.0111323606042273 -0.710932584133769
0.913599128450758 -1.47140718642151 0.0355509213768281 0.134885563373624 -0.689869421942566
0.554584769910388 -1.17431898393863 0 0 -0.674088667974657
0.393383882554469 -0.742710934209562 0 0 -0.722325611000954
0.408287556402098 -0.412224810570016 0 0 -0.640120604740611
0.276657416385744 -0.147605012889688 0 0 -0.553288053007537
0.263995953679534 -0.0395172820714262 0 0 -0.470880804531868
0.140625851972216 -0.485567095145088 -1.12867755087829 0 -0.0950792671161578
0.438826790034087 -1.23341656163054 -0.810651486091179 0.473257030757444 0.81884391071121
0.45747038839821 -1.63084027002087 -0.728114330327289 0.457383835618727 0.575299404870837
0.592500401196176 -2.05317757796408 -0.394319046517923 0.256393798675358 0.48040604027618
0.561198246810639 -2.29572821058856 0 0 0.209565408502688
0.73862092499537 -2.46062536812729 0 0 0.0276575636988559
0.93021720730817 -2.29220143576308 -0.385162962452802 0.255948232415508 0.118146416956981
0.889016301432987 -2.05187437355137 -0.29744804084211 0.402347442366965 0.0588061214791651
0.680268401444284 -1.76403005312782 -0.106659920936166 0.358977896561043 -0.269600181984989
0.280011436014956 -1.3954227972414 0.00274180059467717 0.272344612995656 -0.559593683034984
0.107606990008376 -1.05244562943473 0.00562940393930341 0.206787638125257 -0.603406172463308
0.132237821399355 -0.874979479662052 0 0 -0.685750673599932
0.177753503028252 -0.683801677897407 0 0 -0.611579863306336
0.156257441290097 -0.49361421229975 0 0 -0.501825239403627
0.0377742697294661 -0.81931172320156 -0.911384925270549 0 -0.246553964244057
0.353641316752942 -1.82202302799299 -0.532766830311931 0.336506766935839 1.33355915915475
0.337881085177311 -2.13678512168692 -0.394758839455674 0.284579237886197 1.03266120575849
0.42983369844146 -2.34684099855709 -0.404734689230589 0.211770377246484 0.789585236475059
0.432477247459302 -2.29777040822684 0 0 0.43562596709023
0.555281902858785 -2.41078828755479 0 0 0.421044632287585
0.446710852238278 -2.37679884049555 -0.726429469350372 0.550361989025692 0.666472932587725
0.271918516173541 -2.12239156358747 -0.661128310224121 0.883392658832518 0.649477045190851
-0.0278944890614623 -1.87260964659364 -0.416821339038426 0.881525384103067 0.159006980821151
-0.14802544456571 -1.6956436199271 -0.227200468295418 0.609314678075213 -0.313601246959774
-0.288535357788163 -1.38642587926005 -0.305799218997599 0.482541372956566 -0.437660290439032
-0.158856624146399 -1.28480292551587 -0.15785222589037 0 -0.527634400580314
0.0594486268602243 -1.17083621708012 0 0 -0.593748830766501
0.0156233091085701 -0.960479227886244 0 0 -0.550117605619753
0.123014585977463 -0.791393280277976 0 0 -0.445561327209146
