"(Intercept)" "X1" "X2" "X3" "X4"
1.73427655233434 -3.4419709882222 0.446985642652034 0.62412584812731 0.691877257750778
1.55996389615922 -2.99650005310199 0.499017888866994 0.542475220241538 0.494766954917829
1.447218096256 -2.53804562945071 0.544399197460451 0.472192426661566 0.333583424080297
1.33892913267792 -2.10240994617829 0.576910107675264 0.379169789238964 0.207464624464896
0.965482004815508 -1.87675648467907 0.608031175278505 0.177976525256387 0.161947560749579
0.456005121210807 -1.82237820948856 0.748508165251758 0.0693746767149708 0.25947554006612
-0.0446154125465021 -1.72490086061543 0.915171344129047 -0.0310008772072438 0.350917789969124
-0.505082797552158 -1.580628767916 1.07983729194529 -0.140949830610751 0.286227764567136
-0.864929565666506 -1.45437161646009 1.179109898873 -0.235336876056987 0.26142701030247
-1.22064776730346 -1.3521658059209 1.32984859387485 -0.357854479306706 0.221816376255565
-1.263402077804 -1.38325919351431 1.42656233981697 -0.206093256774946 0.199257711693365
-1.16972286144811 -1.20432714589141 1.03163272774964 0 -0.304861074166627
-1.52277856395739 -1.39974270667566 1.12853017455074 0 0
-1.74338676609738 -1.60513503266343 1.38340924985854 0 0
1.66763245498282 -3.22672897715475 0.225585180444728 0.616320913163695 0.620908902840344
1.44045691833534 -2.80976521871223 0.273737100107964 0.54189612912875 0.393998204816067
1.33606472934739 -2.32265153236987 0.300949663998243 0.489118902149631 0.21637495946642
1.21770709289442 -1.84499132940706 0.319246184690196 0.426846589268735 0.0398618216830208
1.01841572008215 -1.41298833410656 0.329566085826094 0.330100181230365 -0.108319920578819
0.633422605336392 -1.20088036954538 0.384743019656885 0.187893259868559 -0.147441876063089
0.262841216278985 -1.12021040951254 0.500100675327803 0.216025559868176 -0.0273518168029328
-0.149131032583348 -1.01297697880617 0.658838405835481 0.147327949632184 -0.0627597560860092
-0.543063583402868 -0.872542565510461 0.786616742800388 -0.0269894872689088 -0.0290001477203873
-0.913214537958836 -0.802074859235903 1.01042269084999 -0.125859815440183 -0.0310147653675262
-0.893408016029964 -0.88066020933421 1.09930407193087 0.0162529841873481 -0.0831959487532763
-1.02679039500225 -0.791689020212419 0.906634226444657 0 -0.350006353585003
-1.38040086427671 -1.06815616832948 1.0773875180402 0 0
-1.58352239976736 -1.20040471022999 1.10076902689244 0 0
1.6590937303966 -2.97639372168537 0.0407780983898163 0.560843939418267 0.584664980706665
1.36317380893942 -2.6111715019686 0.0783787493176236 0.51475087375993 0.316263002585371
1.27728025377918 -2.09622405925619 0.0843155743410179 0.485512158110186 0.132031964822882
1.1712810507932 -1.5866244835378 0.072699903646565 0.457429229352414 -0.0713123071470846
0.992410974537404 -1.12888027056675 0.0514721522719646 0.431556937616622 -0.300225299050815
0.742897885570936 -0.723943091988926 0.0486029387467436 0.409426335768039 -0.485113995941121
0.530476411076699 -0.534704400887497 0.0962255263103642 0.426520799638929 -0.451601551800552
0.231214464025863 -0.453557674652885 0.243906452431167 0.433826784441606 -0.425096057554756
-0.122509607513395 -0.329355828083385 0.421631772901967 0.295783789949628 -0.369777146103848
-0.3938604100805 -0.297037948652211 0.606174081404177 0.217557909805392 -0.37883512163658
-0.579089335587797 -0.355067482092447 0.765291896170408 0.196191989443391 -0.402159335557957
-0.883927327522638 -0.353661732772855 0.746624412207569 0 -0.405999848432896
-1.21041639936081 -0.659956446512546 0.7967659117196 0 0
-1.22917113933608 -0.756902049761609 0.866769334094862 0 -0.339729288690323
1.71762268123836 -2.71613457488952 -0.101044467297457 0.450065784899581 0.604917047596501
1.46768277650875 -2.33434929698217 -0.0749120099863212 0.469910487330308 0.317292231357865
1.24849215494692 -1.86801690721138 -0.0751807525159641 0.46140855571194 0.0633726298250141
1.14190427678515 -1.34441792918004 -0.110113409956504 0.468783151973002 -0.153537196816479
1.01378534004969 -0.864428159904164 -0.183364542093693 0.500843549101942 -0.359732217427568
0.81137825708084 -0.394596819314381 -0.236991828987378 0.547086232871285 -0.666944962794764
0.759452134137544 -0.0449143382459716 -0.1743442357042 0.555233421364632 -0.711428464393229
0.577000070544731 0.066048765197027 -0.0791845707915264 0.579943413694134 -0.768625070553594
0.231693672713095 0.152172140171411 0.107759894389592 0.515680758600531 -0.768550063645935
-0.134065485745803 0.198920772012454 0.312429285957352 0.385672295804441 -0.741973404523288
-0.549830452294271 0.260240834938627 0.448702172052729 0 -0.635097047484716
-0.713500123245179 0.0873458203032147 0.580783812690551 0 -0.544216244660369
-0.852377418746156 -0.184644171849229 0.674720116484764 0 -0.451316527992246
-0.996893752934273 -0.502147088588298 0.723786065067338 0 -0.26900983045353
1.79414438081326 -2.50041037889956 -0.201365439018341 0.253800442883659 0.684856246838776
1.63357741046013 -2.09330990944338 -0.166725514983961 0.329962886226696 0.34734832301873
1.39359449283156 -1.67031763513427 -0.168629032704507 0.397809260016938 0.0456433263115383
1.17740284412892 -1.1930317497889 -0.207788560473814 0.434702200345492 -0.235828739244773
1.00261985792643 -0.718433164511102 -0.249509142411793 0.458004013639175 -0.4766716947732
0.829007467612771 -0.280857289840431 -0.282478892441184 0.492493829386964 -0.768422656588234
0.804884288756127 0.134003498237785 -0.281973721360047 0.558760150918011 -1.03198169389418
0.683140014829803 0.326592341624378 -0.212350427174712 0.567678860210975 -1.11895821202255
0.429778361962996 0.532145532094995 -0.176589607659992 0.575644926173131 -1.09921660284398
-0.24256925209841 0.768278915683127 0.0982717050842919 0 -1.02146215241472
-0.484868845198626 0.682392476647184 0.287393296484163 0 -0.817875132770757
-0.662935367007251 0.428200634055037 0.414979285500717 0 -0.636242194361548
-0.739583087420949 0.0429531453868493 0.473595793772887 0 -0.404405008053985
-0.845249403262689 -0.435552830450021 0.549468807625755 0 -0.0324669602149634
2.10971123837972 -2.35642692824853 -0.174571540503282 -0.0263367962277788 0.904660099194545
1.8580091489772 -1.9660814731297 -0.217844468735567 0.0742831672400988 0.396240083114781
1.59541645798351 -1.56084429079315 -0.184666369038269 0.176195168532563 -0.00420420779208052
1.23746058647414 -1.15623699211466 -0.183595905266754 0.257650253356706 -0.346446876915899
0.894676733267916 -0.736353444315526 -0.201207039507939 0.278110831280964 -0.672193875454193
0.725913726715667 -0.33016524855706 -0.222150753569656 0.338821232233332 -0.936486878234887
0.349954881277011 0.179146299569561 -0.187327179988277 0 -1.2410936975185
0.563921976542204 0.489321686352005 -0.255770283122696 0.364714826879177 -1.4250650224169
0.47614621281238 0.6082952585524 -0.259147109860999 0.541339774783779 -1.47752261892834
-0.146204744996779 0.817183855924742 -0.110235555464931 0 -1.26201256039851
-0.415945998936095 0.810634605388446 0.0586473286755879 0 -1.03517062711528
-0.524012554386768 0.55539520007178 0.192151252042017 0 -0.723951725585681
-0.481153568570851 0.287175036902098 0.242805226555181 0 -0.465388765195378
-0.586946982098267 -0.39966388911094 0.397143601672306 0.063865182008549 0.0291131501787887
1.90805033656871 -2.23902285607338 0 0.0244136036926442 1.10020750741588
1.79705960531591 -1.98629055091332 0 0.166933373299694 0.636180104598929
1.81467050684066 -1.67378039349925 -0.210641387083143 -0.00734814859781847 0.0834575426965442
1.30976150539708 -1.24850415154351 -0.261691931168125 0.0589327638465408 -0.442798543393359
0.813017118905751 -0.812230915478812 -0.275275865315856 0.128669929868183 -0.823661123587233
0.278619423413584 -0.453051126642878 0 0 -1.01182345487565
0.0428158778154668 0.0621331955360937 0 0 -1.30899056284023
0.140492622284747 0.31759223706533 0 0 -1.04179346691021
0.25585755445962 0.505502488778064 0 0 -1.147817118687
0.247007914080818 0.591743660554119 0 0 -1.03955261403584
-0.109639128685134 0.827395825191146 -0.311007372067406 0.256319979878061 -1.14038889891579
-0.266875796883941 0.653283641398463 -0.0778162151828464 0 -0.702796665230754
-0.233195423247427 0.405491004532077 0 0 -0.526478169361383
-0.30913814558993 -0.364003163885609 0.238293863877731 0.0687397839377777 -0.0840737500104489
2.00231823073376 -2.2028854532948 0 -0.322867801724041 1.11551606201976
1.94550010286484 -2.01300698306379 0 -0.189965612083441 0.664862809343613
1.72109971802965 -1.81972215381305 0 -0.0522212789898292 0.193570238876187
1.31789247629582 -1.54586127915682 0 -0.023510031436358 -0.263136545354089
0.787092735675703 -1.14189326601267 0 -0.0124936912904087 -0.673874497002451
0.371430118438102 -0.762501055245864 0 -0.0726022114704077 -0.985275088868937
0.203714378693607 -0.420934563929668 0 0 -1.13862127725823
0.163537861947463 -0.0279266857236323 0 0 -1.14252914566148
0.216736893933946 0.236500717355855 0 0 -1.06780075417376
0.320756257080881 0.399791222803802 0 0 -1.02239865564268
0.227748041963284 0.458652175986764 0 0 -0.828627133158023
0.191591380068588 0.583004816066793 -0.357191185249738 0.386591409062535 -0.772911153938585
0.00819497488625027 0.294028554691765 0 0 -0.521757855201817
-0.05490424374636 -0.128482637543763 0 0 -0.409074038935324
1.85606245793515 -2.14998601550314 0 -0.504737350445063 0.988851991161527
1.75777716087297 -2.0292071904021 0 -0.314786958457965 0.612286815278912
1.55350026562103 -1.85427290896037 0 -0.141257532391813 0.187344424519939
1.13702027257931 -1.61809719250884 0 0.0120454830418071 -0.305791687213886
0.829316636940747 -1.46648093173579 0 -0.0422767525911567 -0.656036544940242
0.621809172610377 -1.1961285423646 0 -0.175755143961184 -0.842358957775919
0.385322761912505 -0.865542900114607 0 -0.197439300348617 -0.933504585275809
0.359532323531592 -0.530031833936789 0 0 -0.952821920906381
0.356970619784113 -0.158669200083104 0 0 -0.980918493658363
0.379531950452711 0.135005555597259 0 0 -0.835045372495417
0.427438943224508 0.244308112455033 0 0 -0.739962947162338
0.24507169727288 0.206808117592393 0 0 -0.56892467742325
0.378499785659292 0.0408185759115245 0 0.308596431348345 -0.520756205688714
0.256379236365543 -0.225129509814331 0 0.278654742938415 -0.446266164871049
1.60160680321746 -2.12826843615113 0 -0.523291706851937 0.879685086166722
1.45279675226023 -2.00080706757138 0 -0.288711108345483 0.503922764069711
1.15498216684982 -1.84584089366352 0 -0.0687965783902337 0.0594881396307304
1.0453311914718 -1.78762130741276 0 -0.0529841237465447 -0.278699640085557
1.03681473693532 -1.73415408554978 0 -0.134402401111649 -0.526012589438467
0.888370193982044 -1.59792883810051 0 -0.216917779891618 -0.69771059083985
0.698503794957422 -1.33583215761548 0 -0.189743950519728 -0.770458991716724
0.573065073234984 -0.986136145483677 0 -0.0527123444191818 -0.82245322527904
0.572066544521436 -0.649590650664634 0 0 -0.757798001213898
0.593212674942232 -0.278320169854063 0 0 -0.6776610983249
0.587929450471985 -0.0383742046479745 0 0 -0.588981552207582
0.511679546954554 -0.0610545132353657 0 0 -0.537777597448336
0.34693999215839 -0.135281748566195 0 0 -0.470582487022711
0.612425670984973 -0.453704620886252 -0.544471447786759 0.681980541433608 -0.255922231915619
1.39655251052542 -2.13046521116865 0 -0.514432436911165 0.784994974683621
0.715838132244151 -1.68441072845607 0 0 0
0.743946820351737 -1.88065668012765 0 0 -0.131523079250552
0.808075640543681 -1.93166695674486 0 0 -0.276061996876172
0.922010955180177 -1.93557558310909 0 0 -0.387585944696176
1.08916249143371 -1.88993427119141 0 -0.303269978050778 -0.516076064042938
0.901799129880785 -1.7485152165713 0 -0.240617641996437 -0.691436954728259
0.848813121566671 -1.46029307999502 0 -0.0826314560425075 -0.730867031522637
0.748709311054998 -1.07959492499193 0 0 -0.646452158239062
0.755075827558175 -0.732330871287275 0 0 -0.536768441172254
0.748203789005641 -0.484940856875642 0 0 -0.474913121682567
0.697751529674655 -0.393391144430839 0 0 -0.466273818020932
0.537011614296397 -0.368989985603472 0 0 -0.475108750841303
0.34192759008877 -0.361795473994276 0 0 -0.42682155166153
0.560692655602293 -1.75776684882953 0 0 0
0.821887132236845 -1.98174759874706 0 0 0.123496116270371
0.807594239067929 -2.01723494228977 0 0 -0.0496627683580013
0.910506245899845 -2.06882415680903 0 0 -0.167622157799841
1.06573772976931 -2.09731237874646 0 0 -0.271275013899207
1.14025519002814 -2.06619799150251 0 0 -0.377752789639291
1.07101628077337 -1.97336327071721 0 0 -0.495503784986502
0.908995917824883 -1.79397289305779 0 0 -0.60803173811864
0.89782600366296 -1.46313288744238 0 0 -0.615557800972435
0.893809741809172 -1.17339850970501 0 0 -0.484487377906851
0.90469186743692 -0.916453564805364 0 0 -0.382154713059827
0.832107221893188 -0.731348303743576 0 0 -0.396518720706974
0.821365190628875 -0.939650965787072 -0.686920318722327 0.505675488049698 -0.0734267753906666
0.485142433897888 -0.525781260197649 0 0 -0.42703232734611
0.528403232580795 -1.78173537530561 0 0 0
0.816726948088208 -2.09499744780221 0 0 0.14714206263164
0.893942314535907 -2.13520720901107 0 0 0.0262279716126511
1.03579013008111 -2.19228589340081 0 0 -0.0646154067131813
1.18340771024553 -2.24817482260504 0 0 -0.163909073170411
1.25064476759568 -2.22098850696136 0 0 -0.266323820903733
1.20688389919651 -2.13130361458633 0 0 -0.340566616896793
1.06543800854268 -1.9562236229194 0 0 -0.432987342300983
0.998700428568711 -1.81933804068856 0 0 -0.528215211680375
1.04309885651295 -1.50032950896294 0 0 -0.351484553867189
0.876641533417785 -1.3730731794499 -0.291129670572578 0 -0.381490815674815
0.861247167014775 -1.18658467151957 -0.312063801947735 0 -0.295002204524837
0.799607083475403 -0.85513510609722 0 0 -0.374194370649672
0.570535618635845 -0.694144013291942 0 0 -0.391372897199522
0.789259325249003 -2.23672793868541 0 0 0.317902273689557
0.855547686033908 -2.23575415707245 0 0 0.195187074891161
1.00391857346027 -2.26370044563679 0 0 0.115963931564643
1.15527778349259 -2.33078487141578 0 0 0.0393032161127086
1.26088653814101 -2.37005072486973 0 0 -0.0863276313625142
1.32505287003349 -2.34379929714091 0 0 -0.170129310738229
1.2569725854154 -2.26667208620742 0 0 -0.198745147532908
1.1871766525768 -2.03087441554311 0 0 -0.328859517357692
1.10340655913827 -2.06502031584119 -0.309773609224137 0 -0.17523256856739
1.03843735269299 -1.93639826186296 -0.237489894955524 0 -0.399132733653926
0.967807687493767 -1.76637111188075 -0.306694509277036 0 -0.365184581057362
0.930381079196581 -1.59119134785596 -0.389405577442211 0 -0.252564479171994
0.870338192415055 -1.32853675175697 -0.317991630711571 0 -0.154657937970067
0.708571817323566 -0.888667399104854 0 0 -0.357022851084255
