"(Intercept)" "X1" "X2" "X3" "X4"
0.736098527260209 -2.46192351946742 1.41472359183257 0 0
0.193025717317461 -2.65548014491464 1.55127588953024 0 -0.306431503539992
0.187039485972552 -2.48622322451837 1.32103360432734 0 -0.358090556037119
0.485480239799812 -2.15300006883657 0.920988341307852 0 -0.264887626824149
0.783093526585769 -1.83366727492482 0.495506033847301 0 -0.0719543951851792
0.857522511203466 -1.44128945635458 0 0 0.216657749842418
0.922727205416664 -1.51982076533861 0.281092933656602 0.41044710542919 0.702423039341549
0.53537132685502 -1.40078001834274 0.447537421323696 0.477045475802662 0.720109918938451
0.138353220968966 -1.20732778455944 0.635971377029442 0.521804620971256 0.67303080985627
-0.0781332347489454 -1.06935512952861 0.857234420700992 0.604959067556536 0.329088869927856
-0.250452255547589 -1.04351110951834 1.12014692874864 0.664913980128398 -0.0877685888831434
-0.295053959171231 -1.01357541790381 1.34377741264248 0.648641303436239 -0.70976281530595
-0.925685684037429 -0.435948531108957 0.953232099030343 0 -0.508454093234622
-1.21615445887069 -0.389716179592626 1.06470234166756 0 -0.581808148707078
0.0868222611576424 -2.57071213384334 1.72024238402442 0 -0.266584379229713
0.218953683573669 -2.34627302490156 1.42071008219278 0 -0.335045543492055
0.660287919324917 -2.07393852068053 1.10085392955813 0.31246062343762 -0.233577432789197
0.371499333791044 -1.85951077275745 0.851250682708636 0 -0.400694624074219
0.653660068997716 -1.49390943070312 0.41561295739373 0 -0.371099181143999
0.786324765238032 -1.11696187924662 0 0 -0.0588090970155326
0.904854562540992 -1.04506748838387 0.0754505208200199 0.418047194512903 0.0893937987111304
0.571036149777107 -0.94347561043211 0.239487155921155 0.556208182894638 0.165529112131326
0.263156200368135 -0.785809052734411 0.419104960464378 0.59706795033245 0.0808964562683601
-0.00408226819696941 -0.704385291785474 0.71076756802613 0.665122842193218 -0.0754040351512033
-0.112091952967537 -0.744921689263361 0.997548448888941 0.718538429558291 -0.535030311261392
-0.179755776584708 -0.662752603811867 1.18974232133839 0.646585569266305 -1.06806675850218
-1.01054960276955 -0.164441167877002 0.834191266589929 0 -0.486602492194107
-1.29508531744506 -0.156600942877795 0.87916564413232 0 -0.522651298759761
0.609521934820735 -2.1496789268626 1.15833042155775 0 0
0.0930678284170189 -2.12928183194693 1.27806368848804 0 -0.403532759232201
0.374794413249054 -1.79364398968484 0.923474827006357 0 -0.326105795562445
0.804159712108678 -1.48819403625609 0.565188852144329 0.29545342680527 -0.272475265161464
0.605393380486078 -1.16837418692548 0.298105770268767 0 -0.378927438000097
0.750331347630122 -0.806740595860486 0 0 -0.220304332557951
0.707485557011976 -0.50255477205922 0 0 -0.460134321341723
0.600176549672211 -0.169519022789241 0 0 -0.64082988764468
0.310789263674425 -0.323583216979595 0.235216234038193 0.626470468181839 -0.351365342970184
0.136576172365487 -0.288704509659603 0.486003546923623 0.670201434118478 -0.627290948952437
0.0322019108737628 -0.359596282076921 0.849962507980153 0.705478167105185 -0.989168867013935
-0.166906811261914 -0.289517777246181 0.999597247324314 0.594062551598746 -1.20126143695559
-1.01285568934154 0.0372055882126504 0.705681428819501 0 -0.52536116512545
-1.25573563735963 -0.0146559945346894 0.741917510589791 0 -0.529691669198229
0.527055838372506 -2.03819157830219 0.932476614404076 0 0
0.153697512687279 -1.91881012974805 0.98903558255136 0 -0.329068450190391
0.286536999359029 -1.55698092647941 0.697383063482962 0 -0.389283081586447
0.484702026211397 -1.21018949452994 0.435234784475397 0 -0.269358861385589
0.885062547439265 -0.918390029476549 0.123879754609776 0.318983252258379 -0.288609120963094
0.700908300450705 -0.584676630742826 -0.103371353079394 0 -0.471814063345639
0.723609786414134 -0.270275343463236 -0.196111984041678 0 -0.718478338737171
0.604051231088874 0.0757312484158176 -0.229631975573801 0 -0.997861682909888
0.366851410855867 0.330041881869 -0.141419324370361 0 -1.09437275067646
0.24174896164139 0.152276452750314 0.299589633441627 0.606451332604352 -1.00609897160036
0.111585437281454 0.0907956492213575 0.705464052219263 0.610246298421264 -1.29318244788251
-0.677388468398041 0.319237837419648 0.49082607038274 0 -0.638890462071776
-0.931360778296179 0.199436059231303 0.584807584403775 0 -0.614954177239651
-1.22882651973743 0.122043842441495 0.611052807269202 0 -0.509136702718732
0.538002831405966 -1.8243529143585 0.831045934974311 0 0
0.25522202606052 -1.79171131954212 0.709159195560369 0 -0.121372350882119
0.332009373668553 -1.42318778782627 0.449616877186798 0 -0.238197641939871
0.396749675312992 -1.07219018436536 0.226190333252416 0 -0.295789178157189
0.559080105832803 -0.808828470497778 -0.0269094605736139 0 -0.284789573070379
0.708556382438878 -0.46884228539426 0 0 -0.436820273987662
0.651092561458789 -0.0741791278412823 0 0 -0.804373060506449
0.489069396847992 0.274232848434444 -0.349417792819495 0 -1.10837116860877
0.346952547102695 0.534341353175485 -0.16890842209245 0 -1.0660284406714
0.291165704946178 0.603928170383502 0.112540861595977 0.438783786299227 -1.16831083144641
-0.116146882731395 0.550637828289354 0.411198335692833 0.497280554781927 -1.18438274731568
-0.530219288799176 0.338660406227179 0.580688343743778 0.516541968361332 -1.02749799356969
-0.704722647984565 0.0130106755077294 0.688339236043106 0.504760899339615 -0.889121945110004
-1.22802175594688 0.110231887677822 0.483806928036697 0 -0.386913373099116
0.847622729320345 -1.43538261221715 0.733725896108109 0 0.49072275547004
0.652037519118536 -1.50010966646724 0.438874525561475 0 0.255776341106393
0.580217977934298 -1.41290030864086 0.164527761358933 0 0.0692572056060018
0.655160039815306 -1.2516655535919 0 0 -0.0571797621733579
0.408801689789025 -0.844205572490026 0 0 -0.517700684031962
0.119408124913111 -0.233940762316098 0 0 -0.920958563331634
0.245283728257577 0.176038233624885 0 0 -1.11848609757883
0.400838428224403 0.388220153101386 0 0 -0.947533996111052
0.318357197780235 0.626712608910764 0 0 -0.799051533602735
0.0322156431721718 0.94195858628676 -0.0320593047543051 0 -0.950202147738275
-0.299507443160737 0.812128101343926 0.0835482884788891 0.467440009100057 -0.889511903053795
-0.579569228595506 0.508209976014409 0.269440413025883 0.491405680260783 -0.751332104174817
-0.73217644034094 0.150101346113864 0.371503819625379 0.465785957093481 -0.646365374436332
-0.906102908775591 -0.191050866470216 0.447199295015925 0.447995999267456 -0.416840261526771
0.856366712559788 -1.33961883178618 0.59880834643682 0 0.706165380496711
0.574250035434878 -1.46768808980717 0 0 0.359040293437079
1.13877195639014 -0.947578877733897 0.500626532465289 0.582503134189758 0.53528150341728
0.27070589888039 -1.17433357544112 0 0 -0.397652394072152
-0.121478071043771 -0.651490573759066 0 0 -0.808693941760194
0.0393053259884672 -0.354771520912644 -0.290846441094641 0 -0.977695948088929
0.207966147450246 0.0655196735616006 -0.180031830062149 0 -1.33388758021728
0.307107511569344 0.502042053056785 0 0 -1.15953682519684
0.296616661941977 0.590387984858888 0 -0.0938861970996854 -1.12491739564668
0.117040049214771 0.854110571832031 0 0 -0.849039930386088
-0.215647985362591 0.855906440696441 0 0 -0.492741308291084
-0.372557077080595 0.669383309702219 0 0 -0.271335064226796
-0.765787351302089 0.48323351493764 0 0 0
-0.98929900320878 0.491276330675493 0 0 0
0.104264876883609 -1.58686273219936 0 0 0.408517641544086
0.226963196660809 -1.58611933060524 0 0 0.189629780439668
-0.0273121828673077 -1.21483276606401 0 0 -0.54642882878323
0.0432018311701015 -1.25085017911738 0 0 -0.710859939886516
0.0902490891712533 -1.13676916861385 0 0 -0.773906172289439
0.419324131085627 -0.840152843744492 -0.0684056361719275 0 -0.891806126387265
0.430961344347415 -0.22507898199296 -0.0220105383692665 0 -0.830058455228996
0.262271416997512 0.177158640029536 0 0 -0.731131658277304
0.0732493885192079 0.534425207611433 0 -0.21074744658845 -1.20272961419084
0.114375780327949 0.704286554272533 0 0 -0.74147019259706
0.0865199627278282 0.979341088844158 0 0 -0.52933682387473
-0.265034744213461 0.828852350975543 0 0 -0.174095218226798
-0.498243429655854 0.620830540318332 0 0 0.0702469717286882
-0.707016797282552 0.408755179116736 0 0 0
0.000803961157663395 -1.51403073179206 0 0 0.4166656151888
-0.0531075870078416 -1.02982650622256 0 0 -0.317645871085396
0.0889048419590615 -1.36109960198846 0 0 -0.482023747814248
0.144779336488362 -1.65074588823971 0 0 -0.726676820503749
0.494299624760851 -1.692383736165 0.123618212422462 0 -0.915664672313735
0.736567114042579 -1.37552893801315 0.108945342929323 0 -0.969734336929947
0.591732029095617 -0.780018202699582 0 0 -0.933069989020261
0.370994775264556 -0.263605053989408 0 0 -0.690891789045169
0.188443163301341 0.0618737182573898 -0.174064904710034 -0.214546080579733 -0.952376966685007
0.447122062279804 0.513270445148631 0 -0.235149568602989 -0.670510591751361
0.471008921738547 0.968422429214361 0 -0.3340821163811 -0.369805171547568
0.170242628211863 0.682644096485902 0 0 -0.179725838851562
0.157993454257434 0.802201885474668 -0.744326140945847 0.330391907410449 -0.00597385334847763
0.00473792061296858 0.471780077176634 -0.817745621040114 0.811979337262816 0.471419021163623
-0.0708894575376725 -0.745526106889443 0 0 0.0618650121810067
0.0393200605577128 -1.10992256413404 0 0 -0.113091840760449
0.127985280261899 -1.50636319577153 0 0 -0.319847561562577
0.476498467107383 -1.88207782110868 0.200772202892136 -0.043545497162963 -0.704782458033364
0.899557928856764 -2.11917370487545 0.152529495793316 0.113767910488323 -0.927948516621689
0.863337794924238 -1.97614985641188 0.269391221090699 0 -0.789613335458784
0.719475861860899 -1.35882953614144 0 0 -0.847587971119788
0.541962875120002 -0.860546906309225 0 0 -0.804644342307498
0.339286411357629 -0.482860849367963 0 0 -0.712182559918843
0.701423570428224 0.0813758006948841 0 0 -0.229367562466589
1.17652288041177 0.483803115096866 0 0 -0.0527195161487268
0.972535092786845 0.504305228744629 0 0 -0.0585938612672028
0.569297492362572 0.636682609467857 -0.721449496057015 0.155634113662791 0.243147684888988
0.514361553204331 0.461379595418906 -0.853024040963745 0.540858513634929 0.626100994057279
-0.0657951366140307 -0.855352429989572 0 0 0.102777155921024
0.232748233858681 -1.10939213952978 0 -0.308037475701006 0.0373792961551799
0.274043871847319 -1.54274905582294 0.216174720912917 -0.283801050316708 -0.218761813701237
0.415998926165009 -2.1229730256551 0 0.0743473473386701 -0.529835206750097
0.555159883968822 -2.44528120131589 0.242294446298184 0 -0.639468947512816
1.31717335451983 -2.36519060005109 0.392990896543945 0.0414411343865253 -0.681839865835368
0.834349102159858 -1.77904229193947 0 0 -0.959712873898343
0.405698550392214 -1.42819720479763 0.052799486033461 -0.231635693858024 -1.02446529504872
0.362033847992872 -1.10816654639465 -0.101613365508108 0 -0.748480277013008
0.951352871825147 -0.654984772751355 0 0 -0.357685568538429
1.27575861183839 -0.175522888837161 0 0 0.0616023510396587
1.44643111786324 0.0685314786511583 0 0 0.152948534452979
1.68920776002014 0.0778192310845177 0 -0.14179407730327 0.344447772623079
1.31792135116607 0.0269836447527225 0 -0.162336344052498 0.249429182401824
0.202936072420647 -0.780446700685104 0 -0.476554071311988 0.453145856604292
0.241293688810482 -1.19609007343606 0 -0.277536559636567 0.143813563277667
0.206148499223186 -1.71865705652287 0.183150894230136 -0.0154319329833958 0.022553070924546
0.208348512625552 -2.41540668024474 0.333367801031984 0 -0.168428952901353
0.651740133088633 -2.50484264282408 0.269230409767123 0 -0.446838463538278
1.2027450444258 -2.29823797698633 0.352848725822094 0 -0.580146270455375
0.933411094218112 -2.19683501601052 0.177817669278013 -0.0404228765162694 -0.439246535261906
0.472854846488933 -1.93292444851889 -0.0366110306292848 -0.180060120965786 -0.733797134704533
0.662251284888474 -1.72130914649001 -0.124489528441499 0 -0.574974587304655
1.2019722319622 -1.4312510497868 0 0 -0.226804718496733
1.4837145779632 -1.01235650254816 0 0.0314946480609555 0.172841245363464
1.67208989000118 -0.599047663728703 0 0 0.329380937498124
1.9099432546071 -0.361377635311496 0 0 0.644242692846164
1.80850473956538 -0.193022583354938 0 0 0.783308356127099
0.0505834732729894 -1.1379480727717 0 0 0.256534810874027
-0.0387875055430024 -1.58911914620781 0.277047365356651 0 0.445842142525791
0.299367371642342 -1.97743489317809 0 0 -0.0173339705776856
0.597339580218625 -2.22653499751287 0 0 -0.271997058591663
0.695851786591066 -2.44610649341705 0.261660778699593 0 -0.274564459432334
0.966472879464188 -2.26407681039426 -0.0383453648746642 0.334307860736131 0.0871399345466879
0.78909374179468 -2.34424398199613 -0.141749773074735 0.227345185680326 0.212753827673486
0.665099060125575 -2.27481729786034 -0.28823879286059 0.17794724187443 0.0843175398333556
0.648935546260399 -2.27833098980886 -0.414616592786733 0.0253431763878735 0.0252377295233719
1.39828428362119 -2.14537192578416 -0.359363995641252 0 0.457554640052292
1.82287881526757 -1.79216654991937 0 0 0.399557731318769
2.00749172688287 -1.35375674576944 0 0 0.652832657516128
2.13940711010681 -0.950432311995736 0 0 0.889208672025675
2.36779789890859 -0.592345513638122 0 0 1.39498352555181
0.131503684767754 -1.4001105538664 0 0 0.533791852020907
0.246713569261655 -1.76942536818324 0 0 0.352440535181408
0.432895745902528 -2.08254464749696 0 0 0.143991366615202
0.669493108119095 -2.24963889937331 0 0 -0.116549926656972
0.647925568123003 -2.33137267475435 -0.0541136773007835 0.22925170013645 0.236129455163584
0.956169983966077 -2.11144400589612 0.3534704134366 0 -0.17633853490922
0.523291849808633 -2.41922383504468 -0.456407309183627 0.499312678158731 0.772297113254879
0.579559148428036 -2.5428253345235 -0.67128689077359 0.551593210737957 0.96373089234126
1.22501792059476 -2.42067102078517 0 0 -0.38784651101601
1.84366461526008 -2.62297748899284 0 0 0.29272404791093
2.15442782360146 -2.45220378891865 0 0 0.683024092083909
2.34335708326195 -2.0868548067887 0 0 0.962409747327283
2.43071152051838 -1.62218971494162 0 0 1.14666864091755
2.64394372464302 -1.09507629052568 0 0 1.64540856148806
