"(Intercept)" "X1" "X2" "X3" "X4"
0.934767969295945 -2.08384423174918 0 0 0
0.759954483418467 -2.52997985331891 0 0 0
0.623925833592504 -2.75887892120409 0 0 0
0.71392835427253 -2.33036757611714 0 0 0
0.73622817046632 -2.33078306292884 0.290030572122472 -0.0212256190070544 0.298571931970347
0.571319631091294 -2.11938954410611 0.377573426876641 -0.0516770497780348 0.394482177270339
0.364067336778516 -1.98466838934423 0.529514571490669 -0.00280621033032348 0.470380563888241
-0.0878455592603001 -1.84563068937076 0.711956128034429 -0.0961636876008871 0.47368116617132
-0.368824443322635 -1.74070455566108 0.886271801488894 -0.0544607780551334 0.536274303092503
-0.591134245590012 -1.67218555027015 1.08758766078373 0.151606086361301 0.53728072634222
-0.853701301536665 -1.5764175670494 1.35891970568815 0.29965594561704 0.448589687869039
-0.885850363442679 -1.62140671588919 1.7110481097279 0.292793321419713 0.268724723529553
-0.965154973890938 -1.61339224135028 2.00763239918158 0.331733691766977 0.0788523466480162
-1.7785266582269 -1.09653640396676 1.58662936474503 0 0
1.15239095548306 -1.47014184015864 0 0 0
0.911804710336005 -1.86963471086861 0 0 0
0.653765377611909 -2.2384447864193 0 0 0
0.673147197779715 -1.93271427088571 0 0 0
0.674725556166406 -1.81905444118716 0.168046005972264 0.131364117530784 0.161019806629359
0.621494428007757 -1.41572061532671 0.137342311735605 0.10053102564678 0.0806596187109838
0.429399577319717 -1.19101538565931 0.239216946941752 0.127602246194943 0.0930945788802912
0.0201357456188734 -1.12800866074181 0.404960775026504 0.163335069733952 0.140980579039607
-0.183095975464132 -1.04601565380545 0.495632849601966 0.208484774718251 0.182898522480255
-0.345345108390469 -1.04557129029756 0.620395640376452 0.366797750429412 0.198122589025902
-0.491392552244323 -1.01797228937339 0.942008889584024 0.369202669063807 0.122853814543291
-0.59724327021982 -1.03049764998779 1.29967991824436 0.392686209666998 -0.00345779546024471
-0.684898876610673 -1.04580249772605 1.60230855610818 0.4138007924143 -0.161099013698215
-1.67664541228481 -0.664785451131612 1.32424593522039 0 0
1.17843421748027 -1.23124816474658 0 0 0
1.0628539622536 -1.38573052863724 0 0 0
0.84665177121274 -1.5689805740137 0 0 0
0.568864538446384 -1.80886199332016 0.178953453143298 0.102676733770892 0.166136214579527
0.630951805896136 -1.35114215679929 0.0228788196932342 0.241777335490625 0.0305389029271627
0.659894275039609 -0.890275863481111 -0.0655757274163379 0.28971597913876 -0.0795706548117156
0.575113458472562 -0.478635718804801 -0.0965908057379162 0.269353932135771 -0.181806184130488
0.207631872170952 -0.405254189635113 0.00447321179961186 0.388541821377529 -0.193538665054027
0.00268563591547369 -0.343956443584676 0.0576150393223813 0.431366970132964 -0.149039576637231
-0.0750777291987801 -0.395372126571938 0.168376463288074 0.447630116581202 -0.11298293371901
-0.202975945819459 -0.401929384738699 0.518294728271142 0.460494262440793 -0.177139848938691
-0.326729334252634 -0.434393856648826 0.875736797766893 0.469411673842179 -0.2758877769236
-0.968492669219105 -0.249583434325076 1.07092400930427 0 -0.334215701009483
-1.56409488494275 -0.360451195647492 1.09517543721381 0 0
1.10692297000069 -0.978723543606818 0 0 0
1.17962004647137 -0.949925207912579 0 0 0
0.761408037264001 -1.42035312648184 0.266769030022991 -0.137980181740433 0
0.70346711903226 -1.18516282200139 0.0930956413105919 0.0527965909191836 0
0.735854994044008 -0.793830675059001 -0.113708314710934 0.258516613867575 0
0.775043747549581 -0.465377773462701 -0.281058987324514 0.426287460419516 -0.18472810526106
0.744422421055286 -0.0724011265603712 -0.379122602706014 0.416762658368663 -0.274601885305051
0.511655291086425 0.200227708954012 -0.400505261476594 0.450788192942196 -0.299581854978511
0.177243947078186 0.356509182523052 -0.398163251302512 0.491033134780362 -0.347137032420874
0.0883347045171093 0.26955731585703 -0.136007104341121 0.482614360869323 -0.363395319942575
-0.0269803050798732 0.208255123003734 0.185073717935911 0.456724778147431 -0.349772833587276
-0.594749666266597 0.304538806388616 0.483070815889434 0 -0.317973833422335
-1.0932830525401 0.0953283012652559 0.621355692976021 0 0
-1.42977875333646 -0.0566181399819497 0.710322354572548 0 0
1.43403021421361 -1.52974532463272 0.411358554163379 -0.847000033699133 0.737843491579199
1.2408241269162 -1.37543141171295 0.368043889162058 -0.629686197560789 0.31035928522324
0.952435337335936 -1.22683523127154 0.271539137484548 -0.459161736613148 -0.0729125760450895
0.855660389857083 -1.04019754258648 0.0924002014413633 -0.232369730420547 -0.303721068710358
0.903366964886088 -0.800996361406472 -0.0549513754172333 -0.00974698841970016 -0.459545347896356
0.910557136319438 -0.396208175275079 -0.203176077635874 0 -0.425972684495779
0.973402089181441 0 0 0 0
0.655447094453346 0.416424648170927 -0.507163173898848 0.303027336159921 -0.480919541953071
0.291276499884488 0.80668950016941 -0.599839085194304 0.376377061372826 -0.345672328930655
0.0616617915867845 0.829090289916489 -0.2487524064101 0 -0.393867816377429
-0.42057615998385 0.721398292106882 0.0533037029359272 0 0
-0.773427979075543 0.582467595117237 0.297856781936201 0 0
-0.968941419670606 0.274993873979115 0.417919985681629 0 0
-1.20627503211108 -0.0113981059454842 0.445742875472383 0 0
1.55234012242437 -1.44552468964303 0.179404721134173 -1.03225902741005 0.764956970579076
1.4414261207544 -1.26462405393687 0.153858076795686 -0.761858915403055 0.260697122802019
1.22367740928877 -1.08958109389884 0.136779919492515 -0.518337724965962 -0.261641360594123
1.07334224969269 -0.906319969049788 0.0917177650631585 -0.267794169652386 -0.643663888062724
0.966407821384317 -0.721040847234376 0 -0.172411305679307 -0.743786838396748
0.839611457064009 -0.456521817743028 0 0 -0.681288186602548
0.905623437171326 -0.117656349247241 0 0 -0.77665732487301
0.821225902776959 0.260443491176258 0 0 -0.875471438976091
0.625926670809368 0.570311447405972 0 0 -0.687357257771142
0.242427996333158 1.04769087053439 -0.35688253119111 0.228622452709692 -0.640414329734934
-0.164775055800849 0.760384898551651 0 0 0
-0.39681761795421 0.854021761183188 0 0 0
-0.760930849318896 0.509396328871737 0.188465971207985 0 0
-1.06865285383718 0.30136162845414 0.252422555740734 0 0
1.01919217589873 -1.26931537337208 0 -0.820093039692428 0.645396226963839
1.11997422402434 -1.21053719140187 0 -0.562829270634048 0.186365454555218
1.1812523244579 -1.11277980852807 0 -0.259522522661155 -0.244794304734383
1.20316582814323 -1.02782419218295 0 -0.161138018641042 -0.74458279622914
1.09819079615323 -0.821100646505023 0 -0.204170427168319 -0.934406189237541
0.671258928863005 -0.564184179978267 0 0 -0.79813311019002
0.62854077326832 -0.196030284102533 -0.25493172619964 -0.230990362226291 -1.03852377043972
0.628933147289187 0.258845397139029 0 0 -0.893640857704332
0.819424709703666 0.535301232758417 0 0 -1.12055615477543
0.576802510365862 0.812659781947736 0 0 -0.821479346096579
-0.16900064754836 0.854182233255614 0 0 0
-0.231662719882647 0.736152490998248 0 0 0
-0.441002107302571 0.770128743587532 0 0 0
-0.838484396563453 0.268066629206178 0 0 0
0.994712502858997 -1.28130024860728 0 -0.90954692704407 0.76797794778842
1.06307410426624 -1.25046229276257 0 -0.706733882412387 0.203777691635786
1.12532008896353 -1.23192681085289 0 -0.401004568344534 -0.309242309781255
1.19273750385163 -1.19359517916469 0 -0.166176211842021 -0.827681286452929
1.04110538524088 -1.07658427276684 0 0 -1.01255196428575
0.791250595553534 -0.915996929070058 0 0 -0.876636654708443
0.458251006376805 -0.517951933481882 -0.257540253798654 0 -1.01477185073893
0.536914905315558 -0.0401089019694929 -0.177649797718394 0 -0.953477940255836
0.857702181279601 0.39077920760889 -0.227733684619984 -0.0707875408570737 -1.20648864846088
0.95634957016566 0.758220052514885 -0.0901954755798918 -0.166316361622738 -0.926540367191074
0.535190577629841 1.06302258934436 -0.194954441499122 0 -0.685211699384692
-0.127080755788977 0.479383584244381 0 0 0
-0.396236113278423 0.629967668958455 0 0 0
-0.706152316890537 0.590758428523734 0 0 0
1.03136482726904 -1.31722779721662 0 -0.845266011512109 0.856898240839509
0.942824940419336 -1.34612558469163 0 -0.656378021633918 0.308561910152926
0.914745612199105 -1.39922769273605 0 -0.474788339046372 -0.249125672677712
0.941923301370945 -1.35669241663558 0 0 -0.753510144512309
1.12054618159122 -1.41261520135514 0 0 -0.966235914757208
0.895639411387818 -1.26700590644309 0 -0.389341856515065 -0.920445338355671
0.569576114532784 -0.930120718532903 -0.0668780229345603 -0.336012342894094 -0.84003915876831
0.389128158681633 -0.603456479026886 0 0 -0.636725527933432
0.774260840676135 -0.0115976151688755 0 0 -1.03387637615729
0.715019578755755 0.494590949769368 -0.189185066294385 0 -0.85302401584666
0.509956908944514 0.876786584411908 -0.156585079602207 0 -0.627734112760933
0.0788231595801801 0.832628322028295 -0.134727644260755 0 -0.433145892027943
0.0872605779489336 0.722210711667196 -0.182249317122805 0.328049961532538 -0.287590061765075
0.0456306792494897 0.437131065205787 -0.265047782655263 0.66303545119457 -0.191249459068274
0.914338715413506 -1.37199609836708 0 -0.614620161937431 0.98202465106038
0.571943746679465 -1.37174252980409 0 0 0.40833542985369
0.633580528802687 -1.50911267313842 0 0 -0.0766916289972657
0.854092185781323 -1.67253068985177 0 0 -0.450473082658725
1.18618237046848 -1.74076080071007 0 -0.4326303393739 -0.750405971629418
1.21022108969181 -1.6777356363334 0 -0.547126261696644 -0.891561080690823
0.971540500838674 -1.4338473764696 0.0363419998969626 -0.35701172013201 -0.907097263329271
0.680598027421576 -0.940341189531467 0.0698110155802633 -0.175928083940386 -0.926826830988342
0.567338867633268 -0.360791878355226 0 0 -0.851624872883409
0.61636156177583 0.100905593914416 0 0 -0.6350597570313
0.524491492074896 0.396083489733072 0 0 -0.584965997109187
0.139489946598943 0.50873903843176 0 0 -0.380901402926864
0.0713015693259427 0.530975406149737 0 -0.202364518075349 -0.501424671337506
-0.18571960195881 0.42739231660238 0 -0.13031001820832 -0.436705046474948
0.396316096439838 -1.38231049937087 0 0 0.796908565672255
0.409225501120175 -1.53711869539141 0 0 0.381886401018996
0.80710088309134 -1.90629440318896 -0.0690368042911489 -0.435060295817823 0.324097785782956
1.18412462130757 -2.06527693564306 -0.0256210905656681 -0.561618236267431 0.0275096073221722
1.47607752871517 -2.15088478574842 0.0314202199443142 -0.606288341453621 -0.301218519154378
1.36557052646052 -2.02819500900167 0 -0.521070050052886 -0.729135723288843
0.99724991232742 -1.82100135052711 0 0 -0.76886323336143
0.866594751912527 -1.35866043579455 0 0 -0.924375861697256
0.705529678469453 -0.764829440050637 0 0 -0.787862244309075
0.502032376032584 -0.270085697633513 0 0 -0.703537151008228
0.443410816075245 0.113867236459818 0 -0.235176004807213 -0.694153691139464
0.357557958461462 0.205894246783879 0 -0.249202289932725 -0.587595194495841
0.131808548905953 0.182659444364525 0 0 -0.361210665540647
-0.0983054036152625 0.191074662414646 0 0 -0.361338140029222
0.324499851869744 -1.5828139493709 0 0 0.923576858474634
0.675032115207466 -2.00294828190644 -0.267877225565993 -0.359634126688502 0.876112476396897
0.895584662483096 -2.23964844495378 -0.22205830752988 -0.483819058056271 0.597326687072392
1.17058757682188 -2.40997972841715 -0.204408694867746 -0.573598332779359 0.300504166419334
1.46793526024107 -2.50476077438469 -0.128071103282647 -0.616239847426492 0.0157661407104436
1.62638355946949 -2.36025016235144 0.0507734132674993 -0.553410484238999 -0.316561894854426
1.27046698874827 -2.02173434236653 0 -0.196362191226787 -0.630299561483457
0.962524564232364 -1.70813196581714 0 -0.154319137629309 -0.72832536608096
0.672534141162336 -1.21924352075788 0 0 -0.689757097717288
0.513390800721353 -0.850626181144899 0 0 -0.478318872361135
0.335762349151319 -0.386577590765925 0 0 -0.591783146295037
0.232251349417443 -0.430266171316817 -0.539261471575608 -0.07946979863982 -0.515317072759559
0.125857630343458 0.00252427585740262 0 0 -0.443185912240876
-0.0388823130609989 0.0310255982911862 0 0 -0.409540182005389
0.30153651811835 -1.69886943537802 0 0 0.809925144371339
0.681704137088532 -2.34985363377604 -0.540070734548835 -0.352999248578075 1.09211173901
0.871538350197866 -2.56568158458816 -0.477940300254454 -0.456863414794458 0.830333740580112
1.0934349835662 -2.73143483770778 -0.413289855561673 -0.538534252873557 0.563782130954286
1.21796463900488 -2.83599417647956 -0.300979510072903 -0.530366305760292 0.296803878517113
1.22096572516759 -2.61158075080474 -0.219324168571532 -0.273002379177114 0.0915944693117427
0.939279498649153 -2.08069453786033 -0.225876759837225 0.261507793249195 0.0974023775486254
0.597889581220139 -1.74481544868941 -0.106601337148395 0.349583440695543 -0.127531569385989
0.47863196921314 -1.53784294356078 -0.0344866163211201 0.15084957761323 -0.530968899764172
0.324912381254342 -1.19334174792611 -0.0910408319330961 0.103209218462695 -0.558091411529441
0.277560776939058 -0.878952861736091 0 0 -0.308449263585561
0.104714936588512 -0.496298651438002 0 0 -0.469711627014867
-0.00223713506419322 -0.211827477911734 0 0 -0.422205566454974
-0.156902677076569 -0.0958022298441314 0 -0.191211544449857 -0.466664671959571
0.531926882319167 -2.51449604067791 -0.876815239797682 -0.265146428067339 1.56058503596359
0.639784134128738 -2.71570947167595 -0.828710526541515 -0.334156321058368 1.32056343306551
0.796380780842601 -2.91542813901895 -0.729836786101635 -0.430818686973191 1.07829244276777
0.842792285337825 -3.16417991660776 -0.605187325037118 -0.44971115393176 0.848725477627403
0.840732258515472 -3.16753563100349 -0.52666188253537 -0.302972958449319 0.604446862787571
0.686369957491935 -2.83331305785798 -0.568204674709036 0.1638272400543 0.555000122663851
0.320912674647017 -2.25373511862614 -0.548332893394963 0.681722394599574 0.496750753546132
0.110265099022084 -1.87640584621113 -0.473479120208891 0.834917957942219 0.297698815320971
0.0668879633810361 -1.67744023727654 -0.361948219146653 0.696914183831958 -0.05034043617527
0.0428313909510629 -1.56520510069324 -0.28647968219343 0.35528810788452 -0.401417754195049
-0.0743416828964483 -1.29385874211075 -0.362116221094249 0.290442555893189 -0.426880525931765
-0.0125014255312736 -0.904384774490615 0 0 -0.417180043984169
-0.120908802284099 -0.521482361194518 0 0 -0.368679838178692
-0.321711871497264 -0.307088858816562 0 -0.0715932774646756 -0.431193115189003
