"(Intercept)" "X1" "X2" "X3" "X4"
2.03591928668689 -2.50954334806488 0 0 0.351690196223335
1.80108866809274 -2.29689707133839 0 0 0.332800387168883
1.61882690992881 -2.05212875220427 0 0 0.294156569155737
1.44901380207407 -1.78466974942946 0 0 0.158335402033591
1.15997290009058 -1.49187172200075 0.391929225744754 0 0.234247275646359
1.04350724863706 -1.29713297780326 0 0 -0.144594493654252
0.333917903680663 -1.3143362018911 0.584720478119049 0.0350055765513757 0.321289506047921
-0.0832533164714669 -1.46803576334387 0.856864094423253 0.27620433287228 0.728851721785363
-0.522822138352243 -1.45224338325131 1.09793605269926 0.298434440216301 0.702267576870485
-1.11466811076864 -1.33030730617366 1.66112184993147 0.542247157832007 0.744445066644011
-1.33476732153299 -1.28455866527486 1.9913501691128 0.869074980449455 0.435987266695647
-1.45934578192099 -1.3751284136097 2.33952757043286 0.933751684431871 0.286963719996284
-2.11994541471352 -1.34725160785178 2.43153902868339 0.306440102747046 0
-2.20656711988038 -1.71187631667911 2.61665611886445 0.345406175408842 0
1.93244208597021 -2.37036289956442 0 0.406915863811118 0.728510951319244
1.76293280279817 -2.12405459206423 0 0.277461703903474 0.574112884290609
1.55603037869329 -1.81300449323227 0 0 0.259465168122535
1.38929045432654 -1.51494427284362 0 0 0.180736707779965
1.29390780062649 -1.12946450978493 0 0 0.000861806257930365
1.10988243138417 -0.811833251939299 0 0 -0.278499502854297
0.938983661857024 -0.586295681949113 0 0 -0.364480195373391
0.108552006584393 -0.648965164831226 0.567358792023373 0.204781084405478 0.117985739038672
-0.504800308945144 -0.742233477552765 1.08964971829962 0.273693951976334 0.325882515597015
-0.725132232490283 -0.793381928101935 1.34648022312471 0.420076845633564 0.206456457093323
-0.868592274021396 -0.817236161800234 1.56590899285816 0.751280384094338 0.0645137633819799
-1.08152944128589 -0.964517713324488 1.77481338113194 0.840030413181374 0.116387563644202
-2.30844838673292 -0.944437675744903 1.68442583337191 0 0
-1.90114875895889 -1.49560958504185 1.98437170997533 0.382521198841935 0
1.75660056140315 -2.14063542888806 0.581136826697917 1.04479330780176 0.688771611261191
1.56764283270143 -1.99233772211779 0 0.376709782362985 0.386269343136651
1.4865821387909 -1.58305692854936 0 0 0.22072897047133
1.16664586887292 -1.25381482127653 0.0887454672653717 0 -0.00478094974903221
1.16383707590399 -0.838239508186474 0 0 -0.125294663300767
1.07330926656998 -0.462573247536031 0 0 -0.449319716923164
0.940176052489089 -0.15119506616247 0 0.0253319384779256 -0.640020094927453
0.434699351947655 -0.0171092241450553 0.290372415343478 0.235216772023738 -0.584053291163653
-0.111089698728344 -0.0210926751134369 0.82464052189753 0.354731037710347 -0.363682767135259
-0.52908539500518 -0.155923329810779 1.2547359879988 0.488715498361297 -0.340851146358434
-0.634010595992103 -0.359740497077316 1.14883090520374 0.653291564023313 -0.127246439242517
-0.787803658101961 -0.472105958190585 1.17149738604018 0.720115610895058 -0.104640489585236
-1.46123293427883 -0.876695486515625 1.31211856709489 0.371962412606948 0
-1.63367693949612 -1.33979703964007 1.29628717618781 0.400078346341876 0
1.53208724512356 -1.98932349585477 0.595506173258572 1.05457804631166 0.571020899680167
1.33786232724034 -1.75254270657379 0 0 0
1.40742612278463 -1.37205156436942 0 0 0.214670766538824
0.941256878952748 -1.04079960423189 0.00965041917914345 0 -0.198660906821821
1.01372718936951 -0.655249974527824 0 0 -0.298621676300416
0.966244953358781 -0.303934611510331 0 0.109059953589206 -0.625070833894625
0.949068657505834 0.102678854524537 0 0.15836563358137 -0.900118287466554
0.884974579335788 0.385677143979042 0 0.214660714935853 -1.2427249662703
0.381570548287554 0.496956871588096 0.412214053896303 0.508937591475672 -1.03160115153125
-0.150409692789867 0.687477832693508 0.909232384354381 0.370469776487047 -0.905611536738258
-0.570744641857939 0.28973837361093 0.798735907225392 0.609393095871402 -0.429268264872524
-1.0246020677864 -0.114246452508506 0.755368337694986 0.299472767626643 0
-1.25177544243095 -0.567866299777717 0.788232120046309 0.41885095332174 0
-1.43043157471948 -1.27114155009169 0.638609229293259 0.434791455867375 0
1.59932862700289 -1.63057025119024 0.650348217507181 0.961055828644566 0.760945126552918
1.32191763471568 -1.41872881301204 0.327192635986079 0.629193944583735 0.477708216251988
1.31073872495633 -1.17910968487616 -0.149827904612409 0 0.207453619715749
1.13866976138392 -0.79262468682763 -0.204766486895016 0.260884667717215 -0.197521881154542
0.730993177589859 -0.505525876196844 -0.345241485815718 0.258553301672862 -0.565087239521041
0.565997384716268 -0.068597051678773 -0.309233821102274 0.29456849016249 -0.834856645703083
0.830095284406526 0.282281214156531 0 0.260257862952696 -1.19007705661653
0.959945050765067 0.577888426967985 0 0.41061625884522 -1.54677055933826
0.791002260417265 0.784890105827988 0 0.55875456528042 -1.36041360740667
0.431946733029192 1.2570655991435 0.279327133657329 0.126097835178334 -1.41322401444903
-0.000509933567370728 1.12918558436508 0.283222730628745 0.458061027013453 -0.986241139861803
-1.1062194152672 0.484984086557896 0.664515537186278 0 0
-1.10199199166282 -0.21866582251015 0.352991281789934 0.368462026836292 0
-1.76905243026001 -1.19560367332936 0.211674099327045 0 0
1.58650306033043 -1.45011937283724 0.606636200766482 0.807568123531927 0.880294310728536
1.13810563556132 -1.32487754252588 0.288755622775025 0.556337020097586 0.540861697213447
0.962068557296421 -1.02196238854722 -0.0733422071794654 0.295298181117711 0.158306654205792
0.87980888007921 -0.775823996120232 -0.337372273642699 0.344745519462939 -0.196303342649023
0.26964531125833 -0.469862100643585 -0.542055853332525 0.340860931916154 -0.860470237778685
-0.229864728482924 0.225943500498458 -0.50441659734234 0.4281359212573 -1.1492420784195
0.574868773089811 0.462397695709253 -0.0818566869824272 0.385747727718999 -1.42400539289249
0.926409743530007 0.663109018576729 0 0.523814317479237 -1.42108778744319
1.1413045314109 1.03224620520192 -0.0569069018520776 0.313615504468276 -1.25292970556419
0.825080517335553 1.20885132792422 -0.0769822782127143 0.659538913327363 -1.42560927427637
0.0979053760650485 1.3722514610356 -0.0127528205957674 0.897355342048629 -1.02293561977816
0.00254781335789631 1.07072555991247 -0.0759886700599803 0.856461166925874 -0.796154112461729
-1.11035901755668 0.00933426670044083 0.0673665279106358 0 0
-1.51391423366387 -1.09709821469328 -0.176351178497075 0 0
1.54271887650582 -1.2169147249351 0.477973052705701 0.61808184756522 0.89299281457549
1.23689790644006 -1.12936196086701 0.162617455286143 0.471170282549135 0.71896649554
0.631970957683105 -0.921696813177664 0 0 0
0.331573481855762 -0.967074126492853 0 0 -0.188280799828903
0.299450546831924 -0.690525563277138 0 0.392458696582778 -0.927930024567594
0.269639200910776 -0.20536295420735 -0.327015073154958 0.511601006782496 -1.11927396199921
0.476670369722706 0.276572209616666 0.0224633515692482 0.619603264395121 -1.39585345406401
0.850130158040424 0.484860292418078 0.32696576245607 0.619450696929606 -1.82332274487608
0.755070478652004 0.635804469514226 0 0.536886138862931 -1.53210448343764
0.989199497950933 0.932386046880146 -0.119850999177242 0.584979320008953 -1.34524873855001
0.548882214242996 0.959424396615069 -0.182070224863757 0.641637031183122 -1.01471693369611
0.250029217604829 0.754602269693841 -0.376880922312419 0.643063317722437 -0.674497635790006
-0.120822724578983 0.373499332093559 -0.509342972419494 0.50671349950435 -0.365121026748651
-1.09021759465915 -0.913033883942714 -0.494193512466809 0.220075655770476 0
1.26611329949415 -1.11983487035397 0.410544929521431 0.612859661442589 1.00305326875903
0.951482871109606 -0.951928836007611 0.134914492740681 0.579175484495836 0.586872192021312
0.318957768865872 -1.21806891841193 0 0 0
0.0694572563126331 -1.32660807902988 0 0 -0.193631122098572
0.389478504042764 -1.13159305101286 0 0.365072388745365 -0.605129627918108
0.398722778866591 -0.858209368518673 0 0.366569800907646 -1.0188075010021
0.783028104092209 -0.67997050304973 0.314839422540969 0.518594349733233 -1.09725639404974
1.13662225755841 -0.269645497198101 0.376574151779003 0.682250553884012 -1.20166237718516
0.538806918545747 0.178415902551189 0 0.283331498881466 -1.21764953286483
1.11530557913514 0.453144410968243 0.335020140318971 0.358281167707656 -1.11866909221872
0.163216066466759 0.652219549461981 -0.0929143878776797 0 -0.584669101877141
0.243611975264881 0.441539632799403 -0.320844532355761 0.350446668930909 -0.573349503532666
-0.069281618821843 0.0490009503228956 -0.552401024763789 0.410081458663456 -0.321920820325351
-0.298452378722303 -0.342233984239139 -0.852590574623056 0.451728810333378 -0.13188236417853
0.484664879884952 -1.27369475861045 0 0 0
0.384286170703741 -1.32762126859314 0 0 0
0.207001356313448 -1.49232410926611 0 0 0
0.04224721625528 -1.6845995684909 0 0 0
0.0397669793569161 -1.67696446196691 0 0 0
0.690969747968644 -1.26757726341087 0 0.489055195189633 -0.798931241455522
0.696138073370405 -1.1006679034461 0.151176792057411 0.447547268436423 -0.675989359415881
0.72239065400007 -0.654602928974572 0.231088964511232 0.325279815778622 -0.800555425330259
0.792657734139296 -0.175268390640338 0.292566375645637 0.119933593225255 -0.79180318815129
0.592471904029396 0.167212407558583 0.0906012025962911 0 -0.644059714846261
0.612834799792017 0.301063777600591 0.00543707583920643 0 -0.576941380353875
0.366106515354388 0.0449846736464479 -0.439528054929502 0.186962217039946 -0.656446076290638
-0.075398651063391 -0.14866429634314 -0.651181945799881 0.147930454901644 -0.347004636562584
-0.35441389691552 -0.399460419672552 -0.857449530513628 0.178979699240578 -0.0545274054655856
0.313162476651587 -1.29645638531422 0 0 0
0.179666077383622 -1.31232673195094 0 0.191913548231863 0
0.125001396082879 -1.55513911493706 0 0.257023384374809 0
0.103738098937437 -1.79306738357623 0 0.289084195783441 0
0.213819568846213 -1.87503915138754 0 0 0
0.251011192420201 -1.83314883121024 0 0 0
0.860556668545921 -1.4013754674727 0 0.362851644612108 -0.768786966906033
1.05554973124455 -1.12190575879835 0.179299937592291 0.307399116125883 -0.929879343463298
0.860627798321818 -0.582001008891993 0.0430586297912806 0.150654472671916 -0.775399915817216
0.804827061301135 -0.207285039108421 -0.0724393842507807 -0.0552308595183594 -0.664958213381218
0.527120404883321 -0.0486038941624933 -0.0893398722945252 0 -0.283010658923433
0.294254442677739 -0.105695662204021 -0.417267341247771 -0.196851522701211 -0.43004666989137
0.101857051069737 -0.279258369164096 -0.764552874024984 0.0743482843022243 -0.349321485893697
-0.168909817613501 -0.409064318434294 -0.982286980784831 0.15034071175667 -0.157930223984832
-0.0972641359192516 -1.00306274343619 0.428881036501186 0.314310422304277 0.27005988072255
0.14573172134967 -1.28082017272853 0 0.337910229527545 0
0.140097531177276 -1.52134666545463 0 0.409238619340583 0
0.186951374617784 -1.837795710136 0 0.455633366196457 0
0.453579319904726 -1.97285834824034 0 0 0
0.561106178241493 -1.9153918417173 0 0 0
0.611182497067393 -1.80988797088439 0 0 -0.310077170726677
1.17859869643306 -1.55731694969934 0.223302533734128 0.154808623645922 -0.714166540951968
0.949505941340729 -1.06689068889933 0.0222457449532364 0.0604427071255994 -0.679361478660074
0.678064827344959 -0.66831571390305 -0.136215826372509 -0.131231891418297 -0.5863095201495
0.629790410265604 -0.506694074561197 -0.19619370346595 0 -0.218434509447322
0.539060102129087 -0.440930175117405 -0.424960709552169 0 -0.245846474534819
0.339019749968455 -0.430473758562225 -0.683526754626559 0 -0.237253346015035
-0.0350301185964002 -0.472285079880633 -0.95820383740548 -0.075605198859597 -0.20334364863891
-0.159324541254094 -0.991587337991698 0.442383488464476 0.366984869236769 0.350510337291921
0.164989538920714 -1.26724037487537 0 0.452834986433718 0
0.206049259399906 -1.56320017611455 0 0.548226729695809 0
0.394169420801504 -1.83531127219672 0 0.459919418596625 0
0.436849677384225 -1.96119391074857 0.287756765739382 0.413453309380974 0.100084457849306
0.770631175158604 -2.04736726305945 0.279208662057807 0.322852542097048 -0.103388142366407
1.06545666728616 -2.05488829385582 0.215615450221352 0.35129609844115 -0.218672280955849
1.14493159653366 -1.85540781895132 0.238893002700054 0 -0.268169475316588
0.80452148547822 -1.43289109540907 0 0 0
0.840403450215137 -1.14082697651423 0 0 0
0.705117910072206 -0.950002334216865 -0.320487165842438 0 -0.3168466817257
0.174754306163302 -0.686776593764748 -0.525376299069417 -0.462502474441423 -0.323302293935742
0.0154111286003048 -0.610840464115409 -0.757913566061658 -0.541175786684085 -0.276098383500996
0.271494197772931 -0.646731035378184 -0.920746139271451 0 -0.232433367245093
-0.120634480251633 -1.00962681572817 0.514476109143892 0.786024448953316 0.428381558235676
-0.102909748893854 -1.28937709022171 0.50282796270632 0.836447170610203 0.398112826591379
0.0268061971337992 -1.52667375789211 0.507542025773189 0.854215586694659 0.387055700730278
0.265497042000565 -1.66918724991808 0.370795136631869 0.770073646707674 0.244623627829263
0.488226815916409 -1.82704836377723 0.254850272673394 0.617902114262648 0.120565938083438
0.69801063912668 -2.00601233353829 0.114830074856006 0.523860096463559 0.0771638044301283
0.916047617030446 -2.0655833276938 -0.0422134933492729 0.502350704038623 0.10509441907181
1.08916617752393 -1.91150908008859 -0.113168118545201 0.388872545532512 0.0394164978936634
1.15200892454213 -1.60767009764808 0 0 0
0.904194703302681 -1.49956803469668 -0.223731425155877 0 -0.335936316409374
0.428899261736796 -1.29075020656242 -0.513890196583994 -0.385470675982685 -0.442972075451257
0.246226538851947 -1.10588425871614 -0.716936826506682 -0.334419008989959 -0.460358129826803
0.117229618011722 -0.982083943296197 -0.912263785904283 -0.411168139172041 -0.400348830600242
0.430194239171427 -0.951880814194932 -1.05337434572384 0 -0.298533409834505
-0.161332185747648 -1.18216356615282 0.773268635434503 1.04203951219062 0.714504871333926
-0.0665141701401333 -1.3325210602111 0.748937039234661 1.12848764546041 0.67577887860966
0.0811492339043767 -1.41947868227539 0.626532923722779 1.17108712351599 0.526909479012099
0.28179893728985 -1.54972809129116 0.498068883813599 1.05618759735342 0.333916736112178
0.436997371535813 -1.75862841675712 0.263458232328292 0.816443634123411 0.266578357494704
0.424195554293583 -1.97055893769792 -0.0450326190135409 0.712919891589331 0.422751182020486
0.701385966161692 -1.98833855784089 -0.263818386504492 0.639793324324596 0.437164973753781
0.705431140806768 -1.84252930195163 -0.520597751876696 0.566929088963938 0.185044133184118
0.593104781293911 -1.62720569976327 -0.690178649698194 0.400691253643501 -0.147090902095557
1.05169905249011 -1.74739529161019 -0.358334238779239 0 -0.273035961666031
0.498244833131377 -1.60459003147386 -0.755901595058665 -0.212593971262662 -0.556200050087115
0.417536573491115 -1.54502813005113 -0.947655651619412 -0.251818157796933 -0.572717371185665
0.287064412973721 -1.40221168424236 -1.11658811083741 -0.270405726922742 -0.544172929367278
0.603595374975233 -1.2982624916957 -1.08029886217745 0 -0.318039181408578
