"(Intercept)" "X1" "X2" "X3" "X4"
2.57731246779747 -1.93239647967431 0 0 1.41492651835217
2.1172723890788 -2.08093859331351 0 0 0.995336173141139
1.73008051546415 -2.11003219458127 0 0 0.253161537755285
0.648513112804199 -2.22440251132266 0.0139065166115003 -0.568739005820917 0.453866619402297
0.347435102267642 -1.96092648648261 0.108602997397101 -0.615291970140161 -0.0367701964888041
0.0845677001991665 -1.75766737336338 0.259833921939351 -0.620964893950242 -0.201314269635603
-0.0890400648698181 -1.73940597960741 0.55239711898046 -0.390464946359207 0.140304540165435
-0.138235579376713 -1.66183695527538 0.815302079442896 -0.172261676893887 0.332999610402234
-0.2761505866374 -1.60994206150787 0.960699622329207 -0.0828450758440145 0.432670186351126
-0.437561499752861 -1.53208431544852 1.12705365188545 -0.134747290227605 0.343215350458534
-0.557163514208976 -1.43485515971096 1.34179803618235 -0.163044465698305 0.0816173119404769
-0.7271240488297 -1.2737947186938 1.33644180780308 0 0
-0.959396252391698 -1.30046120601009 1.56021445263128 0 0
-1.31694426544139 -1.40797111364258 1.71080410296453 0 0
2.57966488926332 -1.66375144488437 0 0 1.64627259033418
2.16567315203011 -1.70703794404037 0 0 1.22014088923056
1.72676214913242 -1.73924919522628 0 0 0.516893805084104
0.811858470529355 -1.90496864415538 -0.0958705978508332 -0.369388068297459 0.33551548746061
0.477424766241547 -1.60730659915959 -0.0789952560123854 -0.413006949659439 -0.155840170750501
0.213728053542379 -1.34967440454978 0.00126266083801298 -0.39012030129834 -0.398499688632153
0.185007021975988 -1.02126581666125 0.128714447857314 -0.280827270237692 -0.501182961605538
0.167265737553568 -1.02679701379871 0.422685867451048 0.0467243331667976 -0.15707767867702
-0.0739577977043157 -0.973588816407322 0.500077781522608 0.121047594247765 0.0446516674653208
-0.246684805956059 -0.858648126685518 0.692899239305538 0.0589757475188381 0.00167156680462245
-0.441926279136915 -0.781518405750146 0.960700240537694 0.0276787069917367 -0.108027373122038
-0.710117938567804 -0.726410348451295 1.06139078137836 0 0
-0.943525673543277 -0.922840363069469 1.34062414825242 0 0
-1.25473638947035 -1.22006264520264 1.53039984510658 0 0
2.55212694273294 -1.36787140696367 0 0 1.57600545090386
2.15671878322273 -1.36609005200732 0 0 1.14253520366666
1.75112445089081 -1.3279043667761 0 0 0.599100253249332
1.0376602967339 -1.5364859536873 -0.238661567874753 -0.147856699881898 0.240442540841598
0.66326599407383 -1.25856947737217 -0.250837416251266 -0.162977696442423 -0.293704966894016
0.397506455442608 -0.883150540991189 -0.251636561230037 -0.172895948972547 -0.684070241691037
0.393883228739087 -0.488347489724132 -0.162526987600445 -0.105147383782513 -0.759360027462166
0.455196489947939 -0.237229092173066 -0.112877426807004 0.112019723650864 -0.694974619311651
0.182004662382275 -0.255335741265131 0.0664711812398126 0.298433904259527 -0.443011580572908
-0.107123734555357 -0.163830826671481 0.274408240871752 0.235435839654003 -0.292001102507045
-0.345934848562322 -0.163532580310077 0.607180483545194 0.165206158771719 -0.286670283956409
-0.645926120775947 -0.233561661122983 0.759493026540437 0 0
-0.899010617377922 -0.668595987077982 1.0811847002857 0 0
-1.22242987074553 -1.07398019182871 1.25552198263871 0 0
2.5055945586174 -1.09669557431129 0 0 1.48701067488801
2.13205121902311 -1.03222335303392 0 0 0.969101281648281
1.72145685874769 -0.986844614195405 0 0 0.472540980991227
1.12814825777775 -1.09702380246525 -0.371842071878121 -0.0226724198995626 0.0898544637180616
0.896940950066178 -0.882094334174012 -0.428816578213057 0.0789957236118692 -0.425546031293889
0.566002507117511 -0.517398529913812 -0.526442129354114 0.0045499099348293 -0.799378042583645
0.501780671532275 -0.105716569079638 -0.440749165640583 -0.0114944795252733 -0.910750006287224
0.606801583022061 0.171395791914188 -0.426220135336563 0.192118834730698 -0.841657413477619
0.506533062467265 0.459237060001557 -0.297839965476088 0.251245415445193 -0.790627343704711
0.0899687702016828 0.478576424709482 -0.0649984095818504 0.337501486567848 -0.465752109745563
-0.390053126488468 0.435463396741934 0.275681181640851 0 0
-0.619151058832037 0.0413430016047813 0.522380613735135 0 0
-0.928592984147872 -0.427568224439877 0.704037271762872 0 0
-1.25964713547982 -0.826781042275306 0.763786488766042 0 0
2.31657091752531 -0.912122434609087 0 0 1.31964185747704
1.98724659461214 -0.824674980764729 0 0 0.808951968695011
1.62908946915565 -0.738614187372457 0 0 0.298317624177437
1.22952067184077 -0.81883392667498 -0.47580511093984 0.196855889149031 -0.0833867227231394
1.01960310794433 -0.60573135103182 -0.612460793164027 0.276378429097075 -0.430892741174186
0.560521531702346 -0.263877725501182 -0.634891390958867 0.0295629203936831 -0.725622996531758
0.712689004554992 0.0331995709908559 -0.446928532196399 0 -0.689775542073174
0.688099833798817 0.363867625017039 -0.400581710865389 0 -0.760598549613213
0.743718831468696 0.699970485487115 -0.425126184695882 0.262893300829039 -0.871633672573559
0.342652206517818 1.03240366114656 -0.196125052748131 0.182588939575464 -0.719572898206126
-0.0461538878397001 0.799089446204786 0.0792105138354358 0 -0.44122538048852
-0.355892852121348 0.353216224221853 0.357576072589968 0 -0.384057353593629
-0.683583454334316 -0.209680161040993 0.546654088184621 0 -0.276463930934778
-0.956423728064627 -0.8153762990035 0.685391872640368 0 -0.206373727990415
2.09218818107356 -0.713170102872581 0 0 1.44419829057159
1.80340614097836 -0.87130772555176 -0.104925994301306 0 0.807307628799
1.40198774249579 -0.842313165540789 -0.175062302211179 0 0.287284698814687
1.06536863585505 -0.665098084809302 -0.319482049155379 0 -0.175920514011538
0.817722760489282 -0.506512945500367 -0.318887102548138 0 -0.52729065980862
0.555259814683088 -0.293784028844408 0 0 -0.59123063480697
0.733924103555669 0.100849776237344 -0.810906672857752 0.202348588758841 -0.902045134945132
0.678761579361128 0.415048493852028 -0.643029286876904 0.0581512458575957 -0.854976050805906
0.767754928597209 0.728552358935973 -0.301580925468963 -0.0108515158035558 -0.846189023643419
0.480371095999391 0.946707513179047 0 0 -0.611789509774019
0.25447245944539 1.07233924632246 0 0 -0.605960994217059
-0.00738219237318547 0.794002537978187 0 0 -0.382945584365489
-0.667043530696007 0.0556789681412416 0.179738082588996 0 -0.141098162762737
-1.01317788205852 -0.566998748585155 0.237854845436472 0 0
2.13000805463891 -0.840456087560405 -0.00745970635667168 0 1.45637388048505
1.71518976781087 -0.914442318979781 -0.0635643288894533 0 0.776756661768733
1.30381783719168 -0.916333889212341 -0.187190951562215 0 0.206810056256799
0.94563808413809 -0.788391682213465 -0.336837291574398 0 -0.352026598788737
0.579167042293422 -0.639629760337125 0 0 -0.813923726350228
0.0707419547518041 -0.328732657981639 0 0 -0.873266381928147
0.241524316021734 0.00647996395357076 -0.356605710860162 0 -0.926098956337411
0.586514206060756 0.383738470076338 -0.195017631510325 0.0385022066096631 -1.00116497462857
0.383160141487254 0.695686097836249 0 0 -0.550678699320105
0.554494310197056 1.07867592763681 -0.137945977885403 -0.302296473991525 -0.672319429677744
0.348602387423225 1.07558358063458 -0.118857550139015 0 -0.626222882381423
0.110158251162528 0.886536577950666 0 0 -0.355043576165707
-0.18061481886588 0.73691594068212 0 -0.132416872942165 -0.18000852643019
-0.654371539794323 -0.268884324650239 0 0 0
1.83579535831313 -0.762879292929257 -0.13797941240202 0 1.26454898489649
1.49898442022178 -0.844680818608362 -0.177862502472995 0 0.607002089307321
1.03352579413613 -0.967661344451412 -0.218122105352722 0 -0.0356039961071631
0.682105411670475 -1.10538304522535 0 0 -0.566365742795621
0.554291238768166 -0.868141506486147 0 0 -1.05310187102724
0.562301840577542 -0.771061685711107 -0.0691680387462201 0 -1.14335074777535
0.668488383265232 -0.347229408695858 -0.130676055583241 0 -0.993065403198891
0.379254836324255 0.0963557203882262 0.00973652706889236 0 -0.594194698333817
0.430492989007052 0.430192377909191 0.136004028410047 0 -0.557600437344637
0.507640264786093 0.961153180172561 -0.10266885825872 0 -0.393639046161936
0.428412393914072 1.19205423114933 -0.270384145254799 0 -0.252687807081354
0.260851747766978 1.1274674430722 -0.392229845350468 -0.0223511411598791 -0.0259052786741274
0.163379677245609 0.820572850889668 -0.460906019510958 0.154864091729691 0.00801055359777512
0.148646626915311 0.374282059440845 -0.669015344044226 0.569459871544625 -0.00575069246912451
1.35022234334327 -0.693023692224692 -0.246543906334382 0 0.853673145317611
0.957322896011448 -0.864693421947802 -0.221334518448803 0 0.242343696682597
0.763896149883481 -1.02195419151769 -0.284628539393141 0.124149194180423 -0.270550810291096
0.677989738509774 -1.14451598640302 0 0.197256543218303 -0.759996097103524
0.724832211998376 -1.23662795290483 0 -0.130841451735868 -1.15422213483313
0.72391206126751 -1.07087832955347 -0.241596788121364 -0.0632159593798609 -1.08127922251057
0.567749869486183 -0.577631404635787 -0.269628041265322 -0.0774680862196459 -0.814552686335856
0.383996993479486 -0.186215688286438 -0.0749956137389191 -0.0398668637150886 -0.55024942554959
0.0299969873826801 0.0945454128080373 0 0 -0.294838904246274
0.0963677955208811 0.765212275960291 0 0 0
0.217905921415515 0.98211822275491 0 0 0
0.369801493330435 0.970278784240772 -0.385888832255599 0.118372629660029 0.00916769107527058
0.0965879580853162 0.868467522216521 -0.698172012510293 0.338519102121791 0.25367262987534
-0.071393727611186 0.470331845412148 -0.810171075035585 0.27438640704234 0.342032248222397
0.681165307249579 -0.825680183452201 0 0 0.45895913454059
0.5455693808353 -0.907396184876519 0 0.057148999407952 0.1570571969889
0.520188619779951 -1.15306950185667 0 0.0358777597397749 -0.318534826759448
0.715034489360124 -1.4728037637798 0 -0.210856634703804 -0.743015240201072
0.871449640976604 -1.56626606238997 0 -0.282344904525128 -1.03036616387156
0.526091469528672 -1.72332712075782 0 -0.256020393946261 -0.897431395605473
0.579960482577819 -1.48821518263418 0 0 -0.636813373786854
0.479505903519499 -0.933421511169457 0.234447382139733 -0.21192011781874 -0.817135180117826
0.331119314732586 -0.439168700784524 0 0 -0.529750205354137
0.540205972223046 0.131730552858306 0 0 -0.382021785487788
0.52865530193709 0.553518925141987 0 -0.214175009735848 -0.397332609282704
0.522670170965726 0.479476967507734 -0.460181536733225 0.180785658478088 -0.173165202623292
0.198891166767808 0.525854210965642 -0.658055121505806 0 0.0658396883766415
0.189170190384125 0.317773102088094 -0.969910786285741 0 0.320572602086354
0.379890898928515 -0.867817116328935 0 0 0.214091656507621
0.46744465810144 -1.04195661486168 0 -0.0989589606266681 0.0830514021914736
0.61257038461192 -1.46641774205958 0 -0.43243998343655 -0.318617459219467
0.828415895055406 -1.73477607987991 0 -0.515080824584594 -0.612558178843923
0.990943419957235 -1.9054396643593 0 -0.529942768621714 -0.835431977333739
1.18732227685263 -2.00440343797235 0.0753077956816515 -0.309674689416065 -0.935515350108666
0.867416726343132 -2.00315859630801 0.33626905605574 -0.341101832436076 -0.93993259098458
0.58704102384239 -1.60648053249665 0.409809673085804 -0.329421577917531 -0.791731309364885
0.367429230323531 -0.949513557198039 0.20044553401613 -0.416171431687846 -0.786827090574058
0.552295109593517 -0.486722084417942 0.0939923553980098 -0.384253399824596 -0.627070152167298
0.569043390776846 -0.248459196170348 -0.15219680661295 -0.187343395920988 -0.418479173146469
0.464888649118762 -0.0449622960656437 -0.535997775441507 0.0463864157930551 -0.0969531452556402
0.435089898230497 -0.152856585667535 -1.01686668425199 0.17733271337164 0.161693140327028
0.423640081486724 -0.320443525814514 -1.33611553041641 0.249090142442281 0.429963553513645
0.350428999943545 -1.09457956088168 0 -0.306491402845388 0.242375965834732
0.767930030352187 -1.64812289512592 0.568431798586415 -0.926929215901734 0.568020690484465
0.901787277355097 -1.93327926832566 0.355368320832659 -0.947981531817461 0.132986969546915
0.993357287718603 -2.02639108530292 0 -0.815465405425677 -0.450564777411323
1.1375548922953 -2.16216606873527 0 -0.767111869155659 -0.690529570909196
1.27588082834564 -2.23495953552134 -0.021751060904536 -0.404100271540452 -0.760357720945178
1.10417272142757 -2.25009779086214 0.243160933539943 -0.212522961188456 -0.671796856682954
0.67172810806882 -2.01783692919064 0.256112557551642 -0.21416616545476 -0.662881785523311
0.509460049836618 -1.48169178854383 0.0847096280442687 -0.323492619646914 -0.699320539868419
0.504371469749124 -1.08203167202456 -0.0523155337185618 -0.344239151357072 -0.757977088233105
0.598107769906962 -0.840737427607132 -0.329352968004049 -0.0837374444737798 -0.395846632192588
0.586907817822576 -0.687068416239976 -0.637494379717888 0.0993282018608678 -0.131160594337413
0.538785100755184 -0.7405698613887 -1.0357698503198 0.0917423411043453 0.167513703737642
0.515896588738006 -0.778865215237138 -1.35228955394238 0.216324771535672 0.458598711130192
0.761420015915271 -1.81109761668408 0.943703542999386 -1.4456393217109 1.14803812558123
0.964060934434676 -2.07010332683561 0.548295528958538 -1.44078220287355 0.627362070720088
0.94179711659414 -2.0476986888613 0 -1.07531787383114 -0.126384754127501
1.14831346525653 -2.30721347720545 0 -1.14319789233734 -0.315880348532729
1.27334953062126 -2.35263136150264 -0.344016127742035 -0.957835933733911 -0.592670636121884
1.18518153701882 -2.19095625968083 -0.310168666769209 -0.402404474753808 -0.539915945451815
1.048381801744 -2.27956810535535 -0.144350140322914 -0.0630240079658165 -0.267136170595961
0.766955981334516 -2.34229230393391 -0.00711330870932087 -0.0648123571948119 -0.45328558131575
0.51844485921966 -1.93275672789124 -0.120485441294757 -0.124120318354004 -0.667923209473144
0.564849694088131 -1.60509445909679 -0.235959208553246 -0.0641099842007857 -0.698817890072716
0.656875659112492 -1.38470457578545 -0.49410634199937 0.119764884063533 -0.483482355130289
0.630382861190487 -1.25703976160947 -0.823189277217428 0.220260257449914 -0.220573118557678
0.565076936313125 -1.21765695665384 -1.1413414722908 0.262558975497379 0.0871578855316651
0.589140030609616 -1.13864504742092 -1.35765688418159 0.454848565977526 0.425647930875251
0.631040886918076 -1.77292002032467 0 -1.2547302267867 0.311061721150036
0.955903447940475 -2.31844843326491 0 -1.58441793225712 0.245097281620897
1.11206793928911 -2.50696370175647 0 -1.5413522969977 0.0318615859690748
1.19888369502817 -2.60603264655973 0 -1.39403993199495 -0.216216473881557
1.22845003442079 -2.54157306389444 -0.508731624317005 -1.11994414846072 -0.464288334484491
1.03527509236788 -2.17251296136278 -0.633635628494071 -0.320205592928128 -0.199753793960471
1.16126959822382 -2.29201797738715 -0.473960136532847 -0.119238414706878 -0.0869674861813984
1.14985268057791 -2.46536417111102 -0.254367039179338 0.029378534715228 -0.237590634606406
0.542567658976353 -2.36768192982015 -0.363264734723213 0.135011609009903 -0.558301767661544
0.560868020307633 -2.02300016611898 -0.574081422124639 0.272023839438436 -0.52843892644989
0.589820051655166 -1.83706676971906 -0.761677533475363 0.369008293629251 -0.50437630197291
0.696389335012112 -1.74271944844171 -1.01734250381678 0.495077768270009 -0.302581958183537
0.660338718144802 -1.64884034787931 -1.29228621071459 0.565653885665744 -0.0193259418490831
0.617571608854641 -1.53773288722431 -1.49676294883494 0.687557181536498 0.308654919770254
