"(Intercept)" "X1" "X2" "X3" "X4"
2.43624823658392 -2.5459310611059 0 0 1.84047693483583
2.02235690878452 -2.51504670940417 0 0 1.39115319063337
1.70786644966812 -2.30638460650024 0 0 0.571540789509916
0.685811467598612 -2.46300522189253 0.0541195558610381 -0.461003297079932 0.371623154703871
0.252704565495726 -2.22808173931589 0.189060647559331 -0.580434738396466 0.00697217785191174
0.117071678578633 -1.88775130620361 0.329813449432558 -0.523665167398997 -0.0826426895507833
0.0528413226206124 -1.54453659940606 0.489426290081866 -0.440182760369152 -0.129175849714716
-0.0342063743817149 -1.66728593033419 0.800303979905295 -0.129513788872867 0.492672562995853
-0.257073495820544 -1.62232127031661 0.920342191437627 -0.16197072100279 0.600087719462249
-0.43803199450216 -1.56965384319551 1.2534953337161 -0.0109625247323847 0.548703441523192
-0.732892950222415 -1.24262489696805 1.44961224726979 0 0.0618982680187801
-0.878334282212939 -1.18876220976227 1.73900625766518 0 -0.155146607060723
-1.18015655576637 -1.17405570921518 1.88509450253369 0 0
-1.35768930904772 -1.36692669460894 2.26319189005572 0 0
2.43308492318548 -2.17738187902189 0 0 1.72263977889075
2.03282087055641 -2.09402783498903 0 0 1.24885055753919
1.67977476819345 -1.92419710933157 0 0 0.657478028312397
1.31389133274307 -1.87236346083837 -0.221192020304932 0 -0.0959826374500287
0.361967332080673 -1.81442953682585 -0.0477462884189752 -0.369844347119844 -0.234858794567844
0.233868201212983 -1.44300348114496 0.0559733371954146 -0.304970115363368 -0.328122725410501
0.251919654841762 -1.06892051692803 0.240871655172782 -0.176155498667717 -0.409890348319658
0.216856713447027 -0.811179548014268 0.220952865757228 -0.0190266185012762 -0.212372384096888
-0.0712294645172896 -0.857187973717642 0.425639230019299 0.0747702932191731 0.0440091167619223
-0.295166918156812 -0.62486907646542 0.592428176126417 0 -0.031373461788298
-0.592136683189723 -0.890127080505312 1.10547846233576 0.322117263688621 0.0449569945415068
-0.978102524089473 -0.754341671372801 1.62399861517411 0.0787368500578521 -0.140153655591764
-1.04881102452777 -0.805076015738392 1.57159026422601 0 0
-1.36127400855992 -1.10510612138931 1.93262441698611 0 0
2.4159713175027 -1.82535558021245 0 0 1.62228205074681
1.93915467213517 -1.83075192800189 0 0 1.08789916356965
1.65622387459303 -1.55351049401138 0 0 0.583653310590549
0.913587336401857 -1.61754407508104 -0.291434740668433 -0.165676870375306 0.17854518183513
0.521885106917398 -1.39486255341705 -0.312694652130827 -0.123482545500517 -0.461161709702919
0.365477649551893 -1.01069983106242 -0.237927711232393 -0.0529144073102864 -0.579772396429865
0.43963717418265 -0.642364179716142 -0.0684754706874059 0.146863388439543 -0.65596665078015
0.376484214045628 -0.350894543297303 -0.104796550028826 0.275629825449812 -0.567076639323579
0.2018253100418 -0.00468711328231547 -0.0697862212176934 0.201014180446572 -0.551723871937551
0.0142944191326165 -0.26492315023579 0.171424398473347 0.41317370022628 -0.244516887349567
-0.347247293531624 -0.199800386858309 0.65551679396707 0.251843055081325 -0.292957148152804
-0.759501461932159 -0.11652790661811 1.18001888988778 -0.00884776817128899 -0.386214776477812
-1.00494539422064 -0.428248535554982 1.14141187082463 0 0
-1.41815868799662 -0.832379231041375 1.46682397681743 0 0
2.67630302240239 -1.05906766711154 0 0 1.5358502938003
1.99560698923649 -1.34290692010347 0 0 0.941463782674324
1.60347952739122 -1.19050962365084 0 0 0.37569893258229
1.03777868633484 -1.20087077131888 -0.391304292033741 -0.0210049531611 -0.025688973553617
0.652477602395181 -0.97727486326949 -0.559361398648602 0.0798609254573061 -0.550274961029454
0.520155601308378 -0.56938411306122 -0.559995003906844 0.209173402471656 -0.804251329772966
0.624420941810398 -0.162043535177872 -0.493419791524316 0.383844207749277 -0.851229349124798
0.609853653537281 0.08182683324977 -0.432385739957616 0.536155222183146 -0.809342324794481
0.392932171110207 0.452867918225729 -0.440330560873853 0.517523851627793 -0.718446906207833
0.194472024640123 0.666929233953567 -0.230155681750327 0.303290800140052 -0.666921422780176
-0.165533505270402 0.529086661375341 0.22871265352572 0.186190906217711 -0.51236224079728
-0.671666353498855 0.418419984969262 0.649689044609153 -0.0265608533206718 -0.413707656380621
-0.996431348787562 -0.130685387820714 0.710384087022796 0 0
-1.85383767261975 -0.61472134118531 1.53043772986706 -0.562224194591091 -0.111527986818489
2.14617538002798 -1.37692240674308 -0.0384189151892376 0.013332249275111 1.51099219364522
1.47695426235002 -1.30331601492789 -0.214599791279769 -0.0410390522357606 0.722968885068329
1.07665574490928 -1.16822478508827 -0.348431441622544 -0.0228641302934504 0.0668828651704479
1.04359343360915 -0.776415689357928 -0.447258805866573 0.100200033139246 -0.247328340669913
0.922060910551405 -0.639610472705324 -0.727636767644898 0.358252911103238 -0.660368947947948
0.477330792925109 -0.171820381512877 -0.789658000278049 0.220568969758396 -0.878099426672475
0.524531747943589 0.203129390211153 -0.820472653238546 0.211677860896079 -0.827615386015329
0.740554063568307 0.425691730908157 -0.773004480574987 0.415881390368773 -0.859184218956873
0.746911350579809 0.769178527324382 -0.572588288052887 0.320867101743205 -0.809631989371858
0.289787340310557 1.19416423918524 -0.303523779802516 0.214661346233739 -0.676029784593347
0.0218822557565802 1.4779456100825 -0.163951723014706 0.271045797403491 -0.634347916694243
-0.518637627518243 0.819481797095776 0.167509030398025 0.116297775138898 -0.373782608130136
-1.22560791308099 -0.03272664192157 0.744332173703567 -0.31948814950375 -0.163971502869138
-1.72901919573604 -0.767870486917572 1.02279980580159 -0.666193773551539 0.00156376400181363
2.1261976021192 -1.4191148666463 0.213278852310537 0.238781374024951 1.39420529872843
1.52151590704948 -1.1837302911371 -0.102367676339184 0.203167540465673 0.801700539842957
0.892382678245823 -1.05744294963183 -0.502842373685223 0.171492431782501 0.0861890228049744
0.885657265872169 -0.631723858908634 -0.59323293578399 0.26563229683232 -0.442726265111698
0.795083425655277 -0.365148565703357 -0.739451367291145 0.561213233680465 -0.751498348268151
0.28248028664947 -0.164383467658729 -0.344670061784757 0 -0.810286650924822
0.604457156783879 0.195057595116129 -0.935738042066613 0.368162555649881 -0.950199332578503
0.602179383514525 0.527497690723445 -0.73333683856054 0.0995670751129614 -0.936310543771636
0.798331294451685 0.903945080740253 -0.354187371712034 0.0425556621773059 -0.806483928501203
0.597035926900806 1.32290220505324 -0.157836433287547 -0.0725612715748046 -0.751794371798455
0.0275519784894503 1.07700593559929 0 0 -0.357347930858885
0.0126407484411707 1.16072968702379 0 0 -0.422190743050677
-1.18105769728429 -0.0814380501280066 0.355873992101995 -0.245939203093143 0
-1.48126989136646 -1.12521699454823 0.418320465992506 -0.375914290592456 0
2.05521204103063 -1.33230221215142 0.411905224257357 0.354391365899313 1.29178034331268
1.68507552796362 -1.05132377432292 0.0374978415958843 0.41900494679796 0.939353758647748
0.97167259541108 -0.954207725400597 -0.31603155343631 0.31698725810961 0.204606736084652
0.698264157958185 -0.756602938803597 -0.234817096937762 0 -0.456034193498511
0.617202033278804 -0.440781789928562 -0.311799900926569 0.296831476344018 -0.941864775565076
0.0834593641113451 -0.315927860452341 -0.410306541816037 0 -1.01791066234444
0.148291989100751 0.0748649854467291 -0.452683212251213 0 -0.898437991078615
0.240684554554013 0.472006417275752 -0.347880530511384 0 -0.805460258069113
0.627665352242289 0.808752347813506 -0.0797131853255461 0 -0.865409346089207
1.02349673563832 1.2734775813848 -0.206189509438889 -0.437524449092283 -0.760493048087831
-0.117712178536768 0.997482383863145 0 0 0
-0.0678268852504479 0.880285472472977 0 0 -0.262373021461647
-0.487890668407193 0.093417640441922 0 0 0
-0.572334711490043 -0.363155338974441 0 0 0
1.77216226544779 -0.823788298651575 -0.0951842614312339 0 1.18175249448727
1.27477148942867 -0.961316650307786 -0.078768187687933 0 0.415177025454955
0.858228189286027 -0.901332405187668 0.00541864213665918 0.336303669367605 -0.0451780652889884
0.433146780755537 -1.0433177012979 0 0 -0.710764992269119
0.349568538183972 -0.975404057553853 0 0 -1.08516012431078
0.488872890641256 -0.802846507560682 -0.109615528376718 0 -1.06385726192342
0.610435163241925 -0.420043299229942 -0.073626113350763 0 -0.638782750365155
0.412566007910197 0.00968765050448945 0.0648090746472184 0 -0.590416248241811
-0.223220808295646 0.74752665830341 0 0 0
-0.0794249644032843 1.5392994272015 0 0 0
0.398185336378748 1.50166655768563 -0.141770740807508 -0.0118843307760594 -0.00871364017870007
0.198648009893608 1.02187095928168 -0.346208952891732 0.312704224406547 -0.00398239827173123
-0.216621327923878 0.453888093322986 0 0 0
-0.308850603629102 0.0197658356757539 0 0 0
1.2933095469922 -0.778184911389595 -0.16285120730529 0 0.945999007366773
0.68800432257863 -0.645080035487346 0 0.399693051047346 0.390201299924725
0.489819032732203 -0.934889378239886 0 0.325909535738812 -0.278136161606901
0.56119194387204 -1.33181652985417 0.0369259675560296 0.224503929772592 -0.947776539277034
0.713251919091289 -1.48461687585238 0.346112694985219 0.0356234196565511 -1.22306644277126
0.892146785842657 -1.08952178754658 -0.250915052888845 0.0407959765855922 -1.11354102901725
0.734077205987504 -0.526218639131336 -0.280528389136416 0.0174465140221213 -0.932926060229559
0.40302832409063 -0.338296424264359 0.0747611915664933 -0.00291722486036005 -0.488384338879856
-0.192411986857527 0.160578986049895 0 0 0
-0.132366747587645 1.10073110287522 0 -0.19542004214962 -0.182585404959085
0.53451340094555 1.15576875873656 -0.0561037431601399 -0.36657376621418 -0.328182977014684
0.555474632506567 1.53038614899117 -0.708495786126504 0.621763077346708 -0.147303093394802
0.394374062537014 0.999807903247949 -1.04561484475888 0.65601089741733 -0.092256137474729
0.297545795117287 0.400234576745924 -1.05344513335855 -0.145553544985239 -0.107168115004
0.530267673686774 -0.453577281616944 0 0.277749674222376 0.751415545154192
0.428604998871765 -0.725119202258126 0 0.235961600593358 0.248241902579364
0.390725033319807 -1.14445895026741 0 0.0401284342246794 -0.348007287583047
0.57983311874823 -1.55140999035561 0 0.0340537363221684 -0.75019747927071
0.890400462246956 -1.69774857458586 0 -0.0868513725052127 -1.11018143695723
0.543297640057224 -1.95118713809284 0 0 -0.634433830786102
0.720810549913316 -1.47499767225985 0 0 -0.850181100764007
0.473995195979307 -0.958824180210805 0.280627676288117 -0.277861219548446 -0.769964437476745
0.477115006531136 -0.457513537381486 0.228828123243072 0 -0.462381457290598
0.408130749776084 0.337325030360972 0 0 -0.437406102511334
0.410885814888081 0.603421980347709 -0.214074920960729 -0.513941305983694 -0.571277696050328
0.456631442315935 0.739054704486659 -0.649724350676629 0.482460664643246 -0.384046884190308
0.368224703992475 0.320382397680494 -1.00481621525588 0.313126854395385 0.0672927820226954
0.424542523473892 -0.2075822736981 -0.920350584634109 0 -0.0723223444690079
0.466295495164087 -0.419753354284425 0 0.109226755640494 0.680835549828716
0.428237369584591 -0.868362328147597 0 -0.0979606133414735 0.143820909793848
0.320450039897681 -1.33770649138093 0 0 -0.287202111766194
0.649075062873272 -1.80403308201931 0 -0.191745298648867 -0.60429834914782
1.01776029901999 -1.98945084246888 0 -0.326243359065784 -0.893859016982677
1.14324434334467 -2.29904815856463 0.347735939309493 -0.200910829021574 -0.933415475179852
1.14266171128053 -2.12044791638493 0.558858598158947 -0.168041483710853 -1.079484765757
0.759360086086835 -1.70006006999204 0.537765837625011 -0.370262697333811 -0.925535137028153
0.341099525883675 -0.932652611575036 0.236934979501131 -0.503949403019674 -0.812163944576463
0.182284325523853 -0.343374511831117 0 -0.459402414139455 -0.709369708129718
0.393562033281968 -0.216972131256789 0 -0.192319399262161 -0.654264854110241
0.105908410695862 0.115387187805186 -0.588969695176815 0 -0.405373269232756
0.391775164900585 -0.362491098090506 -1.05029267396336 0 0.0901637999356019
0.586380847864735 -0.667172536644924 -1.11090757173426 0 0
0.485875474132755 -0.540296382574786 0 -0.102553477463652 0.538105083292585
0.327361031594206 -1.01291026093822 0 0 0.0183848991399475
0.530629733491098 -1.42863905071338 0 -0.115124766076621 -0.159593955992792
0.874539339255169 -1.92307004128777 0 -0.567669779528436 -0.494424108071468
1.10820070020098 -2.12045500220073 -0.115658839783294 -0.371910938892543 -0.713554236964583
1.29262511206392 -2.04508648213234 -0.0490939306623607 0 -0.850872193399085
1.09118432317216 -2.36783840838163 0.274785728543516 0.00379579468524029 -0.733926256640952
0.739268448471859 -2.06583025709152 0.287687151344241 -0.178269480040694 -0.721428813947093
0.337051936951264 -1.44913954840085 0.205119680233242 -0.565196170082699 -1.00739586071638
0.299558739526485 -1.07670747756054 0.0154786896588395 -0.330058591794703 -0.871309415700589
0.703526149086004 -0.920728357382928 -0.411153177914219 -0.0872252423022352 -0.505353157632536
0.601192332376164 -0.829806819566092 -0.723774720801678 0 -0.137692961336091
0.476134110198521 -1.02824346189292 -1.35052018855046 0 0.0323939092218954
0.771562420504959 -1.41523016162979 -1.81619138572313 0 0
0.594954968258158 -0.796415152666269 0 -0.26935307555626 0.431975646272909
0.660045851711792 -1.15152700034456 0 -0.24971158873312 0.159835321477256
0.713382841435739 -1.61351020178119 0 -0.471014610446291 -0.151088347083973
1.05292260441182 -1.99477824174986 -0.16263248057502 -0.750677214704726 -0.214333061175043
1.12625614749813 -2.02154326615362 -0.357666701607804 -0.475495918807616 -0.438358186773488
1.12832519272855 -1.8521742659651 -0.402528347022593 0 -0.565897067328933
1.01098917146391 -2.31210233661894 -0.1657684066343 0.212141611948878 -0.247919248487122
0.640842482843181 -2.30137093636742 -0.0591530270587239 0.0515231511751993 -0.419528051628538
0.596381763551552 -1.93327486998316 -0.0710041683402012 -0.155405970977176 -0.628719095986119
0.576013707966793 -1.67271066984992 -0.154556429811419 -0.151006141876958 -0.847317513672148
0.628949907982545 -1.48027141693013 -0.544869577117694 -0.0231479907120427 -0.595589465948771
0.745586209938278 -1.42831917068775 -0.818465298173123 0 -0.172924538752094
0.652698686461939 -1.61254555418368 -1.5014335469509 0 0.0131865285860067
0.832980841920037 -1.83736386041719 -2.00739417096288 0 0
1.1918831554602 -1.67724492320449 0.985912728006317 -1.49957030471927 1.36154944852143
1.24241770002673 -1.92719320596788 0.757149624928871 -1.43386041781546 0.922598865685697
1.27895538793085 -2.16393582738374 0.425981630752579 -1.38267778753929 0.478732962628457
1.04982834019545 -1.86694841625157 -0.582790847231684 -0.808026659768664 -0.0920631964127449
0.983963038577156 -1.89035297485963 -0.760561720113553 -0.515768409211749 -0.179190640772436
1.04962774373482 -1.86123816901628 -0.85508543115187 -0.136104363550591 -0.0404671420758286
0.785639884385236 -2.23530968648177 -0.571919492491313 0.344669047376193 0.202267072287818
0.764289692691685 -2.59223158088162 -0.319452918089112 0.306179791445904 -0.136795389968579
0.681351390775081 -2.36110701856775 -0.332326535100816 0.171761390549056 -0.48451572404439
0.690186596823648 -2.12995632564623 -0.41400958636618 0.188644700976884 -0.626237659595336
0.586171133450647 -2.01150409759556 -0.736456642216898 0.194337392460199 -0.663081336898217
0.340542263260028 -1.88541539809021 -1.26725373009889 0.20286042004429 -0.415837681261374
0.275386960692248 -1.92629752786795 -1.77493377723923 0.219606092604899 -0.109053118745819
0.666904006182797 -2.02454033506048 -1.91856075822788 0 0.0634578894177654
