"(Intercept)" "X1" "X2" "X3" "X4"
2.3477046113949 -2.67707854712265 0 0 1.78983937726963
1.98700171360466 -2.56234654459668 0 0 1.32223443047013
1.66110448732092 -2.38777344896881 0 0 0.561887755457411
0.656087441443098 -2.54974447460786 0.0782863091665813 -0.455942244995718 0.127796784678283
0.295235059879862 -2.29350971351865 0.21392440472147 -0.527800001525954 0.0366001642334945
0.151033137278727 -1.92512464240289 0.325748892171238 -0.485748107222651 -0.0386866689446981
0.128404842886484 -1.52707199229864 0.50525746590919 -0.413938162242742 -0.141787854681714
-0.0081973126828575 -1.6385709916806 0.696154891835808 -0.172909635939542 0.549893179034999
-0.258098407479016 -1.60546295896534 0.959962471769177 -0.121608262448244 0.64539551823756
-0.447332534948114 -1.26473320966319 1.09782474292507 0 0.167786010718352
-0.715426752624269 -1.25371166080569 1.4651934212605 0 0.0775905146853234
-0.862586866447041 -1.16403152262723 1.72182094493253 0 -0.174284675894131
-1.58798536544554 -1.26669914231839 2.58496575154162 -0.103490183379783 -0.0883339662943181
-1.38704173954695 -1.37192426340163 2.3364449667957 0 0
2.23311635776133 -2.45111630526011 0 0 1.66567254897409
1.89890558268816 -2.28107959804747 0 0 1.21118064955784
1.64322791189669 -1.98873087451039 0 0 0.651959798836243
0.767794963869338 -2.12199581954176 -0.122066351256546 -0.28603260469317 0.0575904024438315
0.395365047657032 -1.85724229323463 -0.0319379467132744 -0.327762344903203 -0.230340713684678
0.255534562847982 -1.46078372853778 0.0691921894411082 -0.279186596940081 -0.322373508962389
0.313257750330992 -1.10981417700061 0.256098221174345 -0.115706034579696 -0.378714529515566
0.199249178634171 -0.782987771698899 0.186024366224515 -0.0426275617716837 -0.212496996768581
-0.0454160758836846 -0.820569086975748 0.412670984349687 0.0868298889877974 0.0317039516193423
-0.298152110990085 -0.617597465496992 0.57994217075116 0 -0.0346695006946332
-0.61164518811546 -0.912987421295981 1.11839220511526 0.381182034827962 0.0657079806256835
-1.02914571042176 -0.730643390195552 1.64727609708515 0.0861997357017748 -0.12412789783702
-1.09825406938041 -0.788289465682361 1.57923802913764 0 0
-1.33553210723397 -1.04445629613442 1.92440802463865 0 0
2.22987389798716 -2.07054870750277 0 0 1.54014458168465
1.86112264958136 -1.95168343236442 0 0 1.06237190365698
1.57613721288628 -1.66706715544866 0 0 0.530011248273372
0.847889201080829 -1.65545521833283 -0.30547535838506 -0.173916081912496 0.0451872542662271
0.482061273220393 -1.42152382809105 -0.318219065260872 -0.113305401354773 -0.450180092245465
0.392128475338477 -1.01520175698309 -0.214906926229686 -0.0254316547094801 -0.573317885055583
0.487552268509977 -0.679121170291685 -0.0593879769580603 0.227823398361021 -0.617066859779997
0.354279029965397 -0.351131556592776 -0.119754548095259 0.278495567098894 -0.536984996193491
0.20364499970941 -0.00850869055185475 -0.0810681512755112 0.212070187989264 -0.551162879675616
0.0347816264045395 -0.239570139777906 0.132127206929995 0.403921752197084 -0.249265046658862
-0.356831954574403 -0.181432849124753 0.636044526417346 0.242830878083451 -0.267012315123122
-0.81108757151884 -0.0818225227251027 1.19805249976296 -0.0288570657505714 -0.359446410552783
-1.02384101514957 -0.409307580241508 1.14859354380676 0 0
-1.46004160437211 -0.737875397536675 1.41509662527489 0 0
2.78068450862789 -0.95105916584004 0 0 1.57071889035109
1.89478176630047 -1.47495532759958 0 0 0.865374128255075
1.57094484816843 -1.23500037845483 0 0 0.34219284115913
1.0108621067914 -1.20806881694478 -0.398730206238355 -0.0282147729875718 -0.0857969678854265
0.635167857505115 -0.984993186842156 -0.585065968778592 0.0995239722594347 -0.574703228300037
0.492550019178213 -0.555732511678115 -0.548343895568037 0.204535697286268 -0.797745499239098
0.645416508214047 -0.190986843688816 -0.477639187593701 0.580817848249924 -0.858161636016567
0.559662748186761 0.072287405622832 -0.421690950822225 0.592649505805386 -0.816231466421268
0.357740881076657 0.452040357761486 -0.463871232587838 0.504875855716594 -0.705513056896587
0.199491280792652 0.664778425009864 -0.232795164807853 0.307981513974224 -0.682364966433687
-0.139988243854791 0.562514002308105 0.216120759067941 0.188041006364437 -0.552913408130198
-0.689735942906965 0.46774036737494 0.756614828548455 -0.0636415245848657 -0.498095476962282
-1.01143823218366 -0.0555721520922566 0.673180047300966 0 0
-1.94035720615496 -0.582841938022635 1.54503248897947 -0.627711769804963 -0.0970522985388165
1.9563037920555 -1.80265408609245 0.0540407877945877 0.121398878511232 1.35643816685674
1.27143951994301 -1.49276134125519 -0.218985052900485 -0.074128335545737 0.596266007851857
0.95072647168241 -1.23400708537936 -0.394077006247044 -0.0282752286513491 -0.0696126425346223
1.00864559812024 -0.76668464514598 -0.422763352619988 0.107339815648173 -0.326451107496955
0.918283135916742 -0.629227782892436 -0.731534362085802 0.400897759924282 -0.746749574952537
0.461243349514603 -0.147096527090626 -0.808879669113787 0.261424078559583 -0.930580584953664
0.577762221402666 0.216614018226878 -0.85656680048199 0.309233413728468 -0.839560083710479
0.748507262109259 0.440520323118579 -0.78632629910954 0.441295527215134 -0.844512248035123
0.708718738633776 0.801861906862095 -0.591627352064835 0.34810208799805 -0.786115610660956
0.274846687895679 1.24919779560882 -0.332580333475898 0.240408162666063 -0.690315593597814
0.0139913447215093 1.44570384054539 -0.174288910340947 0.270788356714922 -0.644741701089842
-0.563092673726538 0.983572490454925 0.129970817341584 0.121038460805079 -0.357514811116268
-1.29253525986913 -0.0031242916703798 0.747834907894482 -0.33472891821594 -0.184624979809007
-1.87538288920627 -0.778963272993643 1.12094209431794 -0.731716077158687 -0.0124704825867015
2.09919566444081 -1.52137511189782 0.270451136271973 0.339570091618235 1.45842855072665
1.45229828348984 -1.2494298009627 -0.0199936829088979 0.219527686562012 0.82129595036536
0.941281506765088 -1.02961387041789 -0.453388293041602 0.218359818078276 0.118939484081776
0.823933835176031 -0.632922835000543 -0.601359102295688 0.266412943540092 -0.519869439985439
0.749192950059517 -0.362521479785165 -0.756751369969206 0.572745969949374 -0.804854820516421
0.263676521764773 -0.135720974928145 -0.332119826721509 0 -0.800826468665667
0.513065423571385 0.223415324445244 -0.946369826806791 0.361648411478044 -0.963110394516814
0.618406441037484 0.533527667575562 -0.736154160860809 0.117734845517333 -0.956776798878619
0.798425220203345 0.971359350897334 -0.380614553155909 0.0758557886023033 -0.813527799877721
0.604672268750714 1.37683121372614 -0.108826980547502 -0.0708942659569292 -0.825294264782409
0.0307581987160781 1.13397786305352 0 0 -0.396578134242064
-0.302769512330775 1.06749167737929 0 0 0
-1.22432512492965 -0.0600025786062218 0.361734381404121 -0.258750746990564 0
-1.72073654377636 -1.23711416394844 0.471025526956945 -0.498231889498032 0
2.04907623948468 -1.31633277784694 0.451783129024391 0.476536045488676 1.45168202498967
1.73193908378572 -0.976184629000238 0.00260198482839833 0.609040730309535 1.05303257938529
0.975658767328255 -0.88322422906271 -0.376084482292997 0.547153983721708 0.22285895031046
0.537450885625199 -0.626517445612391 -0.243609579357071 0.1480968485792 -0.424546665064766
0.566265795663552 -0.378864984676832 -0.308466921735842 0.307898921123739 -1.01319826937501
0.0827392056550325 -0.327302111594388 -0.438383181721488 0 -1.0279628511534
0.146077014126369 0.0895873119918991 -0.473922782046363 0 -0.947360027645144
0.246529099728253 0.364890427486673 -0.367103195193791 -0.0100878219476152 -0.938599163894743
0.650560928618595 0.847858209515732 -0.0878269868597618 0 -0.879711846472338
1.08573058517359 1.31467406369586 -0.230106772559484 -0.408242906777887 -0.716914693623299
-0.144235422275502 1.03005671380083 0 0 0
-0.262702618335425 0.909533087288822 0 0 0
-0.56223705557394 -0.0427894601838241 0 0 0
-0.603123222318133 -0.432032573799383 0 0 0
1.69557826561081 -0.818425222713645 -0.0942811665278984 0 1.06935872018207
1.31527412280999 -1.13519896765279 0.23009550455884 0.405605461668471 0.572454604826566
0.806279871737373 -0.814000268667911 0.0225432665833566 0.458954232072009 -0.0386797666412644
0.36926613987838 -1.01422426845725 0 0 -0.7675955019527
0.318765833342343 -1.00554621392015 0 0 -1.08950399460075
0.482804312792876 -0.82327841389478 -0.0991802453131607 0 -1.05383148778147
1.03624192823715 -0.362364938333195 -0.0999277657398738 0.22445344156495 -1.01084026457966
0.38213379117939 -0.00833101424536921 0.0639024687273948 0 -0.58421980977422
-0.224748991014384 0.777287150105497 0 0 0
-0.0688276912742142 1.5687329930744 0 0 0
0.147509868190587 1.64513617673254 -0.373232772365747 0.0644676386027598 0.19933875155662
0.096176961799151 1.10046761106852 -0.347458991987468 0.270634149186734 0.0102772555681922
-0.214053140852726 0.46197813503929 0 0 0
-0.333715385853141 -0.0439303287866261 0 0 0
1.23812102857285 -0.767335490197151 -0.173930644969501 0 0.867741426320184
0.588698473116817 -0.539785749982434 0 0.567223938052128 0.503679504769083
0.407477671233387 -0.987225374013838 0 0.185062544377829 -0.362579523315105
0.487823516879303 -1.40831019144287 0.164366742959908 0.164169934668737 -1.00565297928315
0.831384224390084 -1.61229485288513 0.655211490958368 0.111023165417649 -1.24500122780605
0.793384817212654 -1.1958552944856 -0.0174400239761529 0 -1.13438445190999
0.804840080354833 -0.5043357005871 -0.290089529911657 0.0619971595498306 -0.970999333350924
0.393683662408716 -0.362284333295816 0.0825331345310013 -0.00622345391492359 -0.495409729361912
-0.199049796159998 0.184801442795773 0 0 0
-0.0432548027163726 1.03285943177235 0 0 0
0.350146480444163 1.39032948832506 0 -0.289595462138061 -0.216682709357013
0.468264454652259 1.76688844876409 -0.848522470152085 0.738247622028914 -0.201987591355734
0.450925991729661 0.880212527932873 -1.02516490104712 0.526052521292302 -0.278724166981483
0.409776775144235 0.235110366504308 -1.03940823551719 -0.171488680897313 -0.318996780262613
0.480586609745747 -0.353598594980501 0 0.348658692791703 0.911772595513915
0.43581015478419 -0.759614335078293 0 0.136619017659763 0.255293067710196
0.371685684899068 -1.16115998018516 0 0.0809159656138977 -0.351622855552186
0.58657679835414 -1.55555261790634 0 0.0732004024824005 -0.793830102363396
0.875362146382795 -1.74934003426897 0 -0.0368666096047547 -1.13638364787993
1.08057067855358 -1.62883893337876 0.00226029931502267 -0.0662931679038593 -1.17307259485017
0.752020985087578 -1.4794015244805 0 0 -0.877927392995438
0.474417398552547 -0.983095400869016 0.308514166875023 -0.306228378860542 -0.744589023347515
0.478638972482795 -0.455192476194043 0.232359197238706 0 -0.434982485737715
0.272733804264673 0.376854690443129 0.173281268343269 -0.431493694149141 -0.507572882170809
0.251873656035945 0.661361550691288 -0.255630124714824 -0.557473590267356 -0.601088527464606
0.441361215323759 0.742698752403983 -0.651090117127686 0.481702247031189 -0.393590704015066
0.451942803926871 0.191677340509496 -0.990467551586016 0.432521141722184 -0.00722715565400314
0.33153886136647 -0.388026564276718 -1.25692319548201 -0.100814096197042 0.0316381508273968
0.547818431692948 -0.430730659150575 0 -0.0122786861057081 0.756694508506686
0.530055483454554 -0.93990350188049 0 -0.25169050463596 0.208338464076117
0.46387904186745 -1.32716243585379 0 -0.0250681645582544 -0.208290848579508
0.611549527269076 -1.82037846919977 0 -0.137585249377582 -0.594876762345156
1.03230907166825 -1.97582610104713 0 -0.275203657837098 -0.942219539712611
0.982350277335038 -2.43578990978818 0.411502474340926 0 -0.906145842263671
1.26262467403459 -2.15205894292744 0.632104667859936 -0.102221387859418 -1.09533494627198
0.901561661394214 -1.76171649001347 0.589566791762645 -0.368725721243216 -0.995034881403689
0.409763062348829 -0.934235560841067 0.282427977844044 -0.487097629956745 -0.818865040176434
0.137854428693134 -0.352820780432304 0 -0.479682923173891 -0.668251906643699
0.397823991974987 -0.18290586040379 0 -0.169401623655975 -0.697988806870704
0.101607441277806 0.0587394888726003 -0.58834212591591 0 -0.489102826048118
0.442873350887554 -0.534814094505576 -1.12887638736193 0 0
0.521387673585054 -0.747931051896213 -1.06827043924449 0 0
1.34610443215151 -0.712195989418694 0.632244609841689 -0.760916862923918 1.55568551487915
0.344625534363128 -0.990216627151711 0 0 0.0316817485423316
0.415937318158814 -1.42295169252691 0 0 -0.196825382753617
0.858925021933439 -1.91257148474491 0 -0.507602678080209 -0.487941405253299
1.0901301493353 -2.11216069822374 -0.112336570082067 -0.312504136124421 -0.711046564846533
1.29864505584631 -2.06695357805719 -0.0342951729128181 0 -0.869692663509664
1.16760039792068 -2.36418003164689 0.294611181267939 0.0513872535642003 -0.716031401989255
0.806726470520707 -2.09540230425944 0.269677105109315 -0.144040630165084 -0.733033776962457
0.3164045089989 -1.44864478270094 0.217842100766242 -0.583287595530653 -1.0357697781284
0.179109306431131 -1.06683286180952 0.0927583695844295 -0.310252606598116 -0.816390213080699
0.699450038567563 -0.930231038943671 -0.40597803980292 -0.0667398698006864 -0.517115854904182
0.439451021380692 -0.797855166715988 -0.827213603299977 0 -0.167173801237965
0.533113913050624 -1.11606084092828 -1.39736326629343 0 0
0.720580234292021 -1.44583965139099 -1.82951251384215 0 0
1.38327813254606 -0.911836249489917 0.814863079575034 -0.831477962411545 1.47882851042288
0.584696367371526 -1.08803943519023 0 -0.147317135700066 0.156628351919629
0.618634899333785 -1.41837034602816 0 -0.200440387796683 -0.118319765387617
0.928548306567696 -1.75850335463045 -0.366155759594473 -0.479535711078999 -0.325612343670321
1.1263016874491 -1.99694647711345 -0.325457700198758 -0.435731365596114 -0.413720736166628
1.09792777988694 -1.8933513456291 -0.366953768332193 0 -0.515112276033707
1.15721302386958 -2.35661116508112 -0.0625830628359976 0 -0.49516683821047
0.595974166115065 -2.29485663066837 -0.103173879613983 0.133545466420286 -0.399544468191232
0.587868014432395 -1.93965423438858 -0.0490943405966949 -0.174949982788246 -0.681276856923053
0.622812635142487 -1.69769619824988 -0.136527255467838 -0.144407509200211 -0.847646520728294
0.623809541464999 -1.47335219821147 -0.526350688486883 -0.0317824503109518 -0.611580328974985
0.727108803114713 -1.46804113370849 -0.871830406705996 0 -0.181444271173271
0.588763301809137 -1.62008332125428 -1.57122460684586 0 -0.00724509396361085
0.810034032960214 -1.93988013077535 -2.14133891288868 0 0
0.706506489017897 -0.907608027271791 0 -0.39155012117589 0.478417905352536
1.18319602040265 -1.563602376272 0.822697250812383 -1.03257586874093 0.935667508295102
0.425008227154278 -1.53742912761058 0 -0.279482294222806 -0.178777461552599
1.00373041874172 -1.73314777075982 -0.514314984711586 -0.702805523212005 -0.0699437231668633
0.955850862339396 -1.8331580803886 -0.646711743849177 -0.475589578108216 -0.143931601049039
0.823946632161018 -1.71692685379946 -0.550964110015536 0 -0.209724837589583
0.911871386747014 -2.15607323615614 -0.367381563275379 0 -0.0718242894921587
0.692731086307481 -2.53156116405123 -0.369108477584595 0.402056584203006 -0.0562314968439703
0.74205548286125 -2.36527592355333 -0.312342522475411 0.186604145330774 -0.437848666455045
0.751635162131826 -2.1778638248763 -0.383591852900292 0.14148695450681 -0.659433764884668
0.582390507150911 -2.00695984821315 -0.693994575427013 0.157730999452955 -0.694648711200197
0.32090492949596 -1.89284864803214 -1.26170021480188 0.177017405734758 -0.439810027160302
0.49016519790953 -1.90526272378423 -1.57880854091523 0 -0.117556114479999
0.688319615536631 -2.29656859178509 -2.28903940537738 0 0.0743636604009986
