"(Intercept)" "X1" "X2" "X3" "X4"
0.958408254804237 -4.30019665784306 0 0 1.16487994345014
1.00265439093703 -3.84047730245581 0 0 0.981804772560646
1.22266488171099 -3.3217356324391 0 0 0.879162415779267
1.29850042121043 -2.82556867596377 0 0 0.735470391082165
1.26533058143309 -2.26946982699628 0 0 0.462529853037837
1.27051891087752 -1.65508859729575 0 0 0.172863127870865
1.25815709682531 -1.23417445546667 0 0.127156914569897 0.054281532810257
0.211111579605639 -1.19523671942887 0.495063789561799 -0.450890306150234 0.300096595520674
0.977063414879244 -1.05852457305799 0 0.18702066029403 -0.168969970860091
0.862016835660787 -1.05916467891723 0 0.318222291653494 -0.186087496766395
0.590098608256231 -1.01322410019018 0 0.392254624552409 -0.254814420395237
-0.208787657200734 -0.65791653733525 0 0 -0.539309059827418
-0.567491231184604 -0.895336923722724 0 0 -0.492150740577028
-0.897911073478561 -1.13673316111974 0 0 -0.410675768123876
1.06321675072851 -3.85229057589167 0 0 1.05072706039622
0.959586836357746 -3.43797905989436 0 0 0.790055961562966
1.10063398017588 -2.86615288605404 0 0 0.625548440965452
1.23640946862849 -2.2766660732978 0 0 0.498759867085164
1.18263278126189 -1.72234693404169 0 0 0.21343168142799
1.06924343267868 -1.1134745656759 0 0 -0.18198228708406
1.04255558504124 -0.840708189875071 0 0.246866247486639 -0.300348335834691
0.886568783618894 -0.552936025227521 0 0.169657769895451 -0.445524566716662
0.756300780176118 -0.579849608272868 0 0.282847528513723 -0.487202897579303
0.740190418767743 -0.577164211327479 0 0.420346866543499 -0.462547256744363
0.423673351062133 -0.564959698847302 0 0.375357165565728 -0.482291986897566
-0.258982210345675 -0.420956676930083 0 0 -0.563865169072181
-0.589493148643892 -0.575006542489849 0 0 -0.518148642371343
-0.919987988387692 -0.674212610742438 0 0 -0.458561442638175
1.42706658243769 -3.25927547851124 0 0 1.06207610972858
1.14541350949785 -2.9131051699459 0 0 0.721830268493008
1.16710556407618 -2.35797305288141 0 0 0.493988690384118
1.22524190954972 -1.71944313976131 0 0 0.243245841324589
1.15372069823881 -1.09224295894199 0 0 -0.027602789262497
1.10320332125316 -0.69613025795098 0 0.223393738260576 -0.396160537335056
0.999542412742463 -0.431385279343705 0 0.4030665075913 -0.610056606680684
0.996655140854923 -0.187704259209565 0 0.445087656370166 -0.784862085112727
0.725459917053125 -0.132036394335118 0 0.465577480351553 -0.844732087052042
0.640558225379637 -0.194648642658387 0 0.556016843534101 -0.735894595600197
0.0535739524136153 0.0683736915694147 0 0 -0.690410235439973
-0.235719513645112 -0.025130165106384 0 0 -0.637881261336384
-0.570620502971096 -0.215750333979941 0 0 -0.544231399286615
-0.849452293795228 -0.2167585232658 0 0 -0.467328329045332
1.85989278559461 -2.6109012535224 0 0 1.25650428275641
1.49645884676573 -2.30389474025746 0 0 0.798550550549484
1.37574737804681 -1.791989559145 0 0 0.464971219139157
1.19650305162105 -1.28263693757083 0 0 0.0848519355001111
1.07544043815492 -0.852202305186396 -0.359244608329492 0.249662469674352 -0.390322237857831
0.992860429512417 -0.535458350937421 -0.315529431939691 0.413071200427087 -0.769140967294097
1.19410872507435 -0.138976401472528 0 0.59458860516512 -0.829181143178535
1.12589178796547 0.0952901482572436 0 0.557162793256723 -1.11880725215438
0.8432633529892 0.249034388175367 0 0.564730594166279 -1.159703025331
0.56189995047021 0.24955321044619 0 0.572325149380422 -1.05370438158885
0.0673360058799619 0.482829702263338 0 0 -0.848857301646643
-0.163072448987076 0.422033287639063 0 0 -0.760163408632381
-0.457072926034415 0.265640826499427 0 0 -0.624304437796228
-0.720925887771448 0.147781612524045 0 0 -0.412972537869065
2.38126436470044 -1.85672868343921 0 0 1.370786227633
1.85203860522424 -1.68789796590689 0 0 0.8329140791808
1.52349912154987 -1.31596074797727 0 0 0.373760860755539
1.11717103617518 -0.916042477260802 0 0 0.0108542294043474
0.957866754242832 -0.655095798460041 -0.362951093767686 0.380036697128725 -0.592843832462112
0.95266389314096 -0.315438968599515 -0.458860020919955 0.587133308571735 -1.03264785353693
1.1448393273792 0.0589360778580022 0 0.501790982739118 -1.05405627053038
1.16033865728513 0.333669927254126 0 0.589405630592823 -1.31140868034642
0.826955031095004 0.598277063165821 0 0.495302669114513 -1.3468155758926
0.527394690298026 0.730390837919612 0 0.528029951428832 -1.3589131508821
0.352129418701063 0.787242250747687 0 0.452569199347542 -1.27166368513558
-0.250194217330673 0.640332841887502 0.221197922808804 0.112503920301602 -0.811063771082397
-0.311016823996891 0.581763706541776 0 0 -0.633390583483018
-0.635286168778675 0.107100386195166 0 0 -0.345708580631621
2.44733063427491 -1.84384755336453 0.293616182774843 0 1.56156957561233
1.90966495996843 -1.5748240954945 0.0754247644865598 0 0.91921818143225
1.36015930878552 -1.28262720896642 -0.14523228183665 0 0.323702738170973
1.08910906089867 -0.951883625965345 0 0 -0.231236523955063
0.838110171793514 -0.596746141155403 0 0.111576826520889 -0.919073255818622
0.696569093269472 -0.33142760058083 0 0.279618666475638 -1.52372281817071
0.848242967256273 0.128307596522972 0 0.329268608141932 -1.68239640206168
1.03181542972697 0.481336691391745 0 0.532479758155834 -1.76820476205095
0.81966054098126 0.804520619191979 0 0.452408268879228 -1.46668479719291
0.594581333716476 1.06349735247997 0 0.480265773974854 -1.48012560549783
0.283888150550922 1.10805748859454 0 0.433441538102853 -1.3057747201686
0.0888159306699287 0.937476849564455 0 0.168891555667844 -0.93314381807507
-0.266143572964123 0.476253711809484 0 0 -0.496443937756415
-0.520296896157935 -0.220053254927359 0 0 -0.380581405480105
2.33953420235469 -1.40187108534181 0 0 1.56737889568494
1.82994505857167 -1.33912451726147 0 0 0.858056371057637
1.4444876516991 -1.24796863040195 0 0 0.131387028210513
1.08964240656193 -1.03884352279537 0 0 -0.524379304706547
0.874270226947501 -0.622542580655001 0 0.212263983278717 -1.06407879618176
0.229761348878713 -0.348239411596604 0 0.20806419358871 -1.46950890229436
0.0946422550185984 0.0262206071605358 0 0 -1.51761141270543
0.626394362878955 0.495744154559618 0 0.38476491373775 -1.89666708554809
0.880420920084508 0.844956242456264 0 0.49295830541684 -1.86772596057386
0.665707534646653 1.15992390637174 0 0.308311068789164 -1.47588770445673
0.383541120946492 1.27283559817981 0 0.154569480265681 -1.15736768359115
0.206063411025679 0.962136843305139 0 0.139737890181133 -0.962556563557721
-0.132075599964225 0.428306844914874 0 0 -0.419184412749515
-0.359334967248434 -0.187159249233833 0 0 -0.176824700303756
1.89964399098665 -1.22120603541255 0 0 1.41857368013053
1.57137480372708 -1.26289008962054 0 0 0.644775499992246
1.37053794975957 -1.36116179528765 0 0 -0.0134943118102399
0.778425403366531 -1.05401727724774 0.172381983485578 0.28570437079799 -0.350584333330732
0.519752253789272 -1.13122772198725 0.273197544789617 0 -0.948615249017527
0.103269063915041 -0.8715692014508 0 0 -0.956809947298239
0.573978820646392 -0.280926575385178 0.278168122524786 0.251253607764262 -1.28045755260148
0.334104362982806 0.096405251959669 0 0 -1.47460909748968
0.413370553914807 0.513202149094285 0 0 -1.4307520327383
0.306478425702105 0.88107640881715 -0.168652063499317 -0.152143531956274 -1.27066502292055
-0.0541318936169192 1.07076245276993 -0.15657889153943 -0.321502359045561 -0.794722203715643
0.00117845337718256 0.871988970762397 -0.17481369961072 -0.469052409888627 -0.665972395754397
0.255160307512964 0.425045062508068 -0.309064966713275 0 -0.50345503709504
0.260106108136467 -0.258066006838027 -0.481440450450852 0.513026644375464 -0.299603857055681
1.4893413848055 -1.09394613784879 0 0 1.21368301772386
1.20452762441538 -1.12067551338734 0 0 0.3459818332111
0.69814660095334 -1.26837499840086 0 -0.0569716127676307 -0.210776879509563
0.335199165704459 -1.52789112808031 0.286140688853163 0 -0.549255013841697
0.548709812649464 -1.65667704202058 0.237876866779074 0 -0.799533684366415
0.397251061779452 -1.39892395379251 0 0 -0.965627654074583
0.336728580989226 -0.924534215509706 0 0 -1.01827850810395
0.252529244223532 -0.502643066180714 0 0 -0.868791200404859
0.201810557767814 -0.0270449802398773 0 0 -0.587955668900088
0.446683538284682 0.479381555028192 0 0 -0.626569284132608
0.257973029152515 0.75804860220678 -0.355436757742935 -0.356068387867811 -0.46549579656398
-0.0651337041247744 0.618756264043773 -0.483699901959767 -0.418459008576072 -0.349775080468674
0.150658472696065 0.0537797924892338 -0.409804569747196 0 -0.361181972664045
0.411025436006285 -0.337830997272323 -0.737740181823291 0.219810483151702 -0.196758230860105
1.17454380312499 -1.13040721989328 0 0 1.07386883905064
0.61171863454797 -1.12605626269506 0 0 0.238521226023571
0.16023833326732 -1.3613127416542 0.233920143891473 0 -0.191973182317207
0.198034585299097 -1.75014485671684 0.138963945525107 0 -0.404077869718479
0.639932513141814 -1.84461451011213 0.133201379286009 0 -0.735413084539068
0.917110556508858 -1.91571773696214 0.149078367088802 0 -1.04452621607625
0.83925114571596 -1.50956993372187 0.120969851530316 0 -1.23367711057754
0.607872547057766 -1.06476880255537 0.0686150916092983 0 -0.993791088025473
0.261217003059617 -0.658386889101342 0 0 -0.514162450154057
0.633398767440849 -0.0259478886178991 0 0 -0.301045118966316
0.525939482470771 0.334602815370864 0 0 0
0.328498396417148 0.286409668791937 -0.565002305652247 0 -0.29385523037015
0.304186293997079 -0.0168497027312048 -0.816261544823881 0 -0.159505187627563
0.545505031579682 -0.443336006751174 -0.715882688528931 0 -0.0668194349788472
0.787918851302657 -0.990137526554438 0 0 1.05360870567776
0.2725947226808 -1.13356790191238 0 0 0.261884609391541
0.183157576911396 -1.52517132644059 0.0908531500778037 0 0.0856551151102566
0.283649381261804 -1.89913851475425 0.0406187329962116 0 -0.177405526229535
0.741986084769493 -1.97994565451959 0.00412067721182226 0 -0.521894519639568
1.26751546183975 -2.07228156657379 0.0195488417869703 0 -0.781531054028295
1.08706164648306 -2.05556519918728 0.0893260962387604 0 -0.931271523097681
0.867681868850806 -1.60954911319721 -0.0726561242694461 0 -0.824443814709547
0.499098747781412 -1.14894172483265 0 0 -0.617063894603299
0.924439171571844 -0.526224031364726 -0.331669877100019 0 -0.385802216803988
0.908817884610198 -0.277307377685092 0 0 0
0.657738140373256 -0.202057806824989 -0.751827867167811 0.0939768694863825 -0.15732402954772
0.404452494027177 -0.430645053177126 -1.1371370887301 0.233463343588122 0.11058676285079
0.576747308937357 -0.843893536523576 -1.33367998025278 0.587283421013125 0.368733936890072
0.366825502103123 -0.971660406501252 0 0 0.939463893430144
0.168500419951975 -1.28502106347612 0.0891811508399894 0 0.640138168792351
0.215907117113627 -1.65344481260473 0.0520247991031248 0 0.321895441552453
0.42558223848977 -1.81660034623471 0 0 -0.195990541506154
0.845186503798591 -2.06474318650962 -0.179047150175313 0 -0.16805707395354
1.24218864531704 -2.05692864496276 -0.103104680932266 0 -0.394042459446445
1.16013035674811 -2.27164164658961 -0.0196033118768995 0 -0.46020740232521
0.841698713657612 -2.12631969669805 0 0 -0.624068845581635
0.820422217970771 -1.64950033156695 -0.337859952704762 0 -0.4062466795364
0.742872772027923 -1.18978214857746 -0.490432586934135 -0.0472103162781524 -0.302484186369077
1.04400099049967 -0.960578979706985 -0.237738112604079 0 0
0.839715282071038 -0.945465722858089 -0.627950084958531 0 -0.0273993768946375
0.807215997501072 -0.937606147309666 -0.708409709042231 0 0.0907675280917111
0.956341107866233 -1.01584792136665 -0.486984975388107 0 0
0.20401942161638 -1.07514723277395 0 0 0.952373220231635
0.116996988684953 -1.3260137180027 0 0 0.337147445031091
0.235633978017166 -1.63662560274187 0 0 0.21556556474982
0.451336765570812 -1.92593902865879 -0.115527006576006 0 0.223225532300671
0.731140483647689 -2.06711078278412 -0.272649245214556 0 0.173817574451781
0.955725752044219 -2.02261698817699 -0.192086738692549 0 0.0935413637174471
0.996874803186278 -2.36158809688578 -0.175285181843399 0 0.18757651071306
1.07271544625434 -2.22615859472377 0 0 -0.344624567711279
0.828471529819008 -2.14378238341804 -0.374033060923644 0 -0.27995740293303
0.664793818535258 -1.76931585846375 -0.590565440838853 0 -0.198700929424829
1.22717832268283 -1.53575563565929 -0.276990841499108 0 0
1.19563994775121 -1.57636246454492 -0.548799338244185 0 0
0.785827325575284 -1.62048365500721 -1.0854676647139 0 0.210413183500816
1.22827337465007 -1.5740067942967 -0.661541666481646 0 0
0.0238731057350056 -1.22260921695448 0 0 0.971101674400508
0.0362803875498444 -1.422902686244 0 0 0.387796627069093
0.144814434835787 -1.78755318666555 -0.105818728393657 0 0.568720286704474
0.337458602892702 -1.95785205909309 -0.225748474999518 0 0.482871657053257
0.533911448304811 -1.96433787208388 -0.214653928157115 0 0.42979174153187
0.529274088263481 -2.15646761097261 -0.267759480284055 0 0.632359912196338
0.79542140045959 -2.30074544305739 -0.305362032690216 0 0.635452285488286
0.687230761007076 -2.54603416294505 -0.830580383133402 0.490211938358968 0.932583714157012
0.344734409293523 -2.41407733258023 -1.02863050767388 0.394043562639312 0.381937481122086
0.426060219784951 -2.3165730872453 -0.960411340076153 0 0.0338956021299339
0.978453239275534 -2.08577330209753 -0.556870674727404 0 -0.104901081633312
1.41944953617605 -2.05202744564266 -0.45935321896423 0 0
1.3887605706731 -2.13377633933294 -0.715366636894381 0 0
1.45937213794634 -2.13599935202095 -0.773793055021128 0 0
