"(Intercept)" "X1" "X2" "X3" "X4"
0.764126790092777 -4.21185699192403 -1.72169607368688 1.17090875324439 1.15251311470052
0.503773944791088 -3.73366859102627 -1.39188024543892 0.693562892311281 1.15229679590812
0.299248592834168 -3.21763908813581 -0.760095918121003 0.387327543498453 0.924109334655596
-0.241038261089057 -2.66278847694727 -0.140805028786089 0 0.378803957965038
-0.236423542272343 -2.38790846006309 0 0 0.083447820229951
0.623934629534329 -1.80901824080791 0.267261241925534 0.259491576750505 0.266890972830502
0.549347196325654 -1.33844363157438 0.382957203487985 -0.00120434344180076 0.338167927412776
0.497820749852077 -1.07899453079229 0.484511819278878 0.073675987068727 0.725077130638283
-0.391659092306338 -1.07925191940811 1.11497506735422 0.521924479787139 1.37178314958091
-0.816333907208949 -0.871674513741842 1.21552713113887 0.305192980076886 1.18928444926952
-0.822438880158409 0 0.480867651106491 0 0
-1.10743028870935 0 1.00183576057657 0.185469168680486 0
-1.84405950440704 0 0.472422376476203 0 0
-2.23312928681908 0 0 0 0
1.18857737410133 -3.8284588238078 -1.40590740636417 1.42134147369871 0.442658963271924
1.07073284187347 -3.04523151873242 -1.03799724288279 1.14144358652953 0.571229797657994
0.460129153481994 -2.68868533803445 -0.52746351242192 0.460154658512624 0.588655415678294
0.187531147883016 -2.20992966213515 0.0125123982644151 0 0.287777849750757
0.108129763531908 -1.78510176838358 0 0 0.092419814538775
0.875029646915017 -1.24529309115003 0.148611666076909 0.54297986603469 0.1535706782279
0.36266258808555 -0.85545727104252 0.243153856485897 0.1244138906128 -0.119241040998939
0.31197891792491 -0.440132782665738 0.251437518910677 0.191639936062501 0.0572384507038421
-0.117551133263814 -0.610158496462863 0.658346603293618 0.589191074852374 0.68116381591779
-0.430081468993249 -0.435152188598286 0.739740365798906 0.472105295004492 0.541170524064396
-0.512940291142003 0 0.676998816092269 0.244634473206177 0
-0.943939226951798 0 0 0 0
-1.55993107785608 0 0 0 0
-2.13594575439572 0 0 0 0
0.566437700616417 -3.66660189874676 -1.05799255975345 0.712586040440424 0.114152915395534
0.630258751162551 -2.9100698522827 -0.728049786448566 0.832526452238028 -0.0450967289208232
0.367624712627203 -2.12678036060008 -0.30374573311645 0.565402970292021 -0.0963679963421143
0.341207537869465 -1.68691751756078 -0.00479676591401451 0.169771897590211 -0.0829346883126709
0.543613295666979 -1.11888112014888 0 0.0719415790322071 -0.152553261431753
0.501000131768958 -0.865171062732681 0.0155064768764081 0.271706114747962 -0.211242223649786
0.184582133309862 -0.385831493560044 -0.0144510250995531 0.230004681929558 -0.658560545974649
0.139925683970899 0.0485457361564046 -0.0310695173410392 0.296210441875527 -0.638673731958542
0.239844338985632 -0.252726263076653 0.00869583246981057 0.552149441177842 0.000575866302197063
-0.00912383577748494 0.0785452661918231 0.209264235465592 0.559580889661815 -0.0743411222192666
-0.167845970250022 -0.0446270819821572 0.457631987441427 0.509862848383464 -0.333159683501044
-0.75266324858676 0 0 0 0
-1.39634704925225 0 0 0 0
-2.14349311102355 0.159991584755724 0.448546377970169 0 0
0.281172289383943 -3.43580833673797 -0.858773468889308 0.10714077581648 0.316243664864279
0.163644408596942 -2.74876523457927 -0.536025400032631 0.102442852513226 -0.1306928353776
-0.0501079091452309 -1.94196500592278 -0.139688533432869 0.0548602429380065 -0.483484377518925
0.0266656062725695 -1.08797340082149 0.012661958136369 -0.125481624770459 -0.597727593856535
-0.0366709494922134 -1.26461226932618 -0.0442407484665614 -0.405440255474474 -0.921857968493821
0.455994249014097 -0.545030486366722 -0.107034046515842 0.371777723200423 -0.686790522623507
0.588159403381279 -0.0795673826654647 -0.106978846326339 0.777372695412086 -0.931411590483758
0.383198315980425 0.288236928039731 -0.263457370393817 0.602215499651055 -1.01967155701302
0.1403549460963 0.595388314992075 -0.361223175385713 0.346266145357439 -1.04543888479555
0.139620502302005 0.307999469072922 -0.163068813134882 0.571723492250418 -0.273258446207151
0.0251006196508074 0.368999042613289 -0.00747460255465676 0.474359150460816 -0.547400967081857
-1.12837671931807 0.57485716146444 0.360080545682655 0 0
-1.44331160720983 0.318257760231354 0.351303240508749 0 0
-1.69716211025368 -0.0876914777876892 0.244943801486288 0 0
0.351212714341573 -3.4166922427088 -0.671434851595893 -0.243938987424156 0.422842133341303
0.345606045534481 -2.60982972072398 -0.503802896127416 -0.366214450387318 0.161485737033886
0.167414185909131 -1.8151820923205 -0.373653440463592 -0.434690810252161 -0.248641526605941
0.0595365826074656 -0.978438211814052 -0.133738145392963 -0.292660536088073 -0.849696718880037
0.0177545786168456 -0.502249617582097 -0.110355833392656 0.0240596166989315 -1.2233961009853
0.455514839267966 -0.0261051661836199 -0.220181590339028 0.518586114599825 -1.01134831131202
0.758176562566333 0.25784930434508 -0.237433941702573 0.93997053066352 -1.13159358765754
0.753185866788043 0.47727425342459 -0.428581069062648 0.80950744636791 -0.992242855227847
0.308455919620581 1.00135137500986 -0.3360747213611 0.332742553870632 -0.922804332791621
0.0339730476670708 1.01899739175556 0 0 -0.579953646172065
-0.347213237678763 0.741855647632276 -0.146258480527001 0.229803418981061 0
-0.883066493209655 0.826029418302487 0.130468366824938 0 0
-1.13965036763496 0.509365754438324 0.124792464683255 0 0
-1.48685303652308 -0.415824346708854 0.117472953066269 0 0
1.3754861222546 -2.96831354387309 -0.0744252613500899 -0.4781989226684 0.599797956491496
0.489133424576479 -2.74242361978204 -0.320285288383407 -0.379977862842228 0.283694685163826
0.807297516652693 -1.62881250714722 0 -0.503497661388722 0.197145461743662
0.600351339856181 -0.82564535644176 0 -0.359488566385725 -0.195886031293872
0.191130517102414 -0.335673508006163 0 0.0842093763106503 -0.989997917655075
-0.00578480336268678 0.372091030905555 -0.345638740466712 0.626578863629094 -1.39588446135782
-0.0932155716610682 0.719758993783666 -0.287233390842238 1.02835707534758 -1.32766568077757
0.208596104696167 0.826528226010623 -0.260907815584105 0.666629851795211 -1.19957942279387
0.248894183119751 1.34267423886367 -0.322904457537123 0.432791170626812 -0.822119605648649
-0.0136507786461805 1.5723202385342 -0.266817347722275 0.329056589697388 -0.672298085672038
-0.342407516192054 1.00990949999263 0 0 0
-0.557722173033525 0.933548735550985 0 0 0
-0.862649522445415 0.75069973812353 0 0 0
-1.32382082346692 -0.008091359527846 0 0 0
1.72425743652123 -2.67943174538436 0 -0.645346781935936 0.584028530740431
1.54811198229359 -2.32237468722518 0 -0.721785931027748 0.478494616042541
1.05302532000564 -1.96386598617243 0 -0.618246599972338 0.194030019506135
0.352763872272589 -1.13595505722782 0 -0.406833634743652 -0.653851847669459
0.166287975579349 -0.562966402124383 0.0357028143522345 -0.511176327292107 -0.955287721502638
0.33801691199793 0.0029905869930925 -0.0189061834095934 0.357328223280983 -1.66890865362458
0.151111046239936 0.438422571476678 0 0.589764822402731 -1.29811271168699
0.292274086479245 0.829339911896716 0 0.492832051895203 -1.14620289599568
0.555696158014481 1.08784692930817 0 0.241623515140817 -0.895933810787792
0.349773723363008 1.44453126279889 0 -0.0829774002451194 -0.619927421134779
-0.325508366439113 0.791180741441553 0 0 0
-0.424172304792997 0.630567764822104 0 0 0
-0.826695200867238 0.401906335576684 0 0 0
-1.23632690162423 -0.291149520753485 0 0 0
2.08818911379783 -1.78484217565286 0 -0.584779735699368 1.16552732548832
1.81523163099397 -2.77661640413068 0 -1.10562330799166 0.285998625758775
1.21903376562007 -1.90696647545225 0.26842547276925 -0.676411286897807 -0.226056242422182
0.433602414147533 -1.68700602572373 0.247903007257993 -0.640194503543171 -0.933320284631729
0.280093890603753 -1.14998516296028 0.123629676817827 -0.51313120303 -1.19550616041413
0.562062771375949 -0.886545770121054 0.0465833944101118 0.1764128953288 -1.10848287188161
0.303148542145818 0.0577615052690325 -0.128638109230439 0.435825865638528 -0.627308477009154
-0.292834667845482 -0.329128479051325 -0.588565331343606 0.0905697418389833 -0.436864894834411
0.0836843115889834 0.360742578859996 0 0 0
0.124680157127266 0.72939092265158 0 -0.0432798034341328 0
-0.399419571586128 0.625635804481371 0 0 0
-0.0623978985160845 0.736461752494606 -0.585456103970718 0 -0.314485558185333
-0.531322769969941 0.364296881793774 0 0 0
-0.681097667717521 0.144458843616876 0 0 0
2.04174764491523 -1.43720754900744 0 -0.608446288524293 1.62047003706715
0.242453094838441 -1.10854721652521 0 0 0.075096960026719
0.602889423070024 -1.5057737193759 0.314731787703862 -0.360074220729937 -0.114555687741709
0.68151994781816 -1.92493277147985 0.234259398758201 -0.455121310749485 -0.907872026625578
0.612688735523922 -1.81734762483253 0.377168544828777 -0.395246491318428 -1.13655614813477
1.30071551598845 -1.44255036890837 0.37939784278362 0.228112136752534 -0.867708053612723
-0.480505456361484 -0.965958769674514 0.0859983209135061 -0.45777290029411 -0.600259166647754
-0.4868793027619 -1.15416208654569 -0.334474460206843 -0.422569487668108 -0.853774485983551
0.137337045817132 -0.148742099235331 -0.686796143280472 0.0300291316744575 -0.456734745431991
0.31854506422018 0.378295460107729 0 0 0
0.386033051781487 0.515648701061469 -0.418029430404488 0 -0.569567070647607
0.521137047808857 0.393261646361935 -0.355565836210361 0.437996542328528 -0.425200578729248
-0.0724394231287538 0.225538032919657 0 0 -0.167734021554233
-0.145791654157924 0.200046251116092 0 0 0.0617905420790092
-0.174568008617332 -1.0416480191182 0 0 0.203385331481229
-0.195695610011148 -1.10267463809973 0 0 -0.0867325689640539
0.272969421770411 -1.28802374419344 0.276749932736879 0 0.0341395934959747
0.300939373581921 -1.90621989267983 0.281162333193193 0 -0.464978217210085
0.837319114434634 -2.44537797078189 0.548844959190311 -0.0535946106622294 -1.51847830450679
0.631409370597904 -2.48016681272522 0.719240667858776 -0.127878900345747 -1.11461390570134
0.855531628842325 -1.74897614179947 0.903569075492165 -0.218914877032106 -1.00562882175311
0.0373726520322828 -2.161952022489 0.11992118838542 -0.204951756425769 -0.758905144620131
0.680158575579332 -0.793518455646555 0.0927376206735483 0 -0.690394783184414
0.818973102213488 0.0420752596876802 0 0 -0.64514530214869
1.1019828999576 0.320495804880091 -0.219810943853087 0.564758982464614 -0.772052506781429
1.0817935367315 0.380027139418033 -0.654841299888547 0.559325488311067 -0.670225099308083
0.376650641430507 0.256475198742301 -0.39666082463968 0 -0.144847511627449
0.233616735420807 0.0858790036083904 0 0 0.123688318315499
0.148471968117504 -1.24983966210118 0 -0.820596758892513 0.743900403596995
0.490524886984688 -1.53431448643587 0 -0.729491931974592 0.484894777296773
1.17779903512615 -2.20884616460748 -0.164141298707953 -0.959528083753853 -0.111892035457041
0.697511921857032 -2.45719920330569 0.0997667228904647 -0.499489926553874 -0.808921707167488
0.928533188265938 -2.76095833215723 0.825315680822274 -0.613593847695225 -1.58589740312882
0.875648833690393 -2.38779268371448 1.22926079544108 -1.04167843872956 -1.38526344207659
1.06101218326279 -2.25504882431492 0.811299783815792 0 -0.875279378295941
0.912060645279022 -2.50082208368535 0.569186417001241 0 -0.873985652578789
1.07521098213131 -1.70789206397383 0.174692856873448 0 -0.80905176043422
0.853851545666189 -0.701188279212059 0 0 -0.652051849183572
1.1363815858018 -0.45868865262159 -0.322630213862207 0.515929103988156 -0.723087264906434
1.03889851046311 -0.0883011353920904 -0.490659847994247 0.505829690105254 -0.319007012862221
1.25799396094562 0.0173718290233977 -0.774692239300761 0.7690643743109 -0.159772735717823
1.61549267279465 0.0732673162149053 -0.895990137051838 1.17948232166146 0.112534321969629
1.45241182796756 -1.86751045103749 -0.695738855710259 -2.02673644225371 1.74091280011941
1.37059977309489 -2.20551073466237 -0.579010432958338 -1.440476885971 0.979472831076311
1.15380119113623 -2.34215727152043 -0.257177733328878 -0.609973080704916 0.419703753041278
0.613341007897589 -2.51810208135487 0.0681078044289225 0.0245515676503002 -0.353332982080246
-0.0944847918040616 -2.7572583838312 0.531085952943189 0.538159985610595 -0.607799381371
0.581861540513002 -2.40275349551392 0.790222921342929 -0.168616100982852 -0.612970125231279
0.2118890417602 -2.37928004076124 0.424776619782563 -0.108013931082765 -0.399181326525065
0.320085362134224 -2.64859797974569 0.184394219409374 0.00681460656052926 -0.739621367057527
1.52032455467542 -2.39813493030854 0.343227045288351 0.165867415279964 -0.719710387723379
0.636645042895989 -1.23839727288489 -0.244218912930169 -0.402218374035477 -0.896125240530724
1.23542107879257 -1.09616754578069 -0.316199853091313 0.231205101096966 -0.578028920763134
1.31282237990602 -0.749381314824482 -0.463203435889684 0.582872445579033 -0.23485933328492
1.37309554034727 -0.507285280626902 -0.632851197955425 0.722700091183165 -0.0282706558779371
1.66326119386742 -0.437771284226995 -0.895919008847517 0.906006019910995 0.140882226837267
1.52619681192532 -1.86768817352385 -0.959252414613511 -1.89339349586418 1.63514056487917
1.41374993201012 -2.27993159333718 -0.734836767443698 -1.45926457381102 1.26896813882642
1.04808681442472 -2.45878130963409 -0.463947394527664 -0.625442787619593 0.675200951806338
0.560028434047797 -2.48515470793094 -0.15063667567664 0.259702615148451 0.0515800091172591
0.182165198654356 -2.67844317162144 0.239319539452473 1.01526791425462 -0.344413566739114
0.352514305201695 -2.24777931176903 0.207318770256328 0.701770151502469 0.0562555797989638
0.523359291810549 -1.92931862316488 -0.0970667352398725 0.423190802875812 0.241992100341809
0.290189851621368 -2.19883050681431 -0.189010810718662 0.459941290213337 -0.109682294145738
0.992790571195337 -2.03100538080011 -0.210436200803534 0.0340002466618606 -0.0307563456920509
0.984018573051666 -1.48705261119973 -0.33281262070628 -0.136228501182641 -0.230266155644745
1.12425383856751 -1.36193282276608 -0.409366265196248 -0.0520039550135325 -0.420259280208514
1.6472838766672 -1.38389995333779 -0.471385964499994 0.4394704082086 -0.275036862310858
1.71390642701524 -1.13436024160236 -0.716751779266941 0.786350221002682 -0.0764007128517484
1.88722899801104 -1.01617835916277 -0.985810086459044 0.923434089019218 0.0853130306767416
1.28944570761402 -1.6384741678224 -1.02706747112503 -1.52691060738106 1.56544277521179
1.17279047399067 -1.91421593699539 -0.858286990421433 -1.02315574597924 1.15414093951853
0.935546509884551 -2.06569323115735 -0.651433760725054 -0.282382997195469 0.685764341132175
0.794782661576994 -2.06596183331937 -0.535732368248351 0.570176272304553 0.218415242926563
0.225794733625497 -2.48425769576557 -0.503836418773421 1.33500021608928 0.122881339999865
0.527965975819271 -1.74660559045839 -0.000442823097770031 0 0.28457893133359
0.659024090521576 -1.22347817919857 -0.517955329213589 0.592082055248512 0.80269931548189
0.630370817719576 -1.21094011346712 -0.484906789208338 0.31343028894046 0.682030033439484
0.697178024281328 -1.67621696673041 -0.552016788979302 0.146599727586713 0.630139273574981
0.97453125597018 -1.67708594242973 -0.464480354880146 0.119303440666489 0.0691615153092052
0.831128112617796 -1.34267515394789 -0.635011853283877 0.0230027875451916 -0.184229866216731
1.58916438204723 -1.63931903604714 -0.494678232891444 0.114955902848555 -0.19561287453696
2.08531847379771 -1.63395286741343 -0.67905662823096 0.791183456377603 -0.0874354145854246
2.12815346931686 -1.47783471996952 -1.03310598778086 1.04534890134692 0.0357075187169228
