"(Intercept)" "X1" "X2" "X3" "X4"
2.51716163838111 -1.54884439942195 1.23429782152917 0.997592319263981 0.159336443265739
2.26648424214766 -1.51172565916594 1.06463101395094 0.877868387941238 -0.022680644097089
1.90809928236262 -1.59314440504394 0.839214319077513 0.763010979193568 -0.111067530981736
1.35858327874641 -1.76889164832 0.623500144256872 0.580117009885507 -0.0798551592575312
1.09418681717085 -1.75756246123524 0.523832011752693 0.465513758758801 0.0650062346380281
0.137570910362309 -1.79726331296223 0 0 -0.0933929083413917
0.0962100393128521 -1.48911157893111 0 0 -0.107511284048057
0.0673975598705328 -1.79113773042653 0.354338694591878 0.579977524419881 1.0152410018711
-0.208620833998099 -1.62087198794254 0.35523671719075 0.57147357920012 0.804398385942896
-0.774450131967984 -1.49360712549703 0.651848369693266 0.193575201511888 0.659551340380261
-1.02165571273458 -1.42119603609146 0.912679637618466 -0.0109509089489999 0.251200858462353
-1.30036898245787 -1.11594984071854 0.812983614748087 0 0
-1.60327167699892 -1.12404708800059 1.08218949385906 0 0
-1.99052973633146 -0.775575599699345 0.721688399810331 0 0
2.51557936208396 -1.33016929551586 1.10367613637509 0.953562493280835 0.238172906251133
2.22510231595584 -1.30975299239612 0.917870892096241 0.862154431499905 -0.0072216561771496
1.98134539506055 -1.27829700824845 0.697736396513457 0.770491796435769 -0.165107912771723
1.74979453969355 -1.25568854523278 0.466201955087541 0.705414963858387 -0.214392356356527
1.31397620491259 -1.16064637780011 0.350757091977186 0.47449231939198 -0.223763799192219
0.908125114950564 -1.10481573022505 0.315287843536964 0.322231779527002 -0.0833978698367388
0.579348913903855 -1.14934583059915 0.18984584044252 0.449472659772148 0.293688705407841
0.282304130636694 -1.05370591510025 0.0809932805606933 0.535869903656247 0.246437658635822
-0.222522850766082 -0.925752499377003 0.134716260894206 0.413778982179784 0.280225094836834
-0.569434184167326 -0.837272634048785 0.4271265032145 0.203354002708124 0.161382096677412
-0.816522089562417 -0.78738160408809 0.731529346825482 0.207618083279816 0.173471193741139
-1.14748259172174 -0.561701230486312 0.700387538423646 0 0
-1.4293290973148 -0.60110170423026 0.926181161267923 0 0
-1.86425452688793 -0.363246625735691 0.471395486001812 0 0
2.3715608085272 -1.21093829012454 0.978896247932735 0.858569474867227 0.30489399338218
2.1540277946856 -1.14370251307895 0.751421899891666 0.836755195549696 0.0329622756796266
1.95135773622498 -1.0405925276234 0.53873143440486 0.768570128459676 -0.19239139077417
1.70454222707953 -0.947525991110668 0.345761369364937 0.659954753686258 -0.344989741127578
1.57453985951156 -0.789125345759368 0.142477387608862 0.60523514896458 -0.406492052710937
1.22238072309584 -0.5590226079876 0.016388219523891 0.401248897473034 -0.443791225923656
0.963520908557595 -0.468129211122215 -0.185620197800692 0.444422704602242 -0.352462299492203
0.652751093498395 -0.433235997908554 -0.383662824379447 0.562303864717164 -0.523202133828167
0.0873826790303469 -0.329081688345609 -0.0949805705937076 0.454000161566864 -0.28818317593943
-0.310004540762526 -0.172400561519418 0.235165981185099 0.328203824391297 -0.197231073323782
-0.528147349653557 -0.134590554411997 0.447911326624048 0.223082348745911 -0.247467802847195
-0.962210436931294 -0.0203453681791183 0.538695022343794 0 0
-1.24524722112401 -0.105083854992197 0.653140197745299 0 0
-1.39585709233627 -0.206905865538804 0.671972249402897 0 -0.0239719234778015
2.16290243615488 -1.19412901036878 0.870483715538402 0.738986212333999 0.379333164283636
2.04470502915436 -1.03390271133237 0.575173860969112 0.789140531242031 0.0897346799746681
1.85654889251328 -0.906990169063769 0.327976585591177 0.785841962700164 -0.180625420456148
1.65550809483356 -0.777991004130663 0.15786955173819 0.694835157778838 -0.402796818160885
1.47455304097524 -0.624240915576257 -0.0309691014696785 0.575718500119885 -0.547194930558997
1.31718382808787 -0.381559354654027 -0.247036005295779 0.451555965673226 -0.654391208391631
1.08213833131523 -0.131138500803288 -0.551037070672632 0.434690789800557 -0.734948079097362
0.854999389342534 -0.0560244139577931 -0.65970242027281 0.570884761450673 -0.754255470620543
0.541216464775007 0.021778696881384 -0.332413675605082 0.449579398341271 -0.656865583302664
0.000785275717987706 0.33812548515064 -0.0200116675254773 0.279228767697854 -0.553647492720071
-0.443390032591922 0.568161313436737 0.264907605605476 0 0
-0.76368862709789 0.483657337665877 0.352438352088262 0 0
-0.847693095562122 0.290907533693841 0.390220150823408 0 -0.191578036861346
-1.19129007639783 0.0764666069396114 0.384191259745295 0 0.0275234617204021
1.907203901491 -1.2758851465417 0.788711002353025 0.565145577845289 0.469006420193201
1.76327002034175 -1.07550760877632 0.50394998266186 0.622586477164907 0.131981809383902
1.62155348530161 -0.897657156051413 0.204883981273855 0.692935626227519 -0.163145411634942
1.49605041467155 -0.755372534290566 -0.133318792952598 0.75080178921379 -0.416442813516488
1.30991169581943 -0.638650708623767 -0.162787227659112 0.521920792677422 -0.610063474071007
1.1088118772104 -0.409493016442113 -0.332107303091087 0.335965243849168 -0.782522951209592
0.98486129786717 -0.0786073788348264 -0.614714258808779 0.385214176697824 -0.852040624826499
0.871028573689831 0.131792564943803 -0.625075507408758 0.466747638798431 -0.802021923898027
0.711666233013513 0.304556063450841 -0.390164148765676 0.353641339351127 -0.759338455646283
0.305169339694458 0.582894809018566 -0.161277795946896 0.221697239504068 -0.607189896963438
-0.0500095787376335 0.821081183701308 0.121725461263771 0 -0.465480265927999
-0.397496996483951 0.748087802294977 0.232541441658759 0 -0.367226475058713
-0.702280378787925 0.476600388813539 0.311355837265413 0 -0.120634534330352
-1.05996966402643 0.177125817376583 0.350869527569315 0 0.170640060846269
1.79481685871487 -1.34742704064466 0.721923030212597 0.349105384164867 0.656894593412007
1.57547667554763 -1.14331449348473 0.443148295204599 0.447178846552186 0.233365030001309
1.38904083475286 -0.958980607123364 0.206043161319825 0.533291104945305 -0.134165993029989
1.105312679194 -0.793203799975009 0.0223417246136694 0.518160634772681 -0.429131965035281
0.978647778317408 -0.653782022367688 -0.0513644824653713 0.348581438087533 -0.664144012401664
0.733817213858981 -0.376414359589361 0 0 -0.74849540199547
0.643181526404763 -0.0459956991184399 -0.318838240935097 0 -0.883709815434854
0.850681446047201 0.164130038451433 -0.342517654970997 0.256631393053689 -0.859238314716644
0.604979643619154 0.55514050694386 0 0 -0.514461880960016
0.412520155949779 0.828010063441299 0 0 -0.680352660823169
0.194791302375598 0.976044410528443 0 0 -0.584598038889613
-0.12933663865791 0.826917546771193 0.0840057195054043 0 -0.383034111165503
-0.398930888388321 0.646352554417583 0.135317357998523 0 -0.178475598737858
-0.673767929846169 0.448594609748912 0.210438096732784 0 0.0260209685854129
1.67763550834033 -1.4007324575095 0.686397583836081 0.193950796285476 0.858711716687186
1.45849296736794 -1.19803849291683 0.442244418605426 0.335006322930849 0.42180374588102
1.23975809883855 -1.00444280577015 0.286533478068772 0.493213518392357 -0.00165576264403063
0.88949724948373 -0.907156287856762 0.120241575119464 0.375085527170488 -0.468337023982898
0.705352225104931 -0.79282386106655 0 0.100201611094638 -0.821423567046047
0.491044929187925 -0.444368819466723 0 0 -0.917206738930632
0.415825324796892 -0.111151316925033 -0.110380582779518 0 -0.915822263490933
0.586943291539128 0.210155978194177 0 0 -0.735001044066637
0.640225483092539 0.487987669700635 0 0 -0.809002600067267
0.362361208217968 0.652553087122035 0 -0.170143575125254 -0.815293503260017
0.276855171413909 0.800047484051265 0 -0.158804040535159 -0.568030077485182
0.339383619094896 0.983848062508707 -0.224797274436944 -0.0100414819755556 -0.53038011011467
0.129912725890205 0.817101498425707 -0.183882803162566 0.122297990525704 -0.237557663900107
-0.550320490759514 0 0 0 0
1.23636963189174 -1.3899359238401 0.67158387705065 0.138286625332394 0.966371043846553
1.11644014208903 -1.29219924449611 0.446304940982016 0.245414221579675 0.502770049165014
0.906467723085502 -1.21420995166478 0.223814620586001 0.315931475022369 -0.0486413862451491
0.729183770407258 -1.13462898507069 0 0 -0.572561564740239
0.711628253229649 -1.00939761207557 0 0 -0.80493107941732
0.575330430404635 -0.793394335029063 0 0 -0.871675555607176
0.462922537219495 -0.463803239243855 0 0 -0.776030817011141
0.525872162622996 -0.0546720683704421 0 0 -0.808587260026312
0.545461584276719 0.275576362834533 0 0 -0.745760075014957
0.473103654676455 0.455568209782395 0 -0.15136822239437 -0.733014688851099
0.392722686105336 0.584967690463815 0 -0.20575920616553 -0.542876590624007
0.302060082879988 0.665230832453398 0 -0.14416363016493 -0.312455938306741
0.246340285523005 0.634965162044993 0 -0.0942706921279529 -0.190448889898863
0.166457448855294 0.521976296408895 0 -0.0437195638440611 -0.0945584955619864
0.370144446373405 -1.38130423939475 0 0 0.117419205019028
0.393135753447593 -1.25950926887632 0 0 0.0503810170570385
0.401558428156928 -1.2702323417431 0.139966138004018 0 -0.116105667945342
0.545350863262666 -1.31772576262642 0 0 -0.520773521628994
0.699724095778841 -1.30579950584514 0 0 -0.790322053282228
0.718817375553143 -1.15108271127902 0 0 -0.831460604291113
0.592164376274536 -0.842588660159653 0 0 -0.657178681755665
0.585688271136572 -0.446253064292714 0 0 -0.750846319399532
0.55481823705336 -0.0599988691170611 0 0 -0.652202350837164
0.554016496512166 0.220273162317323 0 0 -0.504736805118061
0.540187561409181 0.33892032061301 0 0 -0.345169822197757
0.482361454663252 0.402053811548648 0 -0.115062247277087 -0.23071955476099
0.405862043858351 0.390536074131275 0 -0.124324391328823 -0.0905731197733033
0.34899898364492 0.349918752761747 0 -0.0886367009191306 0.0408919472755309
0.154771278051803 -0.89424257434777 0.318671780892776 0 0.653412130287959
0.0662027776318107 -1.15709858187335 0.305102040441306 0 0.369751692550171
0.114332204424813 -1.45275787879623 0.236057088218324 0 0.0120213035825494
0.394614977317234 -1.56349748995007 0 0 -0.373398066144471
0.63120638193281 -1.55978758811675 0 0 -0.610262344652999
0.811167480624969 -1.46390343899827 0 0 -0.756369850818342
0.767541600313776 -1.23107886115384 0 0 -0.696481773312304
0.667982207242127 -0.868938078657186 0 0 -0.685823423184786
0.636943561061302 -0.484893809626219 0 0 -0.597353271429219
0.727046900071699 -0.165912050210782 0 0 -0.413693222523361
0.797836576101524 0.0790293648719762 0 0 -0.197714177981303
0.821948620839028 0.166169585997475 0 0 -0.0577070658056779
0.722707194989014 0.109928446956914 0 0 0.00856730189893976
0.626977614861982 0.0810570735818604 0 0 0.0942774432292546
0.000597935888458725 -0.985204910388326 0.41953996212248 0 0.770204629965834
-0.00144118935612383 -1.28560560735161 0.366226072564348 0 0.484267370234335
0.147856317474414 -1.59598140288906 0.227635397415775 0 0.168567223338195
0.316030310638645 -1.76607224796539 0.263003265148837 0 -0.11340148169152
0.681826892099322 -1.73377880715616 0 0 -0.397003014985575
0.854707117553447 -1.64481546433146 0 0 -0.575436121260502
0.890072491484686 -1.44141440970618 0 0 -0.611972468580257
0.739189549406682 -1.24290423742682 0 0 -0.521292813165987
0.878011486694575 -0.892656271480464 0 0 -0.555987479438015
0.893538227834163 -0.613740817568402 0 0 -0.38397635266063
0.954848185025601 -0.394854041345439 0 0 -0.154499965618247
1.06539371273171 -0.256208680427264 0 0 0.0520958009923128
1.07791488591464 -0.194737240034911 0 0 0.173273382826425
0.967464733945597 -0.169537848127038 0 0 0.273816379850344
0.0216772495932379 -1.17106482870797 0.488495197725256 0 0.967451430745569
0.114205010857195 -1.42908030987838 0.308887179191953 0 0.648086601166358
0.403183535964961 -1.64534382493389 0 0 0.18430908071379
0.647623249251446 -1.70061160259465 0 0 -0.0801142494415603
0.775615496401526 -1.81000090226084 0 0 -0.192249448169244
0.975060994740194 -1.6712943961325 0 0 -0.403800707789523
1.013007732049 -1.71076041693688 0.247218872720681 0.126971100730281 -0.261513196249219
1.17918816544412 -1.4811478686771 0.215408894967469 0.0950004794477803 -0.247157618021636
1.02275129958146 -1.28163325583216 0 0 -0.437802551363966
1.09362553637346 -1.059200150462 0 0 -0.282759808208931
1.16053100425922 -0.852043116173953 0 0 -0.0932299221105044
1.24312205665235 -0.706667906929764 0 0 0.077870921009517
1.34226443125257 -0.591330127689142 0 0 0.278336184151552
1.22300645447421 -0.464774781563273 0 0 0.423207098277537
0.0110451321399015 -1.40393547835663 0.538262912298239 0 1.04372556600115
0.178473243553541 -1.57177971168336 0.352245742477619 0 0.712733135133078
0.403443148731797 -1.71982432723819 0.233728529781405 0 0.409987723994699
0.801203007499944 -1.68809710926131 0 0 0.0580608761682501
0.940795310070568 -1.73137822825718 0 0 -0.016563498224846
0.548189080350895 -1.86196824466889 0.200940848238411 0.366508513950014 0.0397040880685039
0.870744290790967 -1.6509510666808 0.0288105989532085 0.584167108179999 0.173527269328282
1.1633110075005 -1.56377269735421 0.0900160786558108 0.551140733445015 0.239072402586731
1.32932118732408 -1.47065891838956 0.151449964307023 0.342645182515122 0.0944701244564838
1.26217168682681 -1.47062917083065 0 0 -0.187457119842722
1.37241915435958 -1.28669353850771 0 0 0.00391940820171698
1.46442583829781 -1.12105633415449 0 0 0.193654360585543
1.54760235157185 -0.98239828949641 0 0 0.393177373814504
1.46276417326451 -0.816045214443609 0 0 0.55935272020556
-0.0822439586153857 -1.6544283932294 0.663951694025125 0 1.20227788812579
0.170235228527737 -1.73343016319644 0.455523476877366 0 0.88555161738361
0.805534183969253 -1.59847537237321 0 0 0.254559448184271
0.953640343860094 -1.68689128136694 0 0 0.258522914000476
1.09315144910379 -1.65160764040409 0 0 0.158300288459256
0.25300073073336 -1.87202018569216 0.0747514804595159 0.688587396293211 0.481498153251365
0.591855702301353 -1.63635427359415 -0.189630547753446 0.952721687970283 0.621707901703766
0.954092113687474 -1.61002566618993 -0.145536959382123 0.927587940753756 0.6372053208348
1.32824006676334 -1.58298793906805 -0.00744401428233279 0.720628573907362 0.491896044855442
1.32116178838833 -1.55534567417288 0 0 -0.114742833269026
1.4965757674674 -1.6320201186395 0 0 0.0438404260421988
1.64487468026395 -1.51384054299876 0 0 0.286658569840382
1.71210784466952 -1.33038734684884 0 0 0.517357164363723
1.66033628316284 -1.13550003403162 0 0 0.705883781947466
