"(Intercept)" "X1" "X2" "X3" "X4"
-0.0324822746762742 -5.83045006544044 -1.13409132931451 0.984450519184273 0.718036686931643
-0.37397477869008 -5.13831796826336 -0.805834760563627 0.469039806931478 0.747388637416297
-0.579973965270605 -4.1777106830149 -0.185279595077324 0 0.483463920001777
-0.213094090963095 -3.45978292373421 -0.0296603498504775 -0.0633191293402987 0.565812050857353
0.163383816906432 -2.92541816648414 0.22546916077804 0 0.230251815675456
0.69349607638203 -2.30116828540332 0.310662014446554 0.0250752125717189 0.262868676747085
-0.192637886195192 -1.98962439504523 0.528571356159516 -0.514266225172608 0.339928583146103
-1.00276896996405 -1.61401504431228 0.821000638519599 -0.783295021044167 0.287542071959871
-1.74817816229919 -1.53963849447024 1.19750730906034 -0.114584217674366 0.172236324371756
-2.01292426165578 -1.63390371906683 1.74353350200716 0.146377803725326 0.793117692538542
-2.20444583877833 -1.74438319090683 2.17694914577255 0.350463162285885 1.11913738000221
-2.14217111430818 -1.79864399772057 2.36515244111576 0.822842925364796 1.31128460687139
-2.40109083987592 -1.67316586132562 2.70839932922517 1.18474197940145 1.86010802934657
-2.98819485011783 -1.30559867817855 3.13448855802139 1.60090832016898 2.80262858759882
0.4369705663122 -5.03130682128027 -0.802933380301861 1.06007889316639 0.389536720772157
0.0465114210829047 -4.38271506829632 -0.5016010429494 0.564871192370436 0.395173846227088
-0.172806341967014 -3.46514751704265 0.0120806403028446 0 0.120853690743103
0.0769097682079293 -2.87514761193758 0.0832198251333519 0 0.10788334164604
0.136947410923255 -2.16088223748407 0.35490716099608 0 0.0106139924700289
0.595991941652363 -1.57008422757505 0.0811614743242253 0.187503524892259 0.0734925090966147
0.224273879104069 -1.25641734633718 0.119803601457142 0.102945164546866 -0.118831854412978
-0.478688827283376 -1.03434481640874 0.273838206918883 -0.162824280250455 -0.436932068101827
-1.44060676113195 -1.05687173090527 0.773636000319317 0.299750376622007 -0.188543939597374
-1.4369673990562 -0.976518382263461 1.08315473531592 0.343351266479059 0.085891258802406
-1.54567900340332 -1.13053074207534 1.48440519551065 0.549654931103284 0.269473122417089
-1.9014021904649 -0.851323767563694 1.8200515068322 0.954019754450368 0.781192226557897
-2.28030660583804 -0.750018722703623 2.41583390006155 1.5224494145215 2.01837886961531
-2.6013817315776 -0.575417076800941 2.7303224186769 1.97676761249935 2.84217288866995
0.505132067509322 -4.28607775887964 -0.257727189297689 0.629444683357853 0.383926953560314
0.160728876272281 -3.48377336639754 0.14873380472437 0.303710753211208 0
0.0306971516567939 -2.67269203161266 0.187570434225312 0.123463106010046 -0.183959402931855
0.265302029243682 -2.10222157302366 0.0490940475208544 0 -0.176678177540603
0.634955912156233 -1.33983114895849 -0.0121429255135005 0.268947618657721 -0.292924724503739
0.570745459127023 -0.904386189030079 -0.195478355162334 0.512601500549804 -0.264851570977721
0.233572464404891 -0.686520944714402 -0.160212583218252 0.487850117707793 -0.559444815278855
0.119368753837695 -0.389126772352083 -0.124869966309169 0.41929640584646 -0.86872271871474
-0.427962930499224 -0.348893107742512 0.112130886937659 0.325546448010094 -0.6470396817549
-0.91092067428871 -0.39465729302343 0.493728371897412 0.444258130755166 -0.635281531913358
-1.10073807888911 -0.395991288186162 0.995402529093557 0.60421098809495 -0.659308164520608
-1.65363679289768 -0.250028931470292 1.54260390227825 1.24316236733081 0.611131622060647
-1.71085756643762 -0.18629331878535 1.97882787130374 1.7556951707173 1.96253954408953
-1.84148935625914 -0.025584839663583 2.14971945253229 2.00501365237248 2.84007174142803
0.471438177888715 -3.54208655366734 0 0 0.434332125316097
0.526092525424971 -3.00884317063972 0 0 0.280046423655985
0.598649298423386 -2.20672308440462 0 0 0
0.196879687630115 -1.34996749887245 -0.0260087925902485 0 -0.52989667986936
0.664834534043476 -0.838566188029744 -0.339061417698071 0.354631539554767 -0.598821773057056
0.811479527049291 -0.483699564879979 -0.6048800309707 1.03240830197831 -0.858076859991873
0.382297108562984 -0.215497885715362 -0.381992950038144 1.16571254966175 -0.832648010538474
0.710477038077235 0.100892487492748 -0.58152968840279 0.820337378754743 -1.2254202209811
0.820042435332735 0.533764088978469 -0.724401246633313 0.286903631588458 -1.72174605235945
-0.407272392892384 0.326684002399218 0.144597856582983 0.544201577638134 -1.33972472860917
-0.47852637523929 0.0495379091008982 0.770555372634987 0.678169091615347 -1.04722514673152
-0.948704127174048 0.29408175231991 0.975982593442983 1.06506205895198 -0.111620724651823
-0.966497363560986 0.273462231903544 1.36231970189708 1.5498582539404 1.2014947981594
-1.07849877869875 0.430140322795199 1.42529251279792 1.6721436029229 2.05694377797667
1.09470168659244 -2.59730846616554 0 0 0.431195569681806
1.13915952954604 -2.28823210212961 0.17640527163256 0 0.452074046140963
1.28047799614808 -1.69599182511782 -0.0102545297006767 0.260006117671641 0.122432991791194
1.22605413104659 -1.10391939250624 -0.230847414379285 0.448763543418433 -0.210834635245883
0.815539649345932 -0.464381976890353 -0.609521962366059 0.650740943368162 -0.786131077487821
0.960809765857515 -0.064652425539412 -0.913116063901294 1.25219446313749 -1.17767360628699
0.651126113875909 0.411184128133837 -0.796298314307646 1.34820839326329 -1.22188600225192
0.968788002504446 0.433485391210118 -0.834863838468915 0.964267272241482 -1.47508380125516
0.828040397251512 0.725633755833398 -0.660882983579428 0.718903351161976 -1.68271242460197
0.120755694043833 1.08088843041076 0 0 -1.06214565872943
0.144908131580885 0.912451180628322 0.134084396972377 0.691584681988922 -1.58163036942539
-0.0814726402392645 0.746730133566925 0.470591277970558 0.890519276944212 -0.662441943161899
-0.3207847771194 0.813996615558432 0.641840661452341 1.05860131577342 0.237364436583354
-0.709163298655574 0.531919554498111 0.931238608175435 1.24874855467736 0.916208192721364
1.33259768451161 -2.26225896294211 0.397237147633228 0 0.338198130403975
1.23488009561107 -1.85589347154555 0.139753361786818 0 0.203125618105822
1.67476760307552 -1.31087704362547 -0.314235796987049 0.514099862310808 0.361742681829169
1.34777680774877 -0.74848885890107 -0.405739901920126 0.510578970428211 -0.160264383751764
0.380680581166848 0.206043284201888 -0.311907116381808 0.246779034734876 -0.903901915612089
0.250516661064034 0.589763463561009 -0.473391311960568 0.763434323612503 -1.28853972810068
-0.298572447593896 0.8831984417943 -0.394159800450969 0.288200168969181 -1.26061820230011
1.22660996713191 0.256625500399824 -0.818244522173047 0.693012147828176 -1.41957609330572
0.823815901199113 0.979357282184025 -0.806934578405872 0.805735516960543 -1.60389469779672
0.201754438869357 1.59495216839261 0 0.513600067829661 -1.3169871330414
0.448929741486348 1.46915900460705 0 0.444496891053789 -1.16939027677627
0.270660335521206 1.42944189124053 0 0.408369996280043 -0.635136577252334
-0.0791510467333043 1.07629122825552 0 0.406912623259298 -0.318957542458335
-0.926043693692073 -0.000209410038353424 0.804515042548379 0.950597898383204 0.771142715983285
1.70692337733207 -2.37743518510076 1.16886265187978 0.332859151370635 0.742941032309578
1.1509566184081 -1.94510942651291 0.422963417049461 0.346753343175229 0.479297197130046
0.969236503643781 -1.26911553276174 -0.340088847850009 0.308700276644013 0.0201368432795925
0.559913416873161 -0.754962046311035 -0.205652436433402 0.346800750984974 -0.362151571048536
-0.227038944836791 -0.555657462651439 -0.449586944683093 -0.00469691464218325 -1.21105467664143
0.845077398343322 0.0285170002267155 -0.173891007070712 0.342328723677077 -1.31563223260777
0.504849345844082 0.452755526304597 -0.341534428565163 0.587614853758274 -1.23202714060321
0.774783894657814 0.419204547821385 -0.435649409980939 0.730623041584731 -1.08973429407543
0.508732581783841 0.531251074676986 -0.575686466024441 0.508385334051236 0.00641186588080331
-0.0401542993309782 1.21588896439353 -0.437521392626018 0.294470281251506 0.416635969538876
0.362948562334591 1.23228421057085 0 0 -0.667529264781587
0.430157515679323 1.19616212971296 -0.152186538442109 0 -0.553607994485038
0.437995181604312 1.20469332135591 -0.296182964860609 0.149625130814186 -0.252212510264501
-0.338559548801274 0.374561167580091 0 0.314284895299208 0.276791497928454
1.49685185109393 -2.13962208658127 1.18700335077798 0.464625145952213 0.874324687524059
0.971039333683171 -1.67372953897585 0.624513044120638 0.525492460045522 0.474183507957651
0.557862384434289 -1.1442418814579 0.273781284792578 0.529967209904191 0.0157636016684153
0.170191026861992 -1.15230622329159 -0.0362523144521533 0.309149595716728 -0.585135326704968
-0.25863607757747 -1.22705900135509 -0.428698455431078 0.111182971846195 -1.22213843758409
0.63421136739516 -1.04059430028745 -0.0937428179064112 0.389651921789433 -1.21804645032662
0.703903398863511 -0.709638498664823 0.00934019825159254 0.595814214822949 -0.855180171476556
0.289058348485233 -0.120762388355449 0 0 -0.94469256639728
1.24476401033715 0.263180914792472 -0.31367566427036 0.357703644609849 -0.856434473940156
-0.159191982038445 0.839850659269539 0 -0.438679231557921 0
1.02937865383401 1.26975898487201 -0.302235435174757 -0.574310885321347 -0.830543707477078
0.417665912393045 0.994830368569969 0 0 -0.467643212006147
0.147475447825708 0.862130414062456 0 -0.208575201926176 0.0469790665475425
-0.0335587902838766 0.74119153534807 0 0.110939271094318 0.52395670980082
0.877370898820806 -1.41809196160492 0.808346328524805 0.763377420803853 0.923906399208861
0.745144758432021 -1.37782455789607 0.502813613892956 0.602534537734546 0.369306996184957
0.690753063739132 -1.22716208846722 0.276184366679111 0.272358695249586 -0.26795247443421
0.44851512071653 -1.48800483035007 0.343852771634687 0.0101863426419608 -0.756310512407712
0.85149488811757 -1.33211249339974 0 0 -1.34392421670499
0.967668469065627 -1.38367472198255 0 0 -1.35018035732057
0.239662461731334 -1.46716485538992 0 0 -1.03874079213924
0.253430273513148 -1.07632197900915 -0.0142361988785965 0 -0.888364384616247
0.298621472769443 -0.240926760817914 -0.288501995845371 0.0939536172545547 -0.468238509366048
0.285797383751282 0.437073214596443 0 0 0
1.16930271486043 0.877372709737265 -0.00839456168138003 -0.36060063751732 -0.163509704778373
0.732554730970244 1.26928296809498 0.215395057607149 -0.986243270143261 0.133280157726144
0.173672864957735 0.69077175920571 0 -0.495581906387421 0.0271046051241437
-0.104376431787347 -0.122218496150012 -0.631320494741674 0.550024458707201 0.266908096224099
0.516993344911535 -1.16232229461987 0.624090322581975 0.15803442003349 0.85995022616418
0.437315993140455 -1.26963161667271 0.33227988122274 0.000370154446947204 0.380468019083443
0.657111401994244 -1.32551218469263 0.239274979912614 -0.183833724991649 -0.421806146966667
0.969056798304543 -1.53684501773618 0.503253066031758 0 -0.9724507054257
1.24321583693072 -1.45105243570226 0 0 -1.51791808439094
0.951474673886855 -1.81356378859676 0 0 -1.28350720515682
0.441439085294735 -1.92413164977829 0 0 -0.891970795994477
0.452896337794193 -1.53065107657463 -0.0668289164116946 0.00383125094525358 -1.05681442807147
0.366761437521562 -0.844549572999923 -0.447441986299786 -0.180028371644274 -0.7888487286618
0.72448764544154 -0.127385603774842 0 0 -0.24352425076448
0.835066658784362 0.328743088322318 0 0 0.0928099025828409
0.851055990905417 0.406161688212397 0 0 0
0.906594205347726 0.369547469058744 0 0 0
0.882432477694511 0.278115229983107 0 -0.147251333251699 0
0.0932417016729857 -0.738615193739273 0.226487711280393 0 0.353410239355716
0.310932419647778 -1.13117394851579 0.256777016914132 0 -0.0707072662485248
0.592604909265101 -1.35548705955066 0.241525360680698 0.0751624535923515 -0.687955324885641
1.09123446573216 -1.47598023548347 0.621854817823408 -0.0671137679338835 -1.06051814807752
1.26965633931883 -1.87343020727479 0.654321609014997 -0.234337679821536 -1.27707311770124
1.17174498115517 -2.29491716380877 0.493069885516329 -0.171597657905467 -1.14834599026805
0.354361118119815 -2.40599391622176 0.240675687052368 -0.357932528073583 -1.29481277391184
0.616856610704338 -1.93980221467876 0.125172727624957 -0.342500659934603 -1.23107808367379
0.375029827919354 -1.22345743730394 -0.413696272991609 -0.314046247831509 -1.02022999712221
0.781584285472087 -0.655392750860434 -0.305391255530464 0 -0.582553426300159
1.04599287852735 -0.307647145584425 0 0 -0.132758572363635
1.22662013455271 -0.00890988778740892 0 0 0.069403740347544
1.36306759894124 -0.139034336785409 0 0 0
1.43314274983122 -0.150976816154624 0 0 0
0.314150874748038 -0.382597437564416 -0.153491681447409 -0.129659636457502 0.380546003867899
0.292781870611993 -0.958213361623024 -0.149164791665205 0.160340123908098 -0.257565294563454
0.711874107483184 -1.32213073679857 0.0596897052321402 0.335750116494971 -0.711072644288355
0.992108161232879 -1.64606440848003 0.113233110408253 0.253502517828233 -0.914845542665235
0.764348806765652 -2.01845273591847 0.111158494843254 0.168903867867542 -0.833563166557141
1.38837129909693 -1.8649236739527 0.137543413664564 0.0705230367594121 -0.823370991608639
0.803249866868116 -2.38792813146654 0.0924459726828833 0.112083802491731 -0.702522057416553
0.457875290450404 -2.01224623261617 -0.218063716640547 -0.248122891131571 -1.05728045856114
0.236881445535382 -1.39517885390817 -0.486925423441667 -0.602253597265939 -1.16502137592167
-0.0133471895332599 -1.0408798284128 -0.583249483769893 -0.646610206500443 -0.822022215148745
0.840005006057316 -0.908134119747584 0 -0.136404453673194 -0.255383795848796
1.13013192320606 -0.641449227541948 0 0.0285566226323113 -0.140229587875858
1.40734717763605 -0.452505132069537 0 -0.071154234513849 0.0934937377222392
1.82289124070198 -0.634071442087984 0 0 0
0.163344574647019 -0.143365571671008 -0.539990995426277 -0.0196907440847946 -0.0399124566761661
0.422697661245999 -0.790128987987767 -0.635150188589106 -0.072110996344272 -0.365025384805793
1.11764106008699 -1.1322124223452 -0.51208103127485 0.282847646441002 -0.649076025182726
0.752113274865684 -2.02074539369157 -0.412023389377797 0.211348518781865 -0.395891997984063
0.646059898671162 -1.82231602118194 -0.110491493551829 0.408525072267008 -0.358574223602224
0.650417867430506 -1.9169187736674 -0.0919860470210254 0.582613897296956 -0.295442887451872
0.74587664556405 -1.90100490070017 -0.137730270495363 0.629359519228443 -0.0663028554670044
0.355692031794631 -2.11564906849552 -0.206319056685691 0.264799779017716 -0.42785079690658
0.116814635138836 -1.62947396742861 -0.480917724385718 -0.0518496690049198 -0.636186771327738
0.316292443810621 -1.48466084501469 -0.400619696230452 -0.268444035907324 -0.779893204741056
1.1328918136314 -1.40504059097687 0 0.226300388775315 -0.363664515761202
1.74922812365914 -1.21716335160737 0 0.270832564864737 0
1.68777415179687 -1.06935718028246 0 0.394652343005199 -0.00401262305730177
1.89064559936046 -0.876622690911004 0 0.178383731779116 0.184069491179827
0.608170638898957 0.198251759482548 -1.028279960737 -0.108167556495091 0.0034737139719139
1.27866440493549 -0.225998390892613 -1.30898007875764 -0.188259413925536 -0.219322871532694
1.43479822483692 -0.955183726842647 -1.24367989117291 -0.0612217164617978 -0.235484654455151
-0.329199346708781 -2.07892762584563 -0.460627391469332 -0.0782176362286727 0.745936620652661
0.787613239643463 -1.54652077203749 -0.585642031454363 0.438007466153044 -0.0675517108562501
0.337776320323772 -1.64598523424145 -0.359391595013672 0.901122407725302 0.124823029575703
-0.5591276407063 -1.69249101127723 -0.178075497765923 1.45243106823707 0.607306274146923
-0.4464830770633 -1.88964896130027 -0.285151660529282 1.18705136283271 0.363912749785291
-0.108091602055665 -1.80987433442942 -0.584563057261762 0.666853407752956 -0.091704329962924
0.227668147484468 -1.53539439828426 -0.717878821077572 0.540673945852244 -0.311017168979037
1.22768305360131 -1.71077845038044 0 0.324083455041488 -0.357900295732452
1.61787400119881 -1.6472447930604 0 0.48525422206846 -0.240020373795603
2.16072844929076 -1.67007944189027 0 0.729107439346477 -0.0806740969973644
2.16500862948587 -1.43240814134063 0 0.597998570371938 0.0822361841415254
