"(Intercept)" "X1" "X2" "X3" "X4"
1.67148716022683 -3.19807871353535 -0.551294443554345 -0.111676971557886 0.505641722794644
1.41920092992128 -2.94215315987066 0 0.0961275518610127 0.203396519522508
1.12022032202776 -2.67892198559233 -0.184697353282659 -0.244333917526841 0.0607795436133559
1.16541129664261 -2.35304622569707 -0.0464791586648689 -0.139444121598208 0.161818542385815
0.969335996930125 -2.20598362349806 0.10083350444229 -0.143131962272233 0.420580889957832
0.590840909161051 -2.0645596590673 0.265271985758541 -0.217648352648929 0.36998105389152
0.463475500790979 -1.8578222343493 0.436149458584726 -0.185181293900133 0.398680874859836
0.141945073231101 -1.83438743307004 0.709107399856167 -0.131528326597164 0.574121708858161
-0.262344848836951 -1.76891756188493 0.926627791006815 -0.230270796154917 0.629795706112878
-0.611866589304035 -1.76392757446713 1.10561680529652 -0.306445066944132 0.456276469878376
-0.880841794003941 -1.81601161277411 1.31414464037736 -0.3134754950663 0.253502707967561
-0.951301247298532 -1.825318807479 0.899240104239404 0 0
-1.36587784262768 -1.88872386333842 1.17613341086044 0 0
-1.84198395373892 -1.92410119602302 1.29242965024126 0 0
1.74159396914595 -2.76360517480772 0 0 0
1.65077786739402 -2.32373378509966 0 0 0
1.3210410462639 -2.29606840893227 0 0.200368126648243 0
1.11851769272348 -1.99785265561881 -0.187560659633977 0.0716776880016331 0.0137050942689563
1.02490015365869 -1.70795983613153 -0.0843450817768317 0.112500500146153 0.0878921967842548
0.803767516604084 -1.42607472176453 0.0339222508321014 0.0704792894232338 -0.00355061456425357
0.584588671795666 -1.17494926038214 0.191720067193832 0.0332444775837143 -0.0568962556627083
0.256947927812631 -1.09384728005818 0.385021395226771 0.0955233687308301 0.0397481388481685
-0.183155124844631 -1.08687090453781 0.655317676266773 0.0292766239962329 0.172246854120628
-0.479589029641726 -1.09498625673288 0.856460053790069 -0.060203906937901 0.0937584606678794
-0.726853720175589 -1.14767746704152 1.04495050767714 -0.0941707447554483 -0.0649701986261512
-0.932513567913628 -1.26185286567624 0.85845715679504 0 0
-1.38084499698546 -1.39140718513128 1.06939686880114 0 0
-1.83040086966999 -1.55801393871544 1.19164767350704 0 0
1.6981412427851 -2.50057646260284 0 0 0
1.49977268437101 -2.13212922132924 0 0 0
1.27447506265584 -1.88893969702303 0 0.216602617620896 0
1.15237206181411 -1.54132740372954 -0.346591580411627 0.188380251970971 0
0.978136783388933 -1.28436199704023 -0.280622040578611 0.307215027306293 -0.182296346414863
0.892011449162822 -0.919015914459827 -0.185018495920201 0.317215818140457 -0.319358908525256
0.760594259050664 -0.594182149756375 -0.0600910887802166 0.280211571016479 -0.368462498524645
0.452781783574573 -0.409299493996923 0.0595649287242336 0.269826724913537 -0.408868802628047
0.0528602174530413 -0.393687863969546 0.320903456819674 0.255443556915204 -0.305495568272965
-0.284127637624368 -0.468435493363842 0.592983681974876 0.187255355090143 -0.259490366660079
-0.587094427371116 -0.549876885792685 0.772664651516776 0.0720419351019787 -0.271349987528183
-0.938639338069697 -0.752510002003437 0.739832592982459 0 0
-1.40624609807408 -0.973642788623901 0.856299922732862 0 0
-1.87398540737905 -1.1833991064666 0.926223740937714 0 0
1.71383774861745 -2.34929533801483 0 0 0
1.49289549262646 -1.87441149298013 0 0 0
1.31497783845548 -1.39653940261318 0 0 0
1.12890200127451 -1.14519382222089 0 0.309537154697424 0
1.00002150358847 -0.833880849007859 -0.431855963603876 0.448913264590422 -0.200092960944073
0.963603727424503 -0.520123842623868 -0.394581652114691 0.553449421702703 -0.479174585581208
1.00926567272834 -0.116412478104125 -0.395316723698062 0.520082752687606 -0.562304049326865
0.84134958509584 0.137436540134722 -0.297515794948944 0.436255671987418 -0.599144714115473
0.556939412603054 0.25098046773336 -0.12877489428013 0.394268939949064 -0.629687973643161
-0.0343355296426452 0.00550579732598647 0.260943443387222 0.385584595929219 0
-0.559701654353452 -0.168425711954811 0.499888330657055 0.172335799632162 0
-0.931645075604083 -0.371229586258791 0.600141743494104 0 0
-1.36926719326151 -0.645125414885356 0.678637081799401 0 0
-1.83458093898002 -0.896008742799935 0.735516897178547 0 0
1.73319717963051 -2.19355835889244 0 0 0
1.42631126324255 -1.82131344320606 0 0 0
1.163349448764 -1.30412627691565 0 0 0
0.99505392431142 -0.792102841441969 0 0 0
1.04723938551761 -0.645727769443812 -0.503841475937281 0.626609579041677 -0.159322197484054
1.01431595157655 -0.345818720645136 -0.6027910518202 0.707300927211366 -0.324142491520108
1.06131994271994 0.089789772452397 -0.544004870791334 0.546366336984568 -0.658604157892529
0.944114544708038 0.414019019701141 -0.484910987268401 0.441238542352763 -0.620496641180381
0.719259183586576 0.484620960655802 -0.371182809058757 0.497598048862798 -0.620174833999662
0.290029937839153 0.589446163157356 -0.205982660408935 0.367643714907371 -0.595112309341019
-0.449731034904452 0.181676308670831 0.277703813732811 0.213139420170096 0
-0.965420374345767 -0.122436545663683 0.479945461115673 0.00690515912377208 0
-1.3186384671981 -0.316975902295327 0.479116088315919 0 0
-2.01025020199242 -0.872811502110806 0.75840076906126 -0.390697143927919 0
1.94669604036298 -2.16622733579363 0 0 0.632727843228836
1.61825168555425 -1.80648079324764 0 0 0.359093856795176
1.26101103300325 -1.38424445371294 0 0 0.0665975344599014
0.881825468290991 -0.997986164272309 0 0 -0.121498618261681
0.614528362712914 -0.611105487501904 0 0 0
0.538913381125136 -0.222065060010463 0 0 0
0.741271724846532 0.0036781165705423 -0.441194442575132 0.287926395862086 -0.579051962909687
0.908504784480634 0.31912729428469 -0.537712437931183 0.410785470786331 -0.812497264720692
0.698758264340689 0.52118296739253 -0.487799272781806 0.356378509382669 -0.825448932001317
0.332367425045386 0.777259782339749 -0.350441913717149 0.250106538044564 -0.727561295694137
-0.121107057331395 0.652268753268012 -0.105239451467783 0.103516804079693 -0.517499672099402
-0.9391478465717 -0.0157306234526972 0.303150414746026 -0.308432195964119 -0.1934422345964
-1.42766813023028 -0.509386022869928 0.465775084597314 -0.566196532851648 -0.0714260256584346
-1.74764735686409 -0.628932816843169 0.333614224094405 -0.187530825659275 0
1.93945087079295 -2.04087738305413 0 0.0677986532596645 1.05645971345061
1.67684157665209 -1.80438066603454 0 0.0979983737224163 0.554357469882791
1.27756243561731 -1.56472425122956 0 0 0.0822834182919958
1.01905317333833 -1.24351241525286 0 0.197917280284676 -0.103683315506157
0.457755158048222 -0.809094176503885 0 0 0
0.228142226194004 -0.432596796454393 0 0 0
0.14855406660449 -0.0637516675232196 0 0 0
0.568805094467985 0.209429724237913 -0.300779545689715 0.0886687279750859 -0.918562441094024
0.580837189551086 0.465991356792029 -0.409169414783696 -0.082392458660772 -0.736634477197147
0.36368996768778 0.674713262053637 -0.463709658648007 -0.131648809870615 -0.672581632106178
0.104492270259947 0.888731412071478 -0.586851415323901 -0.0741937144152971 -0.558589552494136
-0.296082360953276 0.584951839551685 -0.419478513131638 -0.216159087505684 -0.355594635656308
-1.00009893544596 -0.36735231435897 -0.0176773734514188 -0.561034870987965 -0.212098539241502
-1.24949327882642 -0.721593577667862 0.0122345564479783 0 0
1.67665188115999 -1.78696383991967 0 0.0157057267564358 1.0706015492907
1.49874037276954 -1.6862422994283 0 0.0810795630708486 0.633890612657616
1.33508175326153 -1.55942380573401 0 0.21395689925159 0.230107827806163
1.06328913220272 -1.35276236419431 0 0.356434113902325 -0.151450389067824
0.620798697223232 -1.18890613439702 0 0.363408650747305 -0.354736518349662
0.231119298889299 -0.87625305688349 0 0 0
0.00897176475925632 -0.444642647605849 0 0 0
0.173444305819615 -0.0110935332620505 0 0 -0.549293403397885
0.442150375347873 0.227173083497578 -0.283107899179731 -0.0387478635775358 -0.770464319726056
0.397925822581149 0.553635013914768 -0.513469635538424 -0.254964067608291 -0.594121910599437
0.171702275444404 0.830222036713049 -0.732689872169932 -0.291662143773048 -0.458844785609518
0.121072067657906 0.934645623220189 -0.850553258226856 -0.159707637705094 -0.363359817076698
-0.139185003788904 0.644286479985404 -0.708779602824946 0 0
-0.788040684244141 -0.363648831132364 -0.376210859876041 0 0
1.49009829315486 -1.76851872264831 0 -0.122749762928707 0.971045353437641
1.28142860542921 -1.67271744708042 0 -0.0364119995350657 0.625207119477013
1.1127036549132 -1.51739427578118 0 0.129850520784579 0.224572368081418
1.09897628892008 -1.4091518218532 0 0.31984205771017 -0.17682704726805
0.936836752048626 -1.44261952781269 0 0.232365782903515 -0.445056151573073
0.358494139246469 -1.30163024869974 0 0 0
0.185581312644145 -0.950460273563731 0 0 0
0.270322556507643 -0.573150629396483 0 0 -0.461948131303366
0.400960740759665 -0.147525906619533 -0.313584910208568 -0.0315493346018327 -0.679569721556449
0.343511642272427 0.289781715696262 -0.503844642433413 -0.172934983510666 -0.486774984491372
0.263991345537358 0.651726915873659 -0.667652787474613 -0.340387394212758 -0.334686568036607
0.261726713014327 0.714070175734591 -0.755383256543369 0 -0.282186769733324
0.056846508086968 0.594410990268096 -0.804680031756878 0 0
-0.0500204620937566 0.479056512423392 -0.975136360806753 0 0
1.21438335510183 -1.683422639956 0 -0.235259591440405 0.842058719231572
0.96607778705746 -1.62123439145895 0 -0.121110343014014 0.503235115272347
0.832588195837599 -1.56774149236399 0 0.0212806150377482 0.158981775349058
1.01160223936617 -1.62530672772181 0 0.0444815845037515 -0.127562478852966
1.11594055605166 -1.63687832440935 0 0.0312099083977954 -0.379297511004936
0.986200840403287 -1.50791206061591 0 -0.0400696367995268 -0.51588702648807
0.526884960720101 -1.47131480648953 0 0 -0.289510947082397
0.400267984220971 -1.10702869516667 0 0 0
0.450571130017466 -0.634230417256872 -0.248936954083741 -0.0568578267126928 -0.608199984455128
0.302739017858049 -0.113094036120248 -0.444406256776087 -0.117774985498108 -0.468497323404663
0.32981972697348 0.290900742988703 -0.552621501047586 0 -0.313353192197767
0.333504951572254 0.476944709103418 -0.754835025655294 0 -0.301074840996677
0.233768235582249 0.603313814106599 -1.00977457380029 0 -0.261544515693189
0.112435501353746 0.372550396205467 -0.912560259148456 0 0
0.956608529165117 -1.6179845528489 0 -0.374822295646849 0.723158587968608
0.783000877803445 -1.6115679691924 0 -0.293363304349473 0.435020336013727
0.786482391657913 -1.68157926285832 0 -0.199177053269866 0.14345944006859
0.878553292907174 -1.76871058566971 0 -0.132342491417828 -0.105693350402943
1.03559351790522 -1.76035664051274 0 -0.16943775923731 -0.275271197543584
1.13232032495417 -1.6950834894611 0 -0.296466706446362 -0.384238179968967
0.745359715502946 -1.68009149102071 0 0 0
0.655579230955535 -1.65718692278908 0 0 0
0.624340268830766 -1.15713032572705 -0.149322459889657 0 -0.414329014842049
0.552665164660997 -0.679272109824529 -0.304862977461595 0 -0.457727277296316
0.394466348146183 -0.204785200031912 -0.557381891590179 0 -0.449911328958202
0.306906222679313 0.217728497080031 -0.806026858048202 0 -0.335154137103591
0.287329607749173 0.333033901033077 -1.00468516710676 0 -0.326161522136475
0.218057964679305 0.394103937876668 -1.17166062465044 0 -0.299208104068548
0.748255077158744 -1.61739279628895 0 -0.585618063514158 0.650397169377353
0.664888569448676 -1.63200951139622 0 -0.48636784599645 0.360948770587673
0.78164779433243 -1.73452597873265 0 -0.379435145879697 0.120763284431718
0.976476928382535 -1.93176018757576 0.106606077691827 -0.392792450423238 -0.038603934496074
1.14784522302955 -1.81566581230833 0 -0.43827995300525 -0.148562592399991
1.20464224177488 -1.79649455408066 0 -0.497514815010895 -0.24507602327898
0.989982883496865 -1.70031039027961 0 0 0
0.925716272510364 -1.87783567119259 0 0 0
0.817521789321392 -1.62805224189733 -0.22229939459004 0 -0.466330555586088
0.747299549316089 -1.1938050618084 -0.325704938499724 0 -0.479014590562432
0.60224375728263 -0.787008952425911 -0.522436217738772 0 -0.473843308096421
0.42230833716786 -0.386849806097024 -0.764326808280821 0 -0.437242039076257
0.272168973459046 -0.031352659234739 -1.02684869456415 0 -0.383413229795656
0.214170516267553 0.161610503015051 -1.21120282053929 0 -0.33256284116566
0.64913734879261 -1.68606187629019 0 -0.840404330037184 0.617532772906268
0.685864920328146 -1.72909648812463 0 -0.771475521858279 0.371654522986276
0.831873248673757 -1.79190442822032 0 -0.622535727475667 0.157419592704631
1.01151313577079 -1.82748162737016 0 -0.581903982690946 0.0392137274949174
1.16280403557216 -1.84483347309847 0 -0.604060794709805 -0.040207833456288
1.23682268642078 -1.83706570269969 0 -0.603252335409289 -0.114684293854807
1.16545663994438 -1.62665054285189 0 0 0
1.10983126520215 -1.78730828073777 0 0 0
1.2093940332151 -1.95818150461617 0 0 0
0.880114183611738 -1.70097205319453 -0.405832296071267 0 -0.47909662683135
0.715956213322729 -1.32072597483626 -0.573168363247274 0 -0.493705337206669
0.562702622715167 -0.95847902440981 -0.764267366749081 0 -0.466431779286835
0.418990308732625 -0.590039199168094 -0.969018674712521 0 -0.414159102084356
0.28766316436279 -0.264482951434787 -1.13146560598402 0 -0.357830925562977
0.587137012045496 -1.85869615476777 0 -1.17801244586313 0.610860366201024
0.738041219965839 -1.95881875568824 0 -1.17863321631043 0.468826550496939
0.877801459083792 -1.86474383673678 0 -0.859546798629681 0.216384488611436
0.873386980323395 -1.51412231324985 0 0 0
1.04087872265996 -1.5524922774779 0 0 0
1.17521766186049 -1.56629455629955 0 0 0
1.22387859387069 -1.61317487888986 0 0 0
1.22320692370291 -1.67653269212487 0 0 0
1.29358221949749 -1.80588696461644 0 0 0
1.42333614319876 -1.88296436806941 0 0 0
0.85996085032995 -1.82377414931254 -0.606643038005982 0 -0.479316261142765
0.691540125788704 -1.4765762880339 -0.777268969480567 0 -0.477594077710601
0.561311678674165 -1.12265406819354 -0.953141024917934 0 -0.453819366962919
0.320930064353219 -0.690263142980825 -1.16560850425911 0 -0.402149425493245
