"(Intercept)" "X1" "X2" "X3" "X4"
0.761685936207319 -3.07715025441581 0 0.252057607101689 0.842552254847823
0.329789392106401 -2.40632419798349 0 0 0
0.700250306303469 -2.38769851966977 0 0.215121046553637 0.423068406759443
0.515365403828453 -1.98872530620717 0.412034573116963 -0.178817196006598 0.203896497017616
0.221379617871023 -1.66222849203512 0.450462359492816 -0.470070890759802 0.126214734478639
0.477152130627107 -1.34485150183687 0.397268198472492 -0.310393248395954 0.105511802418782
-0.0580641223171994 -1.31410108365376 0.527269087020665 -0.436157867118865 0.227224511520211
-0.542331703724545 -1.49618016109064 0.783818255268241 -0.10621041716147 0.44126929023918
-0.934599298370315 -1.52216956148393 1.20495640227588 0.356087535873563 0.733346349263866
-1.14689932773781 -1.44440777987313 1.7912785371676 0.93035934879722 1.10864297279767
-0.93844988959867 -1.61546403843708 2.20966485084324 1.46486253665772 1.32570065282693
-0.994994797006705 -1.58913178775016 2.7025982700007 1.69595981180364 1.45623510481569
-1.15435138714601 -1.64116454325719 3.05134274466934 1.8866041628019 1.65222789135318
-1.44614527571864 -1.73875577686021 3.30779786356236 1.96245011881328 1.7251873209506
0.764229578706897 -2.97060253970128 0 0.306393283804889 0.803619348448449
0.46223749170284 -2.51418364260596 0 0 0.33118300873255
0.457130340405157 -1.9248310716252 0 0 0
0.837913497033215 -1.65745373792659 0 0.267469927244768 0.161374398163571
0.2881683772842 -1.32538343929579 0.208423772238945 -0.257656722730833 -0.133448798961264
0.301883949517064 -0.952201115316792 0.209904475515383 -0.263859958627925 -0.189708067301338
-0.0406255328684737 -0.601673167805962 0.279243986759273 -0.466067698266125 -0.40113828441007
-0.286837385009824 -0.593659436466168 0.362262718802979 -0.0999742997355818 -0.357079369451545
-0.673262561623621 -0.759828817855728 0.568448275904147 0.201110267999707 -0.0759048112084629
-0.602790256969232 -0.947690175475571 1.07490395922501 0.829115905627808 0.533138852204009
-0.513456222665979 -1.0377013079245 1.5632295087733 1.2335688113001 0.721324101283918
-0.75186008284462 -0.985563968926262 2.02473082783094 1.38090877855569 0.931372014402612
-1.0552869060499 -1.09439378998501 2.27953126219635 1.4701819615487 1.21067495134975
-1.26581607687779 -1.31633969156955 2.40629933321209 1.51900788744073 1.43420230928785
0.726424928591386 -2.89254825825989 0 0.316380769908276 0.720308796540222
0.566818304548642 -2.37394413382906 0 0 0.268316338583551
0.845238614366307 -1.89975318739559 0 0.286892171465987 0.215180671552382
0.913676942884218 -1.36688080471371 0 0.301421029467551 -0.013575713619498
0.36951713990878 -1.03077802217905 -0.0516631167501171 -0.045065418381047 -0.389408163805851
0.0602932299730941 -0.642245256582889 0.00614481057561194 -0.228412826885806 -0.549935213979885
-0.0267092653371428 -0.221092426187116 0.0550319628668998 -0.0714204590195357 -0.764886994053123
0.0979297913291281 0.162894113343195 -0.0421702431846614 0.0244896018948303 -1.104992646576
-0.451611041915105 0.171118359001461 0.186915429050673 0.20719723604887 -0.843146387674172
-0.108020507086628 -0.337788680316187 0.436023749293774 0.733318097704414 -0.256583662981333
-0.268303367929562 -0.370373200151852 0.915944142466223 0.888092664342608 0.0525211085505488
-0.590758298164563 -0.381146833899271 1.31069239530198 1.01753138298525 0.388080885298866
-0.856752830789242 -0.564867109502856 1.44308854017151 0.990118400714603 0.658189111253332
-1.0328121072999 -0.9848412707045 1.37749972990632 0.898976119160588 0.837623036694647
0.641976777128978 -2.80798864932161 0 0 0.40987002960027
0.60657400272509 -2.36579231017489 0 0 0.23071801792663
0.630836116416611 -1.7551811054554 0 0 -0.00857011014601542
0.927267255585091 -1.24817018288514 0 0.380892425036032 -0.171685191940327
0.548916095928137 -0.849607713828641 -0.276601199837027 0.265706486021017 -0.634724026506179
0.252028273932069 -0.347449234300843 -0.250244844534361 0.275352785844922 -0.866326014739816
0.311858941092858 0.0983730034655188 -0.253539008076462 0.535235649763109 -1.11108278401865
0.379866664611198 0.44599036782209 -0.236060386481287 0.542912229288245 -1.25659631958207
0.214799819678997 0.80903638241597 -0.228265211083811 0.371000312117052 -1.25054740070286
0.179342093810849 0.904041919596093 -0.0483034551131845 0.445903493293861 -1.22915027058735
0.0442861806595939 0.44587001478479 0.271995486930444 0.587369994757685 -0.645825247134232
-0.619806352996835 0.306523872996068 0.68125495310942 0.570250273640284 -0.0840461197984885
-1.28182431562216 -0.145533650045321 0.506158106321151 0 0
-0.903203950721999 -0.632728571779572 0.568454675768187 0.477623024225656 0.365390103748688
0.702231680875619 -2.84263526214178 0 0 0.471766576491921
0.725632208982092 -2.21334694344933 0 0 0.199868732694922
0.662100385395638 -1.67759271774874 0 0 -0.0992441153514023
0.748317340803843 -1.17430168823521 0 0.329876618145463 -0.368759793485388
0.827299590074949 -0.715440331711118 -0.410778251300408 0.548281747401651 -0.649030224407815
0.407110803742663 -0.0541106174115635 -0.532777380760815 0.682894913041298 -1.18434712353541
0.448489566739466 0.387732937037817 -0.460694904975805 0.903500223577858 -1.2672861670581
0.62915665726663 0.684778339430346 -0.356525284517859 0.859485727014415 -1.18809412640748
0.579874371906786 0.987834023186464 -0.336086608976018 0.525820986440117 -1.15249032859658
0.30677004678171 1.39430156221887 -0.21635141972768 0.405510062568273 -1.27058994822792
0.215592654395713 1.48924033624356 -0.183521351693375 0.420512069150599 -1.15318884060191
-0.00629228512935406 1.2549454287533 -0.108951053132343 0.309974737268571 -0.646403936176833
-0.929455730675833 0.228473004295194 0.0809941741611545 0 0
-1.4182822627004 -0.675090396735968 0.0148649996691335 0 0
0.834680949331355 -2.49318690308038 0 0.257776887925212 0.586712143120511
0.912595691049567 -1.94339350595403 0 0.280228062305114 0.24798372467364
0.920859304755663 -1.52286454484688 0 0.341717675370856 -0.139844690996348
0.839268544234343 -1.18817773393984 0 0.357613136799291 -0.578243947823008
0.498663942378375 -0.719271234733691 0 0.305549037775022 -0.999432797777309
0.246473125228686 -0.145513842163504 0 0.321623617206042 -1.35443814033688
0.35496228112137 0.537212436292528 -0.0952035578914525 0.596557557142821 -1.50762028752307
0.564211078133533 0.793414505206523 0 0.514326255350526 -1.16503539992443
0.619945701178422 1.19760459101682 -0.312915481922983 0.609970226980163 -0.962114152696199
0.313296350266791 1.61847980759438 0 0.308839437568205 -0.971492206898553
0.439642883081409 1.61963942903348 -0.286993857337914 0.400964777910691 -1.08335682107665
0.228401812822366 1.62046650384436 -0.217164546203352 0.27364588854136 -0.77587737877345
0.017733080595069 1.24998598271515 -0.501947776166689 0.135949673088941 -0.428167235158396
-0.700955208046281 0.07659304836341 -0.796603780620381 0 0
1.01547067181136 -2.16775847834242 0 0 0.482315290292841
1.10714224946826 -1.71636241067933 0 0.0935346049086396 0.25271067587883
1.07002642028014 -1.36928992793608 0 0.180422595436198 -0.199254051644625
0.880880259699241 -1.13425579281177 0 0.277243939230222 -0.673247905965436
0.606886692944832 -0.837336664312779 0 0.315606631722962 -1.19582157105377
0.294044649401337 -0.210993058039551 0 0.228343018252562 -1.42460700414855
0.47779524893723 0.74355507710346 0.00413314488558431 0.794887426846338 -1.46661379127446
0.506469584809214 1.11702162703453 0.217121319083607 0.791443629993763 -1.28443890603494
0.353035876029642 1.38868608765706 0 0.457885496021654 -1.2174386676419
0.42146393526376 1.72954548411059 -0.194582399183311 0.321516542704804 -0.59214262172199
0.328486189270177 1.77763048435578 -0.350598661545681 0.143417809166012 -0.626398655394786
0.204351955225253 1.6027650879553 -0.301516816885534 0 -0.467265132680513
0.0646315422441611 1.45093892004793 -0.435639125079508 0.165775611531544 -0.294136318682409
-0.148267904964902 0.740863901994955 -0.884141495420248 0.455914309129802 -0.19918398857482
1.25611160674335 -1.61978517669901 0.180432447828961 0 0.780558297115926
1.04453976786346 -1.4831849538387 0 0 0.279685688635479
0.7527815286766 -1.59008049293233 0 0 -0.229457487093834
0.679798365121131 -1.39430259070764 0 0.23071685078788 -0.73102347135116
0.819797736113974 -1.02561967746299 0 0.0969922529914113 -1.43695354485862
0.832557772630943 -0.65596568863641 0.166235202494427 0.158715444730372 -1.2897268755382
1.238523461471 0.242868747734047 0.174573986077063 0.758723591775679 -1.20775936341304
1.16512440667226 0.790651984951499 0.368836529335036 0.888653412787283 -1.16691509672158
-0.0189852616827514 0.92508613294382 0 0 -0.726174925101182
0.243807399900682 1.32030721990191 -0.126590768114306 0.180962670893157 -0.512229950291416
-0.26315835232255 1.47395937686549 0 -0.101915950885349 0
-0.141437676972239 1.17101959005373 -0.58882414911343 0 -0.24733442751225
-0.114025047602064 0.815476039839495 -0.750736058583194 0 -0.25655839291567
-0.101287126967814 0.2700038035849 -0.945500110315604 0.513736027817128 -0.224499381110848
1.15044978341839 -1.5050359200025 0.248332586564172 0 0.753084331159467
0.893666314031693 -1.51596215931337 0 0 0.215545939326571
0.794413524614537 -1.35158211274038 0.367334233404105 0.307023576743586 0.0539265694378352
0.632208277843404 -1.7173411953638 0.12929980592925 0.193003584834417 -0.734442048923527
0.786187438252055 -1.63166127326313 0 -0.151467224327771 -1.18811885844187
0.832048266129296 -1.17110070695463 0 -0.120701887589004 -0.952082316085232
0.728310513199648 -0.618349330045813 0 0.214763610749679 -1.0057898256145
0.292550047145047 -0.317298695785096 0 0 -0.712991890637744
0.117874342508865 0.210984744077253 0 0 -0.676520744194423
0.281417159162954 0.774813910076753 0.0998538981260398 0 -0.429870775213745
0.0942705142134643 0.984898346507947 -0.331189861544737 0 -0.315477102019486
-0.216242876726374 0.585181464844226 -0.35683021205875 -0.038100591966849 -0.174952075446028
-0.096865280266869 -0.108578184293651 -0.842652049043678 0.432393731739431 -0.397753134332931
-0.139826705150281 -0.564660122250782 -1.11438583353199 0.577029890900344 -0.418138411218255
0.867860393197457 -1.51629772685202 0 0 0.379846146640091
0.774610018769682 -1.25523026913881 0.495786749920152 0.190547408218086 0.544970148596646
0.607027587878603 -1.43197870881241 0.34561952160216 0.25551008796872 0.0908982332888982
0.378173204895695 -1.76788545771486 0 0 -0.534746980531042
0.863625630489433 -1.97950940304453 0 -0.130967010918002 -0.963379558616997
1.0458342710712 -1.75823315235154 0 -0.276496034082684 -0.969178030561285
0.874343329120363 -1.27683976972261 0 -0.0309433536065265 -0.926449749670678
0.497200001658407 -0.993878605735138 0 0 -0.790430276155879
0.512170813804859 -0.434901358184545 0.239507058182579 0 -0.724740304563461
0.649293943221417 0.26597256091424 0.130597288246871 0 -0.494921807825694
0.579814715231622 0.432586757978017 -0.344062899820443 0.276232109366245 -0.309272616074462
0.176577838253828 0.17306434699502 -0.712343413854908 0.385046725958191 -0.326569980232887
-0.0579897844367544 -0.427232250517424 -0.911495935044561 0.500572099337755 -0.410520250246504
-0.0138427352587707 -1.08676107252092 -1.22655655722823 0.824478065672351 -0.44936444779714
0.784819427481116 -1.51901907794967 0 0 0.351950279679962
0.610996668888309 -1.40763625443598 0.518586253092077 0.11432675767492 0.582508039693248
0.536024011700242 -1.72736171206923 0 0 -0.104728931887673
0.534886051259075 -1.95716180986682 0 0 -0.425099878629139
0.577654603020853 -2.06101756814385 0 0 -0.701370601030265
1.30893084930521 -2.26402902777586 0.0517818516742941 -0.17565043825448 -0.79318274728184
1.49397045051606 -1.93238109815872 0.089016027255749 -0.0717748976890948 -0.608177654180857
1.14480576827879 -1.47226700732639 0.107001317537675 0.0188961009980203 -0.861492913341509
0.821259902676694 -1.03092627825462 0.15164372229792 0 -0.836899712611128
0.746267469346632 -0.376868910074046 0.00769045844622417 0 -0.629927985420649
0.543474961274977 -0.201996161415276 -0.369113376724548 0.22700923569969 -0.453590889184312
0.437196224791498 -0.379287352289728 -0.751409542673093 0.51979732396632 -0.233574425466717
0.251347448000248 -0.649217377625169 -1.00910776957396 0.977529038804708 -0.0591792918733176
0.235196675127472 -1.30034470007749 -1.38148317604044 1.40962833941748 -0.208491903805969
0.71991526797162 -1.70602914788001 0 0 0.338474916347077
0.636169506456077 -1.75729225017987 0.565884843344819 -0.130553412481132 0.64598996616759
0.681564129448884 -1.92388217700872 0 0 -0.0659717802692335
0.691752333685533 -2.22627744093336 0.292334978425627 0 -0.258681896310965
0.706711944528902 -2.28223984460077 0.300443686613252 0 -0.486270827722108
0.748982406229397 -2.17088445015587 0 0 -0.636591179278193
1.50057319297779 -2.46242501284839 -0.0402066680933833 -0.225733728282502 -0.504103704618091
1.3172197995393 -2.01749714754452 -0.018575586071499 -0.185228159895585 -0.65214705276335
1.0998969115992 -1.60849268055248 -0.11528428354535 0 -0.713593075113875
0.647062300021455 -1.06505803926389 -0.0998924166366586 -0.0855992567636998 -0.897254959296146
0.415071126443003 -0.839733958805334 -0.446812785905343 0.0523433163842268 -0.57226289355317
0.360511672953708 -0.973520158453046 -0.801924161030542 0.471626157320267 -0.306704126115239
0.501087442202409 -1.3159587646265 -1.10617056959142 1.04534679392199 -0.122154285114071
0.359454820016253 -1.71462696469449 -1.47888984935104 1.67128802580983 -0.101586848099409
0.821075908766348 -1.81890817934807 0 0 0.415415392514972
0.846597801300841 -1.92921932713545 0 0 0.292161015807673
0.852403907261898 -2.06540419110042 0 0 0.0675153658461444
0.773260068685337 -2.3179033214925 0.232398631692312 0 -0.0580379225026503
0.827332542253814 -2.35674241702213 0.152364389384657 0 -0.131618304664291
0.762070684032224 -2.29847065482567 0.211027107609123 0 -0.302572542803291
1.00633933572073 -2.37057388988591 -0.0889107645179624 0 -0.183751982778256
1.5444484735711 -2.52592922711881 -0.216102580727368 -0.167859141877478 -0.451763480780201
1.22652548126601 -2.12712429720414 -0.27823793442064 -0.073877660406307 -0.680794579860417
0.797160515216456 -1.75004297542747 -0.515495766605818 0 -0.507651232861875
0.299356061203306 -1.4787959269947 -0.62059928232413 -0.134637143886154 -0.527317064579723
0.233810081729419 -1.50370712722867 -0.873990048629817 0.232192779563563 -0.299158482294225
0.565182329731369 -1.9370366984414 -1.16535754647679 1.02088492829032 -0.180607750705749
0.592760071470907 -2.23587598385606 -1.46984463034112 1.55305314748286 -0.126765333757119
0.888934271385126 -1.89713369954365 0 0 0.451981804695068
0.993977139313166 -2.14074905995021 0 0 0.440863324085358
0.75443715416905 -2.34132259962382 0.258967056384833 0 0.271855586131732
0.781254979787015 -2.30551400471892 0.206498287709597 0 0.125624125627967
0.776518233101908 -2.36308112644825 0.109726749055785 0 0.172402037411014
0.789536444809959 -2.28481498187227 -0.00972413858348061 0 0.227629903800619
0.980655253707673 -2.10316452838286 -0.284040222030978 0 0.215969936774325
1.35479167905803 -2.37478796618026 -0.6130660902551 0.268036117574767 0.22128155470934
1.46474185192627 -2.72777690976069 -0.498004292055754 0.0254010502928917 -0.569356703538386
1.00390254503228 -2.31871067734375 -0.550323145698313 0 -0.478086263539842
0.597276400850553 -2.04772689505 -0.965205302102672 0 -0.0660215738697461
0.304685711725233 -1.88443378590876 -1.02475052224272 0 0.0187202759843256
0.420675087468299 -2.03819419986142 -1.25720788189354 0.569864074169823 0.243238487980903
0.605367466429027 -2.38753257874939 -1.47267529285757 1.27324856196491 0.186113087046053
