"(Intercept)" "X1" "X2" "X3" "X4"
0.966020143519037 -2.82212613826669 1.5614859416482 0.917668004142523 -0.129467413209215
1.03840747005889 -2.60828812403234 1.30534255968938 0.841652007222676 -0.137576967688155
0.832371562272254 -2.54658738057027 1.14208821996142 0.64490643141722 -0.0554648143848769
0.468156031955976 -2.5189833332118 1.0377944254538 0.328091316090577 0.223284425404922
0.985189205168502 -2.16739268457023 0.556984976998782 0.530838275225484 0.540029863015033
-0.2229016308411 -2.2729146492361 0 0 0.566890115983984
-0.155774006760882 -1.91253249038053 0 0 0.20260132131157
-0.0788931417937066 -1.45543458536837 0.16780691059482 0 0
-0.875280498024602 -1.60349498979873 0.0939589767290579 0 0
-1.12896249144089 -1.2712960698317 0.442005669002803 0 0
-2.18230129901631 -1.8741897006151 1.79401267182185 0.187757483342064 0.743591294205565
-2.05957020577822 -1.59794939118228 2.13296515935143 0 0.458586323082358
-2.23890415298302 -1.58495699343266 2.65897055333285 0 0.435382084171034
-2.29401058169445 -1.63469739034272 2.94273359485675 0 0.323795619067274
0.968353676370508 -2.48555339985407 1.33535932218169 0.877702751592808 -0.174614636258073
0.97006516520122 -2.24612113606255 1.05847862346918 0.769325288304591 -0.24892096486156
0.930399207338847 -2.03647442588745 0.903631532166328 0.632167065301298 -0.260136486133407
0.4739599059029 -1.93547395936259 0.919217613488073 0.298800161252731 -0.165813232741412
0.943480941075124 -1.51643318545511 0.557099708534162 0.423170135281222 0.0883796572653424
1.07116639800984 -1.24073137368109 0.2978203939349 0.562639649882972 0.32619139534494
0.464185180030875 -1.06445509754798 0 0.368127565506986 0.296637382519673
-0.36968201418857 -0.892009099337322 -0.487948293314024 0.0931807579694953 -0.532210330416991
-0.38573133642331 -0.723356950513322 0.110020499954157 0 0
-0.926912023787749 -1.35086757522303 0.439835344692478 0.499267182210095 0.423845463496934
-1.46229993699519 -1.12568668201289 1.26020592691842 0.016919445943956 0.128812410396542
-1.48294172070679 -0.833158479104123 1.64252094801217 0 0.118547676248714
-1.9244256526669 -1.01267078278298 2.52788764222735 -0.368584875559302 -0.0311337715195038
-1.94488042248888 -1.19180846204246 2.96707555968688 -0.418075641505578 0.0154405558010075
1.15411599332062 -2.19620970460082 1.12458588626009 0.882161611968265 -0.199688049280973
0.877977367613161 -1.90318977325841 0.832080987535399 0.688679963285015 -0.372158416252402
0.930996383629881 -1.62452344626306 0.657612147392177 0.580290162719815 -0.412445192243607
0.869174671297483 -1.35794005341917 0.528037184809341 0.477011836931046 -0.439829827005908
1.11368380820055 -0.947088184369763 0.349175093237762 0.519924524990535 -0.311492072842855
1.1034493489374 -0.674128616778631 0.128221869927208 0.535303996519597 -0.178425056062993
0.682879135127107 -0.481339465175643 -0.330930545753275 0.504617202157034 -0.50403771968864
0.219161537368699 -0.238242640447889 -0.319204223522341 0.482144244995313 -0.581897908514319
-0.459961319027778 0.0163731605468143 -0.0905094183607512 0.281166159475213 -0.534679095164741
-0.254222069653591 -0.549504684032186 -0.0228713135102938 0.349221319890327 -0.00945335297482657
-0.739601520195879 -0.272111628310582 0.618764138947406 -0.039973211522849 -0.451590097473565
-1.20862080528142 -0.166303024940283 1.31504628685969 -0.424057749219351 -0.75853918271809
-1.46089235900243 -0.488856470345984 1.78010264334778 -0.73623684695136 -0.641517870684867
-1.40362368067365 -0.907844752106737 2.04264308352517 -0.697603225736929 -0.354764945813149
1.24144508272467 -2.07361760119552 0.991093743298358 0.721441136858442 -0.101019702175692
0.811378452072961 -1.66982765037009 0.707442400745753 0.558639240875985 -0.39694537907776
0.777804233432251 -1.24409252536661 0.369187194080554 0.43995526398988 -0.53232047034308
1.18132165029235 -0.895295246985298 0.140846285577096 0.59812466698778 -0.567563483642346
1.30377387991416 -0.580711203520043 -0.121721759483337 0.697162487439842 -0.620800691623629
1.07946229112596 -0.389952198659923 -0.39877495544991 0.638669668717463 -0.672671853572966
0.906073815649503 -0.155826608176177 -0.717523953674955 0.815963955386869 -0.76965258346079
0.394682627681315 0.258338973032007 -0.266901185359184 0.693756344442185 -0.715355477359983
-0.172502325445601 0.677769155298754 -0.0550440867410259 0.530544084247997 -0.614981941598436
0.0858679678842744 0.58629532606207 -0.234646208500048 0.316588507266613 -0.856605511563715
-0.229087134990207 0.621060944916632 0.0658551114262072 -0.053114376786604 -0.941313655955756
-0.709467563953028 0.644689638937601 0.535774308887181 -0.252009303541064 -0.847643964607734
-0.879038549391147 0.0815634547373585 0.757986810636952 -0.381542800586857 -0.497312511633532
-1.0123959875863 -0.660010872180219 0.938775728074602 -0.238336021840532 -0.282277883269889
1.53927623841955 -1.80803859690253 0.875021016845446 0.596684188831623 0.225726258986515
1.09145430460539 -1.42324793922255 0.472272138049202 0.448195671638125 -0.199225553610447
0.925429307822942 -1.00017140991562 0.194015639381363 0.450023145425385 -0.471970480087526
0.9660191857629 -0.660433409770743 -0.0571696092623994 0.499891099070363 -0.676998531192623
1.00498914479973 -0.480053883256195 -0.519975606134895 0.639183252196939 -0.818332741617083
1.0100814135904 -0.277348702823622 -0.704394998653277 0.626410950696153 -0.930067355420212
1.02304610909665 0 -0.801145023091504 0.771498131730966 -0.788572967376532
0.760466894528897 0.140811324372654 -0.637218007891905 0.665834189923585 -0.72666404380642
0.628552470717285 0.257579787399704 -0.513950119669967 0.592929538278533 -0.709418724743293
0.0761962527093007 1.045764594312 -0.25577139245662 0.445617459759837 -0.961413352231504
0.232416369836982 1.40174794400285 -0.215947821649754 0.450518556806793 -0.922358935336289
0.12511396377436 1.61095310693605 -0.277313091302144 0.435809921668079 -0.778232754883976
-0.770071887028829 0.54706152228083 0.0200029877640487 0 0
-1.16863054602814 -0.889120380033421 -0.00357699400481286 0 0
1.71072229626295 -1.53889605759965 0.799475943227737 0.456696571279426 0.525375472040302
1.35458623996291 -1.17073692165751 0.354119975744903 0.465174694913768 0.158330212945811
1.09080571984039 -0.908894264073372 0.0410831374187854 0.547614368698069 -0.249753568586262
0.904035161674639 -0.690914087443616 -0.0996659617330474 0.681436270549269 -0.66302702203517
0.383420280519357 -0.452279770072631 -0.228838147653134 0.441207529395451 -0.939608172158794
0.405939595347427 -0.114578020982591 0 0 -0.963451710563638
0.872232481518099 0.00784867973570313 -0.414504422754286 0.469290974741732 -1.00316159328461
0.505515686560756 0.249727221941845 -0.294645825745492 0.375668503069982 -0.876341552237713
0.512575292827458 0.375032328852856 -0.210857048414141 0.423394041949673 -0.674839036189388
0.281840531001712 0.904613489210738 0 0 -0.6253834616399
0.0586379699376302 1.62436839267897 -0.158497751972744 0.555390030884687 -0.624364276260349
0.155117609736405 1.710767751137 -0.322354299931654 0.517542664604935 -0.584374269427765
-0.0449612929720937 0.898963063468338 -0.343271033165958 0.315127677306793 -0.361222708457881
-0.94302152393707 -0.589685991456129 -0.200550511707061 0 0
1.64370682959934 -1.30052483042003 0.664145831118374 0.297053601931714 0.784513077319884
1.36944635366515 -1.00369171674338 0.315425761517228 0.338005534730932 0.444926005388815
1.05588371670408 -0.795272843465811 0.194250295837132 0.465504444215489 -0.00274691298538701
0.788538619549786 -0.844643363329236 0 0 -0.533389923966698
0.651137480160968 -0.697093345790264 0 0 -0.918120518610303
0.3708343067183 -0.419064022779052 0 0 -1.13116867256806
0.451287814762295 0.0480400310436454 0.0992600607293304 0 -1.25148078643658
0.64892420000256 0.259725101661975 0.208235559006052 0.290886403756539 -1.17981526190353
0.545412463259964 0.643129615388423 0 0 -0.730046377416755
0.317237845715443 0.943845042104723 0 0 -0.517743808438288
0.321772617429934 1.2636097441235 -0.329281472148835 0.391821615001416 -0.681113482772693
0.102509044397754 1.33050483700633 -0.216964230735275 0.404761067545692 -0.369790024340537
-0.217355683228846 0.707909054248352 0 0 0
-0.0823051865992256 0.0355968151105798 -0.61253156311254 0.55289754456372 -0.230803896630537
0.714302916689359 -1.2233580744936 0 0 0.329641504966718
0.728914085578571 -0.909938713832826 0 0 0.308456793047357
0.657560278939147 -1.0355208646757 0 0 -0.0892346712163783
0.780006336448937 -1.05789551879445 0 0.269564475272275 -0.639445692881046
0.733255383860711 -1.04137713187346 0 0 -1.07853854145502
0.486215951445284 -0.848628594493923 0 0 -1.05340016449284
0.712805134634809 -0.470906289374627 0.0538588843363038 0 -1.1053006434559
0.64735975749421 -0.00328686433353264 0 0 -0.969148478869735
0.546546794159314 0.437084202491527 0 0 -0.7619357726753
0.161335264890059 0.797137090148723 0 0 -0.312871543925651
0.554011704717646 1.03779560993283 0.134888312056226 -0.187365284447659 -0.581571395634179
0.669613391811479 1.01704460098285 -0.375701952851566 0.363069107745326 -0.590377378776948
0.441638818675868 0.517937771744563 -0.754726707837484 0.87027403154029 -0.500658674649576
0.208409512719351 -0.173720438684915 -1.02245252202944 1.14395224989564 -0.41090792742802
0.581026032190036 -0.762975437038597 0 0 0.572238840843384
0.40134183881612 -0.952419868653969 0.228908238219143 0.241759336090215 0.339918805110064
0.274115283118939 -1.25841065921593 0 0 -0.296900572733776
0.33766822406829 -1.53066624705448 0 0 -0.707327086469288
0.515553787276251 -1.50315519395342 0 0 -0.92438099951488
0.666446580053056 -1.28914432363133 0 0 -0.980335142734513
0.718453450755088 -0.940970662860855 0 0 -0.953670566972069
0.608198656800395 -0.456244423212388 0 0 -0.632642402282517
-0.129752547981986 0.0553752499672723 -0.0035049575974886 -0.562306277564316 -0.676392266896905
0.103568802662721 0.552784249837789 -0.215049530285866 -0.297300683922174 -0.586007240505004
0.542941375042096 0.72069685931135 0 -0.185096879110472 -0.340682289004666
0.490941146737699 0.792979696001892 0 -0.0897748377150449 -0.142953356360426
0.784222258406414 0.572183968035459 -0.589117717682448 0.784011977848324 -0.197114031358
0.145185351809302 0.141173077917205 0 0 0
-0.111752415355043 -0.66870440504446 0.3178493152819 0 0.501366372420529
-0.196043286174698 -0.993696746909363 0.416728707092183 0 0.209992531886284
-0.102101852237615 -1.41498166687743 0.533315620770406 0 -0.185925382443885
0.112057828752236 -1.91266741265538 0.341082554501409 0 -0.43988994975861
0.514214810987909 -1.91332486769634 0 0 -0.731168646912253
0.734612282192782 -1.69923935546649 0 0 -0.891977733742014
0.718977363989624 -1.29211010974991 0 0 -0.782026733715028
0.76766847301941 -0.898221922157643 0 0 -0.810827509152156
0.56408598139826 -0.463116305889259 0 0 -0.609863072099205
0.681948276058359 0.00171640212296041 0 0 -0.384789598354425
0.866507064146256 0.340508465474477 0 -0.0458693405073643 -0.240407088541294
0.872976148873141 0.373355159835856 0 0 -0.00197781149113268
0.831328336461428 0.304774049225512 0 0 0.192401400494093
0.742001208902786 -0.115386453640088 0 0 0
-0.569408514759458 -0.573430478345819 0.737952010464287 0.0735821144750227 0.8441790247277
-0.408796426266005 -0.951623212995091 0.729413257970881 0.125175057699071 0.368912990373643
0.00259244555848302 -1.45890138091979 0.628011726802049 0.137294100433645 -0.0812510690731407
-0.148759996624477 -2.17688448037184 0.521617412427583 -0.00797028848769863 -0.262726654715592
0.594076913484781 -2.00324226491042 0 0 -0.522603927804217
1.12108072909297 -2.01104897469668 0.52661391580121 -0.0810419693593958 -0.873596272591334
1.54008650152648 -1.71600994808916 0.63521923987321 -0.00531982557023449 -1.00118166520937
1.21423171645298 -1.38969018633249 0.368814789286043 -0.234473926018142 -0.995762142438038
0.652482059770566 -0.817254376350608 0 0 -0.468060731741323
0.643625753833651 -0.464853549210981 0 -0.265035011971704 -0.582963859016196
0.937769955388501 -0.305259137630044 0 -0.120042919271807 -0.298469593449473
1.31170436679797 -0.163993896683704 0 0 0.0857582759240093
1.38830039336448 -0.138108398975126 0 0 0.390760022206578
1.40996313716425 -0.281378776996581 0 0 0.501317275242824
-0.778695599512456 -0.408471360590599 0.921489722689725 0.397736919415208 1.08001806646923
-0.431279788639218 -0.860638198491011 0.843668919267617 0.518044140108415 0.63243655320443
-0.0822436507053883 -1.51525781606982 0.576045738517584 0.548402763600257 0.36849672941314
-0.171334554674815 -2.17902679341955 0.494834836928665 0.52175669757691 0.0839715038521803
0.170345701861646 -2.27540495879632 0.460596559447194 0.454485795764064 -0.220218557682884
0.752052301993526 -1.98360823361704 0.423654196270268 0.547826717574225 -0.30677704546276
0.978444248630542 -1.86861958564709 0.32931677627424 0.323692182067112 -0.456673439444154
0.847408128466801 -1.52214461715066 0.0889496735911126 0.0149037233635875 -0.6227704089834
0.988395002251502 -1.22109719877902 0.0472649379566523 -0.0599104686044601 -0.454432989494333
0.793370995431829 -1.05431605811832 0 -0.150567542675548 -0.443557204987502
1.6172345088403 -0.911050584898206 0.340949229957108 0.0163355019605105 0.107751831893795
1.53857103396152 -0.898369289331053 0 0 0.0817516756053063
1.75356963781583 -0.783665550522126 0 0 0.385002307055735
1.85263546858631 -0.73436672435602 0 0 0.63501519534852
-0.443252956036244 -0.43709629270044 0.783960235945245 0.758455532524819 1.44772204290542
-0.204935732969638 -0.938871620326852 0.607709660322398 0.826718612923845 1.09510975496612
-0.00120299418648738 -1.4749695369554 0.365724167215665 0.895896465215472 0.756728577347078
-0.333178355927423 -2.0603530118093 0.524184861152618 0.703828609493867 0.543467729443303
-0.0339303144073163 -1.95856749244346 0.365027262101157 0.776008222801715 0.17552710923957
0.0848640730762911 -2.01792110720645 0.147988036025274 0.870616901027687 0.346503694721564
0.381639644216629 -1.89858920958132 0.0372911206138202 0.756690029801144 0.122278779001798
0.694712308013772 -1.64428175562372 -0.149447614560371 0.541840126704192 -0.0116448341584453
0.902059851368318 -1.53580096663365 -0.108596770346822 0.369411939170314 -0.129238141841291
1.37226492130804 -1.5232739104352 0 0.124207364983828 -0.106808886657919
2.63053338971996 -1.55639320965868 0.70807515001323 0.319820844346763 0.33598025092843
2.97128207213307 -1.37977253246975 0.796144564365288 0.421700985394604 0.551997906452159
2.09921833227081 -1.39593528345344 0 0 0.34123080866851
2.25139265225647 -1.31500020291648 0 0 0.595644788853442
-0.157666179697233 -0.518513596716053 0.607752621985793 1.15793341760567 1.70612928359858
-0.119945375181766 -0.997022068500811 0.521069765990968 1.14042433587988 1.375237920816
-0.203405728098676 -1.47706973042938 0.485867030145159 1.03783933321449 1.14910604329072
-0.243817763487144 -1.64443024258989 0.449194235937888 0.978898572387107 0.67282280286229
-0.313269945443966 -1.77813692664645 0.224334586817894 0.985152536270601 0.573299000385655
-0.283918753421084 -1.9396407860949 0.0228368107392802 0.951574835551012 0.755386669867145
-0.197896694867459 -1.92917086743116 -0.301591170505765 1.15063637704039 0.699839905871635
0.476547139999294 -1.69369592459298 -0.417982107012276 1.13338804765985 0.535094754830263
0.921800170130098 -1.81331951780567 -0.342221703898057 0.795336976923328 0.197475771439019
1.53949977908332 -1.87819004624507 0 0.217049310053706 -0.107582817032706
1.94083465532766 -1.90333916027784 0 0 0
4.22317024341317 -2.02580521097555 1.24138087382541 0.807534000415586 0.785723923419442
2.4212274608179 -1.94533812070365 0 0 0.244455570352431
2.56629319722031 -1.84802232152579 0 0 0.496113136951852
