"(Intercept)" "X1" "X2" "X3" "X4"
0.246914994950239 -2.7599517579453 0 0 0
0.170085117027334 -2.52605905878948 0 0 0
0.123516928898114 -2.28439988551051 0 0 0
0.228250873464525 -2.08825501187453 0.481248619028685 -0.274294690778113 0.179957918018269
0.183027121872742 -1.75924796948956 0.5085382144779 -0.399270262031989 0.136214567721876
0.552468768751732 -1.46855515852665 0.43306193265708 -0.158181430497474 0.137798502328156
0.228438212835323 -1.14165554167296 0.507539259193436 -0.461504877560038 0.105366644110167
-0.290995423816627 -1.40114089987331 0.849598858041636 0.108663083286886 0.469791928097221
-0.745665676789739 -1.46160833272796 1.28262111160411 0.667583526192481 0.82169714132137
-0.961852040730886 -1.48755446545263 1.57700247842989 0.957016760916554 0.927331655263087
-1.04168729857926 -1.5907661756655 2.29156047745103 1.47003704894365 1.34592605148153
-1.1629811655477 -1.55352966967182 2.86861447062436 1.74366211108006 1.68965864912715
-1.28316522395443 -1.64604248305303 3.16652440772967 1.95660307553914 1.94050268860374
-1.4611208612473 -1.89078346624303 3.31851669909137 2.06856209651493 2.1512510267308
0.555165439892181 -3.11122762068912 0 0.308771588099085 0.772124890674051
0.424159837407364 -2.27364532152981 0 0 0
0.359851109766371 -2.01523483457082 0 0 0
0.395404991481024 -1.72159287607555 0.272733471824141 -0.0319381495972742 -0.0462779266615119
0.257621474760897 -1.35951906715574 0.248120015544039 -0.229167360855411 -0.0891051336236577
0.279026394234173 -1.03844201862811 0.22391334334133 -0.264264711295792 -0.139653741217547
-0.0343630904690753 -0.625449035597869 0.284794921050442 -0.432747208812 -0.356909612973601
-0.263043027003778 -0.442332507473128 0.309625504842684 -0.231994734870859 -0.533575868914943
-0.406944580809482 -0.697343262645332 0.556300712912115 0.3759845592837 0.0898767338794307
-0.410353385059146 -1.11595971866773 0.915424606667449 0.989314903142557 0.439036929815937
-0.671575530176123 -0.932614001239576 1.6135581682202 1.18412534868038 0.712103995583914
-0.930325994940573 -0.925059505083511 2.13018142143542 1.41307379730681 1.05622669267346
-1.09105988166743 -1.1197466850622 2.27078494678371 1.54881570730943 1.48089009325773
-1.14041900356976 -1.59797173120012 2.23833894211254 1.54416572124642 1.42964882329211
0.558179542803746 -3.06291515591193 0 0.334653489271616 0.675057325761122
0.56250823077912 -2.54566201093055 0 0.246827300595495 0.387093621882237
0.569966522503077 -1.78769482952482 0 0 0
0.827671905136163 -1.36485214741219 0 0.264325533206576 -0.063942676890336
0.257383061966116 -1.02065119230447 -0.0280366351789771 -0.102283695362623 -0.39332511441123
0.189364479419682 -0.670399865809931 0.00186547797784596 -0.148274618011114 -0.420656975216442
-0.0153974577837502 -0.227501102297743 0.057978267158374 -0.0513265058248932 -0.740459090079809
-0.0535344850730908 0.192675006713157 -0.0077671149085641 -0.00116315390120091 -1.07221731715647
-0.192653133453891 0.346630508282712 0.027546558965795 0.110848422541432 -1.0074908899742
0.0673692688439631 -0.305674578001035 0.306550770295485 0.692371981659248 -0.160396193942996
-0.29090908837401 -0.31414830077289 0.928538219216121 0.939157175725284 0.0446592410485781
-0.589243040106715 -0.336428015406399 1.37144210286045 1.05831127337385 0.354446227740979
-0.801254436844271 -0.576827914024289 1.23925618341891 0.903380863148062 0.542690791483162
-0.991230260451667 -1.22358647729949 1.24769045046669 0.921519744170757 0.814075767285162
0.661206154040952 -2.87028129821139 0 0.257460912969854 0.593767805189229
0.553915577653644 -2.38110016704355 0 0 0.160703516595163
0.536243827671361 -1.85859004493472 0 0 -0.0257400718026078
0.860498684736849 -1.23431559484401 0 0.335771691916081 -0.217235898539421
0.461738076824476 -0.824472044352514 -0.337092918553795 0.196433504682391 -0.69781964811944
0.241142319954791 -0.335919262588445 -0.266385216551923 0.299757230573353 -0.873906204893033
0.302669200944926 0.0877323906253863 -0.23376156631987 0.575356827607154 -1.06163755321091
0.229654768316236 0.501902221680184 -0.185507847355416 0.536454969947735 -1.20947356023928
0.126881871607251 0.855081699079214 -0.234327023861229 0.368789291618951 -1.31247182294326
0.151703726253243 1.12313422579315 -0.172898993735531 0.419062786088169 -1.39523057371659
0.10819274163779 0.595123168140231 0.182065593871292 0.572542558261512 -0.733204625750963
-0.742310049196017 0.408933227182216 0.71019651161565 0.553686044143345 -0.111663097866613
-1.23054580847029 -0.156507334574179 0.427271008048192 0 0
-1.42634435428562 -1.04190115344506 0.307980710045811 0 -0.240160769159659
0.820271565313005 -2.55393338655028 0 0.2211615411674 0.607818638941015
0.80546608463678 -2.10828746712462 0 0 0.245406846941053
0.7296197306457 -1.69749072944772 0 0.286396222739731 -0.0831999969332765
0.697795059678804 -1.16603110596194 0 0.323315393982689 -0.434648249618928
0.756226298797837 -0.67450158131124 -0.446435908753851 0.546089219678199 -0.756284899469509
0.408601018340947 -0.0129402866173234 -0.525846090719833 0.79156043157176 -1.26229580090881
0.54299035213257 0.398523028310343 -0.43701762779446 1.08411002962736 -1.29344714412997
0.467466070905311 0.816511223183779 -0.339560236829906 1.03645669855165 -1.12217010735052
0.48323833235307 1.05323462292604 -0.352492032832918 0.517960305140012 -1.14135624916085
0.262804571499138 1.43203752461136 -0.227484272868727 0.389465890401589 -1.27942862946594
0.241880591693667 1.51894520690668 -0.202758758828168 0.401856088064523 -1.17445107463882
0.197074259120371 1.54929350078619 -0.364696659546174 0.236576323082864 -0.829581650955492
-0.838154361492284 0.310695439872108 -0.0517919283647075 0 0
-1.27886415643808 -0.750969057059312 -0.211410486498145 0.402077914720346 0.225318749782756
0.917819454613168 -2.22911134078323 0 0 0.475981618192572
0.925281278835125 -1.80242150504689 0 0.290131919845858 0.322618546335806
0.990908003484474 -1.26771390124856 0 0.395191331345118 -0.0553886361454725
1.1221438522539 -0.947893554048046 -0.221120058769424 0.539345921382679 -0.481680806100995
0.474351684147702 -0.657904105952754 0 0.319839728001241 -1.01614539350848
0.161509188482418 0.160894710287641 -0.164904818616249 0.554228730477261 -1.51570321936505
0.0905538025276409 0.728509293122784 -0.136621535607235 0.704250556382082 -1.53866726189725
0.482292717536262 1.03578978078045 -0.208543638190989 1.04200325052378 -1.22638580144256
0.571887136071236 1.24424712014154 -0.298612197599152 0.668660903707163 -0.970234501426256
0.306364536819199 1.64460574471129 0 0.313739823778036 -0.946382917048808
0.305975144299078 1.64002578883747 -0.272433603537887 0 -0.879016374411609
0.138550794726657 1.67353669428073 -0.0402522964644557 0.207197166152999 -0.682622685601616
-0.0562094252960397 1.18475477584893 -0.449941844264738 0.205811930851917 -0.4933195789024
-0.292692274085058 0.405470329133632 -1.17484128638363 0.310117231216636 -0.372641353805658
1.21209491077468 -1.52223357819597 0 0 0.650151112855653
1.13863248051506 -1.4516942770927 0 0.202354590027874 0.38372595710375
1.13566586730706 -1.1762305826003 0 0.192545750669802 -0.11352010129893
0.883051241623639 -1.01414371329567 0 0.290452584920532 -0.63668075126685
0.590564388174175 -0.757701981624552 0 0.224386012650395 -1.22962356314094
0.400522927275905 -0.196946915330998 0 0.324587599608463 -1.45197044672214
0.453617808528738 0.865859112396889 0.00610610305612563 0.864748761685323 -1.40558269576636
0.514396375788346 1.26729737977294 0.229700994779088 0.988823296783624 -1.23688112061209
0.570347025624681 1.41942474752372 -0.119194809881842 0.742555893651556 -1.21182763797913
0.507680485466098 1.85633214436228 -0.25911838798935 0.467664111219198 -0.571822389198149
0.266458446971576 1.84874363044498 -0.291140885219949 0.0776300069009615 -0.533900751727543
0.185506069514092 1.68888268871561 -0.203842302104511 0 -0.402713714497874
-0.0900912682764524 1.42273394692888 -0.304020163962449 -0.0454790618318591 -0.189800591715395
-0.283655615665865 0.662752966173589 -1.04692506976253 0.264061278128441 -0.255231260846118
1.25662531040981 -1.64133862838491 0.219800376022625 0 0.860798437496042
1.0535712424099 -1.49666811229431 0 0 0.304483349952887
0.791654524602062 -1.46732979947808 0 0 -0.200800060383022
0.802964730466924 -1.20245525820399 0 0.194001966702336 -0.760124875619756
0.849184513904371 -1.01526773657227 0 0.141065021283231 -1.38953187221243
0.894649471239016 -0.539650725688607 0 0.242280166669597 -1.31048404904151
0.859642368137581 0.238649718445797 0 0.733360684807577 -1.43543057839275
0.932710345053052 0.86059621071764 0.19225865431341 0.891616166663771 -1.24974005318198
0.304793566879579 1.08784235797347 0 0.451726973926835 -0.963227160356893
0.214870105282991 1.45497927531797 -0.1190390799798 0.1038563048053 -0.417946493329015
-0.211699593776465 1.59376364911066 0 -0.0960430526895195 0
-0.294844237346225 1.27151300004346 -0.524739628092301 0 0
-0.0822257534074107 0.932207732820365 -0.764129766619135 0 -0.257672345146476
-0.0931866235836325 0.4808500203697 -0.933376721805143 0 -0.239844747228463
1.19837937548463 -1.24443500814635 0.286067461003127 0 0.858854875133697
1.07617019612342 -1.25399007869607 0.254330181675415 0 0.46092340429267
0.745864679035278 -1.22103644480294 0.398480399734626 0.4259667174966 0.12794091777318
0.2455253018031 -1.72324712182027 0 0 -0.7244241671333
0.783384760310965 -1.6215988629884 0 -0.15004876563391 -1.2112066719796
0.994804796009316 -1.13288095454706 0 -0.069053605042256 -1.03383384245582
1.17418318686377 -0.339372848603092 0.169360799321961 0.397402894556408 -1.03586444884173
0.360219076627635 -0.375702036361607 0.237286810462064 0 -0.805941382229447
0.288256929201616 0.285659465151328 0.200256447906429 0.212866393351861 -0.780225012782246
0.296132682154458 0.87254693838025 0.154952504426507 0 -0.376565387326604
-0.0826624154399181 1.09520226387044 -0.390250351134921 0 -0.233262030841284
-0.16854214243432 0.614624567728583 -0.299362621456848 -0.0290602902065137 -0.192892578855701
-0.143998383776438 -0.016275430011527 -0.774883099140306 0.313943509170613 -0.339698439208325
-0.0798308009776605 -0.563045907285626 -1.11694896405141 0.628690508696557 -0.409229034912616
0.957348995123193 -1.2499347094173 0.282195076126272 0 0.667369034187804
0.649903151577818 -1.20871356273077 0.503819537238476 0.288206388049439 0.537810036703087
0.601894042918692 -1.35295258140954 0.327540291887457 0.169321761852083 0.0485334522803536
0.529027318631076 -1.73619709350748 0 -0.0587135710716375 -0.532811921822196
0.97735579797862 -2.12308310426033 0 -0.282814199465557 -1.05663794151601
1.11452867986451 -1.75798580675637 0 -0.245774041338596 -1.03730182116064
1.04994606268469 -1.12715684448187 0 0.0400203858672086 -0.835467073292913
0.564168073162888 -1.02553544906743 0.22865836352168 0 -0.863448455574799
0.684265815028044 -0.33869019856511 0.2983118484501 0 -0.550717986331704
0.812946970529545 0.318837600936055 0.186568481606761 0 -0.431946529147135
0.556219009896663 0.53348295990954 -0.348388464150776 0.247720020081461 -0.360419064416356
0.0952324014859824 0.253842643622799 -0.669374857283074 0.316306332547611 -0.297496764292178
-0.148116036231422 -0.285154002671922 -0.646748796567276 0.348986494343569 -0.261976177185216
-0.0224026794443958 -1.08066322723085 -1.13808173675153 0.773007139433177 -0.452946669282748
0.499435884905273 -1.14456253504203 0.66188637841541 0.25265128653507 0.89219910059971
0.4738822476379 -1.30282439349972 0.530100325186666 0.153049036556282 0.568070351291143
0.594709901432289 -1.45195647699733 0 -0.163186663513025 -0.0928889247355674
0.728620337116717 -2.06933720900652 0.136719178233007 -0.124503106398115 -0.438782764502153
0.509080625129799 -2.16719088624449 0 0 -0.736874093201303
1.64722367874767 -2.36535489616894 -0.0363340307804848 -0.252706301485248 -0.782595664212918
1.53951496304463 -1.92825887641755 0.0897238920073404 -0.0213628221463829 -0.658620323980057
0.946496432246862 -1.60762961757625 0.106827401310412 0 -0.889016644913977
0.850644608009103 -0.998307650681393 0.16250476368205 0 -0.887892630554298
0.815607783132575 -0.320797884596196 0.0735323344374736 0 -0.588189698707579
0.617583743323525 -0.213830725020428 -0.365170964744871 0.266240648727444 -0.466731302424708
0.26403258138261 -0.0179481197055294 -0.75541309649057 0.475736157223713 -0.089529209853527
0.255168537902897 -0.495732993900352 -0.938764600635498 1.00483401999196 0.106535131490451
0.253287951512964 -1.13457575619206 -1.12082607533383 1.3323794476803 -0.102577838040991
0.363703617655672 -1.28896536511805 0.778512192590858 0.0671944397003295 1.01859819823267
0.576462305615844 -1.48071539817909 0.434050713968085 -0.217960696409246 0.496961723521534
0.740589826752311 -1.83672336814418 0.106467732130881 -0.194959608714161 0.00473406732774355
0.864545322147176 -2.30098650475697 -0.0533426543538367 0.0582741104561233 -0.287512052715247
0.758946109625176 -2.37514373567241 0.225425616700655 0 -0.479309451066495
0.714805210431992 -2.25195776362855 0 0 -0.667948997960953
1.54204074414464 -2.48299320964806 -0.0518673662616332 -0.227067814646562 -0.579668425356704
1.32114776780927 -2.01120621085733 0.0100275204976159 -0.194633580849108 -0.686849557421531
1.07135187094844 -1.65929541955806 -0.0534198572755276 0 -0.786733299376797
0.681174039317394 -1.05184980613171 0.02126882817202 -0.0409288611141029 -1.01093354647428
0.473775565419533 -0.942189487564299 -0.432990026143751 0.173968949696789 -0.601687392434146
0.365292531586317 -0.947340475818981 -0.82070806515691 0.533999876101879 -0.269352894350777
0.430856273261305 -0.964053676661423 -1.07859336008423 1.29842448198519 0.215232816394919
0.665958503459299 -1.31608729845109 -1.10989869518372 2.16741892284354 0.378666440378217
0.348438091780353 -1.65786239900204 0.904458960392918 -0.253013536857908 1.09222239965765
0.692668559937212 -1.71679241771941 0.225945034697761 -0.395358368093274 0.463916669354636
0.636955427168382 -2.10685834180726 0.156223551711527 0.0945441644601547 0.106420838946044
0.778620547161174 -2.32704687327666 0.16026421195249 0 -0.0258443071179268
0.84159587423738 -2.36022617924053 0.119670717439537 0 -0.142586240145778
0.790479241882222 -2.32326376907501 0.0991420402273907 0 -0.207204428019414
0.79331910552639 -2.42429871166928 0.0959179261025523 0 -0.4230384436576
1.45183599207249 -2.29783007063314 -0.265685079048272 -0.246658870038105 0
1.21143992585711 -2.09932681547178 -0.249651925674181 -0.0783689068871102 -0.707323199104576
0.722825643939293 -1.7247030431023 -0.420785280974264 0 -0.611055705703758
0.373594796734637 -1.57646402532796 -0.507873461874106 -0.0924290724624885 -0.675685070186919
0.366243309622816 -1.71723459639562 -0.862968355137136 0.481604291385707 -0.416696284388881
0.260642135399433 -1.71331403027125 -1.25195298150649 0.929038689880819 -0.0235961528930284
0.659305435891152 -1.97349903809748 -1.46402409766201 1.99499306183728 0.28867963323272
0.49395392083998 -1.8220728282555 0 0 0.184937697925595
0.668480607661696 -2.16035476236565 0.341100862324738 0 0.483877078369603
0.699149583933427 -2.27511350772631 0.205739454364933 0 0.238704525807017
0.741083740381214 -2.23892172115258 0.108914511664318 0 0.0814814092376409
0.758343272991521 -2.30173396674597 0.0606721959071978 0 0.226658829190323
0.765179912500761 -2.23721385676999 -0.0358645279491991 0 0.236016431695719
0.871918465179725 -2.21194612332222 -0.212102600518508 0 0.18158713274264
1.49763039249419 -2.44357555116935 -0.565329932718643 0.0720815198067389 0.0668389594938559
1.33405336878902 -2.53342538046325 -0.545972915033044 -0.0183739832947409 -0.543743058986039
0.799561796692406 -2.19698349495981 -0.615160628538606 0 -0.502869792047984
0.559640841499516 -2.05055532245656 -0.841286580032971 0 -0.237740214384817
0.303284252607412 -2.1573014227695 -1.00720653284078 0.176445163779674 -0.215428313971525
0.17809714719757 -2.31327407209521 -1.32445288527093 0.666971861637928 -0.073222773056311
0.714776191809354 -2.76435246242514 -1.55765140536581 1.64846752771781 -0.0134623401419337
