"(Intercept)" "X1" "X2" "X3" "X4"
-0.464624918839032 -4.60437693534851 0 0 0
-0.410917646410446 -4.24459237796045 0 0 0
-0.170034958616254 -3.71605667821218 0 0 0
0.393500876407606 -3.42679494692814 0 0 0.554152342575049
0.88372024022408 -2.81091375402303 0 0.235317804381364 0.434885292994844
1.17474808428286 -2.26722423616951 0.156445763464822 0.236299833566886 0.233457187788287
0.532528311755159 -1.86638823531918 0.332115970597521 -0.182912924975416 0.250462846856156
0.0153903370715555 -1.83073046459378 0.648900431084814 -0.107809676635647 0.636065273377204
0.00248291218593093 -1.52466946111465 0.461214646202547 0.280352202613059 0
-0.67023478726047 -1.21545492688004 0.691511428482876 0 0
-0.980527189364898 -1.70527532064162 1.57153784152937 0.291818698954607 0.630936692048667
-1.35206928285256 -1.22817762901136 1.57880493912879 0 -0.136596018437912
-1.59134595529311 -1.31918027087514 2.00337802262332 0 -0.200144326699729
-1.8176735573781 -1.43119116336716 2.34755587012714 0 -0.249432038297743
-0.275846762700278 -4.02293945459124 0 0 0
-0.39527733904345 -3.78831410528547 0 0 0
-0.191460805910549 -3.240848044509 0 0 0
0.187321277147359 -2.69928384995549 0 0 0.257816795048376
0.51395798870778 -2.02950813706049 0 0 0.224474972986186
0.827771435523686 -1.45957174588441 0.0468698680933002 0.377880156764778 0.0204072043318936
0.40048624277467 -1.12202461455882 0.109253555587722 0.0943375002853314 -0.0960995729889813
0.0861224429355256 -0.937695912026482 0.225455771403619 0.103628751151647 -0.0426316705523769
-0.0677977721506984 -0.890833913564752 0.183511782559736 0.30490092248746 0
-0.502052152251447 -0.611070997488312 0.479566185820268 0 0
-0.565725056687087 -1.08160917256553 1.05389378546809 0.468490372142264 0.223590263639766
-1.04489050198467 -0.675168558675764 1.18577631309927 0 -0.218477602355042
-1.3158520914576 -0.80458783391633 1.48603715240201 0 -0.248235857549148
-1.66191903978357 -1.0131174700878 1.69774717771906 0 -0.234076184760913
0.0114819664499064 -3.49488401917013 0 0 0
-0.201812612599226 -3.22022047529688 0 0 0
0.0850296288682254 -2.47538854111879 0 0 0
0.273850869185835 -1.84270844749218 0 0 0
0.370205538103615 -1.37165039345749 -0.0784199103025988 0.176763199750203 -0.05952669589355
0.527880295606988 -0.87300843895643 -0.101711059605719 0.447821260583149 -0.200944979570103
0.314264172554825 -0.548328824921669 -0.142112675520381 0.384208617134578 -0.267215832840293
0.268888489020425 -0.245866218102143 -0.175611344733992 0.319001506710332 -0.398166572934167
0.018568657842989 -0.381653058590551 -0.113955249887414 0.520767613843828 -0.246435250028191
-0.102520526967345 -0.356808801383848 0.164512863289177 0.515619633478716 -0.122725196341203
-0.512479586350146 -0.0833091409427249 0.423943560530738 0 -0.230843033136426
-0.771169788862094 -0.109304171281783 0.749316282758342 0 -0.260164931859532
-1.15539875265545 -0.324157284190241 0.924514097270801 0 -0.254680487291
-1.57705303977475 -0.622353210660922 0.893401262593156 0 -0.231222730967825
0.552284565732059 -2.79843584695137 0 0 0
0.328051991395221 -2.42927361373227 0 0 0
0.538526915613008 -1.61304136450775 0 0 0
0.250819290500497 -1.12962619362386 0.0463476258925421 0 0
0.407287959386157 -0.730351430053742 -0.191880112140015 0.268300008550654 0
0.544628101463591 -0.376247297041524 -0.33579947431361 0.443658008921052 -0.212933803831208
0.599478826297766 -0.0504780268765325 -0.422215941968604 0.596796195172623 -0.271773123925808
0.261542635317769 0.313026701132659 -0.585433086139694 0.554107402744096 -0.462766887651894
0.182894726192049 0.365672667751778 -0.515649523302983 0.546111705063782 -0.515471738463972
0.243191261607346 0.363269037983017 -0.238175755008011 0.583392209863209 -0.469150980127229
-0.0106406654833756 0.344996597036827 0.126610697676425 0.608010072370795 -0.523976223244983
-0.372828721489448 0.2864444059572 0.478995654088589 0.658478981517972 -0.42631912642937
-1.11059221139703 0.155487645305257 0.465782360115822 0 -0.241574955587213
-1.57712663859539 -0.287909315239298 0.392942025267873 0 0
1.30084934741542 -1.42183092681568 0 0 0
0.93948117697053 -1.47982870085183 0 0 0
0.596018490864028 -1.31344071904779 0.206709192228831 -0.180436624805186 0
0.361182648685789 -0.732795968434024 -0.00040903977084394 -0.139367164164647 0
0.137031097226791 -0.298330400685123 -0.299351875680887 0.146185934155214 0
0.54223269188963 0.00431640989732156 -0.428280087545778 0.38482112204506 0
0.797450958451814 0.264995954924252 -0.657072275593736 0.5892168435849 -0.307750841747257
0.348675767392976 0.689442097818777 -0.886036537493364 0.476523227463899 -0.356529061932259
0.245694070518903 0.994170689816848 -0.664946083892421 0.355666903859727 -0.513020955952412
0.19723664772395 1.08924972771763 -0.351210798454512 0.438801624325806 -0.668235538881664
0.133634040503172 0.975744646835415 -0.224790675546462 0.514004151433319 -0.623614072965117
-0.704938182884771 0.822224173974991 0.133693341596091 0 0
-1.04262032020476 0.449962967656633 0.2090969527547 0 0
-1.20110870473572 -0.286696601859931 -0.0392592466983195 0 0
1.12107750778514 -0.899093031088348 0 0 0
1.05852780747431 -0.853939196260611 0 0 0
0.991721455402533 -1.10428525792351 0.0381689086799335 -0.66050348866789 -0.456009640353631
0.957567399173383 -0.778917158603085 0.0276168926000466 -0.243087456049251 -0.94686918905625
0.662954582820159 -0.617468042681509 -0.0432714619948161 -0.0284894991730348 -1.08654409570834
0.5117634814205 -0.126229151512399 0 0 0
0.48434581016489 0.193368009948349 -0.374016174014319 0 -1.00556109216936
0.6426163579785 0.486360328584931 -0.50319149563126 0.227765301720352 -1.2210885146891
0.188005225298939 1.21761259019959 -0.518537373826423 0.233359053203205 -0.383262242309176
0.270806853992471 1.32358894941054 -0.396883248573739 0 -0.510179127437161
0.385802499358366 1.26844145342843 -0.233007707679057 0.424180456215939 -0.808229558949752
-0.191165050906903 1.09494696331657 0 0 -0.301938957105221
-0.681861664236437 0.752854360910676 0 0 0
-1.1285553212035 -0.25189210157962 0.0171739639536095 0 0
1.30480650909324 -1.27714229597386 0 -0.477078463301417 0.580355196935363
0.883602614635198 -1.06191704722469 0 0 0.260103749034201
1.09336612355179 -1.04825327347684 0 -0.303541223341282 -0.215952856358718
0.97587031390005 -0.945168400898537 0 0 -0.673427592045195
0.914838796874937 -0.807660087006365 0 0 -1.09782887339639
0.369282057345739 -0.588324493030349 -0.334266119532888 -0.139174769643848 -0.959200306906561
0.909534023329812 0.0355277706512249 -0.411791530593083 0.000447577471536896 -0.841296767398535
1.11858203519175 0.432126807673895 -0.338473147439012 0.248923107803667 -1.32469991933861
0.969309773898018 0.643160975955179 -0.303981916368145 0.0304638041768925 -0.939738721720479
0.798418851900225 1.27001202213013 -0.331462073117359 -0.273694824694417 -0.443116174970923
0.455701419983226 1.48206492537593 -0.151778227709856 0 -0.626009486625438
0.0789213618638029 1.14721723660767 0 0 -0.38966304517076
-0.42450041590616 0.801372579849642 0 0 0
-0.780421131706768 0.0358272914774884 0 0 0
0.953820630727497 -1.1252593449301 0 0 0.754102393727987
0.982022941791185 -1.11776963815966 0 0 0.362395107589369
0.841294655187374 -1.19498342280117 0 0 -0.243530864561191
0.745087022317395 -1.20915543754216 0 0 -0.91851171619568
0.976393737666169 -1.18188392491915 0 0 -1.38959687599628
0.839877553532055 -0.906395492179097 -0.154196836934047 0 -1.10261023608015
0.446169636464316 -0.344885078271837 -0.245429523188932 0 -1.11006704635228
0.887806905635703 0.109395815818734 -0.123440034793223 0 -1.22462467195131
1.11534363344178 0.464493966698741 -0.142824530240588 0 -1.01808709899424
1.34972862022587 1.09702323174815 0.220370742583883 0.00393266296049833 -0.525739593998297
0.47861589159506 1.33063939668127 0.111001738837513 0 -0.292752990018064
-0.0762318161023916 0.712446802853733 0 0 0
0.0716024737920119 0.701334044820568 0 0 -0.438826244532796
-0.653026388878099 0.012109832046313 0 0 0
0.899421605694882 -1.04049329634881 0 -0.57536963126817 0.651910335398227
0.415015327479496 -1.08721785959451 0 0 0.0666861168742826
0.222876780349175 -1.41916878662986 0.342390535044585 -0.250897845636508 -0.243427925083319
0.726482488615206 -1.49082475485323 0 0 -0.863903982971647
1.10400819065521 -1.44553177707396 0 0 -1.35978535674447
0.739642903743348 -1.46132698256976 0 0 -0.993171557995364
0.292898844877535 -1.24793950311339 0 0 -1.00388701897031
0.367413842037897 -0.551110480964177 0 0 -1.09570623202152
0.468513434992837 0.0978640291342781 0 0 -0.751309657191315
0.86726918235962 0.744892134597308 0.319952819105035 0 -0.3179126105448
0.599204409144931 1.19170321216032 0.21953302405448 -0.232580620140986 -0.382099724161394
0.30489860673386 0.972179354236156 0.000359787873876505 -0.0898500360193008 -0.213800456445036
0.062203727943124 0.614758867592039 0 0 -0.490145160046362
-0.0508492438758101 0.118511720536705 0 0 -0.46230895620595
0.109703368024897 -0.913709819448594 0 0 0.369161567886243
0.158547396501516 -1.12959343774924 0.223059295846558 0 0.13686232251039
0.389756298167053 -1.46976708080179 0 0 -0.21852061287359
0.513968718122551 -1.84147361979706 0 0 -0.676320436807971
1.1259534750428 -1.85046750754241 0 0 -1.0535414758975
1.14710355363495 -1.88619629594492 0 -0.39230165859457 -1.16994964613412
0.557344517037795 -1.73353413643235 0 -0.323762391112104 -1.00591349624891
0.567494336802011 -1.05125500833595 0 0 -1.23885435908711
0.524565709801968 -0.346048616097711 0 0 -0.750079318673805
0.61395352900035 0.291897622501965 0 0 -0.558409732925776
0.516386238390806 0.735748361713651 0 0 -0.461204944425416
0.269437656734519 0.67018933335629 -0.746133112306629 0.244406893212903 -0.315716005504112
0.0377621765045401 0.551593940870155 -0.665907419069555 0 -0.129494625719814
0.0923016043051568 -0.0430357485454866 -0.737198072655055 0 0.00563719995402913
0.552420763061728 -0.929375458386093 -0.2909935808343 0.0364674370606616 0.724747668662658
0.19613997391271 -1.3717826464885 0.17408528402875 0 0.386496359780382
0.352034253839585 -1.75974690409599 0 0 0.028100838285406
0.503232199085718 -2.25007294915257 0 0 -0.321105766911195
1.17279077839981 -2.24328908774413 0 -0.338406791490264 -0.605820468834791
1.53978785486614 -2.20186791898736 -0.00578510332262127 0 -1.04591212912139
1.44726550556962 -1.90786980799719 0.349116872861743 -0.279012790593318 -1.36993121997541
1.11346936241373 -1.26147613825818 0.215776568838311 -0.160232490206615 -1.19890806735445
0.643668710448102 -0.675357918951111 0 0 -0.895895747571063
0.623134914381772 -0.174334850805958 0 -0.170258224794173 -0.879106570311624
0.487002043494609 0.137539853345576 0 -0.0730988950283583 -0.67130710916204
0.325270646551169 0.446476760599696 0 0 -0.486308043672276
0.0635770072217128 0.426407286465824 0 0 -0.461618920170528
0.391676114515279 -0.553511032742063 -1.50776224819128 0.320828533906301 0.100989976163441
0.00535363804671225 -1.17134943589933 0.139511412515789 0 0.702881370691084
0.185545049519649 -1.59847756161107 0.117417082651023 0 0.509344905182641
0.489950300667936 -1.95971293252555 -0.251598464010933 0.0498132219929825 0.288921567634914
0.651914714990248 -2.46485050247937 -0.0442268365077046 -0.225236794922591 0.173433391170437
0.954801503167488 -2.40172988481025 0 0 -0.443856717830097
1.40504489214637 -2.33750141451575 -0.0468974725487372 0 -0.622540655245953
1.20199043085678 -2.03273218554583 0.0359386808989139 0.0333772183662243 -0.761640833410504
0.918669696246736 -1.47059833211246 0.0363432764008424 0.129096306268901 -0.710543200525625
0.55694705467445 -1.18979105052345 0 0 -0.641576638425189
0.393020596324767 -0.736587037855457 0 0 -0.717181114711751
0.397944268576722 -0.407884049910588 0 0 -0.652370628061043
0.271731133829288 -0.144579531331886 0 0 -0.558757023742959
0.244415103079567 -0.0149909280162117 0 0 -0.462701823995122
0.156806254091307 -0.515434581159762 -1.13662683301109 0 -0.102067955596145
0.445968112577652 -1.20939453778729 -0.832559822006933 0.489203620950192 0.80367391382452
0.459078639478702 -1.594409950034 -0.757095734484889 0.491518896522564 0.551103136843787
0.526880428241935 -1.99393642269043 -0.504877922209825 0.379837841013847 0.414113799222176
0.546652273846158 -2.26405545205203 0 0 0.156055347986671
0.738699687628674 -2.54074774341605 -0.102215116260288 0 0.0854726998134044
0.90286552354619 -2.28549687727892 -0.372518896673248 0.273167850623739 0.113119512757483
0.882008231774702 -2.05134740248093 -0.297039290216988 0.403326381368089 0.03218939593574
0.665873978844808 -1.74612076189347 -0.123913894389447 0.376168462874493 -0.268151235805024
0.273385483979775 -1.39174842783766 0.0106147196676618 0.283711275793668 -0.556886774511294
0.109051743023959 -1.06627394306046 0.0124013026960377 0.195633875430173 -0.621525374038523
0.177507802165811 -0.912081050381985 0 0 -0.699012937084207
0.175718640110988 -0.678500072842147 0 0 -0.61341796035657
0.151825916436548 -0.494848920543539 0 0 -0.502285639638803
0.0412953277725645 -0.876826356855358 -0.999569155469979 0 -0.2346693450892
0.421952486345947 -1.68241940721671 -0.65872984384491 0.48628018140373 1.27139495228895
0.40944945700328 -2.00388768426896 -0.50873028796934 0.427999713244299 0.979741427446268
0.368624464801115 -2.17913585904024 -0.450932224181399 0.417599912321854 0.691532636242992
0.41096738356963 -2.29365222944167 0 0 0.439102360550507
0.551436528395101 -2.32286951550686 0 0 0.388058371884292
0.439861861728973 -2.33830531225689 -0.723148548644851 0.577497117518356 0.651141066645373
0.26440651171124 -2.12613245610121 -0.65590279941349 0.889734484742864 0.64526295825717
-0.0289594754187576 -1.88670148252169 -0.402137076550276 0.878203871976254 0.140237487167052
-0.158617289081356 -1.6881932472368 -0.22226906565392 0.626671433051079 -0.306735184800414
-0.31972837330652 -1.37078033578456 -0.295039946883367 0.489306653840209 -0.439120283614764
-0.135962943646565 -1.31889307646797 -0.165800956845885 0 -0.552101314868187
-0.0333456765294689 -1.14369633866071 0 0 -0.642270831002588
0.0906795305882783 -1.00155384750811 0 0 -0.544609644273099
0.109688653564666 -0.800142027805653 0 0 -0.455968233602258
