"(Intercept)" "X1" "X2" "X3" "X4"
-0.22370783224009 -4.49508869960817 0 0 0.252166385044715
-0.078970117836317 -3.62970488670564 0 0 0
0.939952760804489 -3.3110686247988 0.383889636274172 0.231438464638455 0.679216717012017
0.899541186228429 -2.93848144273867 0.339670513336489 0.209130705874236 0.50425322955
1.03821254034279 -2.39403373479415 0.324208061586172 0.230236402203072 0.385894152866397
0.548758429341013 -2.15446927476171 0.31005421075492 -0.0705825818827853 0.333958213181345
-0.242321041534821 -1.82582650727871 0.574435236350591 -0.493368552613597 0.291369186335158
-1.12674966650435 -1.79216026215399 0.918074198339982 -0.709421586316724 0.438782683727612
-1.42312362190273 -1.85618990683523 1.20967765949338 -0.540868471586757 0.576125796854112
-1.60385010015354 -1.90496802744528 1.53356655529069 -0.315610000005975 0.794675553944514
-1.70207072388482 -1.90164272851963 1.77925574627766 0.0622515343324738 0.832571446964221
-1.87417689912892 -1.89610991493305 2.03908728384841 0.373950413240536 0.955636560096601
-2.17009486214612 -1.39128687489512 1.36128550687807 0 0
-2.56452143008821 -1.48007762748446 1.6896855738331 0 0
0.00714178523030044 -4.1122211731175 0 0 0.259229880690173
0.111706405288826 -3.33770195329004 0 0 0
0.171212357701967 -2.93349239973817 0 0 0
0.454386876759416 -2.46998183951704 0.0706669347201101 0 0.248144128565587
0.910093867232392 -1.94016564097235 0.0732811860495101 0.276407335283399 0.0465836332466019
0.978348244191204 -1.43308320519773 0.0246037441363086 0.341645313127931 -0.118215300299407
0.00413309393552449 -1.23036130600234 0.294660409323334 -0.0924967874171785 -0.0823750811852476
-0.540696752912555 -1.05414953739367 0.434860455014913 -0.2050376315324 -0.134426840674119
-1.03754491588081 -1.11252081167135 0.740718010531929 -0.140810606617871 -0.0460515598153045
-1.21879115545987 -1.19534141692093 1.08471842194848 -0.00306140695739 0.18061674256221
-1.29263727407525 -1.25310011301207 1.33511639283139 0.342189315529916 0.318981116521523
-1.49680115697901 -1.25570624178876 1.61188817334529 0.580774893143242 0.519543988344125
-1.80489272339483 -1.16307996297832 1.80736515685916 0.737618145573862 0.81622721141004
-2.57142001995799 -0.739923201984815 1.26912597900825 0 0
1.38456091591467 -3.22630678756962 0.482286178211387 0.233160125929937 1.17106436277378
0.417247626001898 -3.1650801464258 0 0 0.22453074968851
0.492366270920795 -2.42374459643108 0 0 0
0.891672906491367 -1.97310768309254 -0.0629290600599938 0.303887367731528 -0.0182790132951912
1.01613237074926 -1.45334913352192 -0.224002532666833 0.431461852400094 -0.223695857762899
0.944668567754311 -1.00847611024992 -0.228236374248518 0.508976328900133 -0.446231930720644
0.440810244084285 -0.740416877030534 -0.114871271169086 0.485068792468828 -0.526229087252391
0.040344417290721 -0.484880326534224 -0.000289011617813882 0.301463229075044 -0.630391908507348
-0.476430387341252 -0.313172526540218 0.204530527243266 0.253927038064355 -0.701775583707564
-0.716571280156811 -0.562479920456467 0.61896913138565 0.354064951459216 -0.40051197696974
-0.925252108235504 -0.614268568897638 0.915436193582021 0.515477160914553 -0.226802215563073
-1.22231866132752 -0.531848433524122 1.21767159930005 0.665991422759601 -0.00425856027456937
-1.54977669440025 -0.418529318534645 1.3706610313349 0.785604042509609 0.411973358411702
-1.97969623159293 -0.377944278948382 1.68917788225109 1.04023029535188 0.75501329281634
1.60512101003847 -2.75147419304457 0.489161429878664 0.170623548946668 1.08492912885613
1.39301516565467 -2.43906983798361 0.308893716536198 0.264677902404416 0.798373465203209
1.44734837581039 -1.95318765513139 0.101988104361048 0.346049186948807 0.461770597677199
1.24738820458024 -1.52584565492325 -0.216401928951435 0.451856555467631 -0.0102243982737581
1.24240815571913 -1.10454637086349 -0.467039294505066 0.691360347931691 -0.466081955870276
1.01156020890546 -0.584425089653691 -0.508911914096436 0.772035458004315 -0.697519816297638
0.749259090735546 -0.256192073837874 -0.463677548036031 0.938545240961137 -0.898348887848935
0.711792035556115 0.0506923498908572 -0.457942722915047 0.678391444826031 -1.06004844085538
0.244786976564641 0.26431787151089 -0.293512879737054 0.584461437866163 -1.13559323689651
-0.359646467995215 0.0748453477884163 0.293320853714036 0.53750902491969 -1.00863919265563
-0.710171267034445 0.154498722899994 0.576205037148786 0.563848026337673 -0.739716971859308
-0.985588533707387 0.215605703462348 0.754606505476716 0.704469207098942 -0.278396442837793
-1.27070988133317 0.175256953443534 1.0047495528489 0.944822199802614 0.217329535141331
-1.65555439548282 -0.249463151863109 1.31782104462782 1.04829299513011 0.863287937576369
1.6817547309578 -2.46452856311115 0.533093026083626 0.128100196676358 1.02744188823069
1.59549997148759 -2.04895289872777 0.239156777598074 0.192846008761335 0.689138844165431
1.5185724950201 -1.58867170089563 -0.0433835868885241 0.368167705831939 0.34940687240512
1.48213071896134 -1.12647664755236 -0.236631659860033 0.510596834272871 -0.0208581864382479
1.36887719893693 -0.832155376317818 -0.538443244149544 0.736137409352997 -0.478652438390469
1.0825532293769 -0.26466369713512 -0.697541083311154 0.843110884355036 -0.855218948623115
1.09443923336389 0.115028072827711 -0.792035906498684 0.886704269826216 -1.1522058365178
1.09070085063005 0.343291498284963 -0.894994118184948 0.673392037858901 -1.34731943349891
0.905892171291108 0.691290473455605 -0.739079678729673 0.519745407273776 -1.41908967183333
0.184978581215685 0.909545548657955 -0.290657843279041 0.50365507521183 -1.3884001162928
-0.248583237880207 0.799018328138598 0.133076626631474 0.714119671772462 -1.01120084243109
-0.503476870965526 0.6825985803845 0.391721465471039 0.894706210323613 -0.515093864104307
-0.883024364822644 0.325370668023296 0.759697197905825 0.922537111316189 0.214476948301568
-1.41356026468057 -0.211873293770115 1.07672356025222 0.828303433879139 1.0080885593001
1.69301580996808 -2.26042584304461 0.536479246159662 0.0463618026663323 0.972796433095056
1.56479813263205 -1.82263372123719 0.16495697495372 0.133026134729387 0.58059365080531
1.47514324641229 -1.3922256626697 -0.179517806031588 0.265445331564222 0.170889756742565
1.38188562552806 -0.978033470021367 -0.317575587992396 0.436758177887144 -0.208833654153317
1.09435061294997 -0.654348791582728 -0.52361534341429 0.601929419354135 -0.737588025267761
0.498737959276325 -0.0476312684959335 -0.348976584161842 0.412962950685989 -0.983941892030632
0.685024192417757 0.284915208628685 -0.70635906071728 0.449802761565036 -1.36395336893333
0.888729864033673 0.542656334811742 -0.834198172232868 0.631715740419249 -1.36950147592847
0.732847498724256 0.869045243550828 -0.685275696884484 0.3872094559102 -1.16072551826302
0.579814961558311 1.14432126413834 -0.62187346657696 0.618925066870127 -1.33677131165215
0.158462895700281 1.2185187826564 0 0.413314116588186 -1.0069549951768
-0.142302887591107 0.829128777355052 0 0 -0.407653897603024
-0.692398447825773 0.304400979425361 0.64200795988105 0.556592664344905 0.305540905271332
-1.34640801804157 -0.209398350098026 0.94910693562375 0.468138114953992 1.16715250737846
1.47569391286162 -1.70903540157844 0.332668014075349 0 0.810704115559405
1.42601361189018 -1.5481620580055 0.260989662623766 0 0.521720875248359
1.57818958284671 -1.26314658050399 0.0357937637007329 0.160676892889956 0.321123089426473
1.03757205946102 -0.863914686450036 -0.199390023207735 0.181818697209608 -0.36820616444926
0.882778497298822 -0.500749809810065 -0.242808334802955 0.347633275170291 -0.960215000412714
0.108516866124675 -0.493071334280044 0 0 -0.691653430164539
0.662193466339928 0.112961782380143 -0.419362592170364 0.329191621883601 -1.3595215599759
0.687524368770425 0.453918954348042 0 0 -1.27013240157961
0.793887658113284 0.756382681767122 0 0.163603638931256 -1.20907949679807
0.663564772442397 0.960065706286823 -0.747419290340812 0.0507444620240712 -0.839737757548272
0.258416645741819 0.889903832180153 0 0 -0.589376541711697
0.165706473269866 0.808126420140538 0 0 -0.401910332815545
-0.218203979489466 0.509607741444486 0 0.0205733972637666 0.0719584263055757
-0.634770853128695 0 0 0 0
1.15784375089893 -1.16044272422267 0 0 0.593884220108117
1.07592629303191 -1.08745704517857 0 0 0.237137896544232
1.01410538880375 -1.32812117369645 0.150786844508598 0.0794842285695347 -0.0708153600659318
0.548613867173326 -1.08775545497114 -0.0526853413084217 0.180195185752531 -0.721688211449114
0.997727593118763 -0.794582301590635 -0.114285210273693 0.301371996368719 -1.13662413364794
1.06450183761937 -0.783822067050934 -0.157199894919382 0.348423868843947 -1.32994015304932
0.564293052275248 -0.582662816350068 -0.253441746836292 0.279580950282322 -1.07487970652955
0.638158530065354 -0.0297790885917314 -0.21763528495974 0 -1.08022012941726
0.864919288165061 0.161954247807182 -0.225769463054079 0.0847506779846064 -0.979365453442108
0.651892834341313 0.605742430943266 -0.231436973794719 -0.219006394167359 -0.621247541660367
0.742189617121654 0.858672818060728 -0.491561755892494 -0.30382554202267 -0.719129630844235
0.594765551000895 0.855608734423544 -0.431042986986027 0 -0.476329626871487
0.170143209248301 0.594303628523865 0 0 -0.0596488936352078
-0.315000656775529 0.437542963429929 0 -0.0128601227575118 0.464589269363223
0.967411980668294 -1.14868000216247 0 -0.135157951917108 0.79742159392483
0.831114164019597 -1.07045494974143 0 -0.120245293760197 0.204632258346337
0.826562655006557 -1.10305461559917 0 -0.0431454351965668 -0.371103865710194
0.668402049817901 -1.2965902820457 0.215001520898105 0.0338499670288296 -0.773002430588876
0.990528033529794 -1.24255320489658 0.0826743006421771 0.158824913228715 -1.17898859360412
1.18058289599874 -1.11113635412758 -0.189900905212545 0.252605091469406 -1.3455834515961
0.20794127339662 -1.30612704298745 0 0 -0.83222379552072
0.211845320436312 -0.77103257841731 0 0 -0.867357728730327
0.552727616614843 -0.305400002002304 -0.348780173333246 -0.0720387335555269 -0.802341275264818
0.617614342659268 0.161241282221916 0 -0.330698721265836 -0.548036965552863
0.623101761765833 0.484128559179713 0 -0.336403700819352 -0.391445677999354
0.711728809937955 0.573161961016693 0 0 -0.179193516863182
0.594360123177909 0.570015861454941 0 0 0.024233265030969
0.355392056061938 0.51144977019769 0 -0.127539554680446 0.271781620096022
0.458379631240778 -0.937677890558408 0 -0.120878215389466 0.590804453144648
0.527445134017425 -0.981059742396643 0.224539543295939 -0.108099788869446 0.15905707520936
0.707039642585424 -1.10906308914767 0.314973147324381 -0.213932854214141 -0.320322385034478
0.935672098080668 -1.29315377784649 0.366725624664044 -0.219045882579781 -0.744305226701157
1.00087088414908 -1.43115647350799 0 -0.221625913737938 -1.1854741118146
0.90098168192357 -1.80112646136841 0 0 -0.856501733008884
0.471359385464174 -1.74728937374944 0 0 -0.789378999148787
0.522354102702953 -1.32164071220595 -0.153289798888923 0.0399975430504161 -1.08497738828632
0.401331320620867 -0.659836864229111 -0.380601200134394 -0.0614425150084032 -0.745393000780414
0.722106916304549 -0.209769360220313 0 0 -0.295190107275858
0.760029993946537 0.199748844212233 0 -0.421223578543499 -0.218420742136131
0.751646741377457 0.15823694614097 0 0 0
0.967908479972881 0.415329692059595 0 0 0.206412565358325
0.891248647199692 0.338084580161555 0 0 0.260401797243314
-0.104658469256545 -0.762975094879045 0 0 0.200638974524985
0.440402215460436 -0.784592096828246 0.0192503106549321 -0.141040091868937 -0.145441020587729
0.764769386265886 -1.04566123662461 0.215901943904845 -0.120641601791586 -0.545415176188335
1.02239782161607 -1.36530061873849 0.321947587683051 -0.182368308434069 -0.82770029673875
1.09236232582707 -1.82443111998482 0.25454960409706 0 -0.907623787167783
1.61425389879464 -1.75043568424414 0.246136757977424 -0.24190933720253 -0.940940773542019
1.0376200454907 -1.81654488877107 0 0 -0.797176427668753
0.699519091064503 -1.7009075203194 0.0107278388554479 -0.167132252876768 -0.989356800115551
0.520750742011707 -1.13026176241572 -0.305050926335852 -0.255296243112774 -0.834728352724214
0.857075713229209 -0.700672396465616 0 0 -0.406381471056988
0.950861224800532 -0.28768525542374 0 0 -0.0668491097694616
1.10656904790443 -0.0193820038731094 0 0 0.175458712240435
1.15242926507933 -0.130988872806713 0 0 0
1.25992095832381 0.190621629971197 0 0 0.419385539518106
0.152656551989432 -0.3546345567247 -0.264509680143937 0.0402820993954145 0.0788230548144674
0.524070280699212 -0.7139675341117 -0.118753211523823 0.214880408456636 -0.351210725624967
0.825409171808958 -1.15516418520723 0.0107075239987798 0.225250854759599 -0.627283156705142
1.11782572437531 -1.36976809490871 0.09486320548226 0.0441913441687996 -0.85775879283753
1.18037788828768 -1.79628772716487 0.0437386936751314 -0.0932251061453917 -0.79107824179189
1.48246386994591 -1.79302279382286 0.0773744299797308 -0.0215190901558951 -0.638920007629501
1.20236816587843 -1.80879435910603 0.190685788164129 -0.0207004620012564 -0.667337798071712
1.17137820177342 -1.66366387381644 0 -0.214858140748362 -0.873142416674895
0.456795129774737 -1.47298871014374 -0.357232730740088 -0.281416822592503 -0.702770523280235
0.996210556288284 -1.15008374937311 0 -0.179169149973823 -0.450554723863618
1.06494637444384 -0.794967007913075 0 0 -0.147945074730544
1.19826957349384 -0.446149734836449 0 0 0.112947205144996
1.37907695335839 -0.165655099058253 0 0 0.396870440957341
1.44671163069761 0.0295025821798174 0 0 0.571666274037277
0.423999091095145 -0.278630341173156 -0.402600905567729 0.31866671686091 0.0413424577900673
0.758937920603759 -0.63115328575155 -0.435664739912895 0.349594654141417 -0.244944269426917
0.894561089214565 -1.09086986047242 -0.326805811892529 0.288029898151351 -0.445906200553167
0.634496496054611 -1.64667883974831 0 0 -0.502324064215359
0.790746290364196 -1.80919281403883 0 0 -0.546926902006213
1.11173991563647 -1.67051825729973 -0.311387513307458 0.263048538140127 -0.184660864123184
0.820487889799532 -1.77947403543421 -0.155451098191893 0.392725158584458 -0.135266984955477
1.09953099270403 -1.54919441894794 0 0.0325893151437161 -0.490298276958054
1.04093112842525 -1.68257400253036 0 -0.185747728714578 -0.64885105086904
0.680088686374092 -1.41366487760577 -0.480248965602676 -0.278460485240706 -0.348072972663301
1.24046383905313 -1.3013385164223 0 0 -0.218977676063377
1.38360411742487 -0.958043318059511 0 0 0.0222017777811167
1.49076221139188 -0.597060738902204 0 0 0.337117828853617
1.54001507432121 -0.233714007026401 0 0 0.662606347865885
0.663275140875895 -0.203483548324922 -0.700968745577883 0.534009511246438 0.0416684305400006
0.489434480148334 -0.828422094798094 -0.422380584731015 0 -0.0821561817975571
0.281343924317827 -1.26753832488425 0 0 -0.197924994293014
0.497896974118928 -1.51653654443683 0 0 -0.20360679507531
0.551368403137074 -1.73214180735034 0 0 -0.217310566532193
0.512671789687057 -1.70481971860728 0 0.236865739319653 0.13991461830344
0.479774506652776 -1.77123932500563 0 0.523146408037698 0.168572996140976
0.571327053825806 -1.61489300580119 0 0.547321315481042 0.116152291522041
0.875869980645172 -1.73067868245853 0 0.263939697731907 -0.184138351062779
1.09316864989724 -1.74148532356403 0 -0.155803763717602 -0.40012657683475
1.42095242512686 -1.51620552820581 0 0 0
1.53477561244196 -1.39656225207467 0 0 -0.0935164941564572
1.64154076220781 -1.11137587447382 0 0 0.0598141250682387
1.64682646996482 -0.681373164460766 0 0 0.36187699445965
