"(Intercept)" "X1" "X2" "X3" "X4"
1.57965967388209 -3.11400375237921 0 0 0
0.785037917320155 -3.35292245827727 -0.380598811372404 -0.12788084492896 0
0.667731781059242 -3.18409280427331 -0.0548236208240065 -0.0719468275511925 0.571420942880735
0.959255027168073 -2.77893437585692 0.209832076662377 0.0170030173693452 0.851078125530276
0.993710632650019 -2.36434230341963 0.305542944334457 -0.0194144324807284 0.624385369701663
0.956547909783228 -2.06483501317777 0.337011929862411 -0.0315862318535103 0.424059579645382
0.656552895600406 -1.85029730892987 0.459212868318213 -0.159102655201302 0.266173307766509
0.364381663800496 -1.81845633809775 0.613915936593287 -0.0750170923765888 0.515300100743142
-0.181745948804389 -1.75213953947924 0.833467312484078 -0.27248844600842 0.637593619047548
-0.547005416305029 -1.8231765746129 1.18950465167833 -0.220104850635605 0.629857822416788
-0.816732403531101 -1.73581196095794 1.24856839309679 0 0.165841022084029
-1.23454079381203 -1.76940208869255 1.5411798973737 0 0.00119625741295761
-1.67936535064678 -1.78972429171686 1.82435517965697 0 -0.134859853414951
-2.08172138367199 -1.91177659200859 1.66782818685846 0 0
1.72761628498085 -2.86482866604744 -0.287634937083335 0 0
0.766332196883877 -3.05642212504672 -0.494284632174792 0.0925528473142848 0
0.454761984706737 -2.86270153822729 -0.265985056680786 0.107806996930852 0.167764242328617
0.693208100839587 -2.35143049929199 -0.0711759295797228 0.108909414533094 0.49621317251742
0.907152096588261 -1.87068213330172 0.0505338967312006 0.164135761314265 0.250636818960087
1.01214015326461 -1.39138194173952 0.0863913479090789 0.21396342187484 0.0826651289488328
0.708153189802229 -1.12976463425204 0.185659646714805 0.112292426659564 -0.025794996618635
0.294371249516359 -0.957865131877655 0.317867073399751 0.0667684486539476 -0.0367948185818332
-0.236008838036479 -0.931747664866108 0.568521973006447 -0.0570312300742722 0.140162123702709
-0.462224411329105 -1.08607927026121 0.894115360750256 -0.0161488259007731 0.185094982619916
-0.644298903630933 -1.0416379067141 0.931861124955068 0 -0.117564712867362
-1.03200194273364 -1.14969423139947 1.27778919436204 0 -0.241891757491716
-1.60544367068115 -1.24251301450537 1.25724125078396 0 0
-2.03940328608758 -1.45251801761577 1.42857746054442 0 0
2.06318400057897 -2.29963132300557 0 0 0
1.70520526021886 -1.947047129426 0 0 0
0.672799815073085 -2.19213791884965 -0.302390831603875 0.159437166011333 0
0.559982442772417 -2.00477802687953 -0.264360057989638 0.267338500934504 -0.0536582874377304
0.799854146844008 -1.32830799935086 -0.258318825331695 0.287661351462221 0.0352927846384927
0.907676344058627 -0.92467658780963 -0.127957665909041 0.417200631843684 -0.288310050754629
0.799016472734428 -0.548704569889318 -0.107850421260803 0.353897435467917 -0.390987908251497
0.445893043323261 -0.349014523190172 0.0469516525045551 0.321609467434032 -0.433899731940684
0.058279809400639 -0.186493629644608 0.200759560617133 0.270560161444728 -0.44018929295944
-0.289048434353613 -0.387211684250795 0.533939973255785 0.234082376498246 -0.284574591921871
-0.515317679624198 -0.435028956698213 0.717405601498226 0 -0.307331269778065
-0.893542654452042 -0.579688277493248 1.01795536312056 0 -0.362551619227075
-1.5149511572989 -0.828391322752446 0.996607111616828 0 0
-2.08623230156568 -1.11321410429764 1.14554432860638 0 0
1.93602135922487 -2.19852502158417 0 0 0
1.54819498242378 -1.82478986775646 0 0 0
1.22225136178316 -1.38500959761714 0 0 0
0.79562692546643 -1.2336858980982 -0.332266646817799 0.29177764690569 0
0.828672249683338 -0.936120317677582 -0.449851160477765 0.508256953152565 -0.315297124668181
0.822437151586037 -0.432575862765395 -0.280659108386443 0.531841969415099 -0.38093259413394
0.843480428825083 -0.0986618617662704 -0.304003490207337 0.553490374276284 -0.617108543274893
0.791577214773816 0.198802428138482 -0.274207010727349 0.478115363041078 -0.711011092388484
0.497954681117555 0.29294807447218 -0.14239963034479 0.471530484514516 -0.765592822861307
0.0306599638325241 0.335349763227491 0.135733817845396 0.350883021879363 -0.658632296108472
-0.445298035434068 0.111104644525811 0.481100231735756 0 -0.273210823470221
-0.967924311120541 -0.202864652823411 0.616985852339879 0 0
-1.46393078223431 -0.561965744556559 0.756102836168174 0 0
-1.97556860974788 -0.890209700535087 0.834868280579744 0 0
1.75153469815176 -2.14356395759778 0 0 0
1.39661880128227 -1.73590340639916 0 0 0
1.0796864382578 -1.26335221071266 0 0 0
0.765590243187922 -0.727954154550279 0 0 0
0.771673669791131 -0.544128389674795 -0.413871672219468 0.559092452702877 -0.316339401687215
0.889514812571388 -0.139152108957116 -0.530393272877264 0.746492796630941 -0.480222272911455
1.04279298422113 0.223235120377796 -0.597998532695543 0.644999046415494 -0.56943585675808
1.11542073288375 0.396450299543264 -0.569819718182483 0.536497833736094 -0.649821367563853
0.820764695788901 0.591932339022854 -0.584111317927354 0.424135407259536 -0.76657877505349
0.271434536871502 0.717530104178502 0 0.1526754991818 -0.622667830969663
-0.326101740402228 0.480381207805729 0.295254343000491 0 0
-0.966186873606102 0.0299241840654976 0.460837037935361 0 0
-1.35502831052644 -0.395008524748072 0.505656641118383 0 0
-1.76328948518594 -0.75826064887418 0.515457323081888 0 0
1.79722649848793 -2.12407982523081 0 0 0.205926960317092
1.43542398827868 -1.7758830749472 0 0 0.194264320794316
1.12687651373898 -1.3512410548018 0 0 0.153088779501123
0.747031539257937 -0.855161942441536 0 0 -0.191379773834712
0.309654431243656 -0.405339359759784 0 0 0
0.459211184351745 -0.260229798221994 -0.232235083518099 0.538597169221242 -0.535740890382723
0.7593362053312 0.156714631923874 -0.444599268920437 0.499095135578091 -0.760127598075469
0.739978601394383 0.461077329961063 -0.523990705618826 0.365542595626702 -0.72545496436015
0.623804732396877 0.751705940356629 -0.517433908287104 0.192907429673578 -0.618676065232751
0.280846119104535 0.961585097437385 -0.392533394739397 0.208569227491228 -0.646033484748641
0.0994660852240525 0.819025741233457 0 0 -0.516101055559525
-0.850219199558533 0.33180991139383 0.168015125481676 -0.0384013637608969 0
-1.44641008223012 -0.383521160006875 0.43406147364726 -0.494172051514688 0
-1.84492045200384 -1.01749261893941 0.488743089951967 -0.742841964473836 0
1.92894263629652 -1.74521163281738 0 0 0.506991763229228
1.56955837098719 -1.76645703178207 0 0 0.460759800251913
1.26261569348331 -1.47366166716775 0 0 0.175297901819967
0.894598957787788 -1.12736067918192 0 0.202027080374746 -0.182445460561738
0.463429628584459 -0.78828143372641 0 0.372812655263984 -0.447866032783809
-0.0664914346955841 -0.517445192243606 0 0 -0.53411513712487
-0.0144720886971729 0.00148494644244734 0 0 -0.573682582802638
0.454363607760669 0.453602950771841 0 0.238578261829769 -0.891913787999043
0.67588443089411 0.627263142430457 0 0.109261494439932 -0.836568242155421
0.377414650889225 0.859521572229984 -0.465915236150553 -0.194082236338179 -0.557336847744519
0.0237756171016402 0.961498837074166 -0.504642513662353 -0.192585915941528 -0.450502799073687
-0.0130825170393797 0.989123548857648 -0.597927312727999 -0.0757542150628661 -0.387315723753753
-0.730765724896208 0.250755048787775 -0.331624246401249 -0.27636777840804 0
-1.27218160043028 -0.794992115395788 -0.0550199218291086 -0.234133589554007 0
1.60218852261357 -1.65169610499525 0 0 0.556079997391612
1.43341702151404 -1.73886384255571 0 0.156654782839514 0.587554864978464
1.12454013317365 -1.58863344143961 0 0.202494741665875 0.117432164542326
0.897275968638008 -1.28550701780986 0 0.484143318522164 -0.254970453084859
0.643031617735103 -1.22376419512047 0 0.378827643189934 -0.554760030551832
0.115969506524189 -0.980665794090999 0 0 0
-0.1324211404877 -0.521578532826543 0 0 0
-0.080679343964399 0.0534823046866629 0 0 0
0.432527798656723 0.23002742810191 -0.294388985409875 0.0168737303283157 -0.776484826894054
0.407944945159599 0.634812653091509 -0.481754987991849 -0.216060316661203 -0.578862978436062
0.0976663664747067 1.00625138941927 -0.706690481330437 -0.547903506793484 -0.334215987459916
-0.144934127694333 0.866142857155923 -0.518574136640273 0 0
-0.181183089149974 0.756852455836879 -0.61262698430136 0 0
-0.43283550120889 0.349015225732436 -0.697649426671056 -0.0631074872162344 0
1.34162131056429 -1.56723191881827 0 0.0813607852389479 0.865905513568473
1.0383341517967 -1.54754564716976 0 0.10704628914593 0.480141301117884
0.781534901567318 -1.48750603251942 0 0.279332667245525 0.113717895884192
0.901363052629609 -1.54248973037678 0 0.29739456823646 -0.188993812334603
0.868601001306771 -1.56460404051597 0 0.298663659139136 -0.474178805685926
0.568280611604166 -1.45064269467033 0 0.226974316413434 -0.585509856583474
0.0314044113606161 -1.09717268751642 0 0 0
0.00348869453838108 -0.622393405147598 0 0 0
0.404401644538366 -0.153053827873039 -0.306000315363896 -0.0300525746123737 -0.638150500347193
0.271333302489128 0.395475184113687 -0.510342620970366 -0.200503786044552 -0.420545920994318
0.107182872653849 0.856073933726251 -0.753976888199982 -0.42392078487859 -0.274999769279578
0.0324827848550404 1.05052049254453 -0.87656326644979 -0.49867712395106 -0.228156080094577
0.0833194203819227 1.00262976053294 -1.09804472607365 -0.13665758884687 -0.236022990524037
0.264899783016731 0.857444425764399 -1.31124159320386 0.425359271348404 -0.276845257065932
0.894299612256723 -1.50551377122566 0 -0.0208537738412574 0.644330577662438
0.394119287546117 -1.46023030388176 0 0.175231628702456 0.223390547828568
0.608304697095448 -1.6416366373301 0 0.0382180704966731 0.0847178253805109
0.718823695247417 -1.78258641588823 0 0.0336279531454659 -0.18061077757678
1.03339341261233 -1.8118371039604 0 0.11631793829108 -0.415685904283168
0.926137432934437 -1.72328447025274 0 0.0467136087082958 -0.625278812516502
0.349709585827269 -1.5790410835585 0 0 0
0.320911207384076 -1.19595804495645 0 0 0
0.403681887876467 -0.685789384315571 -0.244046306389053 -0.0935899893135332 -0.639902794498683
0.283191475262305 -0.0968309789454111 -0.458827600235928 -0.225347212878995 -0.464349569150525
0.37890525273778 0.408702414278184 -0.551358089402199 0 -0.289210391428489
0.265738582905744 0.865419647711411 -0.871617479099481 0 -0.200873504297089
0.0705994937000993 1.04915083244499 -1.20344259132528 -0.157411827214906 -0.227733767704034
0.0397118561375583 1.03058337784388 -1.42336620197182 0.223863656125543 -0.0941743210130823
0.476503742489789 -1.27852667692764 0 -0.0646545587227523 0.436283461321549
0.364136453173111 -1.44302179122856 0 0.0122248505820517 0.205236957811824
0.472814747614148 -1.71528588224422 0.288830284584937 -0.0740008944751633 0.0616184769359055
0.803311048183043 -1.94670694009497 0.152389729101401 -0.0360700781618477 -0.181217815809611
1.07442543161375 -1.96284857855994 0 -0.092188900372279 -0.344474456046807
0.874092277402438 -1.941382778361 0 0 -0.398418212931272
0.636363269293736 -1.99568503105064 0 0 0
0.621988325687158 -1.72240614162339 0 0 0
0.494515735087242 -1.15555612086065 -0.256733925411326 -0.122750038257534 -0.641427366633688
0.523105361430552 -0.638325130126276 -0.289903201405213 0 -0.541945430869093
0.477173181582758 -0.140634660759564 -0.532934616296299 0 -0.463591772504325
0.236027505048951 0.302303420517265 -0.873962997685331 -0.165286322211627 -0.411606857058185
0.101116133500019 0.670550348191722 -1.17600730396281 -0.0406402133205423 -0.245337375092065
-0.0730829559588051 0.902289122932769 -1.53149004354543 0.0880860599378729 -0.212982403752807
0.353732081696415 -1.23770019764366 0 -0.252861092977191 0.395574866439955
0.309764750681894 -1.50818048653124 0.29065576872689 -0.225862655603278 0.328199179587465
0.531052316123682 -1.79568777312284 0.207130877214683 -0.148962770721661 0.0816763715838872
0.846979725804216 -2.10370139102466 0.0908256818297111 -0.137352473952646 -0.110803166970494
1.21557042185279 -2.08433214732224 0.0413201462403079 -0.264320856577349 -0.255247786993105
1.03770242194268 -1.59919953273165 0 0 0
1.07247287372584 -2.10640681038755 0 0 -0.329883584089371
0.953783356893967 -2.10366248214433 0 0 0
0.999705511123113 -1.61902626812091 0 0 0
0.5279056421963 -1.2469708532154 -0.448974232804228 0.0562588817077142 -0.716579326323521
0.558920783341386 -0.754790342233675 -0.524965558797237 0 -0.569350470493964
0.185429370176482 -0.277073872825395 -0.919144305933276 -0.0561953026022318 -0.560473196020894
0.103900784597472 0.0953467346762901 -1.19343238723125 0.0519387364677349 -0.404840444300858
-0.00299085912399323 0.443437946351069 -1.48123624753117 0.171464009027069 -0.260779484439896
0.409958800164324 -1.33541278555033 0 -0.481002437981114 0.441614380850598
0.394539152702264 -1.60743247066868 0.206682959520342 -0.398529732521749 0.356099709560352
0.676078885141534 -1.85911248585087 0.070530672619093 -0.281189757214948 0.116818669520276
0.806565422157092 -1.83435238669201 0.0481217194454338 0 -0.121993382847593
0.94003281608613 -1.6078794473045 0 0 0
1.09205361025335 -1.65737611721394 0 0 -0.177469730354357
1.16383983544611 -1.90196751605356 0.00657701849521378 0 -0.0539372582059645
1.18532878253233 -1.99358724070292 0 0 0
1.29190995480397 -2.0831161602595 0 0 0
0.560754964601721 -1.80029136082518 -0.536220349653371 0.180197956750223 -0.696343952374627
0.325525166098577 -1.35818334869655 -0.746660025188965 0.121262959985598 -0.704110196194023
0.158664305114483 -0.888667682435862 -0.956914359022871 0.101797201605796 -0.67221641695629
0.0789964029172015 -0.474166815805941 -1.22210299917124 0.199077921909724 -0.54930019949766
0.0209501567142877 -0.129827271451543 -1.48000654613844 0.243011816237107 -0.420086967410093
0.438556122606996 -1.4177956272445 0 -0.640499948812222 0.419844953476755
0.545713686899579 -1.68264268180701 0.024739681416005 -0.606948199343915 0.349299895156257
0.612955987752191 -1.54206489650689 0 0 0
0.782056052084704 -1.54693415691008 0 0 0
0.962644400550794 -1.5204431461095 0 0 0
1.04123695277402 -1.54556197329214 0 0 -0.0871672113228942
0.915596368709052 -1.73109941801559 -0.0787105186577033 0 0.24794066246929
1.14132019308648 -2.02715587525489 0 0 -0.139441014885963
1.512728598682 -2.40005224210566 0 0 0
0.664740393539554 -2.34857547086221 -0.598469867148033 0.422896032182972 -0.656705561777747
0.369536275177525 -1.91552771157111 -0.861853332880964 0.357297086599348 -0.70149450871323
0.145439112364264 -1.49967544711982 -1.09408470785589 0.286617831017034 -0.695056765910914
0.0653668458023194 -1.09096497591348 -1.2867305924401 0.247592097647084 -0.640709823648051
-0.00040028860281571 -0.727076962936797 -1.4938431757731 0.207330648719497 -0.565004596108793
