"(Intercept)" "X1" "X2" "X3" "X4"
0.876367356198818 -3.07417654267572 1.38498710922345 1.01104786257763 -0.1088875760165
0.597475710866296 -2.9407810366256 1.32822711154793 0.698260134367153 -0.112302579547133
0.0114449489530867 -2.89282574363076 1.36414847108944 0.193699172099082 0.00680891994217817
0.208727334253321 -2.60027907586816 1.04465694981913 0.179492679333438 0.209663945100927
0.446619387417849 -2.29386645043679 0.76726556867746 0.227380121103575 0.503357045877907
-0.207018907374682 -2.35006885499042 0.301921568193748 0 0.503101835178795
-0.160008407416377 -2.01989331127763 0 0 0.189125304992042
-0.438446786153372 -1.87629953718449 -0.186624438825993 0.140432343091507 0
-0.998621438100654 -1.72525357901037 0.121813472523048 0 0
-1.3876171213393 -1.42194742526872 0.431268104712999 0 0
-2.35415805982549 -2.0234370348813 1.88359648029606 0.155449302938109 0.718252842367044
-2.20247789728981 -1.66636620929344 2.27978463372698 0 0.576851417335459
-2.38254262854294 -1.67202172197337 2.86747692262863 0 0.612456789531661
-2.81190536839104 -1.97121875122908 3.94484096582337 -0.472629679764203 0.592575367840445
0.901995222027719 -2.7432932072627 1.11691572349349 1.05113376654209 -0.307561442438362
0.598423225632001 -2.48036097033006 1.03114172033754 0.72251976564247 -0.321088258395942
0.0169365198118328 -2.49068928201202 1.39184200392327 0.168711151249322 -0.277535228322246
0.362905403779946 -2.01907646035947 0.867267128999913 0.270843874232274 -0.131736511287789
0.528777920288471 -1.70370201508354 0.652062882548998 0.277255468716966 0.126289791055523
1.04303510984954 -1.26740868278072 0.379536641796251 0.557502362426581 0.373887843020621
0.508116906680449 -1.08143884337527 0 0.375468855757371 0.218463462699412
-0.412157646749692 -0.935996117918969 -0.442430950577491 0.0279638940114456 -0.636646718929874
-0.48663624150857 -0.830179302191845 0.0800455828020843 0 0
-1.02830871767854 -1.40765847899384 0.380055797169005 0.426140021365465 0.368226180245642
-1.23351971753485 -0.624799620910603 0.853078392339112 0 0
-1.86497199963477 -0.95626356396661 2.08926509138114 -0.407896747170623 -0.235691170067403
-2.16364795347221 -1.13762363195611 2.69258846480661 -0.667142285193428 -0.222519448847009
-2.3587889979726 -1.70467343484876 3.15888425993626 -0.783020457726278 -0.0668338054026427
0.754526327009678 -2.59072154051225 1.12571269633163 0.900045849177972 -0.419188332681021
0.807787503054451 -2.18223257556995 0.286996365165087 0.832587045238533 -0.586134791763929
0.254576547067281 -1.82227074901382 0.744230323822976 0.371581447970666 -0.574283806949873
0.490319811363633 -1.59081972511884 0.8818177342531 0.272803283206476 -0.466217118598691
0.911531280421936 -1.04117378906907 0.381511423778347 0.47002529963041 -0.267562585097521
1.03893446850512 -0.691174910086661 0.226957039837449 0.545362514171044 -0.0775298845408348
0.68729807341204 -0.52231319258904 -0.481232776385254 0.597076018319318 -0.639439758643543
0.0613972605227719 -0.0781010320739581 -0.257256180248434 0.359108093804724 -0.698827285321687
-0.443841400561755 0.182760131277476 -0.139174696269364 0.17918439026464 -0.645197604431335
-0.281103946696377 -0.448232197120314 -0.0286564352081847 0.294745748292878 -0.18303777324413
-0.830672822803913 -0.20881574200274 0.658131655481862 -0.131265161148597 -0.666747882975805
-1.57802238329125 -0.143833314292289 1.47535483970717 -0.781217313900539 -1.11601719427496
-1.86615533983598 -0.772807343878083 1.87011637644465 -0.987848496863169 -0.541487623377599
-1.81595335864016 -1.49295262848262 2.10973029207344 -0.930735467736395 -0.175546434982679
0.727308080803957 -2.34851241122868 1.25982118839699 0.792547455395322 -0.0436185995510364
0.405281463964293 -1.90433646712746 0.716199043185636 0.438095596951124 -0.606738167012671
0.266462530617517 -1.3324449193411 0.333901177973874 0.241139056434455 -0.719038408953986
0.524766631658509 -1.06107707202808 0.415533143803325 0.291477566525558 -0.748102152113559
1.30245064527297 -0.556531347774452 -0.104081330140477 0.871890412818053 -0.532247988842364
1.05203425948306 -0.385403152154254 -0.431523645158531 0.736408250655996 -0.665582109643205
0.747600269491925 -0.127964880110985 -0.697178841089218 0.893220043444837 -0.834666685763506
0.232533283168605 0.337667795929463 -0.192591980127804 0.654649298411036 -0.705870795211858
-0.222598385417899 0.831696729958193 -0.00532660923746858 0.538172866847572 -0.575097542706076
0.136513619863053 0.617177792241787 -0.265987484566942 0.316782980844833 -0.836327824845922
-0.165529658810978 0.778845610744339 0.127751852531446 -0.0402352254241372 -1.02046314835053
-0.793472619056681 0.675369112175463 0.53790858573041 -0.430198631308496 -0.628549224367184
-1.09476329994613 -0.113284874433265 0.694658301994705 -0.306436039203472 -0.196669748629186
-1.23870730520905 -0.98950338626844 0.808167045224865 -0.133256680172872 -0.0131478435042555
1.41484815012949 -2.00152012205659 0.824263395809696 0.593002783602078 0.189876542278023
0.896308008222111 -1.49050288349546 0.522087588815387 0.566534948746161 -0.196471203490738
0.70490930726797 -0.99861331762371 0.232753289286099 0.361912524599051 -0.55220285054244
0.805414616542263 -0.694111395679555 -0.0605062379707194 0.429379081916762 -0.781510814892163
0.381557486671959 -0.457756215326167 -0.356459380541902 0 -1.06542922221406
0.968786525128091 -0.199792136245989 -0.779396542960109 0.761623071683473 -0.955676591614623
0.995500047254859 0 -0.79664840124318 0.827809570334199 -0.867527536530842
0.731160594884576 0.158597514967687 -0.627346932040645 0.767198770302855 -0.718935003826623
0.0616228346107209 0.77702920899128 -0.168355661792887 0.646435917955584 -0.65591181295341
0.0077381610223952 0.967226126446874 -0.355665232548631 0.513371672743761 -0.961947668662299
0.381018189117251 1.22261622057655 0 0.297128764903998 -0.841967056138017
0.388745728688015 1.7549652540672 -0.41401901712265 0.360984475333885 -0.882582925518752
-0.760744352449729 0.542239170816971 -0.019427827262278 0 0
-1.28089035954941 -0.969802667563901 -0.0808950696891256 0 0
1.64568721964051 -1.65176633428572 0.767924600775412 0.4958350531309 0.518897037459241
1.30992014334304 -1.20512094711452 0.351317297122902 0.497526504587685 0.147514393278686
1.01044975772532 -0.897793839330266 -0.0284361723503927 0.464339968239307 -0.287747108629294
0.815304028818213 -0.6554409570095 -0.214903799823209 0.657577801356385 -0.754036382687264
0.306096028712867 -0.416906660248437 -0.251633348635561 0.404363693797188 -1.00228394262417
0.350787280454622 -0.021278361741399 0 0 -1.0143292324745
0.785136801766618 0.0259966006695095 -0.432455574073544 0.516787700868632 -1.02997240647413
0.441140573644491 0.224093020334627 -0.295445770466123 0.450220394645163 -0.895600392715075
0.33776150334697 0.398227640662693 -0.094623478397439 0.444033888596813 -0.688965200628957
0.257890078657645 0.738022169406276 -0.19606248107212 0.207336863629015 -0.626011302457596
0.0899246158628831 1.73041055809251 -0.141777526613584 0.644755002214742 -0.597819371654581
0.18638195393653 1.94724977745216 -0.346785951477186 0.645954401518157 -0.580063690369919
-0.595404626451941 0.634717940507498 -0.177328431798402 0 0
-0.911133375429996 -0.613749572615337 -0.319453492375 0 -0.0640200289110443
1.76203691024114 -1.31403131115513 0.720995824001454 0.550459631852834 0.738734347189598
1.23867314284023 -1.08822685090717 0.230539801736648 0.301744015375782 0.361625441605179
0.912682077963742 -0.770935458566568 0.0907670207949643 0.419332732012374 -0.0294623615628596
0.783625692689857 -0.75582344834219 0 0 -0.468169276300008
0.634305428381323 -0.721054127215828 0 0 -0.98272404678706
0.396834479708441 -0.409957733509303 0 0 -1.19305127538467
0.521763000214113 0.0700954157272463 0.143062144909077 0 -1.20863719757885
0.801018137198487 0.119234814106784 0.189469736260196 0.423163767626308 -1.25391925156871
0.874320833124653 0.416877184488417 0.270189013947949 0.660489204574479 -0.87587139704613
0.824060579692555 0.738381497152229 -0.21357455417413 0.366071084998501 -0.609081267204227
0.369136240363858 1.36360576679506 -0.246927186841455 0.407648931707383 -0.684197588707639
0.150273403208278 1.5181289245311 -0.264507369457297 0.478268947159812 -0.398460490387106
-0.0652416127359493 0.714148596369506 -0.32783974056549 0.441675673743018 -0.208146569278279
-0.216509552112689 -0.0247015079929079 -0.634516809293135 0.608697602749827 -0.11211497665483
0.794088054400513 -1.05040484590759 0 0 0.483094571565839
0.650878061672635 -0.910270200346827 0 0 0.268264018845781
0.586563097126208 -0.963336827077991 0 0.238655050017099 -0.0722123042128584
0.642975878865144 -1.1047557509263 0 0.185552491602291 -0.62711818287021
0.676680543608733 -1.06428776789489 0 0 -1.12633815832195
0.706332451696026 -0.853732147761462 0.0113191168761837 0 -1.28783095097284
0.798359779373982 -0.431824330183367 0.14322497745492 0 -1.2022977399998
0.739644525158518 0.00515764696925609 0.370978795217655 -0.158505791877719 -1.17896514281372
0.780837377685007 0.373496223306292 0.345518601807395 0.11532259721546 -0.780669179635619
0.680925145465472 1.009537155708 0.289723739176211 -0.0828383831246888 -0.52891439850112
-0.0002510496146447 1.14389556740482 0 0 0
-0.0304435719895765 1.07237522679566 0 0 0
0.349854732903909 0.599031507788549 -0.715846379513173 0.861635780632574 -0.429303334115125
0.307334004897175 -0.0412914028273142 -1.01850309556031 1.18499004807734 -0.400901663996439
0.528606839314694 -0.738994925282413 0.345627774955379 0.386277553821789 0.910419235274981
0.413609304784546 -0.953659600068829 0.20539274125521 0.241470215010518 0.313052131451903
0.336955914803963 -1.20858627456927 0 0 -0.400065544380333
0.347694941456146 -1.53594174306815 0 0 -0.85838694937609
0.549709707068128 -1.5960596792079 -0.0332101067739427 0 -0.983871137875032
0.578966621917264 -1.3792220163338 0 0 -0.983228877538617
0.736386527799359 -0.994749115614884 0 0 -1.05324894236935
0.580738682636841 -0.575926722675074 0 0 -0.753326111806987
0.0862108458579088 0.0653161661034827 0.0620068559279769 -0.629764635053807 -0.917132236943909
0.209259399796988 0.686134718965515 -0.327253397148053 -0.299634810723508 -0.686285320741936
0.512945425081378 0.822397347525895 0 -0.264621278677696 -0.363720231029871
0.934484857485064 0.872897987089114 -0.0837335065157509 0.2265905068241 -0.237873922770208
0.723096519000516 0.468653343817158 -0.751794052877191 0.834712254857084 -0.360509856978468
0.125293509121046 0.0987280743439275 0 0 0
-0.107013207889852 -0.620582712349928 0.412877755011471 0 0.614131032347443
-0.0568241271611371 -1.09315451967625 0.274365013017173 0 0.19176271856739
0.0254855219392032 -1.52391061087252 0.341031074733977 0 -0.251658534416756
0.161721458608108 -1.98829464552523 0.360248474749771 0 -0.55637224493057
0.906771195018187 -2.01132620912233 0.0121483305002413 0.421288380897121 -1.04226886881702
0.556331550564666 -1.78705421998036 0 0 -0.573380251002887
0.875871947872953 -1.28083534663046 0 0 -1.03689623642909
1.2919243932213 -1.26327645025049 0.592127563304011 -0.646686807816143 -1.33905479153005
0.635973775496022 -0.430628025648924 0 0 -0.657919813172169
0.283719002788783 0.113753783166912 -0.261941048994534 -0.545099193256132 -0.476788553495997
0.875711079322949 0.503815418859809 0 -0.126318790439691 -0.342774496647046
0.869509293373233 0.428480686702015 0 0 -0.0336389457856756
0.869357926112595 0.283174523419041 0 0 0.166140492138433
0.793524390230255 -0.129171704876659 0 0 0
-1.00962266631671 -0.460976251881649 1.01944039217344 0.196289557079677 0.732846996715895
-0.621578550494094 -0.939590967877951 0.912487484728123 0.228328245470189 0.243648015546038
-0.0246426825429705 -1.48037885321694 0.704885216964159 0.180344819746963 -0.157424544158128
-0.0851238770910538 -2.17869467309766 0.501670993911725 -0.00210779887538142 -0.327407630708183
0.480627510202149 -2.33009640508881 0.469788365144298 -0.0243177609227321 -0.744186536039848
1.26174352867505 -2.03028663605366 0.611736833119493 -0.0133740218295783 -0.966486789719706
1.67922888354222 -1.70771495587485 0.745009915852148 0.0404661727063375 -0.937127111007215
1.181247551069 -1.37643804067245 0.403215710356642 -0.223135682742573 -1.04323405547717
0.727255687053047 -0.868564615955709 0.119062517712493 -0.605984317213155 -0.960154202167722
0.445756257723197 -0.388047212450002 0 -0.383401395867398 -0.545417243558952
0.896197519828657 -0.314954385326896 0 -0.0532943920292635 -0.451442319882769
1.34568792043625 -0.133481089907401 0 0 0.0863871065475605
1.53466310272632 -0.191910238693068 0 0 0.38443940961055
1.60934847040224 -0.317456461590411 0 0 0.573146112605386
-0.971880875410209 -0.332648471640559 1.10762803363245 0.472689549004529 1.16823649457544
-0.429017388211891 -0.797903242486173 0.922576029075924 0.503367894204676 0.688734169981218
0.156319279802908 -1.32085554338973 0.659908617014267 0.58287490380029 0.053430367845193
-0.0887953389570835 -2.18121845522626 0.464147153137552 0.503860152475059 0.0195890073830714
-0.0365751638200601 -2.41994081893921 0.521262204622758 0.458865571186303 -0.175687231002577
0.715450529223618 -2.01443888805778 0.47467850581681 0.55965454307585 -0.320264456113315
0.922386083720186 -1.84023229659222 0.41890949362069 0.338637118668055 -0.406224445516947
0.707291785410366 -1.49890573841828 0.0921889701268662 -0.0531600523379409 -0.732097528668509
0.638300121309383 -1.16987716053723 -0.013424908334304 -0.256949079608802 -0.602761971864172
0.594357152359897 -1.11662516118437 0.243184074975387 -0.209019376749965 -0.620910878526497
1.59183394727134 -0.938464387426747 0.274889280408993 -0.000763502352457642 0.0867339017555575
1.99743680763906 -0.711414111620343 0.312661242350154 0.18530406051276 0.425202877056214
2.06900474950608 -0.920464670800642 0 0 0.497050661250513
2.28908974904419 -0.947517342948431 0 0 0.766359366340328
-0.794738002996583 -0.227873550081251 0.999456529636442 0.746416020126258 1.51867905848008
-0.133738159430186 -0.674972820309476 0.678835129867331 0.789962935948555 1.10038793193338
0.139375024454374 -1.40879550921262 0.304262567301687 0.882123686564414 0.657092237745858
-0.239820591516567 -2.06504529941104 0.417803157316125 0.72530597110478 0.49522805487654
-0.0892826930779033 -2.00859224629878 0.354851320120458 0.781968811168459 0.189410266618264
0.0729586675530135 -1.99604753980979 0.178639757953692 0.888904485475527 0.321322768134993
0.306310782463821 -1.93753102349211 0.0604088202971702 0.750434590133878 0.0989177804128066
0.200022129214825 -1.69536631520666 -0.282836172665071 0.35784339869381 -0.366557414860189
0.838290243021309 -1.55257382550522 -0.162776367071755 0.346673369127738 -0.127317101831143
1.8732851489317 -1.71434941531257 0.485889873283901 0.131867812375534 -0.0153422041548968
2.63184266185371 -1.60611630250627 0.629540975422417 0.27552339351966 0.303974172290105
2.29515444709135 -1.65769889322204 0.0533795290614313 0 0.238846625988461
2.62963646864607 -1.70959019667381 0 0 0.506498690529993
2.76659926836185 -1.64171662882572 0 0 0.7678256765552
-0.349725006571944 -0.32950754714002 0.707245611394845 1.06295244666173 1.7895471127131
0.114439608390811 -0.755812861810939 0.236790357700242 1.13898799405276 1.35369203876232
-0.230806042711153 -1.45589846228268 0.437982248784852 1.08790830604858 1.060068243016
-0.187987391114716 -1.73300530820152 0.327382010737904 0.917006405236455 0.790204151386823
-0.341601006116551 -1.75830025910315 0.179005656829921 1.0267667009089 0.594077541417836
-0.221357855949412 -1.80685822028863 -0.0275523662912826 1.10553217533793 0.639162437482378
-0.27832081263346 -1.97193440993941 -0.247580579381358 1.08730143730715 0.617014368016015
0.197362492087089 -1.73459909274783 -0.609086660889987 1.12806234924756 0.398008611900139
0.984140978862454 -1.8785405329177 -0.403766592592708 0.820496659704543 0.213131077441398
1.93334494889869 -2.018937945896 0 0.37200373359039 0.118051778323778
3.67022440069031 -2.18299458839206 0.964768703925405 0.662209279139145 0.540799349242842
4.27176096292628 -2.18824456187816 1.14678921379742 0.631893238672649 0.737077946878104
4.66372930712834 -2.07032860286586 1.25142205113642 0.709369483755396 1.01647434045753
2.99707055627915 -2.13254225606972 0 0 0.631554790879676
