"(Intercept)" "X1" "X2" "X3" "X4"
1.72875724239421 -2.87456829703839 0 0 0
1.17397566773044 -3.21371939055675 -0.155692284717504 0 0.659795995289498
1.06353963812078 -2.93805917547821 -0.100902130651413 0 0.823174735345392
0.900927902204092 -2.56391225306431 0 0 0.655085713267308
0.676107222353608 -2.45212261561939 0 -0.183843850503995 0.654516312816336
0.908289681216217 -2.04172033903112 0 0.117916136968506 0.522127916985642
0.958306092542995 -1.55030965941102 0.229183737950837 0.0163829945073387 0.668610297747962
0.448330530994461 -1.44097696312786 0.400584631528764 0.166301909867354 0.696645103466913
-0.399082689005461 -1.68204519716874 0.968800965205246 0.924192738270079 1.39388285945647
-1.17865073399727 -1.5354090165821 1.47410835427433 1.21702344135037 1.78406419156054
-1.5309128858263 -1.65786814514754 2.35167075382517 1.44353971328615 2.42833272785864
-1.60345276444525 -1.61846186905457 2.98310173688283 1.69766650934101 2.62789117355884
-1.33906247216027 -1.6423064537318 3.47628154652711 1.83069994874033 2.42920687103214
-1.23868258115091 -1.9373385396498 3.90042157540816 1.93149563625649 2.27612741077075
1.86344057607443 -2.6070066530099 0 0 0
0.00720968489689117 -3.32478615467046 -0.428364055825148 -0.205304619360714 -0.2533764587804
0.215684172631389 -2.71814293703271 -0.337383871429682 -0.327883657756852 0.304273257278328
0.566488184557784 -2.38553734281661 -0.203415267682997 -0.340901080161428 0.611819940348687
0.763067988766647 -1.79437011429529 0 -0.0946417081923691 0.338741945735538
1.03712358544656 -1.33437805239061 0 0.291077251948648 0.308230516071047
0.601686500613133 -0.93145123883054 0.120869905393861 0.208977409996299 0.158671570758515
0.388672344007757 -0.615391942504122 0.180332066870593 0.226953442628882 -0.0366728425959607
-0.197614997123575 -0.901766825436722 0.631151053600561 0.805554358776306 0.727932298967548
-0.794815246774273 -1.05221952361924 0.996929385482062 1.05006553778182 1.00693855795374
-0.982802217209895 -1.03858741957544 1.69556865969276 1.31049043409104 1.68295428851489
-1.02496197273841 -1.0412337978259 2.22767748240842 1.46730404639265 1.70159301137357
-0.895794216613948 -1.26864733475657 2.48596465269008 1.50351671675479 1.36695513294374
-1.06556805355595 -1.6919521579837 2.90012124893303 1.74702327888629 1.30201594673201
1.90053739755358 -2.30677210412563 0 0 0
0.0487444475544901 -3.00511906891707 -0.552314442439441 -0.227288608321005 -0.548865318829092
-0.10462217316421 -2.14560458809829 -0.192365678707246 -0.38750382222049 -0.444991668197549
0.185429464113008 -1.41507911339696 -0.00825189270910522 -0.360341371586615 -0.191866276119536
0.760533901572631 -1.0874662385946 0 -0.00995364832449059 0.0286145138763436
0.727451977818923 -0.819203286106406 -0.0969343483907208 0.362732165651004 -0.148656887153674
0.510272363381777 -0.34008969627919 -0.102726047950101 0.449512958546218 -0.159548207447507
0.260474906474795 -0.125265976419357 0.0447667316795275 0.480570178478721 -0.228544011286767
-0.021809396389002 -0.011902309948653 0.15539540527545 0.624150824850659 -0.149945521772223
-0.343895212792406 -0.255158071140144 0.490105849149132 0.824622236732371 0.61249383402902
-0.48387845671645 -0.355787753406983 0.984563164048302 1.00852531558139 0.784765743926817
-0.656612372488301 -0.43566279878075 1.29041154198435 1.11383814437216 0.855625495750447
-1.00671339573155 -0.811579058856887 1.58970737994749 1.37406082166909 1.01094810187429
-1.26331874575601 -1.23947509731797 1.68827295562338 1.51962973850242 1.17511586531164
2.03464725208449 -1.91386702800463 0 0 0
1.54456869826571 -1.54499372586626 0 0 0
-0.29996399349845 -1.78946736126468 -0.222358349467404 -0.524404352265353 -0.768989153194385
-0.0887743570018854 -0.899105707567484 -0.171306072951085 -0.40608997666024 -0.585780858291186
0.165549743612151 -0.538984860853991 -0.226399072508463 -0.0416779449812559 -0.63386058690362
0.531241132955684 -0.330936200011679 -0.258304713000491 0.436956081138956 -0.580598452787016
0.445657805178672 -0.0274118674563372 -0.260479674034989 0.63328758170655 -0.54503346227995
0.34505154528883 0.29579730638579 -0.197836176517573 0.660832455686725 -0.415837775252396
0.0939593044171091 0.541427141479373 -0.139614886024806 0.644812225423002 -0.612231666603879
0.0486985249767619 0.76518397382348 -0.0345870878129102 0.64382571195042 -0.463077077414873
-0.374128270028926 0.262136435442673 0.30202232056101 0.827527500955076 0.191336764026594
-0.865548828729088 0.0495096199501901 0.707596979498916 1.03745057251659 0.425047221456002
-1.31028423547222 -0.256980490865826 0.717565773497129 1.04534876317695 0.830279446885802
-1.26885695470835 -0.804218417886202 0.435261510353558 0.947267055172351 0.798443254331357
2.09440273080844 -1.88197941561998 0 0 0.291085694108336
1.35762077609991 -1.63125529215924 0 -0.235259254531296 0.161275853109322
0.434543054701702 -1.21059007989105 -0.279063720735151 -0.418175630730274 -0.366667968965698
0.188930918783759 -0.669445314612837 -0.476651655691106 -0.040625358396719 -0.680483953483105
0.405256777163215 -0.39187082064781 -0.254420208615034 0.330407457455838 -0.590496149328466
0.434140906111807 -0.0262034389594295 -0.396359462297286 0.59118753092869 -0.583014558425208
0.464125161596608 0.216940538682438 -0.453278355736419 0.621921326003806 -0.646009509105632
0.662897932208832 0.396747520031776 -0.481162815270588 0.535346201930004 -0.496391173070867
0.537888379134681 0.815315063660409 -0.435026043951046 0.416092586769522 -0.556931999835033
0.0301576389188238 1.21067423156025 -0.311188411115805 0.587819133536163 -0.607162094895333
-0.446140920056034 0.966174698833108 -0.126015715271883 0.695452211704041 0
-0.906833677231126 0.575445839631447 0.137935525301146 0.68860402116489 0
-1.19719143140482 0.0576729993089032 0.141368771897011 0.679511069469441 0.320348286956679
-1.29992247832184 -0.708707153621513 -0.0537195570265971 0.625201887593485 0.18159812670402
2.55549782310097 -2.02710422731438 -0.146781594316481 -0.469707024428901 0.73398941869016
1.7789448341559 -1.63205932693761 -0.254189361034401 -0.247281568560391 0.507586644170467
0.866895992514148 -1.20781444385684 -0.494459282927477 -0.219678898083426 -0.0353240039219224
0.695507221164444 -0.615163108471706 0 0 0
0.331724899054883 -0.318239074134092 -0.369563203826816 0.337078351131209 -0.727063072592551
0.167106918363603 -0.181684165891804 -0.359144026440662 0.394201536835468 -0.640826628581594
-0.0033438069053572 0.221668437251962 -0.601560834350019 0.350381534716616 -0.662718376680662
0.195027733361112 0.623333806860411 -0.620611992070872 0.35406157033898 -0.555028059421598
0.429512362245496 1.06417166893027 -0.454976070664184 0.407867174515071 -0.44071837746711
0.127031071838125 1.36828525078706 -0.449131643629255 0.495603637601556 -0.60953972278293
-0.172751026797617 1.06079431828153 -0.516382918945308 0.428040314288998 0
-0.746472206058274 0.820075892078819 -0.311674119492658 0.725538713524973 -0.052582187951909
-1.27300978774769 -0.0327385732110913 -0.203902876333613 0.628852127042946 0.0518230004179507
-1.59413387007296 -0.91230825354829 -0.335622006327812 0.574849697202132 -0.00768963871268345
2.43919352185524 -1.90413425643275 0.00586871400472482 -0.656300082412422 0.908171658649868
2.04276938286924 -1.55371703664024 -0.363285847298682 -0.451431626623438 0.646674461829001
0.860965366290946 -0.829857062465742 0 0 0
0.577899558126723 -0.923939651173842 0 0 -0.305984242973104
0.316924085890313 -0.885148759681562 0 0 -0.5506630118787
0.445519267162516 -0.796644027889881 -0.0172893097176812 0.191007598925776 -0.728479370552607
0.401201727575071 -0.259353967515605 -0.270441953787564 0.19623621981529 -0.904906414831096
0.00183415082721738 0.447186101553069 -0.448581447713873 0.199890565876972 -0.879825796357488
0.454306623681374 0.904792166191017 -0.502253753591415 0.408347118810099 -0.310150361360164
0.192753411003945 1.46643018946491 -0.483178590536793 0.0977398894059133 0
-0.16907582277506 1.22886450916834 -0.493803407292498 0 0
-0.558049717430118 1.05633808367236 -0.682652060253914 0.427694812122518 -0.254330346349602
-0.641489815944594 0.373679658297717 -0.611087344772934 0.593140978046709 -0.25778501040485
-1.22923007210629 -0.88724736036176 -0.697657681612389 0.551299651344549 -0.193711646074036
1.76591299217149 -1.2833120960483 0 -0.281479022430952 0.783902122260749
1.41205100625155 -1.32137155770397 0 -0.342785706155652 0.443637611175591
0.857001418532781 -1.21729102881022 0 0 -0.2681336702313
0.690235922499268 -1.18939005978966 0 -0.0341123356708549 -0.507431465404129
1.03791517719577 -0.981520049812218 0 0.198891044852986 -0.781987081264827
0.751234371952849 -1.10507145973238 0.108057211538949 0.492794022721032 -0.961694782811318
0.904041713030233 -0.74277156347681 0.0758007001029705 0.665828069999473 -0.785076773663117
0.385663302680828 -0.136591321552444 -0.194229936615512 0.25444850140353 -0.910532660091765
0.00533054841969712 0.573345505882336 0 0 0
0.469353778531553 1.34335901597083 -0.429806789290235 0.355767529858003 -0.183284364508433
-0.39056399774589 1.75806886627042 -0.695763305817473 -0.404697633900335 -0.173577978174549
-0.547079721864905 1.05727384435402 -0.709976743093127 0.189091628832312 -0.395778016570837
-0.389906972963836 0.341824938335736 -0.745999977535392 0.451130591476785 -0.333200483514194
-0.240617266753206 -0.534721131340163 -0.979031349016271 0.779359884264717 -0.416028606273741
1.33708057721873 -1.19649259301754 0 -0.350861152357956 0.823499856033517
1.0819076964319 -1.2162168914818 0 -0.30482062227325 0.366336899398313
0.826565436052766 -1.20534671330229 0 -0.170659128663115 -0.203309904533452
0.596517628823949 -1.41067750892125 0 0 -0.879961675265645
1.33310966973398 -1.44912802845938 0.400952288623078 0.577887326309492 -0.933940946036296
0.931625482812583 -1.55822931047842 0.230329512052599 0.634934463497817 -0.884879999230895
0.431043729312473 -1.39545907973673 0.15308210850763 0 -1.01940651436613
0.425520687415201 -0.893089759307687 -0.11544529539235 0.169020408359255 -0.817187491640936
0.449061380314793 -0.0572023908013772 -0.0870853271409434 0.450485173790757 0
0.468344437616535 0.841870023934577 0 0.19750603568343 0
0.306920175718285 1.61022430692946 -0.221411518015376 -0.207952916726498 -0.515526887952609
-0.0238520082319627 1.18675243984056 0 0 -0.349199540367256
-0.0716712509599286 0.531339373752962 -0.794458432935276 0 0
0.0440288009985538 0.235576089162814 -0.868876108273529 0 0
0.858335652973072 -1.13609032410141 0 -0.173433186813922 0.730649467041284
0.781496788617842 -1.16817123097774 0 -0.262287616171661 0.153130596264739
0.574673519572342 -1.34112351101606 0.230930626041232 -0.363604876799843 -0.342293620260743
0.701257462229605 -1.52266116688278 0.303981248666524 -0.28371359826659 -0.674975153179131
0.918752443056971 -1.76150484587942 0.275515150688935 0.0556755115685117 -0.899477396831254
0.88424262133723 -1.94753188105921 0.335753179258243 0.262568764270907 -1.16010022689634
0.470227691724588 -2.0271346681596 0.437659592786754 0 -1.03929333305907
0.517246444449723 -1.40735551105241 0.0370743251603035 -0.0535695846915124 -0.877460697140155
0.543297552461314 -0.623901877130389 -0.273423676824259 -0.0579689784406056 -0.626117446483853
0.551011839440329 0.194777096875153 0 0 0
0.543330904256885 0.876785695802189 0 0 -0.453078896953513
0.0930176605934343 0.968956516909575 -0.483886161023349 0 -0.377796673274451
0.237734753756975 0.171835798983906 -1.30087646238469 0 -0.026382823920794
1.5828774920342 -1.60139673189479 -2.88415787586654 0.868100018535459 0.616109835140743
0.550980275704681 -1.11281764137977 0 -0.314725868211584 0.399904803864419
0.555637037599637 -1.18290883633492 0.0263579593522384 -0.374972433030668 -0.00918373412516404
0.266441604235169 -1.43032075677391 0.317765049787629 -0.285530780796264 -0.353109122751647
0.406821425146425 -1.59496324214154 0 0 -0.830224935888585
0.828591600827243 -1.97832212744965 0.262752458378003 -0.331450250573672 -0.980917206278164
1.08631509072134 -2.17770038366253 0.515113143102107 0 -1.30255669158467
0.868823491367711 -2.36029752230901 0.651539530844524 0 -1.02125440041044
1.06963246581315 -1.96632878818006 0.437200991844114 -0.0296806790897955 -0.86434484240513
0.429241011927872 -1.0669693484042 -0.199759037751439 -0.22375727261804 -0.783441584924695
0.898313314792261 -0.398325670155648 0 0 0
0.286050381599499 -0.0194190306421058 -0.383705792173786 -0.219806823709017 -0.607662543654347
0.414745638770582 0.077597907918548 -0.802961132139432 0 -0.040225168667591
0.345027794319876 -0.0586114031914405 -1.29448169470289 0 0.180532491357747
0.504010718797738 -0.839124798242517 -1.88910185617337 0 0.346587803449548
0.655438152116837 -0.94220915806937 -0.268205601270248 -0.453586608832164 0.282726536824433
0.411484537253659 -1.20767163335735 -0.00248129848498419 -0.40086148172454 -0.0848117857736606
0.146876920433118 -1.37174578318981 0 0 -0.599194934827214
0.31642908077708 -1.65082635946155 0 0 -0.827814626880303
0.929876244463463 -1.8048521048795 0.109768151447569 -0.162765158421047 -0.863279142853793
0.924344323220031 -2.00955337882373 0.169730469848626 0 -1.11713871675155
0.605812607168362 -2.70199983909757 0.562371925795766 0 -0.922671603813739
0.802814531767567 -2.21084307441386 0.23036686322205 0.102720851715257 -0.663132083150391
0.509309369945208 -1.54083456479554 -0.0835395308068948 -0.439716674083336 -0.603626495862252
0.275040031762004 -0.931742528695943 -0.0832317209774517 -0.470811728707639 -0.496665670419461
0.647878337844601 -0.762607082672141 -0.646193395417533 -0.0933789906915446 -0.165248686740347
0.691674291399932 -0.731377794402549 -1.02691330227175 0.113745111036179 0.16161027307486
0.504553884332614 -0.71550316529555 -1.30466432574233 0 0.233067296553131
0.389326988473891 -0.96249681218085 -1.8547283397537 0 0.499365955554502
-0.285739227524576 -0.897600483422055 0 0 -0.275479000584365
-0.108814166508053 -1.1242984799865 0 0 -0.379753076813536
0.0144268298023004 -1.36155725729404 0 0 -0.553609940010187
0.0917943604985038 -1.63209502178275 0 0 -0.777857812425333
0.691798220326691 -1.61025498986788 -0.204311458849875 -0.00525647318920312 -0.635870108636798
0.576876878969578 -1.96996452079843 -0.0378786579873895 0 -0.984616280229835
0.301258599962318 -2.68544695342282 0.317524083446821 0 -0.935001478509556
0.485411886243491 -2.42342053849679 0.0326972540895578 0.144752350688662 -0.610395243174184
1.06335037401045 -1.97030155878367 -0.0353834306193661 0 -0.223775265482909
1.19118753775166 -1.61190700057431 -0.0557131726124922 -0.0222247787156265 -0.341465502033495
1.24109559642779 -1.39602795872394 -0.598395043542872 0.205105091470278 0.0133163584549844
1.27093543679501 -1.44223391604942 -1.01439692125064 0.360488928198148 0.40240790578538
1.09055094301719 -1.48487251478171 -1.46188722987405 0.449839459825107 0.708843740433379
0.657556497335516 -1.42920226218543 -1.90005287245564 0.556372360850265 0.899753648217999
-0.309342755943026 -0.887995575919243 0 0 -0.175542389518944
-0.180633576721896 -1.08224309047689 0 0 -0.287799403060895
-0.26388365617808 -1.32072409856106 0 0 -0.557027914912394
-0.126540810342654 -1.46696826048721 0 0 -0.666816365359526
0.0468820215987147 -1.52503424464947 -0.116675861874784 0 -0.711491345259536
0.107037221160875 -1.85921951415211 -0.0807858565309624 0 -0.881211453220046
0.126860236722018 -2.19939580565881 -0.525112129997624 0.351685105268554 -0.247631245953651
0.269555857259544 -2.55272376625575 -0.0324391697892214 0.0707871749520621 -0.803149782557066
0.790306019974235 -2.33599912595458 0.233473811080946 -0.227073130835337 -1.01774137814876
1.50393081726887 -2.17073923790577 -0.206008102683821 0.258239680015506 -0.4594860498676
1.71628280136649 -1.83996661817397 -0.425058261312341 0.202755903554327 0
1.7146719709621 -1.96769421480235 -0.942968435009255 0.762320240234046 0.543785297502502
1.68314587017595 -1.98111900283121 -1.22231074176921 0.874716964141665 0.898745285158827
1.11838187709979 -1.86228822332922 -1.74956232266417 0.993808731972299 1.04944611606322
