"(Intercept)" "X1" "X2" "X3" "X4"
1.1918900764017 -3.05767393205199 0 0 0.756862579585636
1.0823613883006 -2.84973043556901 0 0 0.695959680461356
1.04279064798184 -2.561859833877 0 0 0.601255634122172
1.01579732558694 -2.29676775992654 0 0 0.518360091215179
0.982863030037958 -2.10053619332053 0 0 0.473673226436341
0.79869299803537 -1.797706868488 0 0 0.210312053712182
0.35015898785331 -1.8153380800934 0.440471370418227 -0.00955387425318926 0.459556367441364
-0.0665326731777115 -1.80787286067436 0.648286297180422 -0.00712425402186418 0.556748985150285
-0.393969875143249 -1.79736571334291 0.796829482875364 -0.0334907505127417 0.507459273731546
-0.684751608197623 -1.81326131685039 1.01986232878111 0.00557393453393876 0.483275405327847
-0.889672672126296 -1.81571450369483 1.25224285895521 0.109029831281491 0.313574156188575
-1.23881580587157 -1.71139317621227 1.03846964063217 0 0
-1.53490517556632 -1.8468001573302 1.44172118927493 0 0
-1.77671041922948 -1.99261437888646 1.64935843812954 0 0
1.14344982669965 -2.80745477292465 0 0 0.618530280339553
1.00379658730519 -2.56813214281891 0 0 0.506931746855948
0.968881359211533 -2.23044712062163 0 0 0.426501280647862
0.959550473295676 -1.86292461256787 0 0 0.300435754512925
0.903919228622681 -1.52713594561053 0 0 0.147141297576743
0.788852997048227 -1.18088627401543 0 0 -0.101120794718571
0.444849552864382 -1.03479018531488 0.228562356106794 0.0418615458213953 -0.0793855583602477
0.0632122620318355 -1.01080501404365 0.35471721875008 0.153235781523636 0.0789065837911486
-0.286190978222745 -1.05071695340286 0.532524997229096 0.152319999118831 0.113452532568085
-0.49221339954513 -1.12116346805407 0.701330038857081 0.171040656832882 0.0697617629700431
-0.81321347031476 -0.979496432784676 0.616818833370591 0 0
-1.13354383051873 -1.13047595267934 0.939078919221512 0 0
-1.38546659613101 -1.30016032106342 1.26918022767266 0 0
-1.65405951838388 -1.47087968056118 1.46938813177206 0 0
1.25788662214483 -2.48507842009883 0 0 0.590552970840609
1.03782231650386 -2.25106301233007 0 0 0.383504972378682
0.994059618012679 -1.88775084845658 0 0 0.273521021545917
0.955921311082455 -1.47135498721233 0 0 0.126640281505201
0.915545851817326 -1.04417666199766 0 0 -0.0492800790180357
0.713072404953644 -0.838956746500806 -0.0624286058087858 0.216890488703804 -0.341895256165271
0.541543182626036 -0.502379159362877 -0.0127646917352857 0.2552009040546 -0.459983526381714
0.287162484059267 -0.337306059667685 0.0631173669760093 0.332494354961629 -0.451517810902635
-0.074104610087852 -0.310022750933792 0.217434631924051 0.341516737358972 -0.361383584241653
-0.284975822569418 -0.454175472635989 0.41030774814529 0.352077264965033 -0.331737175017325
-0.695226879074164 -0.440014515666478 0.553076158951671 0 0
-0.995584166258423 -0.599918102203746 0.775945153629606 0 0
-1.22312439791081 -0.795294085969701 0.98150369519928 0 0
-1.57581192686939 -1.06169724527813 1.10972360332494 0 0
1.4312784618493 -2.17240206106456 0 0 0.564427021835667
1.18453745532403 -1.90666116372597 0 0 0.33345418608737
1.08515090935528 -1.44205045355556 0 0 0
1.01014846901894 -1.09775110345853 0 0 0
0.869153666371967 -0.840401958337056 -0.243092459670574 0.273197205583008 -0.34886678621003
0.744831467354403 -0.48710487822362 -0.287584112536322 0.384135118929999 -0.547988894398686
0.671931573726586 -0.12502720943555 -0.278852905746725 0.451047739600855 -0.703246337818341
0.639118623421773 0.131433165126516 -0.224388114885166 0.458154939911623 -0.814151531340122
0.322007663308864 0.259113365384072 -0.106650875553196 0.463326609384846 -0.763359002940954
-0.0803670302878988 0.203360625824001 0.151487642474058 0.445863003764754 -0.608838851603904
-0.610481421786574 0.111965009626836 0.449697691223979 0 0
-0.874878038352022 -0.0716294077142605 0.558542660266264 0 0
-1.15445366738511 -0.359553827640713 0.6487294909602 0 0
-1.55078121460002 -0.734338099234073 0.660920519022599 0 0
1.60033008659524 -1.81682897486511 0 0 0.617590594158303
1.32365763407171 -1.61079646566635 0 0 0.341259645215115
1.27456006125033 -1.18795697550074 -0.00533735498864374 0.0870387521716529 0.0589974195083628
0.998185179453487 -0.869958593688279 -0.159234121168756 0.199229374436312 -0.254537780877869
0.763724111501531 -0.603277325616007 -0.320239607674483 0.318309192371231 -0.501331135152075
0.692194987649392 -0.268366818649185 -0.375841294838171 0.39758956698643 -0.652971538980178
0.676292096336801 0.0584337801112505 0 0 -0.532643731353321
0.711879315492215 0.360362266320902 -0.380758364671908 0.440062714056771 -0.911292298013311
0.568687985268123 0.568709945028908 -0.305270064819426 0.429082529616213 -0.864555542612509
0.114609700927127 0.716718521145244 0 0 -0.317509693516645
-0.382348457280854 0.587202932962577 0.225992175277148 0 0
-0.791379675657076 0.3476185318072 0.395949269809719 0 0
-1.12291862201302 -0.0253807533563051 0.448656428051492 0 0
-1.48616826678856 -0.55052582374224 0.435229314156419 0 0
1.66681241445055 -1.61700776326755 0 0 0.835549117676821
1.42007064773891 -1.406159928404 0 0 0.473216223368465
1.15106490245959 -1.22068246998764 0 0 0.11935070860632
0.942299451266395 -0.900358655320247 -0.191379705031448 0.138884167677202 -0.356906212536582
0.49113455689063 -0.654022248013688 0 0 -0.502000822133956
0.239573560779133 -0.260839336586879 0 0 -0.806330294239672
0.37535135488241 0.148748671509073 0 0 -1.00957735834096
0.511121520179412 0.433171396696001 0 0.139046266615112 -0.757348211626191
0.475787173792454 0.747712923027927 -0.211897498033924 0.250278021024295 -0.951243298633342
0.188718270374535 0.913489300075178 0 0 -0.649951386294049
-0.0821586279547971 0.941369118282359 0 0 -0.499078393760573
-0.503743491018512 0.747665859456025 0.0966446046732361 0 -0.293036929555045
-0.960822844420721 0.209891158081351 0.256992448240951 0 0
-1.36613353109775 -0.480579357063632 0.243222098929895 0 0
1.54500823299469 -1.39782395274818 0 0 0.911000007244416
1.30910346444874 -1.34279073064281 0 0 0.491532275394798
1.08358289355042 -1.27285585145209 0 0 0.085547030064492
0.771776115152827 -1.11030253592903 0 0 -0.345066947691427
0.36492905815421 -0.7886698273289 0 0 -0.728721349056868
0.0998526020247727 -0.438556525004716 0 0 -0.875953890564412
0.178691431765458 0.00998431947871478 0 0 -1.09563331882284
0.290179621534549 0.407733897356783 0 0 -1.14182368703153
0.325067950923144 0.67963989450574 0 0 -0.913624386957422
0.196374332215985 0.854493392133927 0 0 -0.778763230739859
-0.0262895434872617 0.848690582583922 0 0 -0.466011605723493
-0.186382300632813 0.713308748401829 0 0 -0.262840185963327
-0.395176327518239 0.597587184838011 0 0 -0.162055031257867
-0.982759381695288 0.105684704215112 0 0 0
1.31730173244824 -1.37375459912109 0 0 0.878892321434531
1.12766980787549 -1.39328152032738 0 0 0.48219805696755
0.861875626457917 -1.37067677834756 0 0 -0.0201167227960417
0.561608133550694 -1.30143583241288 0 0 -0.476857724858695
0.393810329789347 -1.11289272095455 0 0 -0.792349320725631
0.273990864273749 -0.836944668105602 0 0 -0.801332425759981
0.244254217397305 -0.414281915055921 0 0 -0.857753336672543
0.272370094446687 0.0272687909806248 0 0 -1.01705565299629
0.213958301724848 0.381779277208074 0 0 -0.971701374159566
0.258093108494099 0.620317990308152 0 0 -0.767756555985431
0.118232950941121 0.717957701969379 0 0 -0.441395010773856
-0.0116262307444897 0.775642870806767 -0.324164228138733 0 -0.317095847342366
-0.436316851439996 0.414344249666966 0 0 0
-0.567754189512227 0.357246519505248 0 0 0
1.03607697481319 -1.33295419583689 0 0 0.76314240599889
0.737415339635779 -1.30744124476607 0 0 0.290249278090745
0.461796097970786 -1.38164398360942 0 0 -0.129530274169115
0.363797758781929 -1.50722371671219 0 0 -0.529850121385088
0.448358589314618 -1.48434570505412 0 0 -0.799205836661034
0.420149032027142 -1.30707348597102 0 0 -0.719883315036047
0.340381641779665 -0.945711745879152 0 0 -0.641043209708118
0.307274249183298 -0.463993781780592 0 0 -0.75432445848985
0.307753659185785 -0.0241307739668621 0 0 -0.687779092331829
0.414565766817856 0.329229689221984 0 0 -0.5526561854117
0.277481263474423 0.485320078092256 0 0 -0.310526239977032
-0.14403207658415 0.365508577033789 0 0 0
-0.271695976651004 0.321812924819926 0 0 0
-0.406956981655138 0.25696084401859 0 0 0
0.561699155971545 -1.23551323594617 0 0 0.404141971863417
0.396931237116053 -1.2383057556992 0 0 0.121343026741113
0.294199312729905 -1.44268162294192 0 0 -0.144996249427654
0.311192570267585 -1.67484469096141 0 0 -0.408797139588189
0.487388031476638 -1.73973113424461 0 0 -0.666243305496138
0.579357753203359 -1.71431922020041 0 0 -0.71103583438331
0.489492922535523 -1.44020911969352 0 0 -0.537686298223912
0.444303388687256 -0.981108372792368 0 0 -0.606390863002378
0.40465774296104 -0.479742719208551 0 0 -0.594937340580101
0.551970370937348 -0.0208348484499014 0 0 -0.371793858439211
0.466518939115008 0.154931946713413 0 0 0
0.286750082587962 0.164920426479633 0 0 0
0.0394129686493172 0.115216258652753 0 0 0
0.188654426589074 -0.129757586718837 -0.988143963373144 0.579769074059103 0.03985172435342
0.400460339201514 -1.10995698125769 0 0 0.331358245589701
0.368140036144679 -1.24219075332436 0 0 0.167333912078524
0.347642210539503 -1.53780683655769 0 0 -0.0499412336534779
0.428041135055038 -1.78304402647996 0 0 -0.269393593069543
0.616097378060043 -1.88442435880539 0 0 -0.460515317204276
0.98190588512271 -1.9638423736979 0.177322650929087 0 -0.538107483895658
0.704034588744734 -1.80535050040376 0 0 -0.654098185844838
0.60842966444823 -1.45075487062858 0 0 -0.442536040030035
0.591460180929471 -0.98434582423314 0 0 -0.520308383409419
0.711030192624815 -0.546972226117225 0 0 -0.486120268604144
0.770627279842069 -0.30686436630938 0 0 0
0.738612203338848 -0.191661105949676 0 0 0
0.52168253814817 -0.188291635243496 0 0 0
0.239892663417779 -0.165246762380603 0 0 0
0.428963246983612 -1.07544858431541 0 0 0.398117798811235
0.45535867288477 -1.31125972928308 0 0 0.257737749240857
0.464499334364046 -1.61583910885917 0 0 0.0424922800257341
0.601509561503314 -1.826270671629 0 0 -0.160307344034272
0.756740711115857 -1.89073357271077 0 0 -0.300929107966042
1.01773808262752 -2.03740430885269 0.182394823140387 0 -0.380897484224479
1.07462314026376 -2.02709494225204 0.144339189786249 0.0316554123240403 -0.330739854002149
0.830016348145594 -1.78545377221022 0 0 -0.490562130769968
0.763863924183851 -1.43171814056831 0 0 -0.496010998312443
0.859848111916632 -1.0890401168777 0 0 -0.443640476235579
0.639038991858036 -0.873332507410606 -0.363072271401098 -0.0630906559115535 -0.397688276862118
1.02059841684018 -0.658588961002454 0 0 0
0.912449632591988 -0.559251393248554 0 0 0
0.651062614057125 -0.451339565493973 0 0 0
0.447861768521258 -1.19428556868397 0 0 0.418178841793077
0.514756187630966 -1.40626600274208 0 0 0.252481166539461
0.596767785773587 -1.64030478520045 0 0 0.067418805012442
0.730298806839248 -1.82018897181273 0 0 -0.074692155606083
0.828634049022356 -1.97036232353232 0.201616862670894 0 -0.146166074033448
1.02000122205509 -1.89789123038068 0.210089917309987 0 -0.211502404096421
0.872763257060776 -2.01333684219419 -0.206543152435948 0.351137498009212 0.161494707425862
1.07900288627312 -1.77337003684789 0 0 -0.350026498457801
0.927898692443176 -1.83808832704098 0 0 -0.385876516985627
1.12941701771819 -1.4777075089426 0 0 0
1.17852455113277 -1.21438734135844 0 0 0
0.655504831494766 -1.26351488138445 -0.648281517033722 0.11478811801842 -0.258959509921244
1.15890704449376 -0.910516934860858 0 0 0
0.988770936045322 -0.74261347577271 0 0 0
0.494140576518969 -1.2951077053445 0 0 0.436131366427044
0.595228212211503 -1.48463171524571 0 0 0.294231480172678
0.710678812615293 -1.68454700728275 0 0 0.149536110626786
0.815509300926718 -1.77601316397167 0 0 -0.0363399349743561
0.856261299966873 -1.90886581911603 0.206988832023216 0 0.0176640852040132
0.919464322487734 -1.8937678445261 0.139427601629781 0 0.0492865310047384
0.767121032115556 -1.86645984834319 -0.489122142743338 0.562592280873842 0.495218488265388
0.697463463150119 -1.97507633535916 -0.57326688197447 0.557221415837042 0.347017009783892
1.23569270928398 -1.7987753508319 0 0 0
1.28643738293134 -1.83750730482587 0 0 0
1.33738144911895 -1.60862522857895 0 0 0
1.36408164970474 -1.41990846551533 0 0 0
1.32471178500517 -1.21132416228121 0 0 0
1.17730943354831 -0.972589577011598 0 0 0
