"(Intercept)" "X1" "X2" "X3" "X4"
0.667471527316588 -5.00960305989109 -1.85439592935983 1.40777479069596 0.51834649475263
0.265716251918036 -4.53426882553407 -1.37785992354088 0.899477475529445 0.692399241316812
0.12233091066039 -3.95787643278176 -0.975140358265571 0.325351058572453 1.08491156726725
0.710650405581019 -2.95022752261169 -0.266391278824518 -0.0180375270814286 1.31753934843317
0.688180463486656 -2.5173561199024 0 0 0.472994550924974
1.03748294666405 -2.21740667635679 0.478625857106565 0.0699354543505056 0.390891983677646
0.681714179139357 -1.96424907930546 0.494426895862019 -0.152184054666829 0.486213077306478
0.0817621494173595 -2.01460400787107 0.7038973811983 0.0564388818244304 1.19019858688732
-0.518372464867216 -2.13028667782024 0.840885686643135 -0.275170856677729 1.04385898308706
-0.509453514240917 -2.61828395242617 1.06796902378641 -0.18632036779888 0.85375208695584
-0.262718398962107 -3.01438343376761 1.30806633946759 0.0622577193079022 0.582479138676124
-0.299158981593267 -3.16573608687736 1.85298335872814 0.440756699505913 0.669819075656375
-1.50950879116949 -2.21227190765017 1.18989912760782 0 0
-1.87142866588919 -2.17143707660953 1.74891634949824 0 0
0.890504452093499 -4.40143825348898 -1.52323072578303 1.25117729012248 0.214379346127481
0.307748618091167 -3.84796105801005 -0.861037114522446 0.701759915232468 0.228503291945766
-0.0634066050710163 -3.26199548183564 -0.286688785664108 0.209104618854416 0.284743067325445
0.226494343978938 -2.69636644430288 -0.0260202809754574 -0.0616296778674323 0.745223314554569
0.802283104779915 -1.90182526527276 0 0 0.540471940739024
0.663650114855837 -1.65128595233857 0.310383344647264 0.200622876769441 -0.12364079940393
0.547472643650048 -1.0470790549598 0.242552966955619 0.110077290873529 -0.113270566700115
0.0288026357379076 -0.902118918784443 0.440173381295109 0.0478234164473445 0.23262330360297
-0.863387877165354 -1.36430684497016 0.951330154074253 0.127558232864824 0.738151630532452
-0.714654590265208 -1.62570901718818 1.04076661053026 0.144410402524505 0.239936725145958
-0.381407805560759 -1.97326174584852 1.29211378969176 0.371810242813604 -0.257556553805148
-1.03100136482424 -1.39504231023585 1.38142253032409 0 -0.431531665632851
-1.44941697441551 -1.5908076206797 1.16511140652732 0 0
-1.72453293795447 -1.58413109236911 1.5641526582491 0 0
0.886963876345664 -3.84785333319572 -1.018028468256 0.905936807546066 -0.0671732766727163
0.688086732081992 -3.26542988439814 -0.697180744949846 0.541480323103844 0.115033947499748
0.142333624698767 -2.59167778149406 -0.0781214794223412 0.0625441105862968 -0.0425547963555283
0.0934207734868149 -1.86675480039984 0.320525194554366 -0.158594801261996 0.0481917557015718
0.676885953980867 -1.35322615280621 0.0801586265480682 0.11167744399535 -0.0413039803376802
0.57181868670433 -0.93160965547719 0.168471308304832 0.413878528057226 -0.212725129256001
0.431566677139401 -0.37783633783716 0.0799911190866286 0.414639659629026 -0.446452172335593
-0.00947710819948987 0.048450328219311 0.139007895716787 0.332297214076673 -0.664792502715645
-1.0183743482898 -0.30302942251357 0.688011379119339 0.390833433572669 -0.196569525070585
-0.668896730010373 -0.793157562559429 0.835533460227098 0.550555875579354 -0.579328373567558
-0.568970728565708 -1.15431309620741 1.59035374443889 0.634576854134147 -0.677820130827977
-0.8648342605461 -0.723887091595642 1.29347463282476 0 -0.440238164141544
-1.27795628572225 -0.970204883129661 1.34841737233993 0 0
-1.44629921998118 -1.03724116283099 1.28511754965444 0 0
1.1627903575361 -3.1490964189121 -0.480884449581822 0.353679816595561 0.335770204974883
0.959884948445953 -2.67100321553216 -0.151521297381726 0.149958365040961 0.208317291566921
0.898128086946984 -1.79944810334195 -0.0401585995681948 0 0
0.833689033023451 -1.21166591485668 0.193589292565414 0 0
1.10498147447945 -0.886865934277927 0.0249288274178188 0.371913601521424 0
1.1079967133235 -0.598670052522037 0 0.672994402302303 0.103336594539642
0.58660210651565 -0.185103642172374 0.00472050850080758 0.725469297569319 -0.32652127407743
0.428768579052926 0.051332197773003 0.00359288030554304 0.658210640874285 -0.573679793786697
0.205701397012442 -0.459921144133746 0.390762703459105 0.660684941728787 0
-0.288484040481041 -0.682058919025002 1.20242618100891 0.615492269383915 -0.387035877437208
-0.705169809224568 -0.529086950455105 1.34602079556423 0.35846700742734 0
-0.983643985278783 -0.319001408213075 1.19492517387928 0 0
-1.06292685462156 -0.377547279058502 0.981377389146868 0 0
-1.14244772515095 -0.502728829850253 0.81570083463681 0 0
2.4283161477477 -2.44665168047352 0.0146798277487538 -0.0898881696863031 1.18654838528052
1.99948390788395 -1.91937750518926 0 -0.0755248199971263 0.537637031164709
1.65099838849453 -1.45089482807633 0 0.0437392259050866 0.341306440871189
1.06707909256463 -1.00518327949837 -0.24204748316003 0.439269986486826 -0.533111394138691
0.879352080348698 -0.546627134913959 -0.306551673232209 0.66573014507996 -0.620573589504422
0.807738243807218 -0.133913118824784 -0.287300469155412 0.709502737117631 -0.0132459827676986
0.913118121136011 -0.362417620950915 -0.05004951198622 0.903822280116206 -0.352882977417613
0.81398265978337 -0.310784020246916 -0.071118705008457 0.655088345659711 -0.33481781147608
0.647723007685332 -0.616546728169902 0.512134737380135 0.615993992228423 0.106945646718504
-0.0604054693777364 0 0.685102403414298 0.31484462341329 -0.444843506779428
-0.514356141934801 0 0.702856781315249 0 0
-0.838371147243784 0.0435964671725609 0.811314091478978 0.358994041262208 0
-0.779626009437882 -0.0393912648153252 0.638330534556064 0.348660977110169 0
-0.975784022711077 -0.431889687616654 0.637064477726791 0.0182165515147671 0
2.69311429337998 -1.87739544891277 0 -0.321895794445722 1.48580498015725
2.30055455098323 -1.6883013929201 0 -0.249963918679219 0.964931962020123
1.93373518624354 -1.41836713681551 -0.0562298705437071 0.0254111156218173 0.363106124730214
1.41680292959199 -1.05887648821492 -0.16299101614418 0.337968754123022 -0.181236157533948
0.651875541666623 -0.690950975941914 -0.301933803906304 0.622976893954901 -0.764022828723501
0.484642026396352 -0.237832046018046 -0.159317261523633 0.533902764429579 -0.444879991451009
0.729897777334896 -0.42529938810154 0.0531611983778162 0.624571139328735 -0.09092069068567
0.58198778995851 -0.409842095788794 0.13140152888208 0.677874178085181 -0.151585440034573
0.0263557424900698 -0.141821780327957 0.420099617200233 0.559302839171014 0
0.0934869986781988 0.343483964433912 0 0.151716695723462 -0.802761866341535
-0.0197886865377746 0.90673089640143 -0.528674906592907 0.416539493091446 -1.20106970366494
-0.542192514300256 0 0.538873786053131 0 0
-0.703075394096246 0 0.62221738332774 0 0
-0.936944210615277 0 0.619700503538534 0 0
2.8002425587655 -2.14057743215624 0.354779462816398 -0.742018177834493 1.93486309499806
2.16380757343876 -1.7113406798198 0 -0.393196468294585 1.13138439556677
1.86961230704197 -1.6845172063531 0 -0.354975917930244 0.642503321310094
1.3713934857059 -1.33319815206168 0 -0.0493981639923148 0.217743111002548
0.844781342954338 -0.93782806801336 0 0.157679696589549 -0.455857120201925
0.395070806042569 -0.495158106356238 0 0.402640917197153 -1.04764503871021
0.431265640334446 -0.200984774016213 0 0.596557031867015 -1.31928806348342
0.418090327757566 -0.0598073503931677 0 0.657283965953978 -1.30942137978673
0.132464946469559 0.146181406643067 0.142541267680189 0.516407018136488 -1.33751355938659
0.09497905569031 0.123015211990217 0 0 -0.651615263004244
-0.0560249100272243 0.684589556056937 -0.477903596215664 0 -0.895486154509111
0.0425312977537323 0.764481154869709 -0.275266687342327 0 -0.56060620624512
-0.326609428139418 0 0 0 0
-0.711568491224176 0 0.293208609231768 0 0
1.82793613269048 -1.47874396982838 0 0 1.12950329568799
1.60274272097701 -1.50872551602906 0 0 0.783509219895167
1.34250460304038 -1.53493443910851 0 0 0.415918436978236
0.841899830884868 -1.43855371925456 0 0 -0.0487330101075717
0.779168660994418 -1.15500279358323 0 0.331540592390201 -0.658439640633267
0.887546116449484 -0.936954835156259 0 0.435795512992117 -1.0479080538997
0.997561233591059 -0.684060671671514 0 0.501562849232213 -1.27811697109415
0.95634547403923 -0.419123382036955 0 0.543921876125677 -1.41038289484315
0.653738819640465 -0.11058348823033 0 0.53951086359901 -1.52265921478974
0.288647403780672 0.00297032965124691 0 0.287076161752008 -1.00712222531478
-0.240004469988651 0.372974131315721 -0.536171095042471 -0.105343610080362 -0.922554470215724
-0.11355506681905 0.842319238321424 -0.626598429931835 -0.0404180997447962 -0.640626948727067
0.181560261029876 0.65570062832073 0 0 -0.0997019700261989
-0.0305039947223093 0.589828975946251 0 0 0.201820700875377
1.49548374203645 -1.54020866494431 0.304395761513095 0 1.25020237193541
1.2330258032903 -1.63862321641412 0.296313652600757 0 0.733570558306203
0.854278524949786 -1.67679409864149 0.413836858791595 0.112563805189199 0.0888191229822294
0.669865331150509 -1.63227560871824 0.361470529283867 0.261909659067373 -0.361037293502595
0.853559362598967 -1.51925567269592 0.226189102452609 0.338787385862174 -0.757112842514886
1.09158195791159 -1.30080116713158 0 0.31875610815673 -1.01556266180375
1.03740734846151 -1.1481255739693 0 0.288841941555039 -1.03139089886078
0.724328714728408 -0.79473353233149 -0.19261928223577 0.0236831295477315 -1.3724877307873
0.455212912959983 -0.642153638906452 0 0 -0.867636023600893
0.438248947496188 -0.305438248007795 0 0 -0.812708776994129
0.469950487648765 -0.0471802098645442 0 0 -0.554383892848676
0.370230878357696 0.00423882277359521 0 0 -0.304837396914571
0.315113032156839 0.183733428688353 0 0 -0.0859864538029103
0.249944888971767 0.433020332509 0 0 0.198885802046111
1.02252018213865 -1.43232335790173 0.359090362199959 0 1.02135370448518
0.572491960626429 -1.33497174563762 0.45107494779844 0.368999417738093 0.29464763284904
0.30570307672712 -1.64934664377083 0.531062040533076 0.266427842633979 -0.103191431455205
0.51773487189997 -1.90321025391492 0.464573125440644 0 -0.334784680043155
0.847559807872545 -1.86143646343238 0.368375472931422 0 -0.819332214232838
0.87702046702126 -1.59957169522043 0 0 -0.930603117059749
0.874860682676645 -1.65470055612427 0.152564546521796 -0.189491191591846 -1.22831209145351
0.79787136232195 -1.25902388424919 -0.12125092503815 -0.169139541943218 -1.21898387683047
0.496285089380281 -0.888210816084439 0 0 -0.555654031418408
0.722705015454995 -0.662340460480287 0 0 -0.625291368290927
0.833954193432411 -0.425996440154618 0 0 -0.452869361281231
0.819353756303876 -0.225142479876052 0 0 -0.22883580915702
0.719469112390247 -0.0352966678634642 0 0 -0.0272615295226116
0.610790475934043 0.146082361610425 0 0 0.170996846071157
0.488225075394451 -0.946891735834883 0.427127672233719 0.635158844130287 0.523172305317982
0.168763458002466 -1.20984515630497 0.541479542954975 0.681683498161745 0.0407273925368388
0.102697977865117 -1.59897406681101 0.575801105214717 0.568900175457552 -0.187509341008555
0.480445836619762 -1.93535660067968 0.487092194398857 0.252259490186747 -0.43691082233287
0.966463555498998 -1.93500238422653 0.275807359465677 0 -0.729754351323424
1.15504768948492 -1.98915936730761 0.302932981795084 0 -0.986163390935128
1.20265669267076 -1.88660815649766 0.215847355233433 0 -0.938408935456737
1.0634786734623 -1.55203769574141 0.00185319255094443 -0.345652693357301 -1.1516850024218
0.845043243965563 -1.17881131085798 0 0 -0.578113079150007
1.02420314691018 -0.993845037901862 0 -0.17825396564258 -0.652806903516512
1.01615164285885 -0.740567159130004 0 0 -0.300844688417516
1.41726022202947 -0.463205626793618 0.0657862575694942 0 0.0255573796717296
1.74971200629318 -0.382516753624084 0.284842694649734 0.0944929635513264 0.354079015089475
0.983460651033499 -0.205587358704265 0 0 0.207026608888839
0.112997699654814 -0.919372329637002 0.577780249781396 0.933087532014081 0.262348339422336
0.0277701959502572 -1.12583043139515 0.576407092453331 1.11381071017594 -0.0839562700799248
0.0934039135996566 -1.43756866223984 0.532296218804474 1.05276221647931 -0.307902970828628
0.50427683701958 -1.82982708457928 0.411469794619879 0.506426536529131 -0.524034965917741
0.697090896502941 -2.11613432037177 0.438492828528276 0.169895876419313 -0.637624939239815
0.987676555807634 -2.18100274212589 0.22024879947288 0.153604445912308 -0.606156065536936
1.17858109077259 -2.11079426525152 0.121576190753199 -0.013959309904716 -0.765792736463147
1.42553186753172 -1.73597982387113 -0.00137776345921059 -0.154403675018753 -0.813655498991758
1.37679468241089 -1.37138683349209 -0.121891609136342 -0.322629130630456 -0.86084364192971
1.24158811213665 -1.28817156222317 0 -0.164484898939674 -0.516960772358214
1.60371416965878 -1.22209855682039 -0.108829107699476 -0.215551990586463 -0.390188682742987
2.05742682387536 -1.02453270256805 0.29627018328986 -0.233707035244156 0.103345610993961
1.78364623260768 -0.720205991942963 0.104102473480323 0 0.345112980209881
2.3094961254076 -0.655306746336178 0.483887469196303 0.162846374376786 0.830210593843282
-0.10182770291933 -0.79558161791058 0.636262461520342 1.48250878736792 0.0343812756298044
0.0329776512811501 -0.993215501836694 0.535545909174589 1.55854844427397 -0.198035591291488
0.19202104090977 -1.36418335681104 0.407189503415035 1.38507698095215 -0.369549021354171
0.316189846668506 -1.86246538234158 0.390967643730365 0.730385948117637 -0.446974506169779
0.487466875332936 -2.01622672608635 0.360904561745992 0.351355065799848 -0.440937481060405
0.896993861858406 -1.82313906169508 -0.113956995850492 0.333880957300155 -0.257599801730968
0.826025714313303 -2.16054009031082 -0.183439098828162 0.403110594108582 -0.243660060091913
1.28014375618081 -1.82840845259137 -0.242151828020058 0.0891538308221865 -0.464289897534446
1.42578395240174 -1.75123998243263 -0.144441556436567 0 -0.537676775072942
1.34399420746128 -1.46798935061272 0 0 -0.304481067604378
1.58190592283301 -1.43204106247185 0 0 -0.188422767889292
2.55381194626485 -1.57539571645594 0.353766368302294 -0.114892789457152 0.170888841880315
2.75932561367689 -1.36200286768112 0.535113983375375 -0.124602453621021 0.518172127676069
2.49784570797586 -1.16054772876481 0.352045449608587 -0.0371574596491449 0.750801058960235
-0.102575970485054 -0.949575818791177 0.61498347995772 1.44673419769469 0.0596041329478671
0.0596913103284606 -1.15545799479534 0.493809207345201 1.5741392805011 -0.190299828710502
0.153493220607018 -1.51398353774413 0.397798713910771 1.31785278189692 -0.339758116066268
0.189954877613058 -1.75688970339083 0.425032832410885 0.66271524081968 -0.379296598775634
0.257484491872053 -1.93105818940586 0.3282692211332 0.338135844683273 -0.24466668312925
0.628106770504935 -1.61118622099846 -0.0177637648366978 0 -0.0489737110407055
0.912798745096421 -1.55756794238596 -0.207630853497985 0 0.03674799768648
1.01050008701694 -1.68836212579404 -0.598671445571383 0.384442525434435 0.127843657788066
1.41292108124026 -1.88179354622818 -0.239756941478707 0 -0.274188178541579
1.62545596484041 -1.81180673941646 0 0 -0.260938858730811
1.83913987862917 -1.70605055950321 0 0 -0.144255976146445
2.05105745095832 -1.64696597405062 0 0 -0.0175628382622299
2.20133567598237 -1.57528840154391 0 0 0.145506932414953
2.16273101544852 -1.29922907772002 0 0 0.225386504181649
