"(Intercept)" "X1" "X2" "X3" "X4"
2.05323132125097 -2.71963230724469 -0.67532175861762 0 1.43187114424124
2.05967530610179 -2.04188305867205 0 0 0.864494386120717
1.57579545388398 -2.21354602458549 0 0 0.898354129872843
1.15037050210175 -2.40567282173315 0 0 0.978065971279094
0.976213925488387 -2.27761396215026 0 0 0.942285665143503
0.729872580432664 -2.22903014402713 0 0 0.73199788573012
0.730459829641946 -1.87837274649856 0 -0.084458300333862 0.480697765693667
0.365406827154476 -2.1278419429833 0.347617815948024 0.421433848646999 0.827058321889379
-0.584162497491233 -1.85588205628633 0.986537480040203 0.841692819647801 1.5945580938997
-0.908303434670067 -1.4663362353233 1.38236899878488 0.943026003655224 1.35308663672735
-0.959772974769139 -1.15178164480981 1.7145641749142 1.3550840200029 0.481435779747664
-0.536193013552359 -0.882710816808193 1.98656997723824 1.4595897510928 -0.792607060509716
-0.398507055016199 -0.868390638456075 2.71136053568351 1.62521303873082 -0.980923231639996
-1.50318343137684 -0.943728190165891 3.59978202076359 1.55288860245817 0
2.01983465985503 -2.22090704533867 -0.301919487839953 0 0.609261204674497
1.71898675887678 -2.06354010406245 -0.208707618138268 0 0.82330261849611
1.49472275317517 -1.97450631323395 -0.0767010844007148 0 0.734930203985768
1.157553478613 -1.8438426086854 0 0 0.60348655807457
0.414781143970785 -1.99320682615064 -0.0913190093670419 -0.172026010450411 0.430963593768108
0.542352737570752 -1.55964621446932 -0.0850684454991099 0.0875183811377963 0.347623543166016
0.435827518926476 -1.15067990191897 -0.0671594585043952 0.0728871178181379 0.172924186223615
0.401239129308267 -0.698214570226871 0.0305694473396873 0.0354943878028511 0.181063304473801
-0.173497132124258 -0.956497582291536 0.203765862121449 0.397586767988703 0.914892454531436
-0.257343571506438 -0.939202901356805 0.697073850959013 0.743931379509522 0.519686165987448
-0.248053124335566 -0.701418150703468 1.12022042464497 1.06182501834214 -0.396134622839046
0.0190205727024285 -0.393059036539587 1.62048430052927 1.00744871864864 -1.14599683875081
-1.14184455703389 -0.545642383191002 2.31620448439691 1.5197032282444 0
-1.43955991499419 -0.664838154581018 2.79740333830971 1.69726526172834 0
1.73994863320521 -2.17586049739031 -0.902879424404569 -0.307578053265785 1.00197356881926
1.39227314610639 -1.82885417371872 -0.360995950739375 -0.301478888569903 0.652559416866035
1.01427457691933 -1.44840532902834 0.287089624670707 0 0
1.06803350540439 -1.22198338309663 0.0307225789383805 0 0.207541705565074
0.144497284569252 -1.36632228852567 -0.255051267530007 -0.20946483892179 -0.157122133554709
0.428788877785079 -0.885382636642009 -0.209673002532835 0.120134903210442 -0.0564690370693463
0.462142484037007 -0.528772770556918 -0.192521175523118 0.288844533999993 -0.0561623965420656
0.42710462767474 -0.065629875307742 0 0.132691571380922 -0.0871668106393036
0.170607008873012 -0.151008372366784 -0.205012273188091 0.159896517700049 -0.128501981474137
0.28578257983207 -0.444384135970267 0.121160674689726 0.442001949116997 -0.147063273321478
0.335830449778604 -0.146525027273336 0.703637402409046 0.516981233631399 -0.855605367222425
-0.723822492685676 -0.266088103056933 1.15340906049875 1.07633340666329 0
-0.375317864747126 -0.171052202081455 1.3203901512037 1.44357667904647 -0.662450666049535
-0.311258036652602 -0.445046017271216 1.51911592701674 1.79636198125428 -0.667125466849827
2.4345992545322 -1.62107800454458 -0.242633061461216 0 0.872782890111404
1.74270230737051 -1.54739013605911 -0.232785962090874 -0.348759124633581 0.795763939117343
1.15115718366589 -1.31134984639439 0.0882071845664302 -0.320802516004014 0.194638245596896
0.577681070826233 -0.865480363706245 0.0318525573059083 -0.16681454901453 -0.421524534984674
0.803167752925056 -0.793002744654621 -0.0977113892802626 0.19921695903672 -0.296814501214664
0.514862340776802 -0.554478925399724 -0.256598998434717 0.265681518500922 -0.331850176304941
0.647892640880077 -0.238016307872934 -0.275257792629048 0.609535769746505 -0.358556416533499
0.483528884810786 0.0317026149240279 -0.425714778923814 0.52074959353128 -0.387090216019487
0.279912435228253 0.383629984251576 -0.238656919565894 0.181121023329195 -0.619665679221602
0.438757337621393 0.569023283315788 -0.0564338283285749 -0.15234614057654 -0.967202543544677
0.0490089899272149 0.313418408759879 0.394233472956588 0.298964298828894 -0.718348900324553
-0.45086200396968 0.246967751079157 0.61221621791088 0.744252862380991 -0.591963615619668
-0.364996917148409 0.0134616127769565 0.828630054280781 1.11109771111888 -0.562906166880318
-0.346136917077992 -0.248899488979774 1.02976083020667 1.47142241466947 -0.378098472388653
2.84751470459201 -1.06271751597238 -0.0694986125679404 0 1.40754156444249
2.29467079716074 -0.983359519729919 0.0692829650536923 0 1.01563556747327
1.86505615802881 -0.72430847389353 0 0 0.511829056669964
1.00040873672503 -0.798957568070657 -0.0494270027537707 -0.0820782354230575 -0.215587174521798
0.472209284846662 -0.520356255890691 -0.118205907644175 0.193952381581155 -0.612284723577707
0.436889930172071 -0.231686204414844 -0.216167531793981 0.460630278209976 -0.638035932673302
0.646751101076425 0.0624453793702455 -0.392042581583284 0.736800677453551 -0.679733909453002
0.658358302195104 0.353354710071597 -0.27446551228193 0.615338750180964 -0.516640896679202
0.227129075826476 0.562528846149853 0 0.0669716048534453 -0.402511682216625
0.383714102261292 1.08542257130689 0.165628350751511 -0.17520926611702 -1.23851010022367
-0.273306888416517 1.11334607332023 0.0723804908939797 0.0363942999060957 -0.896171253996058
-0.263903671618096 0.576724027489373 0.0694873136010408 0.412875266914879 -0.617861269679221
-0.384018439650137 0.274980815095349 0.317817009285345 0.834479607968073 -0.378887646577458
-0.343635471829835 0.0510769331143258 0.384005265801716 1.19703332613862 -0.106907692840673
2.58831796416435 -0.924675775049545 0 0 1.13532992683299
2.06169221173214 -0.868790348183015 0 0 0.794561445781749
1.41853797478771 -0.944266839787839 0 -0.0867186843926708 0.50331727165087
0.880322898316713 -0.855866595098682 0 0 -0.0363077005285938
0.489017643466913 -0.481251279060292 -0.329412094940168 0.266617847791094 -0.564370139831937
0.0302370125105419 -0.0351084780808355 -0.354954071528303 0.373026830384769 -0.946985508987685
0.0367005449162726 0.176692016702383 0 0 0
0.525909887618383 0.47492211139249 0 0.509263169438327 0
0.359898198877921 1.11285682117295 0.0920567244613852 0.421754339917559 -1.21364594245759
0.207201589092205 1.60438832955916 0.180829711471762 0.0131772955154733 -0.954747632033011
-0.0530184276126255 1.16388055199967 0 0 -0.572968773947742
-0.152729003069934 0.974436793844966 -0.121158463588917 0.203090260810881 -0.44326149570405
-0.168855221269904 0.634957716814479 -0.250939301899201 0.595794874293167 -0.378968795023683
-0.38962151332716 -0.00918144836403094 -0.270219073475675 1.36713957064799 -0.105696528519063
2.16959701395207 -1.07695260794806 0 0 0.986037977732167
1.69262354809525 -1.08918507840841 0 -0.0712536870907798 0.864372908264134
1.11103393327171 -1.04391817437414 0 0 0.426121195071067
0.562490053632802 -0.931671033167782 0 0 -0.0652735179681028
0.360434628715293 -0.726869840312639 0 0.138273461009436 -0.465597114355799
0.222085656061869 -0.176014342253274 -0.378392971488971 0.315601714092749 -0.786658715417589
0.247585385705016 0.418513775823869 -0.092569148863409 0.366455001340154 -0.854582640495735
0.969752172562998 0.707337349445107 -0.0895804520028201 0.770809858340666 -1.11163302267363
0.617919728970145 1.04427765694888 0.0821711265391756 0.362208030989545 -0.955767193098732
0.319992157374507 1.65634847826643 0.176488929856209 0.0619286095683152 -0.520745809842227
-0.264929470755068 1.21887693311227 0 0 -0.373879245287724
-0.529701003571619 0.937459297161948 0 -0.0697793770625157 0
-0.488559228939447 0.605422259465678 -0.27538371452304 0.422565365605992 0
-0.221323995835465 0.179309436582821 -0.546551561260566 1.00811546248425 -0.140913127531053
2.09531094937317 -0.967334299145621 -0.129716788028489 -0.124163157031282 1.45074449391279
1.33504484480451 -1.14907383866004 0 0 0.786666424399423
0.856234991124317 -1.16385267497618 0 0 0.158665031713674
0.389968230812301 -1.0282767078576 0 0.122458915675028 -0.331118382900364
0.419822259869465 -1.03737810339052 0.0511780378647811 0.102157010793465 -0.543851148876292
0.681684045034267 -0.554439052777825 -0.142774560172006 0.307637327253518 -0.85800904915604
0.314426680624098 -0.180164364460551 0.285023841510954 0 -0.665253532804644
0.716926908913156 0.457329370430386 0.414859185468487 0.480311601421399 -0.88351433298189
0.702208929118367 0.800908079319427 0.395245409036047 0.26392710503756 -0.491675600667872
-0.478945162716205 1.25530205621052 0 0 0
-0.49932769880805 1.00903946001048 0 -0.198140524999319 0
0.00579967862882107 1.11433286860563 -0.539278847236978 0.341437395307786 -0.296206663743103
-0.452875991454305 0.798946733829946 0 0 0
-0.0467597049619117 -0.106912960071107 -0.767989914458688 1.12850198404499 -0.0724324506620194
1.41437699591665 -0.902716445712783 -0.0291026905086338 0.0913332593218001 1.20073555030017
0.916875971629907 -1.18932721308366 0.194707451366361 0 0.599943257571087
0.420415335962334 -1.19686379571618 0.274267485354085 0.304882447335239 -0.137893764589717
0.294832550339861 -1.48358408708367 0.269815713558698 0.117826540705883 -0.333009028616322
0.524196860984956 -1.50053028774672 0.110180458355201 0.00332509803412637 -0.495273418514762
0.540770411266692 -1.09447808388428 -0.144485454111804 0.00288321495391049 -0.63591040099422
0.469865180429579 -0.396699499124376 0.200063282284143 0.018660550065508 -1.07521777580559
-0.747108099969009 -0.116060107896086 -0.0186053166988656 -0.507055415379202 -0.413915354176762
0.127317676708817 0.329805104337088 0.495270122078709 0 0
-0.177943989301354 1.09501002756654 0.171590466056348 -0.646363619994928 -0.2690064013489
0.0763616939045554 1.40245821095891 -0.0853258139067882 -0.323001661342751 0
-0.406877149522989 1.07105618924816 0 0 0
-0.530417437859268 0.57673432547408 0 -0.180890608290782 0
-0.711307146664269 0.205626645187075 0 -0.121924716207713 0
0.341947895832885 -0.664130238016723 0.323832755255452 0.694301663735126 0.665404851395412
0.150408424488553 -1.16487984209457 0.315598943550409 0 0.113750132379241
0.0983336609312138 -1.52164701881332 0.473807998275131 0 -0.0838654378443525
0.15942511777598 -2.00932536406697 0 0 0
0.0879175529398975 -2.15627932925469 0 0 0
0.805319865377041 -1.67471087016158 0.0259674007904661 -0.112588221757856 -0.506639876659889
0.618178957331378 -1.17075068219967 0.436473144356748 -0.222292231183577 -0.829113880872685
0.598401685617578 -1.05440206997443 0.415454094690835 -0.131500401795819 -0.497843319661116
0.728292736255178 -0.626169200767718 0.330118062277012 0.0163273316469474 -0.395235393071866
0.653520812087856 0.352457761069135 0.0537314650848325 -0.0771163039889425 -0.407956237068663
0.907056285437463 0.888623967369673 -0.0215666207103868 0 -0.464894649160348
0.341824114490001 0.605586318430528 -0.538675363742234 -0.418629164675686 -0.420669412565112
-0.145291721861036 0.546857396049943 0 0 0
-0.335018109481414 0.144690294793007 0 0 0
0.0277581222091158 -0.957861270919869 0 0 0
0.13105629241291 -1.33114459275432 0 0 0
0.21414533592632 -1.7316177377315 0 0 0
0.233091446798468 -2.09617880921912 0 0 0
0.264758420909702 -2.30504496293046 0 0 0
0.80432645210521 -2.11162619872659 0.327218024856035 0 -0.523591122238502
1.05670201810643 -1.77414900975361 0.453819109218343 0 -0.500094541547595
1.05536142773645 -2.29299413094356 0.173345087079145 0.348711350896553 -0.264348118938064
0.681498647354275 -1.61344232872394 -0.130428507188838 0.359442491393023 -0.0187294414323248
0.626561453972523 -0.643500002997332 -0.0909964940680601 0.155862672201335 -0.197488402681909
0.715909576671935 -0.0830397115398956 -0.0265242255106972 0 -0.318121913088426
0.581294854499819 -0.269079190577417 -0.777689915892602 -0.988508360328762 -0.541355465731742
0.178243569096612 -0.598370179216776 -1.0670819845928 -0.983994483140452 -0.13251035217161
0.26989108804877 -1.4322540505241 -1.45589888469309 -0.400669407414942 0.0673819445215587
0.0132580634303638 -0.785910183464819 0 0.251824758066776 0
0.0795579796899926 -1.24969299631284 0 0.282779592947237 0
-0.0576845332779566 -1.79496974835196 0.263730872497366 0.385474216723705 0
0.320743672786689 -2.18820473799656 0 0 0
0.260789421056097 -2.61006382075225 0.0174949499257529 0.389127720688403 -0.0485176830882899
0.979872995086022 -2.15477060523306 0.20681546075287 0 -0.109593961438238
1.18644680462001 -1.81479800775199 0.34537369102821 0 0.0353540200876415
1.03031739697847 -1.96149811233321 0.0844323621290081 0.0403947699794016 0.187346477557123
0.630254140790222 -2.68991675578163 -0.385116691225109 0.463252496979445 0.130885597874701
0.592518603703061 -1.30632971208279 0 0 0
0.761435073147917 -0.78477543985628 0 0 0
0.580147105776455 -1.16172497819502 -0.922227507119133 -1.05318558550556 -0.37937217310971
0.316395571880544 -1.21447763084662 -1.21030295194146 -1.30666964579644 -0.232684144662054
0.0824844550233646 -1.58868319467813 -1.51728573473837 -1.215078414209 0.0645736610490103
0.0649117857878876 -0.732924189752307 0 0.501075456489726 0
0.0916592480659402 -1.26871500534861 0 0.405149877074725 0
0.107877215700834 -1.71708073990104 0 0.61987519648036 0
0.0993277464044262 -2.23097982406426 0 0.614645570858645 0
0.230950568765432 -2.46053343949582 -0.185221605978542 0.804286541384843 0.0977473906185104
0.708909958452842 -1.94363595434625 -0.176967905781076 0.429275002042898 0.361503800095356
0.776274283382059 -1.73169964670795 -0.145875290951453 0.134343772931464 0.824891505505592
1.01611447978476 -1.85738235254647 -0.121980105329436 -0.121317101064945 0.54898611880812
0.749507850364314 -2.51291609780103 0 -0.172879647966606 -0.297552956675925
0.659927989929995 -1.92839462938758 0 0 0
0.775317542099757 -1.60248107569233 0 0 0
0.722485734797295 -1.91381398749544 -0.978798251590723 -1.17797735757245 -0.369585189487565
0.412367078845259 -2.01312819237055 -1.39755835505132 -1.50860978832947 -0.331860847943865
0.345866457489618 -2.0775542210887 -1.57388405577997 -1.3447999526731 -0.104850520846344
0.11466286417572 -0.765909196430704 0 0.629963899717105 0
0.129464836126245 -1.16154978357961 0 0.764612544096426 0
0.103678683677335 -1.56642928359378 0 0.940289846299071 0
0.0788596931952015 -1.99935818743648 0 0.78190563155435 0
0.0763006876925587 -2.23350094009527 -0.314792438029471 1.09900560184036 0.266619918789178
0.56738088126903 -1.36029324425261 -0.393142989867246 0.642549681915262 0.554587272857756
0.602967269341146 -1.18064434049105 -0.466017446601892 0.327677873375348 1.00735744231795
0.801383047793116 -2.14889217444269 -0.275343478789487 0.391553521564675 0.712454723993767
0.971600313664368 -2.42002138237148 0 -0.465399912815662 0
0.943479213831794 -2.63784162146031 0 -0.339909300293367 0
0.787432712104031 -2.27425173114186 0 0 0
0.748740682653466 -1.72347125360325 0 0 0
0.42376349385546 -2.57639978752254 -1.37275001366865 -1.41361175172251 -0.370480189555741
0.543379266698048 -1.55442580042478 -0.632995620752654 -0.543767670100946 0
