"(Intercept)" "X1" "X2" "X3" "X4"
2.15682752622225 -1.8915542158163 0.319165788523411 -0.358471263801559 1.39445214164809
2.12568648649555 -1.37692463792977 0 0 0.688579326307953
1.93028367315851 -1.27435413258484 0 0 0.495883677284219
1.7130476122044 -1.16077627044559 0 0 0.306459017580658
1.57133153392832 -1.49160968176008 0.168727803837982 0.193961602527697 0.29520175625624
1.0538215489675 -1.0188742814354 0 0 -0.0396410211893028
0.65527618158887 -1.30279333595443 0.336158623691819 0.158679123250073 0.0781185001489198
0.321294288222874 -1.27566880106641 0.440722891090385 0.191921485050926 0.0618830211928822
-0.0188289607002951 -1.22262186023046 0.538128158753268 0.19956967557569 -0.0610078469284004
-0.344408397872274 -1.18873869639266 0.607782615625727 0.197428806560962 -0.146739172907026
-0.595736028221675 -0.62786947057531 0 0 0
-0.983922198316354 -0.554782780204498 0 0 0
-1.38980467826983 -0.444258625043739 0 0 0
-1.923028899742 -0.755526197144534 0.260471569881532 0 0
2.05844584851399 -1.7408631452289 0.289200539845862 -0.485748924352452 1.27942337928878
1.96803510983817 -1.63514030126103 0.248230724477611 -0.254833390855612 0.943041395434042
1.84121472347471 -1.52164510513498 0.180001592591165 -0.0827706485706131 0.665620497813913
1.69343320712927 -1.01205090523006 0 0 0.286347225038244
1.44412641319776 -0.904556824732592 0 0 0.111422599612414
1.41176252624075 -0.979254656604596 0.0128611434194976 0.290193331578164 -0.0664737971990375
0.910930980974439 -0.848451049482855 0.118304349433288 0.282792732322751 -0.122717886297772
0.509711638558734 -0.798186305665772 0.244814381373217 0.310552106296907 -0.17796331672965
0.179167796422659 -0.754321559437416 0.338594395806176 0.323842599293492 -0.259595547796434
-0.150945862002419 -0.73551921574034 0.423995149012066 0.321579431511722 -0.325476994705614
-0.523819311717816 -0.37881662503388 0 0 0
-0.889611124977458 -0.362172236214294 0 0 0
-1.29571791109941 -0.238569353341737 0 0 0
-1.77100714774484 -0.535771187703676 0.2326738671425 0 0
1.95077453307925 -1.6188679457162 0.258435981322545 -0.624512843509991 1.16511922737005
1.87599866088928 -1.49429445478306 0.191795710855879 -0.357846574725601 0.826350267967325
1.77151725974899 -1.36480251105179 0.115987219175371 -0.128769174344092 0.539525481905016
1.66994895727861 -1.18531553296413 0.0319399484633401 0.0599379352187663 0.275782484622059
1.45543217654864 -0.682927075593928 0 0 0.0680671636781449
1.21819578726558 -0.488036884328556 0 0 -0.1383433585506
1.1994228535049 -0.454482180747191 -0.11920167609399 0.376321952359548 -0.375786525259115
0.733793567406699 -0.329143474492914 0.0194491977134757 0.402265880248225 -0.391821256482894
0.388632489050704 -0.307264010717582 0.133793848155823 0.45561552769052 -0.447326662996918
-0.113307222560475 -0.0998711745709526 0 0 0
-0.463770044169375 -0.101849173526757 0 0 0
-0.803223030084688 -0.0966040221882468 0 0 0
-1.21464053431519 0.00927823209015137 0 0 0
-1.71340775793248 -0.0324765299428401 0.129579762956304 0 0
1.99261860046174 -1.1659534958888 0 -0.477228250825233 0.901745484944142
1.95981208328778 -1.04753077539259 0 -0.271396786780016 0.581135101070408
1.69248521532113 -1.2276301807953 0.0577799440029185 -0.210621499490134 0.386977784841824
1.60047884387193 -1.04250220815072 -0.0264264232691577 0.0260173526574531 0.128251709481341
1.46912859198126 -0.81836117111925 -0.100783472624343 0.173896955045483 -0.117084721060751
1.18289953868501 -0.370923347553256 0 0 -0.22433317584401
0.974897064128608 -0.0751095420101062 0 0 -0.41098133217835
0.646660452252908 0.12269210150003 0 0 -0.464008434169858
0.314164342648801 0.164455278596348 0 0 0
0.201934564930236 0.0615668032080179 0 0.360617777626615 0
-0.165098871087553 0.0627491018984698 0 0.326888606082525 0
-0.601295720479166 0.113602144366773 0 0.18663625216972 0
-1.1841506689636 0.269277453041994 0 0 0
-1.57381287849955 0 0 0 0
1.69524040319557 -1.39562901955925 0 -0.760407044077898 0.917271317677548
1.70413315935912 -1.17907934246563 0 -0.508192577219746 0.512166877369266
1.69429339178072 -1.06770231539889 0 -0.290693663226987 0.219390164259581
1.61399050294845 -0.922218081809198 0 -0.122772091913518 -0.0306891686188285
1.35401293743836 -0.719717947616551 0 -0.0374211261432603 -0.238760524518368
1.05837633197792 -0.362299604377509 0 0 -0.376564531098838
0.874418348288443 -0.00178932678687236 0 0 -0.616091607147511
0.650244411764902 0.321746840173553 0 0 -0.688650931810727
0.670296132186785 0.377476676538431 0 0.367483485515223 -0.807775684906108
0.467001364910022 0.417605230890573 0 0.49517155564147 -0.718376249157238
0.0630117482891678 0.449680868602573 0 0.37279581461828 -0.509887955016949
-0.717737407431272 0.422745453141166 0 0 0
-1.03348490984551 0 0 0 0
-1.45247862185994 0 0 0 0
1.62282425719674 -1.40961008673376 0 -0.813970698873531 0.865605801057707
1.60137892464107 -1.33322305417827 0 -0.637379171781316 0.467076326354809
1.53923708158191 -1.16362359536758 0 -0.452108779836215 0.0689317230989511
1.39423765645586 -1.01896146065343 0 -0.262827195921011 -0.255886369045834
1.14929859738258 -0.805255972378534 0 -0.171977026001605 -0.512555148402325
0.817851305416448 -0.486636141562071 0 -0.138276773401653 -0.77764705746088
0.573772020157932 -0.0462694898848546 0 0 -0.844024876848519
0.513207383542378 0.389331117815498 0 0 -1.09472670835808
0.623228050952031 0.528258188803385 0 0.313512309291756 -1.06532713263838
0.365334654314669 0.700003473573567 0 0.288819652308767 -0.914889653988114
0.0235969693329464 0.74095072747205 0 0.21186505043408 -0.688446646289497
-0.598380719100813 0.725649037689013 0.178595232731744 -0.0182971096161501 -0.553955237188761
-0.872751848247128 0 0 0 0
-1.26994757682603 0 0 0 0
1.4800050686596 -1.39328598572121 0 -0.829334552965037 0.788269264034612
1.4564457664579 -1.36822789287112 0 -0.65792623028003 0.382900983132531
1.346786636734 -1.31233321105323 0 -0.506475700205267 -0.0489466282771737
1.11323263190698 -1.15530364340275 0 -0.339314707922337 -0.44765352437883
0.725183197127744 -0.901785623620236 0 -0.244499248247886 -0.741617858797868
0.250353023285641 -0.541482110068905 0 -0.18535692414512 -0.864766785697945
-0.000936085867138964 -0.121655267365936 0 0 -1.07895208358086
0.0500384857097726 0.332921561179959 0 0 -1.27344997397825
0.157040281365519 0.594924826389894 0 0 -1.18860202784547
0.151501726509766 0.807527632591683 0 0 -0.966160741622211
-0.0246628298882205 0.915976278556991 0 0 -0.698084556544725
-0.324946879192588 0.695655286340386 0 0 -0.435030931797856
-0.816548243423124 0.441121380294871 0 0 0
-1.13157545031949 0.313135184478217 0 0 0
1.33419339876581 -1.43780684656389 0 -0.884713547860886 0.736765015269172
1.2139851896607 -1.44117182091753 0 -0.765651508569573 0.285989912373646
1.03593730971489 -1.41651916945728 0 -0.606774499593679 -0.16622218735992
0.81768713265792 -1.33650431413069 0 -0.408456580387362 -0.503146598540759
0.466564619243712 -1.10195405450868 0 -0.247555511054594 -0.698342189597386
0.0918624570811394 -0.782032046118774 0 -0.155262671006002 -0.751039372958837
-0.172745493379959 -0.442519067540195 0 0 -0.719138539840528
-0.159368330239158 -0.0478033918380719 0 0 -0.990500427005976
0.0737355998092832 0.35492742805222 0 0 -1.02050047157467
0.283630638383224 0.638070027597239 0 0 -0.895587186682844
0.222190342977466 0.795565840703371 0 0 -0.681741842950867
-0.0145240579970506 0.70234921043455 0 0 -0.500974155093268
-0.569166675343481 0.423407935975966 0 0 0
-0.84223421302062 0.19394449760221 0 0 0
1.07156705104827 -1.54277941273372 0 -0.908655243280708 0.658795520800474
0.942359449977456 -1.53323591036397 0 -0.754456622386228 0.26511098446031
0.797175651202528 -1.51963012438469 0 -0.545382619778648 -0.071981165209931
0.634856883579683 -1.51378275501504 0 -0.351411265981881 -0.387172525452441
0.483558152730631 -1.49544585214579 0 -0.193207724293273 -0.576825233424544
0.231744760384247 -1.28092589717624 0 -0.225710258448077 -0.609495202395085
0.011237909980782 -0.996806186963402 0 0 -0.488277045041759
-0.032693511687016 -0.518720466436997 0 0 -0.521828106231787
0.146693068394847 -0.00918307632846833 0 0 -0.591551128220299
0.36317520523524 0.312027048466313 0 0 -0.54658954021051
0.271033560184024 0.467252732835388 0 0 -0.424277734216264
-0.104195965918226 0.399979019566455 0 0 0
-0.288572282335236 0.302362656253748 0 0 0
-0.498933749638286 0.115143152615623 0 0 0
0.868810935682706 -1.69477220221784 0 -0.766454474729328 0.676891988527333
0.735173842683756 -1.68059001133702 0 -0.59487087550328 0.349992615533737
0.585504154296474 -1.72583319094192 0 -0.519588623564363 0.0450938115396368
0.545835517500131 -1.83212756568734 0 -0.390133760199046 -0.185482815023655
0.522279493496223 -1.8624879092641 0 -0.25162764391095 -0.432998098381222
0.443174561479523 -1.74663333899137 0 0 -0.377488116613463
0.269828388444153 -1.53678098178764 0 0 -0.42286371185451
0.209833596296536 -1.12945217453188 0 0 -0.518072327076397
0.263818303562945 -0.593669449589554 0 0 -0.36874070728793
0.349093178628319 -0.0776914534671938 0 0 0
0.394928960601854 0.173532085008212 0 0 0
0.262569799328255 0.169970913446228 0 0 0
0.07075379530234 0.0751482712987501 0 0 0
-0.118574495663589 -0.0293587135182415 0 0 0
0.750329232935765 -1.86994245205016 0 -0.6757225373099 0.778037466889778
0.628118228639426 -1.86837536616473 0 -0.526710667595753 0.464774255763465
0.365654792294184 -1.81757873720862 0 0 0.0375341639665652
0.422106989988952 -1.98148138066696 0 0 -0.15568837974318
0.491579926326698 -2.09136662429874 0 0 -0.312747565038343
0.845090619858607 -2.15929920551886 0.153287735775856 -0.311904031925232 -0.283306488212136
0.494473607936468 -1.95682846319961 0 0 -0.44333045234953
0.415424491566845 -1.64598721909445 0 0 -0.443875842687887
0.563423046494226 -1.20455578266291 -0.0227400994059643 0 -0.297438327845137
0.548757837505321 -0.651885288443984 0 0 0
0.584325561820404 -0.27282379278631 0 0 0
0.494277648576764 -0.217251225370219 -0.38019505724656 0 0
0.411577286827136 -0.219923351592756 -0.46486432183128 0 0
0.146578508626519 -0.174156851940244 0 0 0
0.673044478372836 -2.05452426753297 0 -0.566571181690665 0.886535522623888
0.474762825071264 -1.86794522666036 0 0 0.35752839492104
0.45523354605941 -2.03625293928907 0 0 0.196926316187803
0.51863591508888 -2.19075749132604 0 0 0.0226032397805096
0.666382586478626 -2.18385984776528 0 0 -0.156866717379738
0.937280376801734 -2.39934717778208 0.14416378000344 -0.228086570199718 0.0457280410824488
0.973665954245398 -2.3370043487407 0.0747827186063387 -0.13468988345007 0.0149278731585972
0.839490512469362 -2.13910804617287 -0.0612071880052558 -0.0779737303618827 -0.018974692930428
0.569274683480942 -1.65152844113505 0 0 -0.310018193360275
0.701268470490187 -1.22005489173893 0 0 0
0.59181403059734 -0.890001681824895 -0.326306626176878 0 0
0.670172332754148 -0.554204637117683 0 0 0
0.572606254949671 -0.56416692602175 -0.3990534781615 0 0
0.335164661265858 -0.34986643334714 0 0 0
0.637236506260199 -2.34042762568885 0 -0.539423549257583 1.01616964122124
0.515363492721174 -2.09072414455743 0 0 0.426882024789399
0.567408364278162 -2.22463012655924 0 0 0.295279685746406
0.670304539055932 -2.29054824456999 0 0 0.148121858699936
0.670404358331492 -2.71600320043527 -0.0139450021389728 -0.282037150569427 0.44804207997024
0.770000116025509 -2.57391697365133 -0.047123313536747 -0.0362340615364365 0.342894674872619
0.78909337298461 -2.36593083071566 -0.245764314677876 0.310232665831607 0.492868840612572
0.693056653794969 -2.34011557098225 -0.260651059056871 0.199499543607529 0.30808000167113
0.54918537121953 -2.19212124662914 -0.280561026675132 0.104570171948939 -0.0296319483835717
0.820096944477644 -1.70937443117121 0 0 0
0.620253925225368 -1.48437088425498 -0.426712471048161 0 0
0.711486468009189 -1.14147487065962 -0.367501387246678 0 0
0.674618479871018 -0.947806395919454 -0.431934832706636 0 0
0.600974725196251 -0.780647026682268 -0.465513799337732 0 0
0.427117993381805 -2.28977118749298 0 0 0.526242497344486
0.480914379008954 -2.43170872797686 0 0 0.524230464289558
0.573972331205351 -2.50147617542434 0 0 0.430046313910572
0.731457358236867 -2.42129938677389 0 0 0.193683313241085
0.539677500435846 -2.92381665772589 -0.165171994819867 -0.0814161327896504 0.685772580023029
0.592491776289767 -2.75906772569893 -0.327742088380985 0.237494180553689 0.688285307506813
0.326117436956773 -2.4673208458078 -0.575982463510105 0.669081172332926 0.841257999945306
0.282325673741256 -2.52116672394862 -0.531060133121781 0.589512829114223 0.698355926673293
0.410652881304666 -2.52358726768327 -0.509283449533136 0.434624376924869 0.327555075710345
0.91829928295553 -2.0638535281556 0 0 0
0.883659422248139 -1.79187559907749 0 0 0
0.857801531783929 -1.37702672361229 0 0 0
0.743650879283726 -1.03310132631728 0 0 0
0.599106430280342 -0.799929567073044 0 0 0
