"(Intercept)" "X1" "X2" "X3" "X4"
2.1054265072193 -3.02985941165089 0.71394783182902 0.265684677544048 1.74617334916896
2.0004748113202 -2.79470483287847 0.555813590736134 0.328866712051288 1.35791200248906
1.71993838450353 -2.58545185780758 0.430758361719685 0.300107414287286 0.925210870310379
1.3330365038922 -2.34043207113989 0.322079065142861 0.186397994272242 0.507651500529097
0.977267890584733 -2.02473610480554 0.237610778855198 0.0577963386334074 0.161213745551111
0.299867179747119 -1.94777223713874 0.280016945261137 -0.222962644525341 0.0235474983545086
-0.628239506237317 -2.08494382966552 0.596646501836804 -0.488592697939489 0.200348481655258
-0.952833051072863 -2.02985500990069 0.849705024565269 -0.428423515164426 0.310768404795631
-1.18022832716912 -1.96130813434516 1.14334694137005 -0.347967768193801 0.466259130785192
-1.40154762423899 -1.90959009711981 1.39464954506536 -0.271261507124454 0.588008020578444
-1.59706338402873 -1.78338778400686 1.63784223001127 -0.236573765624037 0.686766062230634
-1.79648204528336 -1.62432202008683 1.78624842941879 -0.185445133081445 0.751706211474422
-1.85200160778252 -1.57488107959965 1.85952002504677 0.0517344944928187 0.830190218858194
-1.89234514795502 -1.66922790527324 1.96661273003831 0.346619000014538 1.23656428942508
2.0481485452879 -2.82171093488135 0.618829013278696 0.211002163000123 1.64189337564641
1.93924680624852 -2.57019666700097 0.459862715366742 0.297514014115752 1.22564486319669
1.7891825794569 -2.30891636124639 0.307966997311583 0.363371132600392 0.815513824501848
1.62361462989896 -2.01535112354578 0.149046442478832 0.393877782994086 0.422321229599639
1.3298473815891 -1.64293273252308 0.0428725392118298 0.336921134724183 0.0284023426837896
0.722307934169311 -1.41629444381325 0.0263347203174188 0.111446097696869 -0.24716472783766
0.0321039242490673 -1.30985898750392 0.185095323187251 -0.061785994760465 -0.236174928643155
-0.463577418696006 -1.29768504422569 0.472892391417746 -0.0713434020451741 -0.104622829053415
-0.726414876017667 -1.31119988608864 0.723540650971977 -0.0187119859032212 0.0782367045005001
-1.00093457831183 -1.27062931023441 0.974591612557114 0.0312512731825444 0.179791958047733
-1.18950126119277 -1.19617893066131 1.18085017602354 0.0545554036760029 0.350673928485429
-1.40273600435153 -1.14640825656088 1.35250178903791 0.11315559384827 0.474443193341953
-1.49979536598347 -1.2325391699765 1.51757502809781 0.324347136747995 0.745322858058566
-2.05078690650741 -0.865782584812247 1.38208572452094 0 0.402902562813938
1.9930411701514 -2.59849412384037 0.551918737805695 0.144101347431753 1.50721942312462
1.89080359511958 -2.32465466514146 0.371415500420467 0.257894998030944 1.10145477532075
1.786345832961 -2.03476763504398 0.192795344050299 0.380846346906324 0.697301099508235
1.62624326109851 -1.73683590362791 0.0234328123984268 0.460101756409559 0.291367786190766
1.51918786150279 -1.34619152507572 -0.135589716281047 0.535417526881973 -0.114534425185954
1.20803306757126 -0.952019766423868 -0.215433879776561 0.475398431711468 -0.472355946212326
0.666461210275662 -0.683013965407501 -0.179585308931316 0.32552125751817 -0.587904594446341
0.133312054637401 -0.568195820426255 0.0270761532244548 0.276038044237084 -0.500026550539484
-0.282170358810572 -0.643884400079623 0.27292840761426 0.287787822934232 -0.340665654848775
-0.589141874964554 -0.643371749987959 0.535518578454573 0.320359890558796 -0.223987169567542
-0.816679917045643 -0.643805727073221 0.750294514151308 0.31844063051718 0.042206383277584
-1.04810512773215 -0.703825399304419 0.973044351085785 0.374063419025773 0.254487468108633
-1.2357277112346 -0.908777820491537 1.24179777447283 0.501845714849999 0.697089162650871
-2.0109775088192 0 0 0 0
2.00528654043378 -2.36899251824353 0.532452489376073 0.121729382245349 1.41119672549888
1.87005326194916 -2.07536102984089 0.313027400634497 0.22570837419245 0.988698813157017
1.76880346853341 -1.77384763195171 0.0814465673556392 0.362574343783742 0.573520021714891
1.67110587826182 -1.43448323262018 -0.1037573118141 0.5153156913772 0.169686903258472
1.55297456707475 -1.06289015272911 -0.262528156357756 0.61535020714985 -0.227443864271659
1.43227438632881 -0.683331717820084 -0.422580209446924 0.662756096023581 -0.616081826980677
1.12768962381618 -0.226014112912433 -0.473210750035942 0.553520840489414 -0.847350670602289
0.719638848625181 -0.0121025761595782 -0.436472535833493 0.544107379454178 -0.828339113323441
0.22484508848317 -0.0341819684280127 -0.195925236668934 0.541331614321576 -0.715940055411799
-0.192831573285861 -0.0588588086622563 0.137598201739 0.57276602499746 -0.563887290378617
-0.477218625024633 -0.148154819840566 0.346638804019181 0.526341025286575 -0.239277606977691
-0.736978379009383 -0.365319369616308 0.677616837442089 0.539582544635886 0.159946769936234
-1.03090544050284 -0.642486309508334 1.01578383978724 0.563776018958227 0.719829627811598
-1.70116739709271 0 0 0 0
2.02233322161859 -2.14101393966604 0.515117522778399 0.0533501235034639 1.32210486461514
1.86206788417372 -1.8565296777492 0.297012660534283 0.160875841463554 0.868725132008133
1.71424832412273 -1.54688607599906 0.0445891156535711 0.282318398385637 0.416259536812805
1.65259747972013 -1.21843570610733 -0.176888886862951 0.462049577967426 0.0216310132958727
1.55298791098965 -0.854352007572429 -0.348829458796788 0.596755236495321 -0.33512242980731
1.42934481717001 -0.504193743004284 -0.521025265466362 0.634412913529631 -0.730877322117717
1.272765291289 -0.0514723348974358 -0.641144145045091 0.590217627520796 -1.05950222302508
1.07703978029493 0.276175813531579 -0.704840606964796 0.622489685799336 -1.109982307371
0.73920182017528 0.413513326888408 -0.590750950478299 0.69015048475277 -1.05843932932189
0.211943606477629 0.382466176614727 -0.304211178704881 0.69923156493289 -0.782777491182996
-0.171538471924315 0.177060552117973 0.0781754354226264 0.633828231828617 -0.391719270103191
-0.749421555700609 0.187003159613809 0.432962523005686 0 -0.13984042647977
-0.984073957901087 0 0 0 0
-1.40780735265569 0 0 0 0
1.97296983435608 -1.9826667186877 0.457600569661703 -0.0587492717532275 1.20455269040221
1.81919444470127 -1.70070622792858 0.283214974814664 0.0495589741551602 0.7221371486886
1.6277025018056 -1.39592876122988 0.050298289951317 0.125229157094967 0.208079127398978
1.57989383741206 -1.09167715308814 -0.146883184097186 0.270165644534081 -0.198820589270514
1.47978703089895 -0.784758762889401 -0.305046069493532 0.341408964532231 -0.540525246543301
1.30312758194087 -0.447452542030613 -0.416772608462558 0.353305970102636 -0.909599570231915
0.943065442138986 0.0328840985550825 -0.45002344364746 0 -1.1604035254783
1.05162197811326 0.357246145197855 -0.714811153748812 0.322759716358494 -1.39531775130624
0.966525262376408 0.519462901278785 -0.720721173738826 0.506769659094284 -1.39207354154927
0.581976370452748 0.610068006565864 -0.522894596279542 0.47631706281125 -1.03958450701206
0.118251008532591 0 0 0 0
-0.1450398427981 0 0 0 -0.326740519444021
-0.71492927915135 0 0 0 0
-1.13111121915574 0 0 0 0
1.75367182202759 -1.84216755139403 0.378245613988095 -0.139122172931346 1.17640271040844
1.66768420524867 -1.62537772072058 0.204745239833611 -0.0663996736813347 0.563505705952193
1.52238742230079 -1.3265682537283 0.017986105419423 0.0385234647754737 0.0322966263879587
1.44287196995462 -1.01598388320506 -0.153517359130324 0.152705266626778 -0.426959428489672
1.29568096050028 -0.712799894258831 -0.27096049127767 0.204693565784431 -0.817025494769232
0.819690356923457 -0.413382769151051 -0.200433550778061 0 -1.10673884653271
0.715726313760809 -0.121195935566256 -0.422918133637471 0 -1.41133399800873
0.777255172188324 0.234420682807757 0 0 -1.31002813027779
0.657432401136508 0.430479910103131 0 0 -0.865580679078481
0.577645299169253 0.574553034008746 -0.41290573353642 0 -0.98123996306763
0.285228028362123 0.582338006769266 0 0 -0.58441889576606
0.0357320888199877 0 0 0 -0.226650416111084
-0.48078694560425 0 0 0 0
-0.872474394498293 0 0 0 0
1.22941005471301 -1.33718022882943 0 -0.207995499438831 0.803895122384299
1.21661942529559 -1.26251111692759 0 -0.187195439880576 0.348444896084158
1.17909555085995 -1.15271126447622 0 -0.138222440889484 -0.18821396931014
1.21718882616224 -1.05318015098858 -0.056708908151671 -0.0175328327842271 -0.667057519788806
1.11254064135236 -0.858934183963275 -0.0941275245073335 0.143765202125889 -0.99350030954375
1.02317829257192 -0.619335661401472 -0.256500596226426 0.17706158027992 -1.19350887928561
0.614211600293148 -0.460364347293646 -0.333931269726567 0 -1.21540444304996
0.496015769492166 -0.227389310395129 -0.310044628965836 -0.184879775488253 -1.19240797875182
0.522580099814274 0.161881932444871 0 -0.265457103394806 -0.925739461666761
0.639192026539648 0.348639040097765 0 0 -0.7483694447753
0.579945200617169 0.526509496158337 0 0 -0.563668531218525
0.366080833048774 0.560461189910961 0 0 -0.285410962528431
-0.0928387831258684 0.308671967635912 0 -0.0755435008844886 -0.0110773120037123
-0.652933679994869 0 0 0 0
1.06214849246162 -1.28841613354129 0 -0.396265566036313 0.700132439799586
1.00109207339985 -1.19783968548061 0 -0.334209438695128 0.246019463114976
0.987597176647876 -1.10882770024198 0 -0.270023589875948 -0.208711515901956
1.06613346350744 -1.01936063548887 0 -0.116303676865932 -0.669247807932973
1.18706564889085 -0.990840931859486 -0.112497353077052 0.0794256187830583 -1.04086759107073
1.04081839965858 -1.01839224685791 -0.159280846974568 0.0388339765531058 -1.09053301882343
0.660836238061911 -0.94530028760437 -0.240483537666325 -0.0490966573322392 -1.02861385005216
0.49752278323674 -0.656594722578718 -0.258912174466514 -0.143442670233355 -1.04519130673257
0.59338954098357 -0.262709727610082 -0.301467247485426 -0.210661989714568 -0.953699096220416
0.687179127920865 0.0814857539830193 -0.340801741688221 -0.296966116269063 -0.767462469804384
0.809590613185442 0.283740302926301 0 0 -0.434251732927244
0.732664037221061 0.44309530699085 0 0 -0.207134198438547
0.482502588794962 0.456667473020723 0 0 0.0886577837183397
-0.133241299810908 0.0991190112391082 0 0 0.240318165978175
0.451416265160845 -1.06740043706323 0 0 0.338574036529024
0.547705141029451 -1.04139668742647 0 0 -0.0500808427629188
0.790708239097706 -1.07999633861504 0 -0.247780799235415 -0.264646962927654
0.90428250537884 -1.22232120819887 0 -0.240205685906422 -0.598852747016218
1.10272738369098 -1.29519260177002 0 -0.201795384431203 -0.780642692556918
1.15029301590973 -1.23649706981214 -0.165850178326792 -0.147222658430694 -0.944073923210798
0.98530171402499 -1.19182193229093 -0.208354879345772 -0.110684610949213 -1.02340226804844
0.652403820107008 -1.06630191714547 0 0 -0.658927860194168
0.695940730954491 -0.686781081579966 -0.231388165276981 -0.178345691294765 -0.805071651358455
0.689473989359093 -0.268937325808631 -0.281980338045204 -0.372417677559875 -0.652065528181021
0.926253105091157 -0.0467051887515032 0 0 -0.320490010031975
0.942834056477889 0.205153668185281 0 0 -0.0788242864358512
0.85055916957565 0.367482840517694 0 0 0.212486628418611
0.457308028331836 0.239927159281553 0 0 0.373787524488293
0.274466889348643 -0.991188031399196 0 0 0.264562608572354
0.654704848905103 -0.980270695174543 0.0419402585747442 -0.266802760477643 0.108925705504819
0.802742600723299 -1.17384985258603 0.0482672752555322 -0.334846984993123 -0.27850359142087
0.882662301021662 -1.43443426835345 0.0655736486247984 -0.334488394206109 -0.508655161739032
0.818277260157432 -1.60616529470994 0 0 -0.557452608804515
1.14701874717077 -1.47676381017265 0 -0.363839257638767 -0.716963513025887
1.14813551146931 -1.3590281508763 0 -0.261639562577305 -0.718634415889962
0.949709743285086 -1.29573675674731 0 0 -0.506861576326634
0.913073015178967 -1.15115010008543 0 0 -0.484681726718428
0.835130509229903 -0.694096734996286 -0.248689161388168 -0.329538736978909 -0.483516257385957
1.03262539254259 -0.353985810629088 0 -0.201786813381029 -0.214605342118784
1.0920215867051 -0.108919709716161 0 0 0.00141982538857443
1.05742125636062 0.110206846972638 0 0 0.240427404305303
0.870897610072018 0.201332386847834 0 0 0.514407339058622
0.181438179738575 -0.994747444771327 0 0 0.155381279078167
0.703758728564649 -1.02259284783527 -0.116996153938088 -0.363384263406194 0.0710547709306666
0.831634309904992 -1.25628119367532 -0.104611827399874 -0.342486140125997 -0.224893076922989
0.733606190659227 -1.57678387263335 0.0351742440797223 0 -0.394623417444613
0.951733115376356 -1.69225801308552 0.0622274471068694 0 -0.467099880688357
1.12614910343633 -1.63684418590141 0 0 -0.514420069034489
1.18377293266423 -1.58461208768811 0 0 -0.497589402506337
1.15033716224476 -1.41369875219004 0 0 -0.48372321877655
1.09247121486899 -1.29675270342106 0 0 -0.483099963073103
1.15423403631266 -1.11203314696515 0 0 -0.272585105358769
1.20567700541865 -0.767055261159123 0 -0.141513046920405 -0.121353668314255
1.22270765061161 -0.467736273088691 0 0 0.0345851808204587
1.24680008083479 -0.192261492164474 0 0 0.317331155039162
1.16682048701874 -0.00679782151073683 0 0 0.583652204743169
0.630069931186398 -0.878168482859068 -0.246581396739366 -0.467696854736548 0.402719434582832
0.789255323499337 -1.04703291620114 -0.304425232033002 -0.374217789303319 0.081176922866332
0.572879818491978 -1.3624328704804 -0.127106860042826 0 -0.188562559210624
0.756096233086443 -1.58363019042713 -0.153925388967522 0 -0.305111376119038
1.09495241152596 -1.64337183516657 -0.160906057794584 -0.285482278870835 -0.306647977033922
1.07572279304164 -1.56961307787512 0 -0.190991448822973 -0.420941923665403
1.1010359931201 -1.64502426003506 0 -0.220037247895555 -0.353100914914774
1.14360690080539 -1.46427995305664 0 0 -0.29146655812331
1.12183201168142 -1.38557464687927 0 0 -0.306956947251402
1.13878215632722 -1.27711479162184 0 0 -0.294726717862855
1.24415261844223 -1.06564590273707 0 0 -0.0714328250736254
1.33825865636155 -0.812677768202403 0 0 0.163776829807396
1.40737975865085 -0.530283232503245 0 0 0.384987698157574
1.37787504999782 -0.293354212663033 0 0 0.533693866657658
0.624775907333494 -0.928132972947184 -0.426308562829636 -0.459564749785663 0.321362996174957
0.342889972313479 -1.17663409542654 -0.246764068044276 0 -0.0103787103953636
0.50560056002118 -1.39490212476955 -0.258399815066662 0 -0.14959782860175
0.991897132879828 -1.50250642599351 -0.459486264745008 -0.250770192293476 -0.124514683412863
0.859249901199232 -1.67633352383895 -0.231460732014873 -0.13639885596666 -0.113547468878455
0.734106531327814 -1.76658193983398 -0.169016334207358 0.0579304101451511 -0.0364443439243134
0.828711205215202 -1.77285669798678 0 -0.0608397074245432 0.00754940610388239
0.96975260311408 -1.62190065762098 0 -0.110721375631325 -0.0145243987576279
1.05970551386423 -1.56496333343945 0 -0.0434277121218268 0.00876333559841127
1.04074349238176 -1.3519653715429 0 0 -0.279877594229361
1.12877440779252 -1.26625985918944 0 0 -0.249379410918413
1.21787807696333 -1.096720059366 0 0 -0.104320771516604
1.2964369578313 -0.870529334746605 0 0 0.228758450325344
1.2719049751939 -0.671770250690886 0 0 0.277680496080004
