"(Intercept)" "X1" "X2" "X3" "X4"
2.32945653879728 -2.12317174087292 0 0 0.973600545874408
2.07333386993513 -1.99379733967084 0 0 0.779936442514398
1.83553172730176 -1.76244882197426 0 0 0.521800994168628
1.62874833258918 -1.48006743952688 0 0 0.258264404714814
1.38359109208224 -1.24212323845733 0 0 0.00231054386373194
0.548422721596523 -1.27436823535204 0.50511060633323 -0.174549948342225 0.167473660742834
0.163166398542349 -1.4314621290662 0.717080627150587 0.0867864139137264 0.530752039970555
-0.0618525257044016 -1.43246620115537 0.919245105672719 0.24979068136045 0.608555419898644
-0.479193917014872 -1.39438724553031 1.24957294781324 0.292920452861368 0.607507824977282
-0.924936785194451 -1.35007845042304 1.67859033057309 0.267263115818478 0.490609730561388
-1.3074982979204 -1.43288898987293 1.96653182223847 0.342289189194018 0.498469290386269
-1.43354929349644 -1.63624229211898 2.0713779477144 0.49442237772503 0.440577407691021
-2.19802154876621 -1.53791394674399 1.67457315400111 0 0
-2.55690837056314 -1.77760243049341 1.63666118459612 0 0
2.3185020557266 -1.87137220577379 0 0 0.806047954016577
2.00327689455198 -1.77786495112813 0 0 0.686169604713707
1.75319794644101 -1.5671439715002 0 0 0.463962147637352
1.54914480551239 -1.27211372552119 0 0 0.189387778622896
1.36866879320553 -0.960843982684027 0 0 -0.0975027248830526
1.22268443442181 -0.721839377975115 0 0.0573270664231619 -0.218430803152251
0.435591706926786 -0.696224742854476 0.381193383310895 0.0497822161329886 -0.111329748148894
0.127838070714316 -0.806576899655964 0.714215219356937 0.317230564267325 0.185814784382164
-0.252397208074188 -0.815743105881327 1.00666941130357 0.373305504013169 0.18853635217374
-0.852089823657439 -0.798120424912928 1.43933710095678 0.425373426814349 0.234037491981392
-1.11128802309941 -0.922253482362638 1.60671777247423 0.491495256543766 0.249371724550323
-1.67360368181809 -0.919158968605362 1.40465980659682 0 0
-1.99889881822125 -1.19729382775723 1.39767561929998 0 0
-2.4008213887786 -1.48608355934376 1.28917600574632 0 0
2.25394878482507 -1.73207280766375 0.0982583537740545 0 0.812126664287099
2.00173033062889 -1.51994779999521 0 0 0.579654279960478
1.65935899408324 -1.37078432475136 0 0 0.382899696643818
1.42601739978992 -1.09443695972347 0 0 0.117818694722589
1.25961297696873 -0.787659141024992 0 0 -0.193352815904471
1.24743176839396 -0.440080536330817 0 0.129433188529662 -0.409112485832988
0.898668793783257 -0.200811164732796 0 0.0275289906071114 -0.606993475070227
0.391688893509446 -0.1255636019572 0.324401624156514 0.334050914051235 -0.4790188885689
-0.00843381646272811 -0.273494612932916 0.834290067384699 0.534826404272952 -0.289274840671616
-0.624552731366315 -0.263574716847624 1.11291110873558 0.582438427426956 -0.115860454018515
-0.921272235803319 -0.371053185371956 1.224857575801 0.616562555134523 -0.0237613700346609
-1.4779232847844 -0.530123458927512 1.16743404751481 0 0
-1.77647586577114 -0.854818061586039 1.10026672996384 0 0
-2.14489089544072 -1.22116042699819 0.994914968825195 0 0
2.09979172779658 -1.61137906045098 0.0911915580291801 0 0.704655897278038
1.96259587709296 -1.29530614354166 0 0 0.516600283271386
1.61341753408346 -1.17565099539243 0 0 0.350436964981276
1.28146906775703 -0.952094382524216 0 0 0.0319063924339774
1.06842559278772 -0.667871803566258 0 0 -0.260565104729556
1.17126177932547 -0.300982560745307 0 0.19557512056916 -0.562001436047212
0.973982890716839 0.0506453615584017 0 0.14844404967992 -0.872840476497655
0.803427112119228 0.318472349389307 0 0.281728454132525 -1.05228710259979
0.298018433936333 0.327276265203279 0.354821819258447 0.699615137975951 -0.88833944543278
-0.275680685684901 0.236635698794386 0.689447544276279 0.757970428637195 -0.531873302396762
-0.693186203136035 0.209122922116836 0.889882847679137 0.609188171363505 -0.279264898597527
-1.25839762037921 -0.120657477511202 0.886509874231092 0 0
-1.54213131294283 -0.533550261712144 0.765767983090056 0 0
-1.86497505637 -0.988883597937594 0.624381010669522 0 0
1.99352779058384 -1.47434938036792 0.141117425524918 0 0.616008292539469
1.82351531497827 -1.16727482806233 0.223106588763438 0.297762065252727 0.645439741279454
1.56327656666168 -0.985602647771439 0.0290675060820008 0.326059922635356 0.320057831511731
1.26541869845118 -0.793593352661393 -0.135890820142823 0.363089719615873 -0.0866545186913841
0.934603012186297 -0.537594666906167 -0.227008998243875 0.347811736855896 -0.490415954559177
0.762116375470438 -0.155575773181387 -0.179287681227164 0.349872716939915 -0.755589486176423
0.898810888365732 0.152934479730504 0 0.233517023705832 -1.07963752006194
0.827004028457237 0.502870956928338 0 0.378630822869872 -1.2711314312212
0.643541244845708 0.717404398668267 -0.143782615621629 0.809531419172122 -1.24705352428172
0.4115016480232 0.854982286931745 0.0672703656867808 0.758093987980958 -1.13453231210606
-0.28045230050231 0.677591465042902 0.455103912949258 0.626338466516158 -0.604709798462394
-1.02771175508293 0.251580311704376 0.610602065924935 0 0
-1.35883868655316 -0.330402005002998 0.443399412225455 0 0
-1.81274331956643 -1.06673664101808 0.283030900125325 0 0
1.88049899337141 -1.27661231421015 0.111881123092785 0 0.622513797398249
1.63695286129683 -1.12106872131039 0.151667946552121 0.271699128423694 0.646157617623458
1.32536355050614 -0.998422942962522 -0.075168757659607 0.33853996877286 0.312571057185525
1.00556665358239 -0.827618057910727 -0.276491148662889 0.421152653678418 -0.140085105677954
0.663035219337762 -0.551655422829954 -0.418823193350786 0.476233948629992 -0.611085049482764
0.404670821945917 -0.139338778399802 -0.355250948875951 0.445358463464698 -0.941710149896665
0.621540170513538 0.114701494856004 0 0.301692269919484 -1.22259014737461
0.833702496636358 0.480904101095567 0 0.33160850684109 -1.45396194617063
0.732750680937672 0.73565486643025 -0.413621656910883 0.775495963729938 -1.34404863951305
0.911724649392711 0.922584272879203 -0.146301655071808 0.667918828948349 -1.45943882513073
0.569499832876883 0.881834749485337 -0.124955885434096 0.681620399674428 -1.17195271087055
-0.380641065643802 0.263946391033107 0.0643480443800783 0.74053450262801 -0.52037123633233
-1.32230111198241 -0.461151841968391 0.196456047051898 0 0
-1.79225042068469 -1.195294590041 0.0588124964721961 0 0
1.61250419747696 -1.27608993115586 0.0488316845413691 0 0.629022342907473
1.37010469486813 -1.14693364413662 0.0522877063044121 0.212655882073811 0.604977063222518
1.07673277481513 -1.04608253357863 -0.154802166465975 0.301548381148686 0.307846474234716
0.715687698533898 -0.944752814211739 0 0.28720700489811 -0.0817949224850936
0.427311768328331 -0.683086599535195 0 0.400888721914658 -0.723273993956943
0.250272180550909 -0.398133604026729 0 0.36356746289705 -1.14778023057334
0.445326844505706 -0.16400697351994 0.0550667599959065 0.345679002501596 -1.2810118954774
0.586780075617168 0.098178882397228 0 0.285707693753458 -1.31164002990378
0.299300247152281 0.454890037094833 0 0 -0.976767170023962
0.937071228726434 0.617073824616903 -0.0691819265060985 0.52474851231003 -1.2783641731427
0.715344759390238 0.659588004055583 -0.23241316569849 0.616261711856852 -1.12825509308064
0.311296143197203 0.609248337562955 -0.297461497442306 0.54255971170707 -0.740667176080567
-0.71653411644854 -0.46654382779485 -0.158829002844111 0.314606747198058 -0.234108671979224
-1.55277632762444 -1.13068061252501 -0.125559085783556 0 0
1.12612471626792 -1.34978729186948 0 0 0.300634549673983
0.853574832101367 -1.39109004203499 0 0 0.277297158947539
0.532276635900559 -1.3042009088871 0 0 0.0766531452158377
0.293628857333922 -1.24272271956098 0 0 0
0.556549128662575 -0.928633324607933 0 0.410518574566533 -0.751002002454576
0.505172275178425 -0.866779501444481 0.162872366913213 0.426606347928305 -0.996460827397501
0.26427353471429 -0.562758105401374 0 0 -0.995653518147111
0.284579802706199 -0.229915117266629 0 0 -1.03071890441876
0.374022752835057 0.183358538148271 0.124769378420905 0 -0.933965603603477
0.633524520282261 0.420306946149019 0.0486275712649215 0 -0.905761030328182
0.659236858521734 0.465785404166377 -0.270052988937057 0.441403924316736 -0.857348923307624
0.339139711003709 0.335519178840067 -0.431502077989157 0.373044998908771 -0.664862140015729
0.0601172537438477 0.0763699610942824 -0.681524043573587 0.422125149063549 -0.444823945389432
-0.77520679590559 -0.869688080836004 -0.719364298144575 0.204290682294077 -0.111716715571232
0.643395564721069 -1.36834453457663 0 0 0
0.469908069384167 -1.37965030592041 0 0 0
0.282091983000406 -1.50024069596495 0 0 0
0.203170929142249 -1.56186849054062 0 0 0
0.58040151097034 -1.33369064161742 0 0.37756052164595 -0.462006167883828
0.547557189709685 -1.17915489491545 0 0.315320051345197 -0.694947492063356
0.374161830664087 -0.948379168182639 0 0 -0.738516511004827
0.407985138223685 -0.619843871083826 0 0 -0.841386489873459
0.564077467984062 -0.220189486745054 0.127853978380809 0 -0.811596385374043
0.681484215533849 0.0404222763399252 0.0357749864827735 0 -0.73603720057347
0.540502798050249 0.149954156001498 -0.184755364122858 0 -0.639657948448864
0.320255737096753 0.0842091945007416 -0.480324065777865 0.118615965777832 -0.584853061502194
0.122471169705425 -0.0915932740460413 -0.765888299232746 0.1953640184031 -0.439575566239396
-0.0168092144354364 -0.249829798958344 -1.06041274804132 0.29407659510807 -0.311396330221965
0.507795048881279 -1.42436726503576 0 0 0
0.416762266582307 -1.49157878506312 0 0 0
0.312102465461562 -1.61941125767814 0 0 0
0.25496071494465 -1.67686566629568 0 0.203117819218142 0
0.314367808293138 -1.73061635978881 0 0 0
0.726407632579316 -1.45399998502348 0 0.33510922067859 -0.511490794814821
0.829436922301265 -1.33987384276579 0 0.326983862002507 -0.696198809457063
0.703203208000356 -0.960713852924002 0 0.216153569576079 -0.691098263107448
0.808435689323421 -0.623276812701067 0.0119995885517724 0.0662659995207043 -0.775732769992831
0.629416137337997 -0.283743361899895 -0.0819488992372806 -0.200520629226447 -0.67840205192194
0.551603345253253 -0.16541905553019 -0.227482671619772 0 -0.494552413271174
0.429263633956675 -0.140508805890221 -0.46649711866939 0 -0.442169790783099
0.245922829695155 -0.217585418324798 -0.738601952597089 0 -0.378399424220623
0.152798803286251 -0.328805332822331 -1.05976386079096 0.201830525764177 -0.287976169259358
0.183923001432178 -1.2084359521294 0.40401617710074 0.406497541924991 0.490101783759577
0.078553419962663 -1.3886647189445 0.34549782198501 0.346553421031594 0.353299167943631
0.0381513782479155 -1.61114251220017 0.294515534556308 0.304544369590533 0.255945172505652
0.182861579860987 -1.7812968037256 0.24623571046272 0.307055842862442 0.197948954999725
0.557146221558323 -1.82543921870647 0 0 0
0.677716760300898 -1.71670007804223 0 0.199621703691393 -0.199142362130001
0.992227890709428 -1.67600408391027 0 0.384281044385405 -0.540751691413083
1.06041862653832 -1.38892130519523 0 0.323705463026579 -0.592307698183938
0.971394739534372 -1.06927248248796 0.000457900633529285 0.0749902593684579 -0.712574576050093
0.705817656649958 -0.72738786951177 -0.147467410223806 -0.169565227564316 -0.629510773903507
0.435264262344444 -0.491425403193678 -0.2977150350918 -0.399513142789445 -0.545666735006689
0.497034846678169 -0.454430230802946 -0.506751589930182 0 -0.378915024016891
0.370482812841571 -0.462053481864234 -0.816249179889999 0 -0.36911258294215
0.203134929035735 -0.472024643827736 -1.02750902740785 0 -0.336421104451121
0.0779356286808244 -1.28485951516428 0.486441221280213 0.429068439947354 0.52753307670658
0.074790454768691 -1.47729401827325 0.397989374115645 0.401416385408889 0.422378724375391
0.190893947820289 -1.65378536230432 0.341515001031455 0.399019900753814 0.37394728473206
0.394497015237418 -1.79413970965968 0.309266647611915 0.358087903943807 0.261027634418985
0.872957739844672 -1.84221475692144 0 0 0
0.920791520789869 -1.91907504864282 0.332573761338733 0.207333546245919 -0.11271218387605
0.98399005447624 -1.79904900147693 0 0.268096648765887 -0.224182640984408
0.844859817799866 -1.60298354322259 0 0 -0.341885658158125
0.78317142621968 -1.38635369477993 0 0 -0.32532257005016
0.805704740542773 -1.17833319418967 -0.178169157051126 -0.17278697122727 -0.59886931430096
0.495622259001451 -0.91261763750974 -0.349665755077224 -0.443366741608906 -0.518116514967526
0.608329468288677 -0.782842024187873 -0.486819962787916 0 -0.308228939152641
0.463844439398706 -0.736654613672336 -0.829833086428352 0 -0.362167497574218
0.307901028093346 -0.700453749086628 -1.13346524924904 0 -0.333801490476055
0.0701681663859042 -1.49287229747453 0.635720625792548 0.427175852014177 0.729668855808629
0.22743261157296 -1.55221624281482 0.458312099512286 0.466922976923758 0.595262513206431
0.375829755999557 -1.69746522943434 0.410545265216497 0.451202920586452 0.492903876759141
0.561664440837399 -1.84148866945194 0.363520225546985 0.377513841470988 0.349523833982601
1.20912477634206 -1.8074581046105 0 0 0
1.23337666303754 -1.86861368283625 0 0 -0.0290765898173615
1.29544459003904 -1.96389488280415 0.26537106253595 0 -0.0449283701599311
1.07581185197715 -1.69416359600261 0 0 -0.218120247991876
0.988169560343477 -1.58663381275062 0 0 -0.277664137929149
1.0234859652591 -1.40595290374333 0 0 0
0.613284001530598 -1.35042179863762 -0.394526325348426 -0.434698030434247 -0.533689719342216
0.38520521953801 -1.1552757867837 -0.586710585236188 -0.599601920211983 -0.452445632046711
0.567575771772585 -0.992111397806133 -0.780633370003971 0 -0.317306986141486
0.369443360334135 -0.900889160825843 -1.09725964926422 0 -0.340651396887343
0.161251331549616 -1.61048884558128 0.705026964365918 0.461674760787032 0.921569081643612
0.397187681047838 -1.6325724236622 0.487606087011926 0.519930881067601 0.73813658059823
0.514970575417545 -1.7982453005687 0.447751698780154 0.450059195793517 0.599153946511991
1.10437121443784 -2.01035031679666 0.259651070489962 0 0.369403995902506
1.2569594503876 -2.04091536654604 0.243485375069257 0 0.224892506957357
1.45375031435114 -1.95721270060194 0 0 0.0776390597024188
1.36315925024787 -2.02389848538066 0.202587395611005 0 0.0395991317352777
1.61453120246268 -1.51084683350314 0 0 0
1.42823566832327 -1.50950282220807 0 0 0
1.29086653306379 -1.54884309743036 0 0 0
1.24394226925121 -1.43071069727489 0 0 0
0.836055582447823 -1.48359364303153 -0.616521933121815 0 -0.276677737915806
0.647862545463936 -1.29601494525296 -0.827154951101865 0 -0.313229850663226
0.509840983690485 -1.11655003686732 -0.953979184424104 0 -0.284054049788866
