"(Intercept)" "X1" "X2" "X3" "X4"
2.48427481834205 -2.49481248721875 0 0 1.9191524297677
2.03651936744356 -2.48545605450397 0 0 1.39023060730216
1.72764383545908 -2.26893931228357 0 0 0.569645349656937
0.640934434434508 -2.42928186680333 0.0355191091336313 -0.49994195718639 0.390332976742753
0.241271127646851 -2.20067086688664 0.179713066946601 -0.599056082460878 -0.00126075905997429
0.0993134298708376 -1.87128109003618 0.32431839299506 -0.543396035278729 -0.104106949051755
0.00476682224895723 -1.59761416392405 0.509832266629212 -0.430366242895758 -0.0577613971956027
-0.0395313026629342 -1.6780239680812 0.828295699052336 -0.119850524104219 0.4664737076452
-0.264948951648729 -1.63024426786658 0.923662920152228 -0.158538839086213 0.601134772956857
-0.438881102022132 -1.57105750645237 1.2284925744036 -0.040543063303999 0.512386077507901
-0.721678372820411 -1.23132808043128 1.42717193954771 0 0.0447505026181887
-0.876378668954842 -1.18730002571557 1.72134537690313 0 -0.153516659094873
-1.1625050740733 -1.18748204926949 1.86638356071047 0 0
-1.37907431461419 -1.35992818804693 2.24492078725053 0 0
2.51769739064736 -2.05929421186661 0 0 1.76226843141557
2.04401529902517 -2.06923654596308 0 0 1.26340166157632
1.69206673927447 -1.90254335064064 0 0 0.667890913241434
1.324404099762 -1.85105900206183 -0.207536735169139 0 -0.0370232165761476
0.357399342063034 -1.79196002602602 -0.053441880853132 -0.38469372455944 -0.238993905988472
0.221733280925935 -1.43288030878204 0.0484364235821764 -0.319751551632326 -0.333653016203027
0.227905477838638 -1.05253008668942 0.233556430183889 -0.20092032040158 -0.424743460538003
0.195389008063685 -0.876463795151118 0.251071931028486 0.0220348313164745 -0.147350418304616
-0.0758255924784734 -0.877629777768202 0.438132858964807 0.0809377284958536 0.059421752276289
-0.24859075061934 -0.869113391555891 0.714082264339531 0.173004043911188 0.127850393539267
-0.541869410722745 -0.857097383033245 1.08644256835056 0.242145153321878 0.0171798862526421
-0.953166758674455 -0.761111922089406 1.60467864008723 0.0719368171550758 -0.152008918062119
-1.03676191529383 -0.803414418626632 1.5507204502376 0 0
-1.34910859194183 -1.10812992877657 1.93015668077836 0 0
2.46757627981071 -1.75339392868413 0 0 1.64112489238158
1.96894524695452 -1.77964864849675 0 0 1.08664105232161
1.69097627852255 -1.50029691184395 0 0 0.592560375595912
0.938738806679568 -1.60388071634199 -0.282513773875896 -0.159770911051747 0.22230261782576
0.540407114741457 -1.38192672059717 -0.311187057136882 -0.128111148686863 -0.466274668312588
0.357117973766132 -1.00526125854619 -0.246147314230131 -0.0659035403469418 -0.584058636112844
0.419737167284544 -0.62755367592815 -0.0749801031408257 0.114301497919581 -0.667435103103574
0.383684958157733 -0.351980733705119 -0.103238617733803 0.269081498160863 -0.575981645593125
0.204851831948142 -0.00143698795328267 -0.0662629309677319 0.194925528658873 -0.5534319300916
0.00444064054923129 -0.272540996853175 0.187546587543515 0.41321995046771 -0.239189250168918
-0.345547091335397 -0.202398006865896 0.660080132887176 0.247227007859521 -0.295399433438405
-0.747045557528987 -0.12699016894609 1.16743721247259 -0.00343033701235409 -0.390137214303897
-0.99182017474046 -0.437107738940537 1.13914449495632 0 0
-1.40401860514748 -0.884239834882317 1.49213516362751 0 0
2.6441720729877 -1.06379047315589 0 0 1.50086394236288
2.02642072119462 -1.29944851480736 0 0 0.961847024293143
1.61850542244733 -1.16840491570816 0 0 0.386358811689805
1.04933293730419 -1.19795072084866 -0.387559591668314 -0.0171769039173828 -0.000189498391078308
0.657962936665445 -0.976571924649633 -0.552918433690251 0.0736835643158914 -0.54285313452553
0.516399210692639 -0.551956888202602 -0.564345618411618 0.163377670977968 -0.812239872569568
0.610431163552974 -0.149568914883308 -0.501316011701835 0.312714330390961 -0.850900984742077
0.650136988451223 0.098495006620953 -0.46541196099544 0.465909288909246 -0.780627823356712
0.394305522940721 0.441769705865667 -0.392575389133648 0.508219876333322 -0.764458308726653
0.185618308521514 0.651648961025671 -0.220268929184402 0.3138980140562 -0.654947880666612
-0.176255740105793 0.517905980921218 0.230571479232049 0.189600518032549 -0.496229622814598
-0.673303827268015 0.232627235680333 0.45798457282286 0 0
-0.990176629822847 -0.181464945757719 0.735407081648635 0 0
-1.45959189826517 -0.464629937478021 0.92080953458445 0 0
2.17397945067318 -1.31098664593864 -0.0355401093173733 0.007424411136415 1.50019526903941
1.53574007715221 -1.26475860355904 -0.201303881087997 -0.0238476580119078 0.749348853797041
1.16829735725786 -1.09763082867412 -0.322590632902109 -0.029437404795386 0.155364828140468
1.05867352847321 -0.777050751305729 -0.453693750067058 0.102252127060184 -0.217385245549416
0.925982667054125 -0.638188106986292 -0.719048410255543 0.344265784281454 -0.624945847741906
0.49396669529186 -0.188253774527433 -0.773782421079569 0.195318144083384 -0.851662805893517
0.527441962822762 0.18846300580784 -0.793240788358115 0.18719176159707 -0.839714172291981
0.740248519481494 0.417799415001741 -0.766606518830902 0.403332324216508 -0.86262145082207
0.761231354330625 0.756385814278612 -0.563939973408773 0.309201266474344 -0.816932882072608
0.294185432311497 1.17627707379574 -0.290849482647464 0.205358399259776 -0.671501767018132
0.0247219662991954 1.48993134251155 -0.16043022517973 0.271116161236496 -0.629294534606382
-0.482388062535359 0.647226684770543 0.174938572210198 0 -0.23363969305922
-0.737455098540166 -0.0358249837286925 0.447309839530419 0 -0.251258086405357
-1.67435842530508 -0.76042961645955 0.993710595561733 -0.640873317651395 0.00806457686919906
2.11588220830171 -1.39405685440083 0.194953935118875 0.185339678587397 1.3394077878912
1.49784225477653 -1.22746525143441 -0.104785352719677 0.182928043296179 0.746455211475356
0.945959462185121 -1.01463296446747 -0.449515455389828 0.159112182973158 0.100162516864147
0.910789415307114 -0.632335633703774 -0.585967107996957 0.265298344872444 -0.413761190878388
0.815391018547357 -0.367843263076302 -0.732956455764497 0.556309113198597 -0.727630316438051
0.295969336345065 -0.179210361802071 -0.342467997721482 0 -0.807056218947243
0.637392334563909 0.183655306499136 -0.931618983456413 0.368629648569839 -0.941154408099438
0.5950639025845 0.524179477579416 -0.731733682258105 0.0916022772961694 -0.927429516056038
0.799906099675223 0.878554257804882 -0.344239886115651 0.0318335278655584 -0.802616575009955
0.592422356067947 1.30322498932565 -0.170478390650236 -0.0725680150999421 -0.728437370964085
0.0272351309319599 1.0529771919918 0 0 -0.340647233780846
0.0325496556837858 1.14310932984865 0 0 -0.438082377147601
-1.12932287695061 -0.0859060947851496 0.336657103748182 -0.220152819772725 0
-1.35512955546325 -1.09237356810089 0.380871944001961 -0.286356597832372 0
2.07122822386326 -1.3432051869971 0.393555538083722 0.289063342878326 1.26103920202898
1.59467155335363 -1.14784997224242 0.0811049657513471 0.300679533115127 0.82114274893972
0.980909409495006 -0.980884926651417 -0.29320109291923 0.222093051834093 0.196276861303658
0.737264014472368 -0.748407438983964 -0.266843357902203 0 -0.42107197150792
0.432244866921917 -0.589935027974876 0 0 -0.924609359151425
0.086162775305115 -0.315507832161245 -0.395176212096495 0 -1.01701867556796
0.148991280581788 0.0671556281889455 -0.444731713103192 0 -0.884433102986773
0.270133582627687 0.468583822986231 -0.310542410425608 0 -0.812718441211689
0.615278821449123 0.792609773343418 -0.0842818192631518 0 -0.855463552085568
1.00363337878566 1.25007776346773 -0.199474552411708 -0.44155349224451 -0.789218236110526
-0.101452740483664 0.957372586617127 0 0 0
-0.0402930005186269 0.894140373336725 0 0 -0.27357558541538
-0.463084177647778 0.144254446471207 0 0 0
-0.569508909856605 -0.349020291352872 0 0 0
1.8017450632803 -0.828004069371306 -0.0996050540645097 0 1.23752833344549
1.36230970717206 -0.97021155080355 -0.0570112321467702 0 0.485561476495579
0.877394697649491 -0.968604723886609 -0.0545035769390551 0 -0.198512121334445
0.464434049026982 -1.0522922552782 0 0 -0.684865830071085
0.372976360337318 -0.950722263615853 0 0 -1.08951109370662
0.495681006144104 -0.794007354353178 -0.115564383740347 0 -1.07483396297529
0.634191967420054 -0.404984664600483 -0.0828424457846948 0 -0.749016205028755
0.423256763530248 0.0159959064184366 0.0663095449790369 0 -0.594958537061254
-0.22404538822863 0.727299500203209 0 0 0
0.227144430650083 1.54923332897049 -0.0774327513765529 0 -0.0231187582138752
0.316819130915111 1.47553136355995 -0.222226454654678 0 -0.0201174461373687
0.224228790258257 1.02183448752985 -0.341270214698176 0.264010650733742 -0.0116888385502597
-0.189275203123456 0.498662667408501 0 0 0
-0.291689674400296 0.07475059992668 0 0 0
1.30912222973615 -0.78077292806844 -0.167730870746517 0 0.961358168426274
0.853770180161013 -0.729347150475348 -0.144149796931603 0.295554773121455 0.412070658849251
0.509853667044517 -0.920891044188149 0 0.352824739570183 -0.263055277439459
0.613818576897552 -1.26160064927406 -0.0378378542481401 0.259301507395762 -0.911325998993115
0.447997591315058 -1.38936558771449 0 0 -1.10318552853069
0.487038775185495 -1.27424521289059 0 0 -0.869720514863841
0.705898718491306 -0.534230840677647 -0.276719676511803 -0.000319337144454792 -0.916701409724741
0.407375271719568 -0.331243618505233 0.0714821559890752 -0.00217325067257266 -0.489315529027849
-0.18132216956712 0.151382654179917 0 0 0
-0.200474877585693 1.11400498211743 0 -0.199006058944079 -0.121912272897407
0.532052018612103 1.11501242934457 -0.0517312848332324 -0.370295321816897 -0.315020355542285
0.592884566505012 1.38844586204361 -0.623340564514784 0.534316733246277 -0.116952531414201
0.368323108825687 1.0347109389711 -1.04906311643026 0.668515492659903 -0.0414012796885024
0.255784651751147 0.493622017674714 -1.06910239106731 -0.0831236684342983 0.0206066602923343
0.535087301067755 -0.491611551188516 0 0.249520211642234 0.685162637599255
0.418661055798353 -0.718408894522473 0 0.262913180689955 0.2320615808414
0.401059257565087 -1.16013912193765 0 0.0100397872594926 -0.337346114986971
0.578580868837811 -1.5482925049079 0 0.0183442797568668 -0.733521381729312
0.890835071400899 -1.67950743405539 0 -0.11265459323031 -1.09791605252308
0.976593261591796 -1.62543167704835 -0.0351844240553981 -0.134138127571616 -1.13165744211033
0.703284242414223 -1.47545448874852 0 0 -0.82819007840699
0.480132316161255 -0.950561753614906 0.271049144791622 -0.266708350195977 -0.783714603307838
0.468003070945317 -0.456347532571388 0.226630386271862 0 -0.469411683309529
0.407822628056428 0.331580696330201 0 0 -0.434969522877661
0.456788692809565 0.583412302010129 -0.202172871543001 -0.500599911513606 -0.562165068559252
0.461439729761437 0.737205400477037 -0.648923476269332 0.483169207868228 -0.381661459160014
0.340262906495892 0.36191277638079 -1.00628866137215 0.271697940848509 0.0868606920989107
0.456427926409885 -0.116210908307815 -0.961566043060504 0 0.00840081249271671
0.774224337006617 -0.486853553659808 0.447143679667751 -0.0855106029491276 1.22776142658019
0.40363488822901 -0.865761208772976 0 -0.051490029207986 0.135463712972483
0.454298649800603 -1.35510508637802 0 -0.0814476052665865 -0.231103640045205
0.664126641381956 -1.79766716089721 0 -0.215227039901724 -0.606456390645234
1.0100798626646 -1.98746934341893 0 -0.35272373033345 -0.877614390581042
1.17298327994412 -2.2339835708929 0.278541367456789 -0.200833451186212 -0.942479371827043
1.07931306237336 -2.11174498474068 0.522965389905203 -0.207252803353946 -1.04206781832406
0.72584612649574 -1.68366758198757 0.523785307668586 -0.366051030015234 -0.899327996208189
0.325623404434086 -0.932286641756184 0.224786655642466 -0.505175482276644 -0.810990605198541
0.219040656118933 -0.339706445268379 0 -0.433948254030419 -0.728745119623021
0.399413935938731 -0.232048074216726 0 -0.196678175062419 -0.641583074885278
0.111559564062476 0.139838330127687 -0.536733788054913 0 -0.381431270839873
0.336986568945188 -0.263540740303002 -0.966546343101192 0 0.0734498459346412
0.609328883421213 -0.696561069688455 -1.28355117114516 0 0.0450984036089006
0.454513561258814 -0.572268529345048 0 -0.0892962074994096 0.504891984983305
0.278917627840584 -1.05791754066592 0 0 -0.0335397709067368
0.637092371469896 -1.46563576103469 0 -0.249048351002611 -0.158818778643819
0.872522108729171 -1.9152623645721 0 -0.57461222066771 -0.498366576566169
1.11096590841697 -2.13904550084926 -0.124362986067597 -0.428427187224931 -0.70819787241885
1.28788644067818 -2.02708275573799 -0.0549885228811295 0 -0.849095883876587
1.0682066341743 -2.36847858527217 0.268572972573936 -0.0121555145881693 -0.739510882049281
0.716000102649022 -2.05682300154692 0.29324441911373 -0.188240678424094 -0.717006922008997
0.345137852360822 -1.44929379306122 0.199411137473894 -0.557296542481586 -0.995932076337028
0.319910411683858 -1.07691434298219 0.000388307111812033 -0.334679765047501 -0.886792337143587
0.667676584864021 -0.895837701085607 -0.396766073292296 -0.084052291973006 -0.489320331524566
0.63209208308711 -0.799617438410375 -0.661712825360731 0 -0.147332281492003
0.476429144449388 -1.00580321543505 -1.32590920402328 0 0.0271852080649882
0.779102425145275 -1.33042575199725 -1.701067072627 0 0
0.67704036799098 -0.891904648601672 0 -0.41968096045284 0.492442617383464
0.760193603178153 -1.28469850879866 0 -0.49745336481034 0.190325530822445
0.730397885668703 -1.68017752814178 0 -0.554429313398205 -0.165408608054506
0.884743664791618 -2.00789219922945 0 -0.742765497329585 -0.353865045052613
1.11928975047483 -2.00432005822536 -0.434974945849345 -0.464883987298362 -0.462330240350177
1.11040194786602 -1.80773944732291 -0.386685952783061 0 -0.620173037094508
1.01086988005786 -2.30005556076859 -0.169989875700771 0.19802475090458 -0.241999645922599
0.665626421981137 -2.30913184961429 -0.0472439678576861 0.0271613854443782 -0.422562597850948
0.600606499551946 -1.93109043511613 -0.0802424581744319 -0.146745786037389 -0.606138695827726
0.556062431541672 -1.66284830787938 -0.1611424807064 -0.153286081407401 -0.846657454126335
0.633278276272449 -1.48323484793241 -0.552127219254058 -0.0221209679846377 -0.589895678254171
0.505176813180446 -1.38756524195802 -0.966831947913731 0.0686432005323911 -0.267401283954148
0.679158724157502 -1.60633668428396 -1.47248479225224 0 0.0184692215849578
0.859821814371126 -1.67950383012173 -1.76275692384457 0 0
1.16656737093049 -1.81529547947364 0.967546073863419 -1.62420141375862 1.33404727435608
1.24109498952948 -2.03586317230487 0.759704959213284 -1.53615347140227 0.92424511220166
1.29340685839132 -2.24666387755327 0.450756314419103 -1.46119871577073 0.482540812382407
1.0693432719302 -1.93986752035866 -0.563314059569293 -0.863904113954449 -0.0919708944487821
0.991478750129452 -1.88496985829918 -0.865418236591499 -0.497586348765408 -0.203938578612081
1.07944951321667 -1.89764396741357 -0.845106665976256 -0.172273530547802 -0.0519637278482083
0.852293920857077 -2.20653927130867 -0.577163470740433 0.290869759761899 0.158061763753068
0.782592403410506 -2.61090659805464 -0.305849289581402 0.280219954844838 -0.167598574213513
0.649480319288428 -2.3581454121917 -0.34277375927194 0.167529495177425 -0.501815369279838
0.664228073265041 -2.1108825677523 -0.426976621909987 0.20791029635398 -0.6127381712136
0.59258498294218 -2.01280848768055 -0.748181882007422 0.205194977273788 -0.650534532231677
0.358787589250636 -1.87334377473175 -1.23533901775733 0.192583665577595 -0.410427806892825
0.318544442115787 -1.89955003309072 -1.68215377515111 0.199873523366009 -0.0977870611217074
0.71701753156909 -1.89605499963715 -1.69025349584011 0 0.0491270795260018
