"(Intercept)" "X1" "X2" "X3" "X4"
0.326436994295634 -2.61103535604793 0 0 0
0.18076452209061 -2.47654564597089 0 0 0
0.100291411839294 -2.28506629821679 0 0 0
0.099693938528754 -2.15723499113609 0.422642095893735 -0.31946625972104 0.231695064007821
0.188907849386214 -1.84362892378466 0.441080102404447 -0.350396722440151 0.143687409344815
0.520584626023835 -1.50815829753269 0.414095665630403 -0.182189409803225 0.156845586263136
0.449409559368962 -1.05868403075276 0.47840185728404 -0.38223740556947 0.126766590654954
-0.370609437964191 -1.36834324382169 0.903599438035968 0.0435897740767545 0.491906931525619
-0.688484783378764 -1.41508398926542 1.30429602725238 0.768569716250162 0.859622802027889
-0.87317320007261 -1.5169828322759 1.47412477323037 0.978786367410832 0.829972467479953
-0.992755775048609 -1.59301642117666 2.27917248348702 1.47387309168574 1.36919630149747
-1.29404274163869 -1.54765508246295 2.90827750293797 1.73528654921571 1.79877547137551
-1.42411197595083 -1.66379263938741 3.22235297546223 1.99938636762119 2.2086855176739
-1.5116185728484 -2.01536131732918 3.28740162629569 2.15123228643519 2.51560877670419
0.433546363234311 -3.1896032296521 0 0.26585300976038 0.725285636909454
0.479762508700123 -2.19679623802317 0 0 0
0.374758711150475 -1.98943618379603 0 0 0
0.320453004621379 -1.74806101565622 0.259312783235228 -0.0787172252707198 -0.0374324804852596
0.273251428118417 -1.38470703593753 0.257878437680675 -0.181030468529246 -0.060675599539291
0.263417425261961 -1.09525437781019 0.222922097932194 -0.278127763087812 -0.108051077512027
0.0203778072812154 -0.668405008184974 0.295346940913861 -0.376005755875984 -0.325403401214607
0.0494531264784002 -0.24181686046649 0.167238304473253 -0.275041391674654 -0.795496977472333
-0.346080285509454 -0.679854296425325 0.537319595644973 0.419908224742683 0.105732377929644
-0.408413411166055 -1.12112360071576 0.842081670470793 0.933891064223613 0.289307733107892
-0.691280483300164 -0.916950020132497 1.61519606553133 1.17219720655896 0.697681550992471
-1.14151855291854 -0.828853432909177 2.15110341347952 1.39068065150851 1.15465974178621
-0.99754501561261 -1.12404872235877 2.23596835168372 1.58505854469401 1.48250868293815
-1.0767653747638 -1.71022072952328 2.21675222410318 1.67474490925542 1.63100881117455
0.546984488013608 -3.04568442925707 0 0.311363802946175 0.720440484229213
0.484476417816451 -2.4533852752022 0 0 0.216668052052967
0.536735093103607 -1.81495853688845 0 0 0
0.471989243839248 -1.48559254578838 0.0419144802264757 0.0870463285959872 -0.301335050000627
0.186202763836088 -1.03071998995781 -0.023679610911376 -0.153137658874112 -0.409386155952979
0.132875406040512 -0.700421438691195 -0.00174249640634651 -0.17259900889089 -0.417546019601155
-0.00314951073693221 -0.233045450826171 0.0484695612168741 -0.0410430344121173 -0.745118530340714
-0.15490767217659 0.216072182901338 0.0209759059840372 -0.0124594747836371 -1.05727044667382
-0.0640826077288114 0.436092948879319 -0.0607104408644589 0.0503484685636382 -1.08627388426708
0.00505234328662136 -0.284661910430332 0.339763099625566 0.666649576906133 -0.229810210189276
-0.331422812255282 -0.273381843348955 0.922798261946778 0.91543198158387 0.03268159240526
-0.624488343491262 -0.242233073721775 1.33703870288126 1.06456548850576 0.348021019598422
-0.81615915500115 -0.561632083239282 1.26538361489368 0.985036928559134 0.679491616810947
-1.04922612398225 -1.28929590883823 1.23412387145324 0.973935545296941 1.01146678349367
0.654063840684255 -2.9176388232984 0 0.366676933620506 0.704526638648733
0.634877482447977 -2.33692528044345 0 0 0.243900150664149
0.441522300527272 -1.90272141902218 0 0 -0.0877246624185435
0.794421290155269 -1.21237156566334 0 0.288555862484582 -0.255513591172968
0.493994258640952 -0.816922311705056 -0.364505305047784 0.183617395156184 -0.682627877337995
0.22788982341888 -0.328595363364538 -0.276579813474629 0.310904467832826 -0.88001951376683
0.326954969728649 0.0690822746206229 -0.225468267908671 0.607457576591473 -1.03077530058119
0.15125304153253 0.528329396691157 -0.148699426986745 0.555982635972518 -1.21392896564297
0.0948744876305896 0.848205536194762 -0.23189549593965 0.403514346196403 -1.3520216046474
0.128473924906575 1.15425663517834 -0.176632184554507 0.44086711313481 -1.46422386679021
0.126338118978188 0.700855226755704 0.140775116616158 0.583376754863312 -0.821306086990382
-1.08246538464517 0.483475404158152 0.529424305118978 0 0
-1.04188677595362 -0.0546241009130961 0.433438882344959 0 -0.236884777688344
-1.27948783412536 -1.07745202157664 0.250456440741827 0 -0.206087556151346
0.860743524690468 -2.38832132171424 0 0.363272047923597 0.679920751338252
0.552385240088767 -2.15168837942044 0.0906552636590803 0.575852041799342 0.335491057869473
0.737902216916215 -1.62945048424619 0 0 -0.0629201409079291
0.718669213027653 -1.15953227728828 0 0.334334235021559 -0.449539665551403
0.698924644008316 -0.641889280262845 -0.476725025781001 0.54066682054224 -0.839693471676054
0.426591070587884 0.0119269790074051 -0.519263851620362 0.844888098322675 -1.28129348048993
0.68041105287649 0.353335600834697 -0.392137335402359 1.2131546889641 -1.28121993041915
0.45978182229039 0.820615371585214 -0.348533913673922 1.08517333084283 -1.10790362738942
0.452130402360034 1.09601119964832 -0.397636086164997 0.510817488390562 -1.1723301578235
0.23721168101072 1.45475515367015 -0.227478226010148 0.375599387431523 -1.2843209531592
0.279620139602808 1.52855086344497 -0.220631069651451 0.391773642847495 -1.20068685528991
0.220654214179226 1.56750712837888 -0.373601841194497 0.26775288720709 -0.885451336479495
-0.474772026465516 0.561468948832651 -0.328272488063408 0.290468357540137 -0.390889504642229
-1.30851858425282 -0.758172942969459 -0.197408399598467 0 -0.217855214194537
1.03904063162395 -1.94539595772295 0 0 0.503871894811938
1.00883581339401 -1.71448330574216 0 0 0.301989109746096
1.1694377998972 -1.10638574980796 -0.162261640758835 0.542226686449968 -0.0367670898368976
1.11669942139281 -0.893103434407381 -0.261641751235551 0.5672657801165 -0.48141212362392
0.467000714932397 -0.621866191065339 0 0.33854260714611 -1.01602422508667
0.0615674688931574 0.0936009274962691 0 0.440721767146331 -1.48237393251331
0.0069410157635282 0.867165065524981 -0.259586655081184 0.95780905613455 -1.48125641849253
0.394301586494649 1.1085856366296 -0.138700423362314 1.04223303124227 -1.24086423187168
0.592472615578973 1.24776713199291 -0.322119799986763 0.680406229107313 -0.975440538452371
0.298767025131298 1.65222683478742 0 0.312239174916708 -0.932253772385968
0.302352963353003 1.65504516838758 -0.270138830443869 0 -0.85632014852609
0.0732881610711744 1.68061421265457 0.0957352292858036 0.153988229235025 -0.631988492405569
-0.0678678462157221 1.19086693022278 -0.440238091215443 0.21192561087429 -0.509032079236037
-0.384029102924564 0.353231482815832 -1.184290035199 0.261631831484358 -0.299614327472465
1.22184688236197 -1.61319406372854 0 0 0.712957748161007
1.12041012701154 -1.30110225320802 0 0.274853527983194 0.450257297261448
1.16439578060111 -1.04028630848354 0 0.213049880790504 -0.0662867457707586
0.896609127833889 -0.97733134980624 0 0.292041290420423 -0.62663685279381
0.559844232276232 -0.71440707084552 0 0.155345182568895 -1.24487399901866
0.455975409236524 -0.186434875612221 0 0.391353151270923 -1.50054617674681
0.481713412472482 0.88399994323643 0.00682370521412261 0.901356544574022 -1.38477100949921
0.49461111098018 1.27293339429354 0.207797404609709 0.997193620339673 -1.25127821188022
0.624979165619584 1.42660587860827 -0.145405198274724 0.764430874980788 -1.21436472731564
0.482569470463125 1.88101487818841 -0.290134329268975 0.416053209185203 -0.519285250498332
0.178126168227841 1.92468129793171 -0.236185425991499 0.00518827935711127 -0.42387642508475
0.166584905677887 1.7741196068507 -0.0786723456730189 0 -0.334922928420432
-0.173873680042132 1.30649285597678 -0.274146155672771 -0.0498635512764829 -0.163390753741691
-0.571311430084554 0.445773281537719 -0.794856449946715 0.1037388007904 -0.0667346649487274
1.28301768389202 -1.59448797026862 0.212414781805113 0 0.889140386636269
1.06608973901957 -1.49916256957117 0 0 0.292869610887056
0.815292866983114 -1.38228334655416 0 0 -0.195166699231153
0.791729701544218 -1.16610068366308 0 0.211813510174202 -0.761861362730464
0.852428329237778 -1.00582658108743 0 0.173521930245492 -1.34651377160008
1.01791728881852 -0.533155697472023 0 0.31349960839299 -1.34489145891607
0.916010707881528 0.294343866036658 0 0.802476982502617 -1.37681108981644
0.855590549248517 0.796364399020791 0.184549375547077 0.853089353018948 -1.31180450590875
0.372632105372974 1.15421357168203 0 0.440565998969555 -0.953459648238157
0.193445477007275 1.48765741348447 -0.120860254136759 0.073724176067025 -0.420033873735178
-0.251155694188575 1.62051224974981 0 -0.189005108708905 0
-0.34950578165947 1.29860053654144 -0.405100297023051 -0.211384152948877 0
-0.0944542276355142 0.799152504066984 -0.744235433580944 0.118582689646246 -0.334712527657706
-0.113694807965682 0.502690810721438 -0.930500694601266 0 -0.221374398288103
1.19169295319327 -1.24097422611832 0.300496812559573 0 0.894825957245166
1.08837369435009 -1.21005439501008 0.287255145016215 0 0.491380347330556
0.728444367470208 -1.11799301586829 0.416594030879316 0.524448448374911 0.177329139753566
0.58671133388815 -1.56431181385941 0.186895246138079 -0.0642806284820489 -0.840315544006127
0.689686990198289 -1.64330920281715 0 -0.214443711060696 -1.10912784395275
1.00418228978988 -1.19865428064186 0 -0.135374747561184 -0.824866162629432
1.086437390049 -0.34960933311726 0 0.405659922055053 -1.08889053860076
0.240764750495313 -0.462768020215513 0.207595839905755 0 -0.97004100346833
0.282212322039571 0.328565615067468 0.206209647794119 0.19075341216707 -0.777905069796581
0.33047408902945 0.907831417840164 0.174574820920995 0 -0.379490339557249
0.194801174115058 1.06651473015725 -0.248999991454363 0.155766693487445 -0.292153114710163
-0.123500255181508 0.660222380149294 -0.24302130196276 0.00788326680237978 -0.161115289375825
-0.194540089707306 0.0554591741425117 -0.700009860754882 0.195299584433119 -0.281864055813096
-0.0578214142744566 -0.682416616469536 -1.15940962573611 0.667937881722553 -0.472495328191511
0.877423314576877 -1.28903408228316 0.297186979550927 0 0.656468101690061
0.54645989385816 -1.17886998889603 0.50587732237496 0.351794715826893 0.552951615370545
0.423143565786934 -1.44557756723432 0 0 -0.13140889578485
0.594295254418668 -1.72397001035891 0.116812356268981 -0.07666860814579 -0.5401069455695
0.966853620410794 -2.13277043499197 0 -0.268226942573684 -1.06354387850137
1.14352565935438 -1.76234094208101 0 -0.221183331728929 -1.08607831181548
1.09014729732465 -1.09605810602161 0 0.0599716497412815 -0.834393142856046
0.585483079140861 -1.04812587592605 0.220350921994469 0 -0.824938071663435
0.810062498892518 -0.272284417126812 0.313555541905702 0 -0.445555186842669
0.922571418660683 0.394692837980372 0.228023950979454 0 -0.346363438915114
0.562992533575007 0.58921943878384 -0.348112433119919 0.212932405596639 -0.387980590320095
0.0729230072934478 0.276050642088533 -0.638817645927101 0.286897118327512 -0.270268358743633
-0.139357749344663 -0.276201238919826 -0.614321438802258 0.353536577661763 -0.231284110446402
-0.0523330386927292 -1.11400985634463 -1.09744805517262 0.675122046966386 -0.525316407554576
0.384433452406107 -1.13799816734152 0.719791919452043 0.277802033898448 0.943640160220448
0.460630000364934 -1.24893113741956 0.518929470190247 0.0898702433249789 0.525587819338274
0.66241129596776 -1.46058278691837 0.176807410083595 -0.309375555549892 -0.0908236466360449
0.689417712618105 -2.07255172036866 0.116550527123906 -0.0746507720066544 -0.424719672052799
0.862826689063792 -2.46189644955488 0.0794737273787556 -0.0404915352516762 -0.763380403337948
1.71874578397011 -2.39372160055484 -0.0677383663965615 -0.288190522125578 -0.730386335032341
1.56482142793261 -1.91639435865284 0.0932377958198329 0.0124543393736882 -0.712580943896597
0.930716960464665 -1.64723747639417 0.123699675371974 0 -0.897912311586668
0.859651946178727 -0.957540659559843 0.159146689587066 0 -0.921545162647747
0.828194087071491 -0.262140526897717 0.180952131268668 0.0813535189829142 -0.727965826071618
0.756776551051038 -0.23465824217341 -0.334353722271183 0.33287499327094 -0.475171023508137
0.251697101913709 -0.0124321073242831 -0.772652378973884 0.485361997928817 -0.0872143501693346
0.24217064208972 -0.433627499812195 -0.943686871941353 0.959173471302447 0.135546787425365
0.324690004867951 -1.00233643617743 -0.890941854741247 1.39069353393347 0.0573387424483835
0.269108463053548 -1.25627847253027 0.826604921462498 0.067897616241659 1.00137075642763
0.497575515678714 -1.189578167698 0 -0.126985535542688 0.151002123171029
0.681966530723779 -1.79485540759188 0.061011708500492 -0.172097683978109 -0.0269062385179949
0.778824998780994 -2.27297274398049 -0.110946719298041 0.216749037758983 -0.275745652142734
0.764814655416751 -2.42318600870169 0.18173173811923 0 -0.470675473528607
0.719922584343026 -2.28643152998528 0 0 -0.686717425156176
1.49861351219755 -2.47738302472776 -0.0403162514843037 -0.270140583303707 -0.669184162123709
1.31870594732664 -2.0215218050097 0.00439312288900733 -0.197132384856933 -0.688654244406389
0.919127401189001 -1.65865438089835 0 0 -0.907725227295493
0.689022108201981 -1.04529946578105 0.0393963474905405 -0.0460548080849104 -0.99795571342981
0.49394881751405 -0.955433949077547 -0.42724038060766 0.195493602267633 -0.604459697476593
0.244583767864144 -0.772679207286573 -0.845456915391487 0.652292625103224 -0.187120492553005
0.226131200294887 -0.724763808675898 -1.08617205917977 1.23549687145563 0.324149136941692
0.712949206988668 -1.2702921085714 -1.07670827405278 2.20421785346584 0.437279412922877
0.264352402340871 -1.5517880893819 0.895505837525266 -0.242267575897318 1.01746223838157
0.662534890545933 -1.6154148562911 0.169035987210945 -0.327580838019349 0.402166778715929
0.724159308987957 -1.99305454045701 -0.0949627099648369 0.0937803067537864 0.0543655587489951
0.621753565301523 -2.25663287203853 -0.020280183616368 0.459763671700768 -0.104697465269338
0.821857460280808 -2.37085579985224 0.125406723666342 0 -0.128586597089031
0.780671476879327 -2.36064370233696 0.0730494423499913 0 -0.1776699157453
1.12769775101867 -2.60499083015735 -0.046941413855338 -0.183972562338063 -0.307952415434907
1.40817080785662 -2.28075470230369 -0.251460032306961 -0.268637924733115 0
1.17915168321186 -2.06018103141529 -0.234111044943553 -0.0734697400730149 -0.713551866413712
0.510694076205641 -1.7304845523616 -0.277736719370397 -0.117887803703959 -0.957954525052212
0.398276058686493 -1.60903820403971 -0.484285722467734 -0.0302456911939293 -0.703629476249134
0.380717415068622 -1.70699522119214 -0.867974425267722 0.546218277541661 -0.384192680647804
0.203729338253695 -1.52467652998051 -1.27165387719185 1.2518463495382 0.223459583289529
0.627865631402481 -1.8968714114447 -1.47726897151903 2.00805240657742 0.365591018329631
0.276997217597997 -1.80144618398194 0.831734866620795 -0.379078291860659 0.969223937582188
0.378680176184381 -1.98590361020838 0.344759861222507 0.156373864046351 0.393261275818643
0.392688243115273 -2.05413454644982 0.15807548619899 0.582604717111945 0.107512406702244
0.755811801381483 -1.95449939746044 0 0 0
0.884345293257631 -1.89905122453759 0 0 0
0.69555357331901 -2.16555640629918 -0.0309844588162276 0 0.237041270995087
0.80126218426104 -2.29624527075184 -0.186156026326125 0 0.156548236634152
1.58353353352573 -2.36826431844454 -0.570053026222228 -0.0566810550896756 0
1.31196019223734 -2.43570600517831 -0.568455897943881 -0.0660117221470377 -0.522062569538403
0.739965110121229 -2.13043824675719 -0.682371751942604 0 -0.477452062886309
0.511954316851653 -2.1039365833522 -0.85500872511483 0.0119666927104665 -0.299092250342796
0.260973847707185 -2.24822912844736 -0.918243710391573 0.201190662944279 -0.39881504401494
0.291965770253163 -2.47136430173332 -1.3204427858268 0.927655073842943 -0.165950489506921
0.551677455048687 -2.6266696281532 -1.61881970399913 1.71341895959413 0.164726028585484
